!FILE=Disk 
!KIND=Matrix 
!LABORATORY=Oslo Cyclotron Laboratory (OCL) 
!EXPERIMENT=siri2root 
!COMMENT=none
!TIME=2015-04-25 00:07:33
!CALIBRATION EkeV=6, 1.000000E+00, 3.000000E+00, 0.000000E+00
!PRECISION=16
!DIMENSION=1,0:3999
!CHANNEL=(0:3999)
68 
61 
53 
94 
64 
70 
59 
69 
56 
72 
72 
63 
75 
67 
64 
68 
71 
72 
56 
68 
77 
72 
74 
77 
84 
82 
80 
83 
75 
66 
69 
90 
67 
94 
87 
87 
94 
90 
91 
86 
83 
93 
90 
109 
85 
88 
102 
94 
92 
91 
84 
99 
101 
98 
104 
97 
102 
123 
99 
123 
97 
95 
115 
112 
115 
117 
113 
110 
112 
111 
86 
90 
108 
99 
93 
107 
99 
102 
94 
111 
88 
97 
102 
104 
98 
110 
90 
88 
93 
93 
102 
122 
100 
91 
109 
103 
107 
98 
95 
88 
100 
108 
98 
81 
117 
94 
87 
103 
124 
94 
100 
129 
99 
73 
65 
58 
74 
71 
61 
93 
51 
71 
66 
63 
61 
59 
60 
46 
65 
60 
61 
66 
50 
64 
61 
55 
36 
43 
42 
43 
54 
44 
45 
51 
43 
50 
47 
40 
41 
35 
46 
49 
44 
46 
42 
45 
41 
40 
46 
45 
44 
38 
25 
38 
35 
51 
77 
38 
56 
1129 
1168 
55 
26 
24 
21 
23 
29 
21 
23 
18 
20 
24 
22 
20 
18 
24 
17 
22 
33 
19 
24 
20 
20 
24 
18 
18 
23 
21 
26 
23 
24 
19 
25 
20 
19 
24 
24 
18 
19 
19 
14 
16 
21 
16 
17 
19 
21 
13 
19 
19 
19 
24 
23 
17 
15 
25 
13 
20 
20 
31 
19 
14 
23 
12 
21 
20 
15 
15 
16 
15 
17 
17 
18 
17 
19 
13 
23 
14 
14 
15 
22 
7 
13 
12 
19 
18 
15 
12 
13 
13 
15 
13 
18 
14 
17 
10 
10 
16 
13 
9 
13 
14 
12 
14 
13 
17 
22 
11 
11 
16 
13 
11 
16 
13 
19 
16 
12 
13 
14 
13 
9 
15 
7 
13 
9 
7 
10 
10 
8 
12 
8 
11 
9 
9 
13 
20 
13 
9 
20 
13 
9 
14 
15 
14 
10 
11 
12 
15 
16 
19 
9 
10 
11 
5 
15 
7 
9 
7 
7 
7 
15 
8 
16 
8 
11 
17 
8 
9 
9 
10 
11 
9 
13 
8 
10 
7 
8 
10 
4 
12 
9 
10 
7 
9 
8 
16 
8 
9 
9 
13 
19 
6 
8 
7 
8 
9 
13 
8 
9 
11 
1 
11 
6 
9 
7 
7 
5 
8 
16 
8 
6 
6 
7 
13 
9 
11 
11 
6 
16 
10 
8 
9 
5 
7 
10 
14 
8 
6 
3 
13 
7 
12 
9 
6 
8 
10 
14 
7 
8 
7 
8 
8 
18 
10 
6 
8 
12 
6 
12 
6 
9 
8 
5 
4 
5 
8 
7 
2 
6 
6 
7 
5 
7 
3 
7 
8 
13 
8 
8 
13 
8 
7 
4 
6 
6 
8 
10 
8 
6 
5 
8 
8 
13 
2 
8 
5 
10 
6 
3 
7 
10 
10 
8 
7 
6 
7 
12 
4 
5 
6 
10 
6 
11 
6 
8 
13 
9 
8 
5 
10 
10 
6 
5 
12 
8 
6 
3 
8 
5 
10 
10 
7 
6 
6 
7 
8 
7 
9 
11 
6 
6 
9 
9 
3 
4 
10 
10 
4 
6 
7 
4 
12 
6 
8 
9 
5 
4 
7 
4 
13 
4 
6 
6 
6 
2 
4 
3 
9 
7 
7 
4 
12 
12 
5 
1 
6 
10 
8 
7 
5 
6 
8 
4 
4 
6 
9 
8 
6 
9 
7 
6 
10 
3 
3 
7 
6 
8 
6 
2 
0 
12 
12 
7 
7 
4 
3 
3 
7 
6 
4 
9 
11 
6 
9 
10 
5 
6 
7 
5 
6 
4 
9 
5 
5 
3 
3 
4 
7 
4 
4 
2 
6 
8 
3 
14 
10 
5 
6 
10 
6 
8 
7 
5 
9 
9 
6 
9 
3 
6 
5 
13 
5 
2 
7 
3 
3 
6 
9 
5 
3 
8 
6 
4 
5 
1 
12 
6 
11 
3 
4 
7 
10 
7 
9 
9 
14 
11 
5 
8 
5 
9 
7 
5 
8 
6 
6 
11 
5 
8 
7 
6 
3 
7 
4 
7 
3 
8 
9 
7 
8 
5 
8 
12 
7 
5 
8 
6 
5 
9 
1 
8 
7 
3 
7 
5 
9 
4 
9 
6 
9 
6 
4 
7 
11 
8 
6 
5 
7 
6 
5 
9 
4 
3 
3 
12 
14 
10 
5 
8 
2 
2 
4 
5 
3 
4 
7 
8 
7 
10 
14 
4 
7 
5 
6 
5 
3 
6 
10 
5 
7 
4 
3 
7 
8 
10 
5 
3 
4 
5 
7 
10 
7 
7 
6 
6 
4 
6 
3 
6 
13 
8 
4 
5 
3 
6 
7 
4 
4 
5 
5 
8 
8 
6 
7 
6 
4 
1 
5 
4 
10 
3 
8 
4 
4 
6 
3 
5 
6 
6 
4 
7 
7 
6 
5 
5 
3 
5 
5 
5 
4 
3 
7 
7 
5 
10 
6 
7 
5 
4 
4 
6 
5 
9 
4 
4 
5 
7 
5 
7 
3 
9 
7 
14 
12 
3 
2 
7 
11 
3 
5 
4 
3 
11 
9 
5 
5 
2 
8 
7 
7 
10 
7 
8 
3 
6 
4 
7 
6 
7 
4 
9 
6 
9 
7 
2 
7 
5 
5 
11 
3 
7 
7 
9 
7 
6 
2 
9 
5 
6 
8 
6 
14 
5 
7 
4 
6 
6 
10 
5 
5 
5 
7 
4 
8 
5 
7 
5 
5 
4 
7 
4 
5 
6 
9 
11 
6 
5 
0 
7 
5 
3 
7 
5 
6 
10 
2 
8 
4 
11 
6 
6 
1 
3 
7 
4 
6 
6 
8 
7 
2 
8 
10 
9 
4 
5 
4 
12 
5 
7 
3 
4 
7 
9 
4 
6 
5 
4 
4 
8 
3 
7 
4 
3 
7 
5 
6 
8 
2 
8 
4 
9 
3 
7 
6 
1 
7 
7 
2 
6 
4 
7 
4 
3 
3 
6 
3 
6 
4 
8 
7 
6 
4 
8 
8 
5 
8 
6 
5 
5 
2 
2 
6 
6 
8 
5 
8 
14 
5 
9 
3 
4 
6 
7 
8 
5 
6 
5 
6 
6 
8 
3 
3 
5 
5 
5 
5 
8 
10 
9 
7 
3 
5 
3 
4 
8 
7 
6 
7 
5 
9 
6 
7 
7 
8 
4 
3 
4 
0 
5 
7 
9 
8 
4 
4 
6 
7 
5 
6 
9 
7 
6 
7 
5 
1 
5 
6 
3 
3 
4 
3 
8 
5 
6 
6 
3 
6 
8 
6 
7 
7 
2 
4 
5 
7 
8 
8 
4 
4 
3 
7 
7 
10 
3 
9 
7 
5 
12 
11 
7 
7 
8 
7 
11 
8 
11 
3 
7 
4 
8 
3 
5 
3 
9 
5 
4 
7 
6 
4 
7 
7 
3 
9 
3 
6 
11 
9 
8 
7 
3 
8 
5 
6 
5 
7 
5 
11 
5 
5 
5 
7 
9 
6 
6 
6 
5 
6 
2 
6 
6 
6 
6 
5 
10 
7 
11 
9 
4 
3 
9 
9 
8 
4 
3 
7 
8 
7 
6 
4 
6 
7 
10 
7 
10 
8 
7 
4 
2 
7 
3 
4 
4 
9 
2 
3 
2 
6 
11 
10 
8 
8 
7 
9 
8 
4 
10 
7 
5 
7 
3 
10 
5 
5 
4 
7 
8 
7 
4 
6 
3 
6 
8 
6 
8 
9 
6 
5 
5 
5 
7 
9 
5 
4 
4 
5 
6 
6 
9 
7 
8 
11 
8 
5 
7 
3 
12 
6 
6 
2 
6 
5 
6 
2 
7 
6 
5 
1 
4 
7 
6 
8 
4 
8 
10 
5 
9 
5 
3 
5 
7 
2 
7 
7 
4 
4 
7 
11 
8 
11 
2 
7 
8 
4 
8 
3 
10 
5 
7 
9 
2 
5 
3 
4 
11 
5 
6 
5 
4 
4 
6 
5 
10 
5 
6 
12 
1 
2 
5 
5 
6 
4 
8 
8 
4 
8 
7 
7 
4 
3 
5 
9 
3 
5 
4 
3 
1 
6 
7 
5 
7 
3 
6 
7 
7 
8 
8 
8 
2 
6 
4 
7 
8 
3 
9 
7 
5 
5 
6 
2 
4 
10 
3 
8 
6 
10 
3 
5 
5 
6 
10 
2 
9 
4 
8 
4 
3 
9 
6 
7 
6 
4 
9 
3 
5 
4 
3 
7 
4 
2 
4 
8 
6 
11 
5 
5 
10 
6 
6 
6 
5 
7 
7 
5 
6 
7 
8 
8 
7 
6 
13 
6 
6 
6 
5 
2 
7 
13 
7 
2 
6 
4 
8 
6 
5 
6 
6 
3 
2 
8 
11 
7 
6 
6 
8 
6 
5 
3 
6 
6 
6 
8 
6 
7 
5 
8 
4 
8 
8 
3 
7 
8 
8 
7 
9 
9 
11 
5 
9 
5 
8 
4 
11 
7 
6 
3 
3 
6 
10 
5 
7 
5 
11 
7 
3 
8 
8 
7 
6 
5 
9 
10 
7 
8 
8 
9 
2 
9 
9 
2 
7 
4 
5 
5 
6 
4 
5 
6 
11 
4 
5 
9 
5 
8 
7 
4 
7 
8 
3 
7 
6 
5 
4 
10 
6 
5 
4 
6 
10 
6 
10 
4 
3 
8 
4 
11 
6 
8 
4 
5 
8 
10 
4 
7 
7 
11 
7 
6 
7 
1 
11 
8 
4 
6 
6 
8 
5 
5 
8 
6 
4 
6 
6 
7 
9 
6 
5 
5 
4 
7 
5 
6 
6 
12 
7 
5 
2 
7 
3 
7 
6 
8 
6 
8 
7 
7 
9 
11 
3 
13 
4 
4 
3 
7 
9 
12 
6 
10 
9 
6 
4 
5 
13 
8 
9 
3 
10 
5 
6 
7 
8 
5 
7 
1 
2 
6 
10 
10 
4 
7 
6 
4 
6 
3 
10 
4 
7 
6 
10 
6 
4 
9 
8 
6 
7 
12 
7 
9 
8 
6 
7 
9 
10 
13 
7 
10 
8 
6 
6 
10 
10 
6 
8 
3 
1 
3 
7 
1 
9 
8 
4 
9 
5 
7 
6 
10 
6 
8 
8 
3 
10 
5 
9 
4 
1 
4 
7 
7 
11 
9 
5 
4 
9 
7 
11 
5 
5 
9 
3 
1 
7 
7 
5 
11 
3 
11 
3 
7 
7 
7 
7 
8 
8 
3 
7 
10 
5 
8 
5 
6 
8 
10 
5 
9 
5 
9 
4 
6 
7 
5 
5 
8 
9 
6 
5 
8 
7 
10 
5 
2 
11 
7 
6 
6 
6 
9 
4 
1 
8 
9 
1 
3 
5 
5 
3 
4 
8 
8 
9 
4 
7 
6 
4 
10 
8 
4 
6 
13 
4 
8 
8 
7 
5 
12 
11 
6 
7 
6 
7 
3 
6 
4 
4 
12 
8 
4 
7 
4 
8 
5 
6 
13 
7 
6 
7 
6 
4 
7 
10 
3 
3 
4 
12 
5 
10 
6 
7 
9 
8 
5 
7 
7 
5 
8 
5 
8 
6 
4 
6 
6 
9 
7 
5 
6 
12 
11 
8 
14 
3 
7 
2 
8 
6 
6 
7 
8 
8 
7 
13 
6 
1 
6 
7 
8 
9 
14 
6 
7 
6 
9 
13 
7 
8 
7 
5 
7 
5 
11 
8 
6 
3 
7 
8 
2 
5 
9 
10 
6 
9 
8 
6 
7 
9 
6 
6 
11 
9 
6 
10 
10 
5 
10 
11 
9 
8 
10 
7 
8 
13 
6 
5 
7 
9 
7 
7 
12 
6 
13 
9 
10 
7 
5 
8 
5 
11 
6 
7 
10 
5 
6 
9 
7 
11 
8 
2 
7 
6 
7 
4 
16 
4 
8 
8 
3 
6 
10 
8 
8 
6 
4 
11 
10 
9 
7 
11 
11 
5 
9 
8 
5 
8 
3 
13 
11 
4 
12 
8 
3 
13 
8 
7 
7 
9 
8 
8 
2 
12 
8 
5 
6 
11 
9 
5 
6 
13 
6 
5 
11 
9 
3 
5 
4 
12 
8 
10 
6 
4 
6 
8 
7 
8 
11 
4 
8 
13 
6 
8 
5 
7 
4 
8 
8 
12 
10 
4 
6 
9 
5 
6 
15 
6 
9 
5 
10 
6 
8 
9 
11 
9 
11 
6 
7 
6 
9 
9 
14 
11 
8 
4 
5 
6 
7 
12 
7 
8 
4 
8 
2 
5 
11 
5 
7 
2 
11 
5 
2 
4 
3 
8 
9 
10 
7 
9 
5 
6 
6 
16 
8 
10 
7 
11 
7 
8 
9 
8 
9 
10 
12 
9 
11 
8 
11 
11 
16 
8 
10 
8 
5 
8 
6 
5 
9 
11 
13 
8 
8 
11 
11 
6 
7 
9 
6 
4 
9 
8 
7 
4 
7 
11 
11 
6 
10 
13 
5 
6 
9 
8 
9 
7 
8 
7 
5 
10 
7 
10 
7 
13 
11 
7 
7 
6 
12 
2 
6 
6 
7 
8 
10 
8 
6 
10 
9 
10 
10 
6 
2 
14 
13 
12 
7 
7 
9 
8 
6 
7 
12 
8 
12 
8 
10 
7 
8 
5 
6 
4 
3 
9 
11 
9 
5 
7 
13 
5 
8 
5 
6 
14 
4 
10 
13 
6 
10 
7 
9 
8 
9 
8 
5 
10 
6 
8 
6 
10 
9 
7 
11 
7 
11 
15 
10 
9 
12 
7 
14 
6 
8 
8 
8 
9 
4 
8 
6 
7 
9 
9 
5 
12 
13 
4 
8 
9 
6 
7 
7 
13 
10 
12 
14 
6 
9 
9 
12 
11 
10 
13 
11 
8 
7 
10 
14 
6 
3 
8 
8 
10 
9 
13 
8 
12 
7 
11 
7 
7 
7 
13 
10 
6 
9 
4 
5 
9 
17 
13 
14 
13 
18 
12 
6 
10 
11 
8 
16 
10 
9 
13 
15 
6 
7 
12 
5 
3 
7 
14 
9 
7 
9 
5 
10 
9 
14 
13 
4 
11 
10 
14 
11 
14 
14 
7 
11 
12 
9 
10 
6 
8 
12 
11 
9 
11 
11 
11 
10 
6 
8 
11 
7 
4 
8 
6 
6 
12 
10 
9 
7 
12 
10 
9 
12 
6 
7 
4 
12 
6 
14 
14 
10 
7 
12 
9 
9 
11 
13 
8 
13 
12 
10 
8 
5 
5 
10 
10 
9 
10 
4 
2 
7 
7 
12 
9 
10 
10 
12 
16 
14 
7 
11 
9 
10 
10 
9 
12 
14 
6 
11 
13 
15 
14 
13 
22 
11 
10 
18 
11 
8 
7 
7 
18 
13 
7 
12 
12 
11 
9 
11 
9 
7 
9 
8 
9 
10 
4 
6 
14 
8 
6 
15 
15 
7 
11 
12 
10 
11 
11 
11 
9 
12 
9 
7 
12 
9 
12 
10 
17 
8 
13 
8 
12 
9 
12 
11 
14 
9 
6 
12 
11 
12 
17 
14 
5 
8 
9 
10 
17 
17 
13 
6 
10 
8 
10 
8 
9 
11 
6 
12 
6 
12 
5 
9 
9 
10 
8 
8 
13 
8 
10 
17 
14 
8 
6 
9 
10 
8 
9 
10 
10 
13 
11 
6 
7 
11 
9 
7 
14 
9 
11 
8 
8 
13 
13 
10 
14 
12 
9 
9 
17 
15 
11 
7 
6 
8 
12 
8 
11 
8 
12 
10 
6 
10 
14 
6 
9 
12 
13 
14 
17 
11 
8 
10 
10 
9 
10 
12 
16 
23 
12 
11 
11 
15 
11 
16 
3 
11 
10 
13 
11 
14 
11 
14 
13 
11 
6 
12 
7 
9 
15 
8 
14 
14 
11 
11 
14 
10 
9 
14 
7 
9 
15 
14 
12 
14 
18 
14 
15 
12 
15 
11 
9 
9 
14 
10 
5 
16 
10 
12 
13 
10 
12 
8 
10 
8 
11 
19 
12 
12 
14 
15 
9 
17 
16 
15 
14 
16 
16 
9 
17 
9 
14 
7 
14 
11 
12 
13 
11 
9 
12 
12 
10 
12 
14 
9 
20 
7 
19 
12 
14 
10 
6 
10 
14 
17 
11 
8 
11 
8 
9 
12 
13 
11 
13 
11 
11 
13 
10 
16 
17 
10 
12 
14 
12 
14 
14 
11 
13 
10 
13 
21 
8 
15 
10 
19 
11 
11 
14 
10 
11 
14 
12 
16 
16 
7 
10 
16 
9 
11 
22 
16 
16 
13 
17 
14 
15 
13 
7 
10 
11 
13 
16 
28 
13 
10 
18 
13 
12 
17 
9 
10 
13 
9 
10 
8 
14 
7 
9 
18 
13 
12 
14 
15 
18 
19 
16 
16 
15 
13 
25 
11 
17 
15 
8 
14 
10 
15 
12 
14 
19 
18 
14 
15 
16 
16 
12 
20 
12 
17 
11 
14 
13 
11 
8 
16 
9 
19 
12 
22 
17 
4 
12 
16 
12 
11 
14 
8 
9 
15 
13 
19 
22 
27 
14 
13 
8 
20 
19 
19 
19 
16 
18 
12 
13 
24 
21 
12 
18 
16 
15 
16 
12 
17 
11 
25 
13 
12 
18 
10 
25 
12 
10 
22 
16 
21 
16 
17 
12 
17 
13 
22 
18 
18 
15 
15 
16 
11 
21 
16 
21 
16 
16 
19 
14 
17 
11 
17 
19 
19 
13 
18 
17 
12 
15 
16 
19 
10 
16 
18 
10 
14 
19 
20 
17 
18 
18 
15 
19 
17 
17 
23 
16 
19 
19 
10 
19 
15 
17 
10 
13 
19 
17 
21 
20 
19 
15 
15 
15 
22 
21 
17 
16 
14 
18 
17 
20 
18 
17 
12 
12 
22 
12 
17 
16 
16 
26 
9 
15 
22 
17 
21 
12 
11 
24 
14 
30 
12 
17 
15 
22 
22 
26 
20 
18 
22 
22 
16 
23 
28 
21 
20 
18 
15 
20 
17 
26 
25 
26 
17 
18 
21 
13 
25 
22 
23 
14 
23 
24 
12 
21 
20 
16 
15 
16 
18 
20 
17 
21 
30 
15 
25 
26 
22 
20 
14 
21 
12 
16 
17 
22 
23 
26 
27 
20 
29 
23 
14 
22 
11 
17 
27 
13 
21 
24 
20 
17 
25 
28 
17 
23 
15 
21 
26 
23 
24 
21 
21 
34 
33 
21 
26 
21 
27 
14 
15 
28 
22 
25 
24 
20 
32 
24 
26 
19 
22 
21 
23 
17 
23 
23 
24 
26 
27 
17 
26 
23 
21 
24 
31 
9 
30 
20 
27 
28 
24 
24 
33 
20 
23 
20 
29 
37 
31 
31 
28 
22 
28 
27 
24 
33 
28 
23 
37 
19 
35 
22 
27 
24 
26 
23 
48 
30 
26 
30 
28 
27 
21 
36 
29 
19 
28 
29 
36 
27 
34 
26 
27 
38 
28 
26 
29 
27 
28 
35 
27 
30 
31 
33 
29 
28 
33 
29 
30 
32 
34 
25 
36 
25 
23 
28 
31 
34 
28 
24 
29 
25 
33 
26 
36 
35 
19 
30 
31 
23 
31 
26 
32 
28 
38 
34 
19 
33 
30 
25 
26 
26 
33 
31 
37 
31 
26 
32 
26 
23 
23 
26 
25 
56 
269 
476 
205 
61 
41 
38 
40 
47 
31 
53 
35 
47 
40 
43 
57 
46 
40 
50 
41 
57 
44 
44 
64 
43 
53 
52 
50 
48 
48 
41 
47 
56 
49 
38 
47 
43 
48 
61 
49 
41 
51 
49 
36 
45 
42 
52 
57 
38 
45 
50 
40 
48 
52 
47 
49 
45 
52 
45 
39 
51 
44 
55 
51 
41 
50 
47 
47 
60 
54 
54 
51 
61 
46 
44 
41 
57 
40 
47 
48 
49 
46 
57 
43 
46 
42 
58 
50 
43 
34 
50 
48 
53 
44 
51 
61 
55 
57 
52 
63 
57 
51 
61 
48 
41 
58 
59 
53 
41 
60 
50 
60 
53 
61 
57 
34 
40 
58 
53 
54 
63 
40 
57 
45 
42 
36 
44 
43 
41 
33 
48 
44 
36 
52 
28 
34 
30 
29 
28 
36 
34 
30 
26 
37 
23 
31 
30 
30 
28 
25 
23 
24 
25 
34 
30 
23 
30 
18 
28 
32 
30 
19 
27 
31 
33 
27 
18 
16 
27 
27 
58 
380 
873 
546 
111 
43 
43 
33 
34 
31 
28 
38 
31 
29 
36 
34 
37 
31 
26 
39 
37 
32 
34 
43 
35 
22 
33 
25 
34 
40 
36 
41 
32 
35 
40 
28 
37 
24 
21 
37 
33 
29 
33 
37 
21 
23 
21 
27 
25 
31 
30 
27 
32 
40 
24 
40 
37 
44 
26 
24 
29 
32 
34 
33 
34 
40 
32 
30 
34 
39 
33 
33 
32 
27 
38 
37 
33 
24 
31 
24 
29 
30 
38 
23 
30 
31 
24 
32 
35 
41 
24 
27 
23 
29 
31 
20 
18 
26 
27 
27 
25 
23 
27 
30 
26 
29 
23 
31 
19 
23 
24 
18 
25 
31 
26 
21 
20 
13 
20 
11 
18 
21 
20 
23 
18 
14 
15 
11 
7 
17 
9 
16 
10 
9 
10 
8 
4 
5 
9 
5 
5 
6 
5 
3 
4 
2 
0 
2 
1 
1 
1 
2 
3 
2 
2 
2 
2 
2 
1 
2 
2 
0 
3 
0 
2 
2 
0 
1 
1 
1 
11 
139 
515 
537 
137 
16 
0 
0 
0 
0 
0 
0 
0 
0 
0 
0 
0 
0 
0 
0 
0 
0 
0 
0 
0 
0 
0 
0 
0 
0 
0 
0 
0 
0 
0 
0 
0 
0 
0 
0 
0 
0 
0 
0 
0 
0 
0 
0 
0 
0 
0 
0 
0 
0 
0 
0 
0 
0 
0 
0 
0 
0 
0 
0 
0 
0 
0 
0 
0 
0 
0 
0 
0 
0 
0 
0 
0 
0 
0 
0 
0 
0 
0 
0 
0 
0 
0 
0 
0 
0 
0 
0 
0 
0 
0 
0 
0 
0 
0 
0 
0 
0 
0 
0 
0 
0 
0 
0 
0 
0 
0 
0 
0 
0 
0 
0 
0 
0 
0 
0 
0 
0 
0 
0 
0 
0 
0 
0 
0 
0 
0 
0 
0 
0 
0 
0 
0 
0 
0 
0 
0 
0 
0 
0 
0 
0 
0 
0 
0 
0 
0 
0 
0 
0 
0 
0 
0 
0 
0 
0 
0 
0 
0 
0 
0 
0 
0 
0 
0 
0 
0 
0 
0 
0 
0 
0 
0 
0 
0 
0 
0 
0 
0 
0 
0 
0 
0 
0 
0 
0 
0 
0 
0 
0 
0 
0 
0 
0 
0 
0 
0 
0 
0 
0 
0 
0 
0 
0 
0 
0 
0 
0 
0 
0 
0 
0 
0 
0 
0 
0 
0 
0 
0 
0 
0 
0 
0 
0 
0 
0 
0 
0 
0 
0 
0 
0 
0 
0 
0 
0 
0 
0 
0 
0 
0 
0 
0 
0 
0 
0 
0 
0 
0 
0 
0 
0 
0 
0 
0 
0 
0 
0 
0 
0 
0 
0 
0 
0 
0 
0 
0 
0 
0 
0 
0 
0 
0 
0 
0 
0 
0 
0 
0 
0 
0 
0 
0 
0 
0 
0 
0 
0 
0 
0 
0 
0 
0 
0 
0 
0 
0 
0 
0 
0 
0 
0 
0 
0 
0 
0 
0 
0 
0 
0 
0 
0 
0 
0 
0 
0 
0 
0 
0 
0 
0 
0 
0 
0 
0 
0 
0 
0 
0 
0 
0 
0 
0 
0 
0 
0 
0 
0 
0 
0 
0 
0 
0 
0 
0 
0 
0 
0 
0 
0 
0 
0 
0 
0 
0 
0 
0 
0 
0 
0 
0 
0 
0 
0 
0 
0 
0 
0 
0 
0 
0 
0 
0 
0 
0 
0 
0 
0 
0 
0 
0 
0 
0 
0 
0 
0 
0 
0 
0 
0 
0 
0 
0 
0 
0 
0 
0 
0 
0 
0 
0 
0 
0 
0 
0 
0 
0 
0 
0 
0 
0 
0 
0 
0 
0 
0 
0 
0 
0 
0 
0 
0 
0 
0 
0 
0 
0 
0 
0 
0 
0 
0 
0 
0 
0 
0 
0 
0 
0 
0 
0 
0 
0 
0 
0 
0 
0 
0 
0 
0 
0 
0 
0 
0 
0 
0 
0 
0 
0 
0 
0 
0 
0 
0 
0 
0 
0 
0 
0 
0 
0 
0 
0 
0 
0 
0 
0 
0 
0 
0 
0 
0 
0 
0 
0 
0 
0 
0 
0 
0 
0 
0 
0 
0 
0 
0 
0 
0 
0 
0 
0 
0 
0 
0 
0 
0 
0 
0 
0 
0 
0 
0 
0 
0 
0 
0 
0 
0 
0 
0 
0 
0 
0 
0 
0 
0 
0 
0 
0 
0 
0 
0 
0 
0 
0 
0 
0 
0 
0 
0 
0 
0 
0 
0 
0 
0 
0 
0 
0 
0 
0 
0 
0 
0 
0 
0 
0 
0 
0 
0 
0 
0 
0 
0 
0 
0 
0 
0 
0 
0 
0 
0 
0 
0 
0 
0 
0 
0 
0 
0 
0 
0 
0 
0 
0 
0 
0 
0 
0 
0 
0 
0 
0 
0 
0 
0 
0 
0 
0 
0 
0 
0 
0 
0 
0 
0 
0 
0 
0 
0 
0 
0 
0 
0 
0 
0 
0 
0 
0 
0 
0 
0 
0 
0 
0 
0 
0 
0 
0 
0 
0 
0 
0 
0 
0 
0 
0 
0 
0 
0 
0 
0 
0 
0 
0 
0 
0 
0 
0 
0 
0 
0 
0 
0 
0 
0 
0 
0 
0 
0 
0 
0 
0 
0 
0 
0 
!IDEND=

