!FILE=Disk 
!KIND=Matrix 
!LABORATORY=Oslo Cyclotron Laboratory (OCL) 
!EXPERIMENT=siri2root 
!COMMENT=none
!TIME=2015-04-25 00:05:25
!CALIBRATION EkeV=6, 1.000000E+00, 3.000000E+00, 0.000000E+00
!PRECISION=16
!DIMENSION=1,0:3999
!CHANNEL=(0:3999)
57 
58 
60 
80 
57 
43 
52 
55 
48 
60 
68 
54 
63 
68 
60 
65 
66 
52 
67 
52 
51 
64 
68 
76 
68 
72 
64 
63 
61 
71 
72 
62 
61 
64 
88 
77 
76 
87 
72 
79 
88 
72 
92 
78 
95 
87 
95 
98 
85 
79 
83 
82 
84 
86 
83 
81 
93 
90 
104 
89 
89 
80 
95 
117 
80 
81 
96 
89 
83 
70 
77 
62 
82 
83 
81 
84 
98 
74 
74 
90 
91 
79 
95 
86 
98 
84 
103 
96 
94 
79 
86 
88 
98 
107 
80 
72 
75 
84 
72 
100 
88 
91 
93 
82 
80 
84 
80 
92 
84 
72 
94 
84 
92 
64 
61 
66 
75 
54 
76 
51 
52 
63 
62 
61 
57 
55 
50 
49 
51 
50 
40 
55 
54 
45 
56 
39 
45 
55 
40 
52 
42 
36 
46 
41 
47 
36 
33 
44 
44 
40 
48 
31 
40 
35 
34 
31 
40 
35 
39 
48 
28 
30 
44 
32 
41 
42 
65 
22 
47 
692 
645 
38 
21 
34 
18 
27 
31 
24 
26 
21 
37 
39 
22 
29 
22 
32 
28 
21 
26 
29 
30 
23 
30 
21 
22 
22 
29 
27 
28 
19 
20 
24 
25 
20 
22 
24 
23 
30 
21 
19 
12 
21 
17 
17 
21 
20 
18 
15 
20 
31 
18 
20 
18 
20 
20 
32 
17 
18 
28 
21 
26 
22 
18 
14 
36 
18 
22 
19 
23 
23 
23 
35 
12 
23 
28 
20 
29 
28 
22 
15 
21 
28 
26 
24 
21 
21 
25 
21 
27 
13 
11 
15 
17 
23 
22 
13 
24 
17 
19 
23 
13 
20 
17 
18 
19 
12 
19 
27 
24 
9 
22 
27 
12 
20 
11 
23 
17 
26 
24 
17 
25 
17 
10 
20 
14 
21 
21 
21 
14 
10 
27 
17 
24 
14 
18 
21 
20 
16 
27 
20 
14 
17 
25 
16 
17 
16 
18 
17 
19 
14 
17 
15 
16 
11 
21 
23 
24 
17 
17 
16 
19 
16 
13 
22 
19 
15 
13 
23 
19 
27 
19 
20 
14 
11 
17 
16 
14 
13 
16 
15 
15 
17 
15 
23 
18 
11 
15 
17 
13 
19 
23 
16 
15 
12 
12 
15 
10 
20 
20 
18 
19 
14 
18 
19 
22 
19 
20 
21 
22 
16 
18 
15 
23 
16 
9 
14 
11 
19 
22 
8 
18 
10 
19 
18 
13 
29 
20 
22 
23 
12 
12 
18 
13 
27 
17 
19 
23 
20 
19 
19 
26 
14 
24 
11 
19 
17 
21 
18 
15 
20 
14 
15 
21 
18 
18 
17 
18 
14 
23 
14 
21 
23 
12 
16 
17 
19 
17 
18 
13 
12 
17 
12 
15 
24 
18 
24 
18 
15 
20 
18 
17 
15 
18 
18 
17 
14 
18 
12 
15 
16 
10 
22 
22 
16 
17 
19 
10 
14 
20 
17 
20 
20 
20 
21 
12 
17 
23 
21 
15 
22 
15 
20 
13 
24 
14 
14 
19 
21 
20 
18 
18 
14 
25 
20 
17 
11 
17 
11 
10 
14 
17 
14 
12 
23 
19 
24 
23 
18 
22 
11 
15 
19 
14 
13 
17 
18 
15 
18 
13 
12 
23 
17 
21 
26 
21 
19 
10 
16 
23 
16 
17 
14 
17 
11 
24 
16 
16 
15 
19 
15 
16 
13 
26 
15 
12 
14 
27 
17 
25 
20 
13 
14 
14 
9 
18 
11 
22 
17 
24 
18 
18 
5 
20 
16 
21 
16 
17 
12 
18 
12 
16 
20 
11 
19 
16 
21 
16 
10 
21 
19 
26 
14 
18 
22 
14 
23 
16 
23 
15 
19 
22 
13 
22 
12 
15 
12 
24 
12 
10 
21 
15 
13 
22 
23 
19 
21 
17 
14 
15 
25 
16 
21 
14 
18 
18 
21 
23 
20 
18 
17 
15 
13 
13 
20 
11 
12 
15 
11 
13 
13 
12 
18 
21 
12 
14 
19 
19 
16 
22 
22 
17 
15 
16 
24 
14 
17 
15 
22 
15 
13 
19 
17 
21 
24 
29 
24 
20 
21 
14 
19 
19 
20 
16 
19 
12 
15 
18 
19 
17 
14 
12 
21 
17 
21 
11 
14 
18 
15 
19 
24 
12 
11 
17 
21 
13 
19 
16 
18 
14 
24 
17 
13 
14 
18 
13 
19 
15 
24 
19 
10 
18 
24 
17 
20 
23 
21 
31 
29 
17 
18 
17 
18 
25 
14 
20 
25 
20 
17 
21 
12 
20 
14 
19 
18 
12 
15 
15 
21 
25 
13 
25 
23 
20 
19 
22 
20 
18 
13 
17 
23 
14 
19 
20 
18 
11 
14 
15 
14 
17 
21 
13 
12 
18 
13 
20 
22 
18 
15 
21 
19 
6 
20 
17 
16 
21 
29 
18 
27 
18 
23 
18 
16 
26 
24 
19 
17 
18 
20 
23 
24 
21 
20 
29 
16 
27 
20 
22 
16 
14 
14 
19 
22 
24 
13 
19 
14 
25 
16 
11 
20 
23 
27 
15 
17 
21 
17 
28 
24 
21 
24 
26 
24 
20 
19 
16 
23 
19 
26 
22 
16 
18 
24 
23 
18 
17 
13 
21 
29 
21 
17 
20 
29 
15 
15 
15 
23 
22 
22 
25 
27 
17 
21 
18 
24 
26 
18 
32 
23 
25 
23 
22 
24 
15 
25 
19 
21 
19 
24 
34 
25 
28 
18 
19 
21 
15 
21 
28 
26 
19 
12 
16 
26 
24 
25 
22 
28 
21 
28 
25 
24 
24 
28 
26 
20 
18 
21 
20 
29 
25 
26 
21 
23 
23 
23 
18 
26 
16 
15 
29 
28 
23 
19 
21 
29 
23 
24 
18 
30 
22 
20 
31 
23 
20 
23 
24 
22 
14 
17 
34 
30 
23 
30 
21 
21 
24 
29 
16 
21 
25 
19 
26 
23 
20 
18 
21 
23 
31 
26 
35 
23 
25 
26 
17 
23 
30 
27 
25 
31 
35 
22 
15 
31 
37 
32 
24 
20 
32 
40 
32 
32 
24 
21 
36 
28 
20 
27 
28 
27 
27 
24 
29 
27 
22 
28 
26 
30 
24 
25 
22 
30 
24 
26 
25 
32 
29 
29 
23 
26 
24 
28 
40 
241 
532 
150 
48 
37 
53 
51 
37 
44 
24 
41 
41 
38 
53 
55 
42 
45 
38 
44 
33 
38 
43 
42 
36 
47 
49 
60 
45 
40 
45 
44 
45 
39 
33 
35 
46 
46 
52 
52 
38 
44 
41 
40 
43 
42 
48 
41 
58 
26 
50 
50 
46 
51 
46 
53 
46 
60 
45 
48 
48 
56 
52 
38 
46 
46 
42 
55 
49 
47 
50 
56 
48 
43 
49 
43 
52 
62 
48 
57 
56 
50 
54 
58 
53 
51 
56 
56 
45 
55 
59 
51 
71 
54 
44 
43 
49 
51 
49 
59 
50 
57 
61 
59 
50 
61 
57 
59 
51 
58 
59 
71 
64 
75 
52 
58 
57 
59 
59 
62 
45 
44 
51 
55 
51 
55 
50 
49 
51 
45 
51 
58 
50 
53 
35 
38 
41 
35 
46 
43 
31 
55 
46 
42 
40 
42 
48 
39 
37 
52 
44 
40 
43 
38 
45 
38 
31 
34 
46 
58 
46 
40 
48 
41 
47 
32 
41 
45 
51 
33 
55 
270 
931 
522 
103 
43 
60 
52 
54 
48 
63 
52 
53 
59 
52 
52 
52 
58 
51 
64 
67 
56 
59 
48 
68 
56 
76 
71 
61 
69 
55 
62 
60 
60 
59 
54 
55 
56 
66 
57 
49 
62 
69 
56 
57 
48 
63 
66 
72 
68 
72 
78 
83 
74 
51 
59 
79 
82 
64 
67 
77 
70 
67 
64 
66 
68 
79 
76 
68 
62 
91 
68 
80 
69 
69 
74 
55 
83 
88 
98 
81 
78 
94 
74 
86 
71 
82 
89 
103 
91 
108 
95 
85 
47 
60 
65 
69 
63 
64 
58 
61 
52 
62 
64 
59 
50 
44 
54 
48 
60 
58 
67 
51 
48 
45 
50 
35 
42 
37 
62 
36 
28 
40 
38 
32 
22 
25 
31 
19 
28 
35 
29 
24 
17 
23 
19 
16 
15 
15 
8 
14 
14 
11 
3 
11 
8 
11 
4 
4 
10 
3 
7 
3 
7 
10 
7 
6 
8 
3 
2 
4 
2 
2 
4 
8 
1 
3 
0 
1 
1 
13 
304 
2151 
2053 
297 
15 
0 
0 
0 
0 
0 
0 
0 
0 
0 
0 
0 
0 
0 
0 
0 
0 
0 
0 
0 
0 
0 
0 
0 
0 
0 
0 
0 
0 
0 
0 
0 
0 
0 
0 
0 
0 
0 
0 
0 
0 
0 
0 
0 
0 
0 
0 
0 
0 
0 
0 
0 
0 
0 
0 
0 
0 
0 
0 
0 
0 
0 
0 
0 
0 
0 
0 
0 
0 
0 
0 
0 
0 
0 
0 
0 
0 
0 
0 
0 
0 
0 
0 
0 
0 
0 
0 
0 
0 
0 
0 
0 
0 
0 
0 
0 
0 
0 
0 
0 
0 
0 
0 
0 
0 
0 
0 
0 
0 
0 
0 
0 
0 
0 
0 
0 
0 
0 
0 
0 
0 
0 
0 
0 
0 
0 
0 
0 
0 
0 
0 
0 
0 
0 
0 
0 
0 
0 
0 
0 
0 
0 
0 
0 
0 
0 
0 
0 
0 
0 
0 
0 
0 
0 
0 
0 
0 
0 
0 
0 
0 
0 
0 
0 
0 
0 
0 
0 
0 
0 
0 
0 
0 
0 
0 
0 
0 
0 
0 
0 
0 
0 
0 
0 
0 
0 
0 
0 
0 
0 
0 
0 
0 
0 
0 
0 
0 
0 
0 
0 
0 
0 
0 
0 
0 
0 
0 
0 
0 
0 
0 
0 
0 
0 
0 
0 
0 
0 
0 
0 
0 
0 
0 
0 
0 
0 
0 
0 
0 
0 
0 
0 
0 
0 
0 
0 
0 
0 
0 
0 
0 
0 
0 
0 
0 
0 
0 
0 
0 
0 
0 
0 
0 
0 
0 
0 
0 
0 
0 
0 
0 
0 
0 
0 
0 
0 
0 
0 
0 
0 
0 
0 
0 
0 
0 
0 
0 
0 
0 
0 
0 
0 
0 
0 
0 
0 
0 
0 
0 
0 
0 
0 
0 
0 
0 
0 
0 
0 
0 
0 
0 
0 
0 
0 
0 
0 
0 
0 
0 
0 
0 
0 
0 
0 
0 
0 
0 
0 
0 
0 
0 
0 
0 
0 
0 
0 
0 
0 
0 
0 
0 
0 
0 
0 
0 
0 
0 
0 
0 
0 
0 
0 
0 
0 
0 
0 
0 
0 
0 
0 
0 
0 
0 
0 
0 
0 
0 
0 
0 
0 
0 
0 
0 
0 
0 
0 
0 
0 
0 
0 
0 
0 
0 
0 
0 
0 
0 
0 
0 
0 
0 
0 
0 
0 
0 
0 
0 
0 
0 
0 
0 
0 
0 
0 
0 
0 
0 
0 
0 
0 
0 
0 
0 
0 
0 
0 
0 
0 
0 
0 
0 
0 
0 
0 
0 
0 
0 
0 
0 
0 
0 
0 
0 
0 
0 
0 
0 
0 
0 
0 
0 
0 
0 
0 
0 
0 
0 
0 
0 
0 
0 
0 
0 
0 
0 
0 
0 
0 
0 
0 
0 
0 
0 
0 
0 
0 
0 
0 
0 
0 
0 
0 
0 
0 
0 
0 
0 
0 
0 
0 
0 
0 
0 
0 
0 
0 
0 
0 
0 
0 
0 
0 
0 
0 
0 
0 
0 
0 
0 
0 
0 
0 
0 
0 
0 
0 
0 
0 
0 
0 
0 
0 
0 
0 
0 
0 
0 
0 
0 
0 
0 
0 
0 
0 
0 
0 
0 
0 
0 
0 
0 
0 
0 
0 
0 
0 
0 
0 
0 
0 
0 
0 
0 
0 
0 
0 
0 
0 
0 
0 
0 
0 
0 
0 
0 
0 
0 
0 
0 
0 
0 
0 
0 
0 
0 
0 
0 
0 
0 
0 
0 
0 
0 
0 
0 
0 
0 
0 
0 
0 
0 
0 
0 
0 
0 
0 
0 
0 
0 
0 
0 
0 
0 
0 
0 
0 
0 
0 
0 
0 
0 
0 
0 
0 
0 
0 
0 
0 
0 
0 
0 
0 
0 
0 
0 
0 
0 
0 
0 
0 
0 
0 
0 
0 
0 
0 
0 
0 
0 
0 
0 
0 
0 
0 
0 
0 
0 
0 
0 
0 
0 
0 
0 
0 
0 
0 
0 
0 
0 
0 
0 
0 
0 
0 
0 
0 
0 
0 
0 
0 
0 
0 
0 
0 
0 
0 
0 
0 
0 
0 
0 
0 
0 
0 
0 
0 
0 
0 
0 
0 
0 
0 
0 
0 
0 
0 
0 
0 
0 
0 
0 
0 
0 
0 
0 
0 
0 
0 
0 
0 
0 
0 
0 
0 
0 
0 
0 
0 
0 
0 
0 
0 
0 
0 
0 
0 
0 
0 
0 
0 
0 
0 
0 
0 
0 
0 
0 
0 
0 
0 
0 
0 
0 
0 
0 
0 
0 
0 
0 
0 
0 
0 
0 
0 
0 
0 
0 
0 
0 
0 
0 
0 
0 
0 
0 
0 
0 
0 
0 
0 
0 
0 
0 
0 
0 
0 
0 
0 
0 
0 
0 
0 
0 
0 
0 
0 
0 
0 
0 
0 
0 
0 
0 
0 
0 
0 
0 
0 
0 
0 
0 
0 
0 
0 
0 
0 
0 
0 
0 
0 
0 
0 
0 
0 
0 
0 
0 
0 
0 
0 
0 
0 
0 
0 
0 
0 
0 
0 
0 
0 
0 
0 
0 
0 
0 
0 
0 
0 
0 
0 
0 
0 
0 
0 
0 
0 
0 
0 
0 
0 
0 
0 
0 
0 
0 
0 
0 
0 
0 
0 
0 
0 
0 
0 
0 
0 
0 
0 
0 
0 
0 
0 
0 
0 
0 
0 
0 
0 
0 
0 
0 
0 
0 
0 
0 
0 
0 
0 
0 
0 
0 
0 
0 
0 
0 
0 
0 
0 
0 
0 
0 
0 
0 
0 
0 
0 
0 
0 
0 
0 
0 
0 
0 
0 
0 
0 
0 
0 
0 
0 
0 
0 
0 
0 
0 
0 
0 
0 
0 
0 
0 
0 
0 
0 
0 
0 
0 
0 
0 
0 
0 
0 
0 
0 
0 
0 
0 
0 
0 
0 
0 
0 
0 
0 
0 
0 
0 
0 
0 
0 
0 
0 
0 
0 
0 
0 
0 
0 
0 
0 
0 
0 
0 
0 
0 
0 
0 
0 
0 
0 
0 
0 
0 
0 
0 
0 
0 
0 
0 
0 
0 
0 
0 
0 
0 
0 
0 
0 
0 
0 
0 
0 
0 
0 
0 
0 
0 
0 
0 
0 
0 
0 
0 
0 
0 
0 
0 
0 
0 
0 
0 
0 
0 
0 
0 
0 
0 
0 
0 
0 
0 
0 
0 
0 
0 
0 
0 
0 
0 
0 
0 
0 
0 
0 
0 
0 
0 
0 
0 
0 
0 
0 
0 
0 
0 
0 
0 
0 
0 
0 
0 
0 
0 
0 
0 
0 
0 
0 
0 
0 
0 
0 
0 
0 
0 
0 
0 
0 
0 
0 
0 
0 
0 
0 
0 
0 
0 
0 
0 
0 
0 
0 
0 
0 
0 
0 
0 
0 
0 
0 
0 
0 
0 
0 
0 
0 
0 
0 
0 
0 
0 
0 
0 
0 
0 
0 
0 
0 
0 
0 
0 
0 
0 
0 
0 
0 
0 
0 
0 
0 
0 
0 
0 
0 
0 
0 
0 
0 
0 
0 
0 
0 
0 
0 
0 
0 
0 
0 
0 
0 
0 
0 
0 
0 
0 
0 
0 
0 
0 
0 
0 
0 
0 
0 
0 
0 
0 
0 
0 
0 
0 
0 
0 
0 
0 
0 
0 
0 
0 
0 
0 
0 
0 
0 
0 
0 
0 
0 
0 
0 
0 
0 
0 
0 
0 
0 
0 
0 
0 
0 
0 
0 
0 
0 
0 
0 
0 
0 
0 
0 
0 
0 
0 
0 
0 
0 
0 
0 
0 
0 
0 
0 
0 
0 
0 
0 
0 
0 
0 
0 
0 
0 
0 
0 
0 
0 
0 
0 
0 
0 
0 
0 
0 
0 
0 
0 
0 
0 
0 
0 
0 
0 
0 
0 
0 
0 
0 
0 
0 
0 
0 
0 
0 
0 
0 
0 
0 
0 
0 
0 
0 
0 
0 
0 
0 
0 
0 
0 
0 
0 
0 
0 
0 
0 
0 
0 
0 
0 
0 
0 
0 
0 
0 
0 
0 
0 
0 
0 
0 
0 
0 
0 
0 
0 
0 
0 
0 
0 
0 
0 
0 
0 
0 
0 
0 
0 
0 
0 
0 
0 
0 
0 
0 
0 
0 
0 
0 
0 
0 
0 
0 
0 
0 
0 
0 
0 
0 
0 
0 
0 
0 
0 
0 
0 
0 
0 
0 
0 
0 
0 
0 
0 
0 
0 
0 
0 
0 
0 
0 
0 
0 
0 
0 
0 
0 
0 
0 
0 
0 
0 
0 
0 
0 
0 
0 
0 
0 
0 
0 
0 
0 
0 
0 
0 
0 
0 
0 
0 
0 
0 
0 
0 
0 
0 
0 
0 
0 
0 
0 
0 
0 
0 
0 
0 
0 
0 
0 
0 
0 
0 
0 
0 
0 
0 
0 
0 
0 
0 
0 
0 
0 
0 
0 
0 
0 
0 
0 
0 
0 
0 
0 
0 
0 
0 
0 
0 
0 
0 
0 
0 
0 
0 
0 
0 
0 
0 
0 
0 
0 
0 
0 
0 
0 
0 
0 
0 
0 
0 
0 
0 
0 
0 
0 
0 
0 
0 
0 
0 
0 
0 
0 
0 
0 
0 
0 
0 
0 
0 
0 
0 
0 
0 
0 
0 
0 
0 
0 
0 
0 
0 
0 
0 
0 
0 
0 
0 
0 
0 
0 
0 
0 
0 
0 
0 
0 
0 
0 
0 
0 
0 
0 
0 
0 
0 
0 
0 
0 
0 
0 
0 
0 
0 
0 
0 
0 
0 
0 
0 
0 
0 
0 
0 
0 
0 
0 
0 
0 
0 
0 
0 
0 
0 
0 
0 
0 
0 
0 
0 
0 
0 
0 
0 
0 
0 
0 
0 
0 
0 
0 
0 
0 
0 
0 
0 
0 
0 
0 
0 
0 
0 
0 
0 
0 
0 
0 
0 
0 
0 
0 
0 
0 
0 
0 
0 
0 
0 
0 
0 
0 
0 
0 
0 
0 
0 
0 
0 
0 
0 
0 
0 
0 
0 
0 
0 
0 
0 
0 
0 
0 
0 
0 
0 
0 
0 
0 
0 
0 
0 
0 
0 
0 
0 
0 
0 
0 
0 
0 
0 
0 
0 
0 
0 
0 
0 
0 
0 
0 
0 
0 
0 
0 
0 
0 
0 
0 
0 
0 
0 
0 
0 
0 
0 
0 
0 
0 
0 
0 
0 
0 
0 
0 
0 
0 
0 
0 
0 
0 
0 
0 
0 
0 
0 
0 
0 
0 
0 
0 
0 
0 
0 
0 
0 
0 
0 
0 
0 
0 
0 
0 
0 
0 
0 
0 
0 
0 
0 
0 
0 
0 
0 
0 
0 
0 
0 
0 
0 
0 
0 
0 
0 
0 
0 
0 
0 
0 
0 
0 
0 
0 
0 
0 
0 
0 
0 
0 
0 
0 
0 
0 
0 
0 
0 
0 
0 
0 
0 
0 
0 
0 
0 
0 
0 
0 
0 
0 
0 
0 
0 
0 
0 
0 
0 
0 
0 
0 
0 
0 
0 
0 
0 
0 
0 
0 
0 
0 
0 
0 
0 
0 
0 
0 
0 
0 
0 
0 
0 
0 
0 
0 
0 
0 
0 
0 
0 
0 
0 
0 
0 
0 
0 
0 
0 
0 
0 
0 
0 
0 
0 
0 
0 
0 
0 
0 
0 
0 
0 
0 
0 
0 
0 
0 
0 
0 
0 
0 
0 
0 
0 
0 
0 
0 
0 
0 
0 
0 
0 
0 
0 
0 
0 
0 
0 
0 
0 
0 
0 
0 
0 
0 
0 
0 
0 
0 
0 
0 
0 
0 
0 
0 
0 
0 
0 
0 
0 
0 
0 
0 
0 
0 
0 
0 
0 
0 
0 
0 
0 
0 
0 
0 
0 
0 
0 
0 
0 
0 
0 
0 
0 
0 
0 
0 
0 
0 
0 
0 
0 
0 
0 
0 
0 
0 
0 
0 
0 
0 
0 
0 
0 
0 
0 
0 
0 
0 
0 
0 
0 
0 
0 
0 
0 
0 
0 
0 
0 
0 
0 
0 
0 
0 
0 
0 
0 
0 
0 
0 
0 
0 
0 
0 
0 
0 
0 
0 
0 
0 
0 
0 
0 
0 
0 
0 
0 
0 
0 
0 
0 
0 
0 
0 
0 
0 
0 
0 
0 
0 
0 
0 
0 
0 
0 
0 
0 
0 
0 
0 
0 
0 
0 
0 
0 
0 
0 
0 
0 
0 
0 
0 
0 
0 
0 
0 
0 
0 
0 
0 
0 
0 
0 
0 
0 
0 
0 
0 
0 
0 
0 
0 
0 
0 
0 
0 
0 
0 
0 
0 
0 
0 
0 
0 
0 
0 
0 
0 
0 
0 
0 
0 
0 
0 
0 
0 
0 
0 
0 
0 
0 
0 
0 
0 
0 
0 
0 
0 
0 
0 
0 
0 
0 
0 
0 
0 
0 
0 
0 
0 
0 
0 
0 
0 
0 
0 
0 
0 
0 
0 
0 
0 
0 
0 
0 
0 
0 
0 
0 
0 
0 
0 
0 
0 
0 
0 
0 
0 
0 
0 
0 
0 
0 
0 
0 
0 
0 
0 
0 
0 
0 
0 
0 
0 
0 
0 
0 
0 
0 
0 
0 
0 
0 
0 
0 
0 
0 
0 
0 
0 
0 
0 
0 
0 
0 
0 
0 
0 
0 
0 
0 
0 
0 
0 
0 
0 
0 
0 
0 
0 
0 
0 
0 
0 
0 
0 
0 
0 
0 
0 
0 
0 
0 
0 
0 
0 
0 
0 
0 
0 
0 
0 
0 
0 
0 
0 
0 
0 
0 
0 
0 
0 
0 
0 
0 
0 
0 
0 
0 
0 
0 
0 
0 
0 
0 
0 
0 
0 
0 
0 
0 
0 
0 
0 
0 
0 
0 
0 
0 
0 
0 
0 
0 
0 
0 
0 
0 
0 
0 
0 
0 
0 
0 
0 
0 
0 
0 
0 
0 
0 
0 
0 
0 
0 
0 
0 
0 
0 
0 
0 
0 
0 
0 
0 
0 
0 
0 
0 
0 
0 
0 
0 
0 
0 
0 
0 
0 
0 
0 
0 
0 
0 
0 
0 
0 
0 
0 
0 
0 
0 
0 
0 
0 
0 
0 
0 
0 
0 
0 
0 
0 
0 
0 
0 
0 
0 
0 
0 
0 
0 
0 
0 
0 
0 
0 
0 
0 
0 
0 
0 
0 
0 
0 
0 
0 
0 
0 
0 
0 
0 
0 
0 
0 
0 
0 
0 
0 
0 
0 
0 
0 
0 
0 
0 
0 
0 
0 
0 
0 
0 
0 
0 
0 
0 
0 
0 
0 
0 
0 
0 
0 
0 
0 
0 
0 
0 
0 
0 
0 
0 
0 
0 
0 
0 
0 
0 
0 
0 
0 
0 
0 
0 
0 
0 
0 
0 
0 
0 
0 
0 
0 
0 
0 
0 
0 
0 
0 
0 
0 
0 
0 
0 
0 
0 
0 
0 
0 
0 
0 
0 
0 
0 
0 
0 
0 
0 
0 
0 
0 
0 
0 
0 
0 
0 
0 
0 
0 
0 
0 
0 
0 
0 
0 
0 
0 
0 
0 
0 
0 
0 
0 
0 
0 
0 
0 
0 
0 
0 
0 
0 
0 
0 
0 
0 
0 
0 
0 
0 
0 
0 
0 
0 
0 
0 
0 
0 
0 
0 
0 
0 
0 
0 
0 
0 
0 
0 
0 
0 
0 
0 
0 
0 
0 
0 
0 
0 
0 
0 
0 
0 
0 
0 
0 
0 
0 
0 
0 
0 
0 
0 
0 
0 
0 
0 
0 
0 
0 
0 
0 
0 
0 
0 
0 
0 
0 
0 
0 
0 
0 
0 
0 
0 
0 
0 
0 
0 
0 
0 
0 
0 
0 
0 
0 
0 
0 
0 
0 
0 
0 
0 
0 
0 
0 
0 
0 
0 
0 
0 
0 
0 
0 
0 
0 
0 
0 
0 
0 
0 
0 
0 
0 
0 
0 
0 
0 
0 
0 
0 
0 
0 
0 
0 
0 
0 
0 
0 
0 
0 
0 
0 
0 
0 
0 
0 
0 
0 
0 
0 
0 
0 
0 
0 
0 
0 
0 
0 
0 
0 
0 
0 
0 
0 
0 
0 
0 
0 
0 
0 
0 
0 
0 
0 
0 
0 
0 
0 
0 
0 
0 
0 
0 
0 
0 
0 
0 
0 
0 
0 
0 
0 
0 
0 
0 
0 
0 
0 
0 
0 
0 
0 
0 
0 
0 
0 
0 
0 
0 
0 
0 
0 
0 
0 
0 
0 
0 
0 
0 
0 
0 
0 
0 
0 
0 
0 
0 
0 
0 
0 
0 
0 
0 
0 
0 
0 
0 
0 
0 
0 
0 
0 
0 
0 
0 
0 
0 
0 
0 
0 
0 
0 
0 
0 
0 
0 
0 
0 
0 
0 
0 
0 
0 
0 
0 
0 
0 
0 
0 
0 
0 
0 
0 
0 
0 
0 
0 
0 
0 
0 
0 
0 
0 
0 
0 
0 
0 
0 
0 
0 
0 
0 
!IDEND=

