   6   3   3    4564.63    34.91
   7   4   3    1621.31    12.50
   8   4   4    6179.90     0.37
   9   4   5    3684.08     7.50
  10   5   5    3101.30     0.32
  11   6   5    2547.80     0.48
  12   6   6    4685.71     0.22
  13   7   6    4174.48     0.16
  14   7   7    2432.18     0.37
  15   7   8    3135.97     0.27
  16   8   8    3361.78     0.06
  17   9   8    3715.19     0.39
  18   9   9    2244.91     0.72
  19  10   9    1255.24     1.70
  20  10  10    3815.34     0.27
  21  11  10    3370.59     0.45
  22  11  11    1776.03     0.37
  23  11  12    2342.59     0.46
  24  12  12    3080.07     0.18
  25  12  13    1817.17     0.08
  26  13  13    1728.50     0.06
  27  13  14    2297.07     0.31
  28  14  14    3037.62     0.19
  29  14  15    2379.84     0.12
  30  15  15    1819.45     0.42
  31  15  16    1944.04     0.31
  32  16  16    2038.58     0.15
  33  16  17    1337.79     0.09
  34  17  17    1294.97     0.20
  35  17  18    1661.93     0.28
  36  18  18    2195.85     0.09
  37  18  19    1080.78     0.23
  38  18  20    1429.21     0.21
  39  19  20    1452.09     0.20
  40  20  20    2297.59     0.12
  41  19  22    1797.29     0.45
  42  20  22    1953.99     0.48
  43  20  23    1353.20     0.49
  44  21  23    1440.87     0.82
  45  22  23    1226.95     0.92
  46  22  24    2158.29     0.33
  47  22  25    1464.28     0.75
  48  22  26    1911.21     0.77
  49  23  26    1878.82     0.66
  50  24  26    1786.22     0.56
  51  24  27    1134.64     0.62
  52  24  28    1597.03     0.50
  53  25  28    1559.61     0.35
  54  26  28    1520.86     0.25
  55  26  29    1254.21     0.68
  56  26  30    1568.13     0.15
  57  27  30    1575.16     0.22
  58  28  30    1724.88     0.33
  59  28  31    1440.90     0.73
  60  28  32    1725.69     0.37
  61  28  33    1395.40     1.01
  62  28  34    1843.43     0.92
  63  29  34    1651.02     0.28
  64  30  34    1339.97     0.35
  65  30  35     812.21     0.88
  66  30  36    1282.24     0.60
  67  30  37     727.04     0.61
  68  31  37     805.50     0.98
  69  31  38    1327.37     2.38
  70  32  38    1457.51     1.64
  71  32  39     796.51     1.75
  72  32  40    1487.34     1.43
  73  33  40    1740.91     1.64
  74  33  41    1223.74     0.94
  75  33  42    1679.09     1.59
  76  34  42    1711.35     0.79
  77  34  43    1333.11     0.97
  78  34  44    1618.34     0.87
  79  35  44    1712.56     1.18
  80  36  44    1761.33     2.14
  81  35  46    1576.92     1.63
  82  36  46    1632.33     1.75
  83  36  47    1024.15     1.74
  84  37  47    1075.45     1.74
  85  37  48    1575.62     1.57
  86  38  48    1618.98     1.03
  87  38  49     894.17     0.83
  88  38  50    1384.43     1.02
  89  39  50    1206.39     0.97
  90  40  50    1119.86     1.01
  91  40  51     991.98     0.93
  92  40  52    1264.47     1.05
  93  41  52    1450.37     0.88
  94  42  52    1510.47     1.50
  95  42  53    1332.29     1.51
  96  42  54    1517.85     1.15
  97  42  55    1259.86     1.69
  98  42  56    1408.13     1.07
  99  43  56    1494.49     0.69
 100  43  57    1068.07     1.59
 101  44  57    1247.59     1.37
 102  45  57    1246.40     2.04
 103  46  57    1237.24     2.58
 104  45  59    1193.20     2.79
 105  46  59    1177.54     2.02
 106  46  60    1464.99     2.05
 107  47  60    1476.14     3.07
 108  47  61    1111.92     3.10
 109  47  62    1473.66     2.99
 110  48  62    1505.77     1.39
 111  48  63    1249.67     1.48
 112  49  63    1162.55     2.20
 113  49  64    1496.18     1.38
 114  49  65    1212.24     4.36
 115  50  65    1655.41     1.65
 116  50  66    1835.97     2.79
 117  50  67    1634.78     1.92
 118  51  67    1533.76     2.61
 119  50  69    1628.55     3.98
 120  52  68    1289.99     5.12
 121  51  70    1784.67     2.06
 122  52  70    1330.71     1.20
 123  52  71    1090.30     1.04
 124  52  72    1251.16     0.96
 125  52  73    1033.00     1.37
 126  52  74    1169.15     1.39
 127  53  74    1212.34     1.68
 128  54  74    1297.52     2.03
 129  53  76    1160.87     2.13
 130  54  76    1266.27     2.01
 131  54  77    1073.66     1.69
 132  54  78    1195.40     1.02
 133  55  78    1280.35     1.12
 134  56  78    1315.07     2.62
 135  55  80    1157.04     6.61
 136  55  81    1012.97     5.69
 137  56  81    1013.54     2.69
 138  56  82    1084.11     1.94
 139  57  82    1157.41     1.04
 140  58  82    1199.03     0.99
 141  59  82    1227.38     0.75
 142  59  83    1157.20     0.73
 143  60  83    1165.62     0.82
 144  60  84    1325.74     0.86
 145  61  84    1341.17     1.20
 146  62  84    1345.99     1.61
 147  63  84    1338.43     1.67
 148  62  86    1341.76     1.03
 149  65  84    1526.97     1.98
 150  62  88    1427.68     1.53
 151  63  88    1458.96     0.95
 152  64  88    1474.98     1.06
 153  63  90    1125.79     1.27
 154  64  90    1132.69     3.00
 155  64  91     866.20     1.02
 156  64  92     960.71     0.50
 157  65  92     975.64     0.67
 158  66  92    1033.62     1.24
 159  65  94     920.67     1.44
 160  66  94     977.92     0.84
 161  66  95     794.24     1.01
 162  66  96     930.18     0.55
 163  67  96     972.47     0.70
 164  68  96     986.82     0.95
 165  67  98     884.45     1.22
 166  68  98     876.84     0.67
 167  68  99     740.07     0.73
 168  69  99     807.82     1.19
 169  69 100     907.64     1.36
 170  70 100     908.09     0.68
 171  70 101     680.20     0.78
 172  70 102     840.89     0.62
 173  71 102     939.24     0.84
 174  71 103     762.30     1.60
 175  71 104     914.71     1.25
 176  72 104     864.40     0.94
 177  71 106     860.44    12.52
 178  72 106     823.78     1.45
 179  72 107     609.53     1.25
 180  73 107     629.94     1.65
 181  73 108     806.08     1.64
 182  74 108     848.84     2.21
 183  74 109     747.30     1.42
 184  74 110     867.40     1.77
 185  75 110     839.37     0.61
 186  76 110     880.37     1.60
 187  76 111     732.89     1.82
 188  76 112     954.47     3.20
 189  77 112    1039.12     5.57
 190  76 114    1037.15     3.70
 191  77 114    1078.47     2.17
 192  78 114    1014.08     2.44
 193  77 116    1116.39     2.66
 194  78 116    1005.84     0.84
 195  79 116     971.53     0.95
 196  78 118    1047.48     0.77
 197  79 118     948.99     0.48
 198  79 119     657.39     9.61
 199  80 119     817.45     1.46
 200  80 120     988.70     3.85
 201  81 120     952.30     6.93
 202  80 122     920.06     5.25
 203  81 122     866.88     0.91
 204  82 122    1082.88     1.80
 205  81 124     814.62     0.95
 206  82 124    1133.95     0.69
 207  83 124    1210.91     0.99
 208  83 125    1215.09     0.96
 209  83 126    1348.96     1.41
 210  84 126     797.01     0.71
 211  84 127     480.67     0.85
 212  85 127     589.16     2.07
 213  84 129     678.13     1.88
 214  85 129     718.19     2.90
 215  85 130    1043.87     3.94
 216  85 131     877.19     3.51
 217  86 131     845.69     2.66
 218  87 131     765.31     3.46
 219  87 132    1084.85     4.43
 220  87 133     765.72     3.88
 221  88 133     831.28     3.56
 222  88 134    1023.11     4.08
 223  89 134     949.90     5.03
 224  88 136     986.50     2.12
 225  89 136     907.22     3.42
 226  90 136     833.88     4.12
 227  90 137     606.74     2.00
 228  90 138     869.31     2.46
 229  90 139     731.30     1.52
 230  91 139     711.97     1.88
 231  91 140     941.17    11.90
 232  92 140     885.76    12.94
 233  92 141     803.90     4.00
 234  92 142     905.74     0.63
 235  93 142     820.40     0.67
 236  94 142     709.92    13.00
 237  93 144     861.49    12.50
 238  94 144     768.05     0.56
 239  95 144     708.74     1.00
 240  94 146     794.61     0.50
 241  95 146     733.21     0.30
 242  96 146     739.37     1.16
 243  97 146     779.96     2.08
 244  96 148     814.49     0.61
 245  97 148     792.00     0.77
 246  96 150     881.29     2.33
 247  97 150     817.45     2.76
 248  98 150     826.33     8.27
 249  99 150     806.55    13.69
 250  98 152     787.42     2.21
 251  99 152     761.68     2.96
 252  98 154     900.95     5.59
 253  99 154     815.25     3.47
 254 100 154     783.88     2.54
 255 101 154     750.85     3.71
 256 100 156     865.83     6.17
 257 102 155     821.29    36.84
 258 101 157     593.16    35.45
 259 102 157     623.45    51.94
 260 103 157     772.75    71.09
 261 104 157     836.00    85.49
 262 105 157     806.25   100.65
 263 106 157     814.75   120.71
 264 105 159     797.50   152.60
 265 106 159     859.25   153.58
 266 107 159     821.50   175.56
 267 108 159     804.25   180.45
 268 109 159     696.00   182.86
 269 109 160     923.25   349.93
