 0.000000  
 0.000000  
 0.500000  
 0.500000  
 5.000000  
 27.500000  
 78.500000  
 214.500000  
 432.500000  
 705.500000  
 1009.500000  
 1272.000000  
 1455.000000  
 1540.500000  
 1625.500000  
 1688.500000  
 1755.000000  
 1683.500000  
 1754.500000  
 1843.500000  
 1899.500000  
 1962.000000  
 2039.000000  
 2120.500000  
 2149.000000  
 2273.500000  
 2411.000000  
 2481.500000  
 2569.000000  
 2677.000000  
 2779.500000  
 2839.000000  
 3052.500000  
 3086.000000  
 3224.000000  
 3421.500000  
 3416.500000  
 3594.000000  
 3832.000000  
 3912.000000  
 4082.000000  
 4340.500000  
 4535.500000  
 4762.500000  
 4981.000000  
 5255.000000  
 5404.500000  
 5647.000000  
 5782.000000  
 5930.500000  
 5995.500000  
 6198.500000  
 6385.000000  
 6382.000000  
 6441.000000  
 6573.500000  
 6757.500000  
 6848.000000  
 6957.000000  
 7098.000000  
 7246.500000  
 7391.500000  
 7656.500000  
 7712.500000  
 7728.500000  
 7998.000000  
 7883.000000  
 8028.000000  
 8168.500000  
 8179.000000  
 8281.000000  
 8313.500000  
 8287.500000  
 8470.500000  
 8350.500000  
 8328.500000  
 8527.000000  
 8536.500000  
 8533.500000  
 8550.000000  
 8633.500000  
 8426.000000  
 8335.500000  
 8277.000000  
 8218.500000  
 8008.500000  
 7904.500000  
 7803.000000  
 7685.500000  
 7741.500000  
 7526.500000  
 7521.000000  
 7414.000000  
 7406.500000  
 7449.500000  
 7366.500000  
 7425.000000  
 7523.500000  
 7407.000000  
 7460.000000  
 7525.500000  
 7285.500000  
 7336.000000  
 7306.500000  
 7426.500000  
 7446.000000  
 7366.500000  
 7345.000000  
 7284.500000  
 7225.000000  
 7319.500000  
 7473.500000  
 7541.500000  
 7615.000000  
 7853.500000  
 8304.000000  
 9062.500000  
 10330.500000  
 12016.500000  
 14230.500000  
 17429.000000  
 21128.500000  
 25147.000000  
 29372.500000  
 33015.000000  
 36266.500000  
 38068.000000  
 38288.500000  
 37100.500000  
 34827.000000  
 30911.000000  
 26658.500000  
 22018.500000  
 17416.000000  
 13727.500000  
 10412.000000  
 8012.000000  
 6080.500000  
 4863.500000  
 4062.000000  
 3586.500000  
 3309.500000  
 3156.000000  
 3112.500000  
 3028.000000  
 3019.000000  
 2998.500000  
 2960.500000  
 2997.000000  
 3013.000000  
 3057.500000  
 3075.000000  
 2987.000000  
 3062.500000  
 3070.500000  
 3128.000000  
 3057.500000  
 3103.500000  
 3124.000000  
 3076.500000  
 3097.000000  
 3169.500000  
 3159.000000  
 3201.000000  
 3182.500000  
 3243.000000  
 3245.500000  
 3243.000000  
 3314.500000  
 3384.500000  
 3339.000000  
 3378.000000  
 3427.500000  
 3335.000000  
 3337.500000  
 3384.500000  
 3434.500000  
 3437.000000  
 3407.000000  
 3331.500000  
 3336.500000  
 3297.500000  
 3415.500000  
 3275.000000  
 3267.500000  
 3219.000000  
 3229.500000  
 3204.000000  
 3204.000000  
 3192.000000  
 3121.500000  
 3057.000000  
 3113.500000  
 3087.000000  
 3053.000000  
 3028.000000  
 3008.000000  
 2987.000000  
 2963.500000  
 2928.000000  
 2841.000000  
 2890.000000  
 2896.500000  
 2888.500000  
 2732.000000  
 2798.000000  
 2711.000000  
 2720.500000  
 2674.500000  
 2684.500000  
 2682.500000  
 2639.000000  
 2556.000000  
 2573.000000  
 2533.500000  
 2443.500000  
 2525.500000  
 2520.000000  
 2472.000000  
 2447.000000  
 2399.500000  
 2340.500000  
 2416.500000  
 2321.500000  
 2286.000000  
 2310.500000  
 2320.000000  
 2292.500000  
 2253.500000  
 2234.000000  
 2185.000000  
 2254.500000  
 2220.000000  
 2201.500000  
 2139.000000  
 2101.000000  
 2182.000000  
 2122.000000  
 2098.500000  
 2082.500000  
 2130.000000  
 2078.500000  
 2049.500000  
 2009.000000  
 2042.000000  
 2068.000000  
 2032.000000  
 2045.500000  
 2094.500000  
 2084.000000  
 2104.500000  
 2076.000000  
 2146.000000  
 2120.000000  
 2067.500000  
 2108.500000  
 2057.000000  
 2011.500000  
 2096.000000  
 2013.000000  
 1890.000000  
 1951.500000  
 1857.000000  
 1821.500000  
 1843.000000  
 1791.500000  
 1796.000000  
 1721.500000  
 1702.000000  
 1701.500000  
 1674.000000  
 1678.500000  
 1690.500000  
 1682.500000  
 1623.500000  
 1594.500000  
 1633.000000  
 1626.000000  
 1528.000000  
 1561.500000  
 1571.500000  
 1594.500000  
 1541.000000  
 1603.000000  
 1490.000000  
 1577.500000  
 1517.500000  
 1576.000000  
 1516.000000  
 1505.500000  
 1515.500000  
 1491.000000  
 1503.500000  
 1462.000000  
 1450.000000  
 1500.000000  
 1453.500000  
 1435.000000  
 1468.500000  
 1475.000000  
 1453.000000  
 1421.500000  
 1405.500000  
 1401.000000  
 1428.500000  
 1360.000000  
 1368.500000  
 1390.000000  
 1345.500000  
 1365.000000  
 1340.000000  
 1352.000000  
 1345.500000  
 1293.000000  
 1289.000000  
 1292.500000  
 1306.500000  
 1275.500000  
 1308.500000  
 1244.500000  
 1308.000000  
 1281.000000  
 1263.000000  
 1288.000000  
 1283.000000  
 1268.500000  
 1237.500000  
 1274.000000  
 1275.500000  
 1264.500000  
 1238.000000  
 1207.000000  
 1238.500000  
 1233.500000  
 1196.500000  
 1206.000000  
 1144.000000  
 1192.000000  
 1174.500000  
 1198.000000  
 1199.000000  
 1158.000000  
 1157.000000  
 1200.000000  
 1158.000000  
 1116.500000  
 1161.500000  
 1129.500000  
 1157.000000  
 1134.000000  
 1127.000000  
 1142.000000  
 1106.500000  
 1108.500000  
 1105.000000  
 1098.500000  
 1126.000000  
 1074.000000  
 1115.500000  
 1084.000000  
 1071.500000  
 1018.000000  
 1079.500000  
 1050.500000  
 1049.500000  
 1063.500000  
 1058.500000  
 1056.000000  
 1049.000000  
 1040.000000  
 1020.500000  
 1034.000000  
 1011.500000  
 1015.500000  
 1056.000000  
 972.000000  
 992.000000  
 1007.000000  
 969.500000  
 1005.000000  
 968.000000  
 1033.500000  
 1000.000000  
 971.500000  
 992.000000  
 985.500000  
 971.500000  
 922.500000  
 909.500000  
 991.000000  
 971.000000  
 956.000000  
 954.000000  
 934.000000  
 933.000000  
 947.000000  
 910.000000  
 906.000000  
 939.500000  
 971.000000  
 925.500000  
 915.500000  
 943.500000  
 969.000000  
 882.000000  
 912.500000  
 893.500000  
 935.000000  
 923.500000  
 916.500000  
 892.000000  
 879.000000  
 918.500000  
 902.000000  
 853.000000  
 872.000000  
 842.000000  
 878.000000  
 840.500000  
 928.000000  
 870.000000  
 866.500000  
 885.500000  
 851.000000  
 855.500000  
 848.500000  
 875.000000  
 814.500000  
 843.000000  
 839.000000  
 845.500000  
 885.500000  
 820.500000  
 849.000000  
 836.500000  
 848.000000  
 818.500000  
 819.500000  
 902.000000  
 813.500000  
 824.000000  
 825.500000  
 831.500000  
 839.500000  
 799.500000  
 816.500000  
 820.500000  
 811.500000  
 816.500000  
 850.000000  
 794.500000  
 780.500000  
 816.500000  
 778.500000  
 802.000000  
 803.000000  
 773.000000  
 753.500000  
 815.500000  
 772.000000  
 755.000000  
 782.000000  
 803.500000  
 754.500000  
 778.500000  
 773.000000  
 759.500000  
 765.500000  
 773.500000  
 744.500000  
 743.500000  
 751.000000  
 759.500000  
 755.000000  
 725.000000  
 772.000000  
 732.000000  
 751.500000  
 707.000000  
 726.000000  
 716.500000  
 765.000000  
 751.500000  
 757.000000  
 741.500000  
 757.000000  
 749.000000  
 736.000000  
 729.500000  
 751.500000  
 747.500000  
 720.500000  
 701.000000  
 744.500000  
 703.000000  
 752.500000  
 702.000000  
 735.000000  
 703.000000  
 693.500000  
 732.500000  
 740.000000  
 694.000000  
 696.500000  
 733.500000  
 702.500000  
 676.500000  
 712.000000  
 710.500000  
 697.500000  
 676.500000  
 701.000000  
 697.000000  
 733.000000  
 707.500000  
 695.500000  
 640.000000  
 661.500000  
 694.000000  
 718.500000  
 699.500000  
 667.000000  
 666.000000  
 701.000000  
 702.500000  
 664.000000  
 680.000000  
 661.000000  
 690.000000  
 701.500000  
 686.500000  
 680.500000  
 662.500000  
 655.500000  
 657.500000  
 674.000000  
 647.500000  
 689.500000  
 669.500000  
 649.500000  
 676.500000  
 673.500000  
 652.500000  
 694.500000  
 660.000000  
 679.000000  
 642.000000  
 622.000000  
 678.000000  
 643.000000  
 672.000000  
 636.000000  
 673.500000  
 637.000000  
 670.000000  
 684.000000  
 637.500000  
 648.000000  
 678.500000  
 644.000000  
 611.500000  
 641.000000  
 634.000000  
 636.000000  
 642.500000  
 662.000000  
 623.500000  
 582.500000  
 648.000000  
 644.000000  
 659.000000  
 607.500000  
 649.000000  
 608.000000  
 608.000000  
 634.000000  
 633.000000  
 588.500000  
 616.500000  
 617.000000  
 612.500000  
 626.500000  
 635.000000  
 598.000000  
 625.000000  
 614.000000  
 586.500000  
 628.500000  
 615.500000  
 634.500000  
 601.000000  
 602.000000  
 597.500000  
 629.500000  
 614.000000  
 635.000000  
 607.000000  
 617.500000  
 642.000000  
 596.000000  
 598.000000  
 625.500000  
 617.000000  
 581.000000  
 581.500000  
 596.000000  
 595.000000  
 589.500000  
 598.000000  
 596.500000  
 589.000000  
 602.500000  
 581.000000  
 571.000000  
 603.500000  
 600.500000  
 601.000000  
 578.000000  
 619.500000  
 585.500000  
 609.500000  
 569.500000  
 570.000000  
 585.500000  
 594.500000  
 569.000000  
 577.500000  
 607.500000  
 585.000000  
 610.500000  
 608.500000  
 599.000000  
 598.500000  
 559.500000  
 567.500000  
 576.500000  
 580.500000  
 558.500000  
 565.000000  
 567.000000  
 564.500000  
 545.000000  
 598.000000  
 574.000000  
 607.500000  
 575.000000  
 569.500000  
 577.500000  
 562.500000  
 568.500000  
 597.000000  
 562.500000  
 596.500000  
 574.000000  
 573.000000  
 576.500000  
 581.500000  
 571.500000  
 567.000000  
 571.000000  
 552.000000  
 574.500000  
 550.500000  
 580.000000  
 580.500000  
 564.500000  
 561.000000  
 571.000000  
 557.000000  
 547.500000  
 578.500000  
 534.000000  
 545.000000  
 543.000000  
 545.000000  
 525.000000  
 604.000000  
 566.500000  
 560.500000  
 562.000000  
 547.500000  
 567.000000  
 565.500000  
 576.500000  
 552.500000  
 572.500000  
 565.000000  
 571.000000  
 553.500000  
 549.500000  
 529.000000  
 549.000000  
 524.500000  
 550.000000  
 519.500000  
 544.500000  
 542.500000  
 551.500000  
 530.500000  
 530.500000  
 544.000000  
 552.500000  
 532.000000  
 518.500000  
 564.500000  
 558.500000  
 549.500000  
 551.500000  
 539.500000  
 539.500000  
 517.500000  
 566.500000  
 540.500000  
 510.500000  
 560.000000  
 553.500000  
 557.000000  
 532.500000  
 529.500000  
 531.500000  
 524.500000  
 508.500000  
 533.500000  
 530.500000  
 557.000000  
 578.500000  
 500.500000  
 524.500000  
 523.000000  
 524.000000  
 569.000000  
 519.000000  
 506.500000  
 517.500000  
 524.000000  
 563.000000  
 546.500000  
 515.000000  
 548.000000  
 522.500000  
 534.500000  
 553.500000  
 555.500000  
 542.500000  
 552.500000  
 568.000000  
 552.500000  
 522.000000  
 521.500000  
 547.000000  
 558.000000  
 544.500000  
 519.000000  
 536.500000  
 553.500000  
 539.000000  
 533.500000  
 538.000000  
 558.000000  
 563.500000  
 534.000000  
 534.500000  
 519.500000  
 565.500000  
 535.500000  
 525.500000  
 521.500000  
 538.000000  
 555.500000  
 546.500000  
 497.500000  
 510.500000  
 530.000000  
 540.000000  
 532.000000  
 516.000000  
 529.500000  
 499.000000  
 495.000000  
 543.000000  
 514.500000  
 519.500000  
 529.500000  
 501.000000  
 531.500000  
 526.500000  
 525.000000  
 530.500000  
 564.500000  
 519.000000  
 527.000000  
 519.500000  
 486.500000  
 522.000000  
 523.500000  
 512.500000  
 551.000000  
 524.000000  
 534.000000  
 512.500000  
 513.000000  
 499.000000  
 510.000000  
 491.000000  
 503.500000  
 538.500000  
 531.000000  
 527.500000  
 509.500000  
 546.000000  
 520.500000  
 515.000000  
 542.000000  
 526.500000  
 513.000000  
 530.000000  
 501.500000  
 508.000000  
 500.000000  
 522.000000  
 481.000000  
 541.000000  
 489.000000  
 537.000000  
 510.500000  
 502.500000  
 531.000000  
 523.500000  
 518.500000  
 526.500000  
 512.000000  
 538.500000  
 500.500000  
 526.500000  
 517.500000  
 521.500000  
 496.500000  
 497.000000  
 546.000000  
 540.500000  
 526.500000  
 541.500000  
 499.000000  
 485.000000  
 533.000000  
 512.000000  
 499.500000  
 507.000000  
 554.000000  
 504.500000  
 511.500000  
 508.500000  
 512.000000  
 513.000000  
 508.000000  
 521.000000  
 507.500000  
 522.000000  
 526.500000  
 511.500000  
 519.500000  
 534.000000  
 515.000000  
 529.500000  
 517.500000  
 509.500000  
 509.500000  
 531.500000  
 515.000000  
 500.000000  
 525.000000  
 502.000000  
 532.000000  
 491.000000  
 521.000000  
 524.000000  
 513.500000  
 534.500000  
 506.500000  
 512.000000  
 484.000000  
 518.000000  
 484.000000  
 493.500000  
 498.000000  
 529.000000  
 508.500000  
 527.000000  
 501.500000  
 515.500000  
 524.500000  
 508.500000  
 524.000000  
 511.000000  
 508.500000  
 508.500000  
 520.000000  
 513.000000  
 528.000000  
 483.500000  
 534.500000  
 541.500000  
 512.000000  
 513.500000  
 513.500000  
 522.500000  
 528.000000  
 535.500000  
 528.000000  
 512.500000  
 502.000000  
 500.500000  
 509.500000  
 494.500000  
 504.500000  
 503.000000  
 541.500000  
 507.500000  
 517.000000  
 499.500000  
 498.000000  
 520.000000  
 526.500000  
 504.500000  
 549.500000  
 499.000000  
 538.000000  
 493.500000  
 502.500000  
 532.500000  
 499.000000  
 523.000000  
 527.500000  
 513.500000  
 499.500000  
 489.500000  
 522.500000  
 535.500000  
 524.000000  
 500.000000  
 523.500000  
 497.000000  
 507.500000  
 496.000000  
 515.500000  
 510.000000  
 481.000000  
 512.000000  
 506.000000  
 546.500000  
 534.000000  
 518.000000  
 523.000000  
 520.000000  
 528.000000  
 512.500000  
 518.500000  
 488.500000  
 519.500000  
 517.000000  
 488.000000  
 514.000000  
 503.000000  
 520.000000  
 521.500000  
 509.500000  
 497.500000  
 548.500000  
 518.000000  
 528.000000  
 501.000000  
 524.000000  
 526.000000  
 564.500000  
 519.000000  
 516.500000  
 543.000000  
 523.000000  
 534.500000  
 533.500000  
 533.000000  
 501.500000  
 536.500000  
 505.500000  
 485.000000  
 472.500000  
 523.500000  
 510.000000  
 505.000000  
 534.000000  
 516.500000  
 555.000000  
 549.500000  
 540.000000  
 500.500000  
 507.000000  
 528.000000  
 514.500000  
 512.000000  
 541.500000  
 515.500000  
 526.500000  
 530.000000  
 510.000000  
 524.500000  
 500.500000  
 491.000000  
 509.000000  
 522.000000  
 527.000000  
 519.500000  
 506.000000  
 504.000000  
 531.000000  
 513.000000  
 542.500000  
 540.500000  
 523.500000  
 531.000000  
 499.000000  
 512.500000  
 500.500000  
 527.500000  
 541.000000  
 523.500000  
 524.000000  
 501.500000  
 506.000000  
 517.000000  
 480.500000  
 521.500000  
 521.500000  
 518.000000  
 522.500000  
 511.500000  
 526.000000  
 575.500000  
 526.500000  
 528.500000  
 498.500000  
 513.000000  
 506.500000  
 526.000000  
 511.500000  
 537.500000  
 553.000000  
 548.000000  
 559.000000  
 521.500000  
 528.000000  
 523.000000  
 505.000000  
 514.000000  
 516.500000  
 519.500000  
 522.000000  
 533.000000  
 505.500000  
 524.500000  
 525.500000  
 525.500000  
 508.500000  
 536.000000  
 489.000000  
 521.500000  
 533.000000  
 508.500000  
 515.000000  
 536.000000  
 510.500000  
 517.500000  
 542.000000  
 529.000000  
 539.500000  
 527.000000  
 541.000000  
 544.000000  
 503.000000  
 503.500000  
 512.500000  
 521.000000  
 535.000000  
 505.000000  
 541.500000  
 556.500000  
 496.000000  
 532.500000  
 530.500000  
 520.000000  
 564.000000  
 524.000000  
 515.000000  
 518.500000  
 528.000000  
 539.500000  
 534.000000  
 522.500000  
 527.000000  
 533.000000  
 526.000000  
 515.000000  
 525.000000  
 527.000000  
 521.000000  
 516.000000  
 514.500000  
 540.000000  
 519.000000  
 543.500000  
 519.500000  
 541.000000  
 516.500000  
 555.000000  
 511.500000  
 545.000000  
 539.500000  
 532.000000  
 537.000000  
 522.000000  
 520.500000  
 538.000000  
 525.500000  
 532.500000  
 524.500000  
 531.500000  
 566.500000  
 555.000000  
 509.000000  
 531.500000  
 535.000000  
 532.500000  
 553.000000  
 537.500000  
 521.000000  
 536.000000  
 524.000000  
 555.000000  
 538.500000  
 527.500000  
 553.000000  
 551.500000  
 540.000000  
 519.000000  
 516.500000  
 515.000000  
 546.000000  
 538.500000  
 504.000000  
 517.000000  
 554.500000  
 543.000000  
 504.500000  
 555.500000  
 514.000000  
 560.500000  
 504.000000  
 565.500000  
 537.500000  
 537.500000  
 561.000000  
 542.000000  
 531.500000  
 538.000000  
 572.000000  
 551.500000  
 526.000000  
 591.000000  
 558.500000  
 558.000000  
 564.000000  
 575.000000  
 568.500000  
 569.000000  
 571.500000  
 547.000000  
 541.000000  
 545.000000  
 582.000000  
 560.000000  
 515.000000  
 554.500000  
 548.500000  
 565.500000  
 533.500000  
 552.500000  
 553.500000  
 569.500000  
 579.500000  
 532.500000  
 554.000000  
 553.500000  
 575.000000  
 541.500000  
 570.000000  
 522.500000  
 553.000000  
 549.000000  
 567.000000  
 574.000000  
 520.500000  
 522.000000  
 553.500000  
 524.000000  
 567.000000  
 559.500000  
 598.500000  
 556.000000  
 532.000000  
 591.000000  
 559.500000  
 579.500000  
 568.000000  
 548.500000  
 553.000000  
 555.500000  
 537.500000  
 581.000000  
 563.500000  
 575.500000  
 586.500000  
 557.000000  
 562.500000  
 591.500000  
 556.500000  
 547.000000  
 598.000000  
 593.000000  
 584.500000  
 594.000000  
 551.000000  
 568.500000  
 569.000000  
 555.000000  
 584.500000  
 559.500000  
 565.500000  
 562.000000  
 561.500000  
 561.000000  
 590.500000  
 565.000000  
 577.000000  
 559.500000  
 557.500000  
 571.000000  
 586.500000  
 545.500000  
 571.500000  
 559.500000  
 578.000000  
 564.000000  
 576.500000  
 591.000000  
 574.500000  
 598.000000  
 563.500000  
 569.500000  
 563.000000  
 603.500000  
 541.000000  
 573.500000  
 596.500000  
 550.000000  
 575.000000  
 587.500000  
 578.000000  
 595.000000  
 573.500000  
 586.500000  
 547.000000  
 577.500000  
 592.500000  
 619.500000  
 585.500000  
 588.500000  
 586.000000  
 577.000000  
 576.000000  
 554.000000  
 598.500000  
 590.000000  
 600.000000  
 608.000000  
 559.000000  
 607.500000  
 573.000000  
 591.500000  
 572.500000  
 563.000000  
 562.500000  
 579.000000  
 582.000000  
 594.500000  
 578.500000  
 604.000000  
 553.500000  
 584.500000  
 578.000000  
 583.000000  
 585.500000  
 596.500000  
 588.500000  
 575.500000  
 610.000000  
 594.500000  
 585.500000  
 588.000000  
 592.500000  
 578.500000  
 619.500000  
 550.000000  
 607.500000  
 623.500000  
 579.500000  
 575.000000  
 602.500000  
 623.000000  
 629.000000  
 583.500000  
 591.500000  
 588.000000  
 589.500000  
 593.500000  
 600.500000  
 590.000000  
 604.500000  
 592.500000  
 615.000000  
 586.500000  
 572.500000  
 581.500000  
 585.000000  
 608.500000  
 623.000000  
 598.500000  
 610.000000  
 598.500000  
 592.500000  
 619.000000  
 639.500000  
 617.500000  
 624.000000  
 629.500000  
 605.500000  
 609.500000  
 632.000000  
 625.500000  
 639.500000  
 612.000000  
 633.500000  
 613.500000  
 633.500000  
 665.500000  
 640.000000  
 598.500000  
 626.000000  
 618.500000  
 594.000000  
 593.000000  
 618.500000  
 618.500000  
 598.500000  
 624.000000  
 650.000000  
 644.500000  
 647.500000  
 620.000000  
 613.500000  
 603.500000  
 631.000000  
 622.000000  
 629.000000  
 639.500000  
 647.500000  
 598.000000  
 646.000000  
 592.000000  
 600.500000  
 654.000000  
 615.500000  
 608.500000  
 615.000000  
 648.500000  
 653.500000  
 626.500000  
 628.500000  
 640.000000  
 644.500000  
 617.000000  
 618.000000  
 646.000000  
 592.500000  
 624.000000  
 641.000000  
 641.000000  
 630.000000  
 581.000000  
 621.500000  
 646.500000  
 636.000000  
 640.500000  
 612.500000  
 623.500000  
 639.500000  
 659.500000  
 656.000000  
 629.000000  
 603.500000  
 620.500000  
 651.500000  
 640.000000  
 641.500000  
 659.000000  
 629.000000  
 661.500000  
 661.500000  
 644.000000  
 630.500000  
 648.000000  
 653.000000  
 648.500000  
 661.500000  
 663.500000  
 630.500000  
 669.000000  
 657.000000  
 671.000000  
 610.500000  
 663.500000  
 672.000000  
 652.500000  
 657.000000  
 627.000000  
 633.500000  
 630.500000  
 635.500000  
 663.500000  
 635.500000  
 639.000000  
 688.000000  
 656.500000  
 663.000000  
 660.500000  
 644.000000  
 661.500000  
 668.500000  
 672.000000  
 663.500000  
 673.500000  
 682.500000  
 655.500000  
 692.500000  
 657.000000  
 668.000000  
 643.500000  
 674.000000  
 675.500000  
 681.000000  
 686.500000  
 657.500000  
 651.000000  
 663.500000  
 653.000000  
 635.500000  
 649.500000  
 663.500000  
 655.000000  
 648.500000  
 690.000000  
 696.500000  
 688.500000  
 695.000000  
 680.000000  
 688.000000  
 706.000000  
 703.000000  
 678.500000  
 700.500000  
 692.500000  
 691.500000  
 676.500000  
 675.500000  
 685.500000  
 637.000000  
 689.500000  
 683.500000  
 644.000000  
 694.500000  
 682.500000  
 669.500000  
 683.500000  
 679.500000  
 698.000000  
 692.000000  
 688.500000  
 700.000000  
 674.500000  
 679.500000  
 698.000000  
 658.500000  
 690.500000  
 724.500000  
 697.500000  
 697.500000  
 685.500000  
 684.500000  
 704.500000  
 692.000000  
 725.000000  
 681.000000  
 716.000000  
 704.000000  
 696.000000  
 722.500000  
 698.500000  
 721.500000  
 670.500000  
 706.000000  
 723.500000  
 702.000000  
 705.000000  
 710.000000  
 711.000000  
 682.000000  
 717.000000  
 687.000000  
 716.000000  
 716.000000  
 734.000000  
 727.500000  
 705.000000  
 717.000000  
 711.500000  
 735.500000  
 737.500000  
 714.500000  
 723.000000  
 683.000000  
 676.500000  
 722.000000  
 694.500000  
 732.000000  
 743.500000  
 700.000000  
 739.500000  
 766.500000  
 714.500000  
 743.500000  
 729.500000  
 722.000000  
 724.000000  
 748.500000  
 781.000000  
 727.500000  
 734.000000  
 729.500000  
 737.500000  
 740.500000  
 715.000000  
 727.500000  
 758.000000  
 709.000000  
 747.500000  
 726.000000  
 726.500000  
 747.000000  
 726.500000  
 720.500000  
 769.500000  
 779.000000  
 733.000000  
 775.500000  
 723.500000  
 715.000000  
 740.500000  
 803.500000  
 713.500000  
 745.000000  
 752.000000  
 718.500000  
 742.000000  
 751.500000  
 748.500000  
 792.000000  
 757.000000  
 756.000000  
 729.000000  
 712.000000  
 765.000000  
 742.000000  
 734.500000  
 793.000000  
 758.000000  
 752.000000  
 759.000000  
 763.500000  
 777.500000  
 761.500000  
 772.500000  
 766.500000  
 754.500000  
 767.000000  
 776.000000  
 758.000000  
 771.500000  
 782.500000  
 794.500000  
 768.000000  
 817.000000  
 781.500000  
 774.000000  
 814.000000  
 768.000000  
 793.500000  
 827.000000  
 790.000000  
 804.500000  
 813.500000  
 804.500000  
 788.500000  
 775.000000  
 780.500000  
 790.000000  
 766.500000  
 792.000000  
 815.000000  
 798.500000  
 800.500000  
 818.500000  
 805.000000  
 772.000000  
 807.000000  
 798.000000  
 822.500000  
 818.500000  
 821.500000  
 831.500000  
 798.000000  
 819.000000  
 836.000000  
 804.000000  
 825.000000  
 839.500000  
 823.000000  
 834.500000  
 791.500000  
 823.500000  
 861.000000  
 811.000000  
 827.500000  
 800.500000  
 822.500000  
 842.000000  
 789.500000  
 818.000000  
 864.000000  
 816.500000  
 819.000000  
 844.500000  
 791.500000  
 838.500000  
 833.500000  
 827.000000  
 840.500000  
 787.000000  
 807.000000  
 872.500000  
 843.000000  
 878.000000  
 839.500000  
 867.500000  
 827.000000  
 858.500000  
 821.500000  
 827.000000  
 864.500000  
 866.500000  
 821.000000  
 853.000000  
 845.500000  
 832.500000  
 856.500000  
 856.000000  
 859.500000  
 861.500000  
 868.000000  
 836.000000  
 853.000000  
 851.500000  
 873.500000  
 835.000000  
 848.000000  
 850.500000  
 877.000000  
 885.000000  
 852.500000  
 864.500000  
 854.500000  
 864.500000  
 864.000000  
 865.500000  
 857.500000  
 859.500000  
 869.000000  
 853.000000  
 855.500000  
 836.000000  
 896.500000  
 891.500000  
 840.000000  
 904.500000  
 906.000000  
 881.000000  
 868.000000  
 870.500000  
 939.000000  
 902.500000  
 875.500000  
 870.000000  
 879.000000  
 909.500000  
 869.500000  
 929.500000  
 868.000000  
 915.500000  
 905.500000  
 935.000000  
 902.500000  
 880.000000  
 927.000000  
 899.500000  
 914.500000  
 946.000000  
 880.500000  
 906.000000  
 898.000000  
 923.000000  
 916.000000  
 900.500000  
 933.000000  
 917.500000  
 932.000000  
 952.500000  
 898.500000  
 929.500000  
 924.000000  
 925.000000  
 927.500000  
 918.000000  
 954.500000  
 902.000000  
 927.000000  
 1001.500000  
 955.500000  
 930.000000  
 929.500000  
 918.500000  
 969.500000  
 963.000000  
 935.000000  
 941.000000  
 966.000000  
 939.000000  
 963.000000  
 961.000000  
 976.500000  
 986.500000  
 976.000000  
 951.000000  
 950.000000  
 975.500000  
 944.500000  
 950.000000  
 952.000000  
 969.000000  
 977.500000  
 986.500000  
 976.000000  
 976.500000  
 1014.000000  
 1005.000000  
 997.000000  
 992.500000  
 1009.500000  
 984.500000  
 938.500000  
 989.000000  
 980.000000  
 997.000000  
 985.500000  
 994.000000  
 983.000000  
 1006.500000  
 1027.500000  
 1012.000000  
 999.000000  
 989.000000  
 983.500000  
 958.500000  
 991.000000  
 1015.500000  
 1009.000000  
 1019.500000  
 1009.000000  
 1002.000000  
 1059.500000  
 1042.000000  
 1002.500000  
 1010.000000  
 1051.000000  
 997.500000  
 1025.500000  
 974.000000  
 1032.000000  
 1021.500000  
 1023.000000  
 1002.000000  
 998.000000  
 1088.500000  
 1061.000000  
 1056.500000  
 1033.500000  
 1027.000000  
 1045.000000  
 1065.000000  
 1037.500000  
 1086.500000  
 1055.500000  
 1064.500000  
 1064.000000  
 1088.500000  
 1055.000000  
 1063.000000  
 1028.500000  
 1066.000000  
 1064.000000  
 1102.000000  
 1084.000000  
 1051.000000  
 1061.500000  
 1060.000000  
 1096.500000  
 1072.500000  
 1038.000000  
 1088.000000  
 1057.000000  
 1079.000000  
 1104.000000  
 1121.000000  
 1030.500000  
 1111.500000  
 1083.500000  
 1081.000000  
 1075.500000  
 1077.500000  
 1126.000000  
 1105.500000  
 1138.000000  
 1121.500000  
 1113.000000  
 1128.000000  
 1117.000000  
 1075.500000  
 1085.000000  
 1105.000000  
 1102.000000  
 1088.500000  
 1151.000000  
 1113.500000  
 1111.500000  
 1126.500000  
 1163.000000  
 1110.500000  
 1144.000000  
 1111.000000  
 1133.000000  
 1121.000000  
 1141.000000  
 1111.000000  
 1213.500000  
 1142.000000  
 1152.500000  
 1177.500000  
 1163.000000  
 1158.000000  
 1117.500000  
 1152.000000  
 1144.500000  
 1180.000000  
 1147.000000  
 1189.000000  
 1204.500000  
 1159.000000  
 1184.000000  
 1145.500000  
 1210.500000  
 1221.000000  
 1230.500000  
 1183.000000  
 1154.000000  
 1199.000000  
 1160.000000  
 1181.000000  
 1177.500000  
 1215.500000  
 1191.500000  
 1184.000000  
 1179.500000  
 1198.000000  
 1212.500000  
 1243.000000  
 1223.000000  
 1196.500000  
 1212.000000  
 1182.500000  
 1212.000000  
 1157.000000  
 1203.500000  
 1274.000000  
 1203.500000  
 1226.000000  
 1231.000000  
 1213.000000  
 1251.000000  
 1272.500000  
 1252.000000  
 1247.500000  
 1260.500000  
 1182.000000  
 1252.000000  
 1252.000000  
 1284.000000  
 1257.500000  
 1246.500000  
 1273.500000  
 1251.500000  
 1247.000000  
 1266.500000  
 1242.000000  
 1276.500000  
 1271.500000  
 1302.500000  
 1315.000000  
 1283.500000  
 1293.000000  
 1297.000000  
 1313.500000  
 1298.500000  
 1285.500000  
 1270.500000  
 1312.000000  
 1319.000000  
 1368.500000  
 1349.500000  
 1324.000000  
 1356.000000  
 1317.000000  
 1329.500000  
 1292.500000  
 1335.000000  
 1297.000000  
 1328.000000  
 1324.500000  
 1330.500000  
 1386.000000  
 1378.500000  
 1371.500000  
 1388.000000  
 1335.000000  
 1392.000000  
 1362.500000  
 1380.000000  
 1368.500000  
 1393.000000  
 1376.000000  
 1330.500000  
 1402.000000  
 1364.500000  
 1376.500000  
 1376.500000  
 1415.500000  
 1368.000000  
 1412.500000  
 1427.000000  
 1408.500000  
 1413.500000  
 1395.500000  
 1414.000000  
 1426.000000  
 1404.500000  
 1451.500000  
 1468.000000  
 1424.500000  
 1432.500000  
 1441.500000  
 1421.500000  
 1413.000000  
 1446.500000  
 1469.000000  
 1476.000000  
 1438.000000  
 1468.000000  
 1474.000000  
 1485.000000  
 1473.500000  
 1506.000000  
 1482.500000  
 1487.000000  
 1502.500000  
 1443.500000  
 1462.500000  
 1476.000000  
 1490.000000  
 1495.500000  
 1477.500000  
 1461.000000  
 1493.000000  
 1478.500000  
 1480.000000  
 1576.000000  
 1479.500000  
 1511.000000  
 1518.500000  
 1514.000000  
 1506.000000  
 1595.500000  
 1556.000000  
 1546.500000  
 1569.500000  
 1545.500000  
 1546.500000  
 1588.500000  
 1591.500000  
 1554.000000  
 1505.500000  
 1570.000000  
 1594.500000  
 1553.500000  
 1539.500000  
 1598.000000  
 1634.500000  
 1588.000000  
 1594.500000  
 1622.500000  
 1628.000000  
 1601.500000  
 1622.000000  
 1626.500000  
 1584.000000  
 1591.500000  
 1643.000000  
 1652.000000  
 1636.500000  
 1615.500000  
 1639.000000  
 1654.000000  
 1666.500000  
 1635.000000  
 1657.000000  
 1654.500000  
 1740.000000  
 1689.000000  
 1699.500000  
 1690.500000  
 1646.500000  
 1672.000000  
 1679.000000  
 1664.500000  
 1675.500000  
 1717.500000  
 1740.500000  
 1768.000000  
 1758.000000  
 1759.500000  
 1685.000000  
 1752.500000  
 1716.000000  
 1704.000000  
 1784.500000  
 1766.000000  
 1771.500000  
 1741.000000  
 1815.500000  
 1748.500000  
 1712.000000  
 1746.000000  
 1780.000000  
 1782.500000  
 1792.000000  
 1780.500000  
 1784.000000  
 1768.000000  
 1769.000000  
 1892.000000  
 1797.500000  
 1804.500000  
 1832.500000  
 1794.500000  
 1850.000000  
 1856.000000  
 1856.000000  
 1884.000000  
 1829.500000  
 1885.500000  
 1840.500000  
 1842.000000  
 1803.500000  
 1913.000000  
 1850.000000  
 1915.500000  
 1918.000000  
 1956.500000  
 1869.000000  
 1974.500000  
 1969.500000  
 1937.000000  
 1919.500000  
 1881.000000  
 1989.500000  
 1977.500000  
 1909.000000  
 1991.500000  
 1994.500000  
 1985.000000  
 2009.500000  
 1976.500000  
 1994.500000  
 1990.500000  
 1972.500000  
 2057.500000  
 2018.000000  
 2020.000000  
 2013.000000  
 2036.500000  
 2032.500000  
 2004.500000  
 2086.000000  
 2115.000000  
 2103.000000  
 2103.000000  
 2103.500000  
 2038.500000  
 2055.000000  
 2102.000000  
 2098.500000  
 2134.000000  
 2097.000000  
 2132.000000  
 2215.500000  
 2128.500000  
 2115.500000  
 2129.500000  
 2131.000000  
 2166.500000  
 2152.000000  
 2187.000000  
 2120.500000  
 2208.000000  
 2270.000000  
 2184.000000  
 2183.500000  
 2276.000000  
 2184.000000  
 2207.500000  
 2235.000000  
 2238.000000  
 2281.000000  
 2258.500000  
 2342.000000  
 2264.000000  
 2288.500000  
 2334.000000  
 2282.500000  
 2335.500000  
 2331.000000  
 2402.000000  
 2379.500000  
 2390.500000  
 2320.000000  
 2412.500000  
 2429.500000  
 2412.500000  
 2391.000000  
 2457.500000  
 2422.500000  
 2465.500000  
 2420.500000  
 2483.500000  
 2453.500000  
 2436.500000  
 2447.500000  
 2514.500000  
 2487.000000  
 2517.000000  
 2534.000000  
 2512.500000  
 2558.500000  
 2536.000000  
 2557.500000  
 2616.500000  
 2627.000000  
 2574.000000  
 2653.500000  
 2710.000000  
 2645.000000  
 2671.500000  
 2629.500000  
 2725.500000  
 2736.500000  
 2706.000000  
 2782.500000  
 2808.000000  
 2800.000000  
 2874.000000  
 2882.500000  
 2850.500000  
 2855.500000  
 2841.000000  
 2916.500000  
 2946.500000  
 2918.500000  
 2964.500000  
 2971.500000  
 2968.000000  
 3026.000000  
 3063.000000  
 3113.000000  
 3073.000000  
 3073.500000  
 3095.000000  
 3135.500000  
 3192.500000  
 3144.500000  
 3241.000000  
 3242.500000  
 3257.500000  
 3253.000000  
 3339.500000  
 3270.000000  
 3277.500000  
 3360.500000  
 3372.500000  
 3300.500000  
 3423.000000  
 3365.000000  
 3450.500000  
 3426.000000  
 3481.500000  
 3439.500000  
 3515.000000  
 3455.000000  
 3595.000000  
 3572.500000  
 3556.000000  
 3609.000000  
 3609.500000  
 3583.500000  
 3640.000000  
 3608.500000  
 3643.000000  
 3691.500000  
 3661.500000  
 3776.000000  
 3645.500000  
 3728.500000  
 3711.000000  
 3714.000000  
 3688.000000  
 3725.000000  
 3792.000000  
 3814.500000  
 3786.000000  
 3744.500000  
 3850.000000  
 3712.000000  
 3872.000000  
 3787.000000  
 3939.000000  
 3854.500000  
 3903.500000  
 3942.000000  
 3868.500000  
 3855.000000  
 3907.000000  
 3931.500000  
 3907.500000  
 3974.500000  
 3863.000000  
 4022.000000  
 3944.500000  
 4046.500000  
 4035.000000  
 4018.500000  
 4048.500000  
 4050.500000  
 4084.000000  
 4171.000000  
 4054.000000  
 4129.500000  
 4120.000000  
 4093.000000  
 4236.500000  
 4210.500000  
 4280.500000  
 4278.500000  
 4266.000000  
 4324.500000  
 4371.500000  
 4371.000000  
 4422.500000  
 4479.500000  
 4551.000000  
 4435.500000  
 4599.500000  
 4638.500000  
 4541.500000  
 4851.500000  
 4813.500000  
 4798.500000  
 4859.500000  
 4951.000000  
 5046.500000  
 5180.500000  
 5307.500000  
 5310.500000  
 5291.000000  
 5385.500000  
 5504.000000  
 5617.000000  
 5550.000000  
 5631.500000  
 5870.500000  
 5903.500000  
 6011.500000  
 6031.000000  
 6218.000000  
 6378.500000  
 6393.500000  
 6418.500000  
 6611.000000  
 6733.500000  
 6877.000000  
 6930.500000  
 7105.500000  
 7092.000000  
 7426.500000  
 7496.500000  
 7534.500000  
 7580.500000  
 7636.500000  
 7892.000000  
 7935.500000  
 7971.500000  
 8132.500000  
 8270.500000  
 8307.500000  
 8408.000000  
 8504.500000  
 8713.000000  
 8622.000000  
 8876.500000  
 8932.500000  
 9100.000000  
 8992.500000  
 9133.000000  
 9305.000000  
 9210.000000  
 9462.000000  
 9230.500000  
 9402.500000  
 9511.000000  
 9475.000000  
 9785.000000  
 9656.000000  
 9694.500000  
 9563.000000  
 9683.000000  
 9801.500000  
 9752.500000  
 9723.500000  
 9673.000000  
 9587.000000  
 9628.500000  
 9589.000000  
 9551.500000  
 9674.000000  
 9574.500000  
 9664.500000  
 9509.500000  
 9506.500000  
 9340.500000  
 9144.500000  
 9307.500000  
 9267.500000  
 9012.500000  
 9114.500000  
 9001.000000  
 8881.500000  
 8944.500000  
 8736.500000  
 8689.000000  
 8628.000000  
 8499.500000  
 8459.500000  
 8393.500000  
 8474.500000  
 8242.500000  
 8098.000000  
 8064.000000  
 8062.000000  
 7785.000000  
 7801.000000  
 7746.500000  
 7612.000000  
 7625.000000  
 7618.000000  
 7526.500000  
 7368.000000  
 7415.500000  
 7229.000000  
 7110.000000  
 7125.000000  
 7118.500000  
 7079.500000  
 6967.500000  
 6948.500000  
 6819.500000  
 6747.500000  
 6847.500000  
 6800.500000  
 6822.000000  
 6743.500000  
 6814.000000  
 6762.000000  
 6831.500000  
 6858.500000  
 6804.500000  
 6776.500000  
 6872.500000  
 6930.500000  
 6873.500000  
 6940.000000  
 7085.000000  
 7081.000000  
 7204.500000  
 7300.500000  
 7320.000000  
 7375.500000  
 7537.000000  
 7605.000000  
 7772.500000  
 7879.000000  
 8070.500000  
 8138.000000  
 8245.000000  
 8399.000000  
 8470.500000  
 8773.500000  
 8945.500000  
 9188.500000  
 9370.000000  
 9499.000000  
 9576.000000  
 9957.500000  
 10194.500000  
 10218.000000  
 10420.500000  
 10617.000000  
 10795.500000  
 10967.000000  
 11212.000000  
 11409.500000  
 11772.000000  
 11873.000000  
 12191.500000  
 12312.000000  
 12448.000000  
 12759.500000  
 12932.000000  
 13201.500000  
 13185.000000  
 13451.000000  
 13638.000000  
 13841.500000  
 13980.000000  
 14196.000000  
 14211.500000  
 14376.500000  
 14572.500000  
 14620.000000  
 14582.000000  
 14936.500000  
 14856.000000  
 14808.500000  
 14995.000000  
 14980.500000  
 15095.000000  
 15058.500000  
 15085.500000  
 14883.500000  
 14953.000000  
 14957.000000  
 14862.500000  
 14767.000000  
 14585.500000  
 14505.000000  
 14375.000000  
 14264.500000  
 14147.000000  
 13840.500000  
 13927.000000  
 13482.000000  
 13371.500000  
 13139.000000  
 13230.500000  
 12731.000000  
 12488.000000  
 12203.500000  
 11971.500000  
 11668.500000  
 11395.500000  
 11154.500000  
 10948.500000  
 10693.000000  
 10405.000000  
 10109.500000  
 9830.500000  
 9544.000000  
 9345.000000  
 9001.500000  
 8645.000000  
 8331.500000  
 8095.000000  
 7786.000000  
 7496.500000  
 7186.000000  
 6840.000000  
 6632.000000  
 6260.500000  
 6212.500000  
 5861.500000  
 5579.500000  
 5382.500000  
 5066.500000  
 4928.000000  
 4666.500000  
 4376.500000  
 4124.500000  
 4005.000000  
 3868.500000  
 3620.500000  
 3367.000000  
 3195.000000  
 2995.500000  
 2899.000000  
 2729.000000  
 2524.500000  
 2368.500000  
 2209.500000  
 2019.500000  
 1974.500000  
 1846.500000  
 1711.500000  
 1570.500000  
 1490.500000  
 1393.000000  
 1320.000000  
 1186.500000  
 1087.000000  
 1023.500000  
 946.500000  
 904.500000  
 846.000000  
 782.000000  
 706.000000  
 632.500000  
 612.000000  
 543.500000  
 511.000000  
 467.500000  
 412.500000  
 393.500000  
 325.500000  
 319.000000  
 288.500000  
 272.000000  
 251.500000  
 229.000000  
 200.500000  
 179.500000  
 177.000000  
 133.500000  
 132.500000  
 144.000000  
 117.500000  
 95.500000  
 90.500000  
 88.500000  
 80.500000  
 87.000000  
 75.000000  
 67.500000  
 51.500000  
 45.500000  
 40.000000  
 35.000000  
 28.500000  
 22.500000  
 28.000000  
 20.500000  
 10.500000  
 13.500000  
 14.500000  
 14.000000  
 7.500000  
 14.000000  
 13.000000  
 11.500000  
 8.500000  
 6.000000  
 5.500000  
 4.500000  
 5.000000  
 3.500000  
 3.000000  
 2.500000  
 3.500000  
 2.500000  
 1.000000  
 2.000000  
 2.000000  
 2.000000  
 1.500000  
 0.000000  
 2.000000  
 1.500000  
 0.500000  
 0.000000  
 0.500000  
 1.000000  
 0.500000  
 0.500000  
 1.000000  
 0.000000  
 0.000000  
 1.000000  
 0.500000  
 0.000000  
 0.000000  
 0.000000  
 0.000000  
 0.000000  
 0.000000  
 0.000000  
 0.000000  
 0.000000  
 0.000000  
 0.000000  
 0.000000  
 0.000000  
 0.000000  
 0.000000  
 0.000000  
 0.000000  
 0.000000  
 0.000000  
 0.000000  
 0.000000  
 0.000000  
 0.000000  
 0.000000  
 0.000000  
 0.000000  
 0.000000  
 0.000000  
 0.000000  
 0.000000  
 0.000000  
 0.000000  
 0.000000  
 0.000000  
 0.000000  
 0.000000  
 0.000000  
 0.000000  
 0.000000  
 0.000000  
 0.000000  
 0.000000  
 0.000000  
 0.000000  
 0.000000  
 0.000000  
 0.000000  
 0.000000  
 0.000000  
 0.000000  
 0.000000  
 0.000000  
 0.000000  
 0.000000  
 0.000000  
 0.000000  
 0.000000  
 0.000000  
 0.000000  
 0.000000  
 0.000000  
 0.000000  
 0.000000  
 0.000000  
 0.000000  
 0.000000  
 0.000000  
 0.000000  
 0.000000  
 0.000000  
 0.000000  
 0.000000  
 0.000000  
 0.000000  
 0.000000  
 0.000000  
 0.000000  
 0.000000  
 0.000000  
 0.000000  
 0.000000  
 0.000000  
 0.000000  
 0.000000  
 0.000000  
 0.000000  
 0.000000  
 0.000000  
 0.000000  
 0.000000  
 0.000000  
 0.000000  
 0.000000  
 0.000000  
 0.000000  
 0.000000  
 0.000000  
 0.000000  
 0.000000  
 0.000000  
 0.000000  
 0.000000  
 0.000000  
 4.000000  
 4.000000  
 4.000000  
 4.000000  
 4.000000  
 4.000000  
 4.000000  
 4.000000  
 4.000000  
 4.000000  
 4.000000  
 4.000000  
 4.000000  
 4.000000  
 4.000000  
 4.000000  
 4.000000  
 4.000000  
 4.000000  
 4.000000  
 4.000000  
 4.000000  
 4.000000  
 4.000000  
 4.000000  
 4.000000  
 4.000000  
 4.000000  
 4.000000  
 4.000000  
 4.000000  
 4.000000  
 4.000000  
 4.000000  
 4.000000  
 4.000000  
 4.000000  
 4.000000  
 4.000000  
 4.000000  
 4.000000  
 4.000000  
 4.000000  
 4.000000  
 4.000000  
 4.000000  
 4.000000  
 4.000000  
 4.000000  
 4.000000  
 4.000000  
 4.000000  
 4.000000  
 4.000000  
 4.000000  
 4.000000  
 4.000000  
 4.000000  
 4.000000  
 4.000000  
 4.000000  
 4.000000  
 4.000000  
 4.000000  
 4.000000  
 4.000000  
 4.000000  
 4.000000  
 4.000000  
 4.000000  
 4.000000  
 4.000000  
 4.000000  
 4.000000  
 4.000000  
 4.000000  
 4.000000  
 4.000000  
 4.000000  
 4.000000  
 4.000000  
 4.000000  
 4.000000  
 4.000000  
 4.000000  
 4.000000  
 4.000000  
 4.000000  
 4.000000  
 4.000000  
 4.000000  
 4.000000  
 4.000000  
 4.000000  
 4.000000  
 4.000000  
 4.000000  
 4.000000  
 4.000000  
 4.000000  
 4.000000  
 4.000000  
 4.000000  
 4.000000  
 4.000000  
 4.000000  
 4.000000  
 4.000000  
 4.000000  
 4.000000  
 4.000000  
 4.000000  
 4.000000  
 4.000000  
 4.000000  
 4.000000  
 4.000000  
 4.000000  
 4.000000  
 4.000000  
 4.000000  
 4.000000  
 4.000000  
 4.000000  
 4.000000  
 4.000000  
 4.000000  
 4.000000  
 4.000000  
 4.000000  
 4.000000  
 4.000000  
 4.000000  
 4.000000  
 4.000000  
 4.000000  
 4.000000  
 4.000000  
 4.000000  
 4.000000  
 4.000000  
 4.000000  
 4.000000  
 4.000000  
 4.000000  
 4.000000  
 4.000000  
 4.000000  
 4.000000  
 4.000000  
 4.000000  
 4.000000  
 4.000000  
 4.000000  
 4.000000  
 4.000000  
 4.000000  
 4.000000  
 4.000000  
 4.000000  
 4.000000  
 4.000000  
 4.000000  
 4.000000  
 4.000000  
 4.000000  
 4.000000  
 4.000000  
 4.000000  
 4.000000  
 4.000000  
 4.000000  
 4.000000  
 4.000000  
 4.000000  
 4.000000  
 4.000000  
 4.000000  
 4.000000  
 4.000000  
 4.000000  
 4.000000  
 4.000000  
 4.000000  
 4.000000  
 4.000000  
 4.000000  
 4.000000  
 4.000000  
 4.000000  
 4.000000  
 4.000000  
 4.000000  
 4.000000  
 4.000000  
 4.000000  
 4.000000  
 4.000000  
 4.000000  
 4.000000  
 4.000000  
 4.000000  
 4.000000  
 4.000000  
 4.000000  
 4.000000  
 4.000000  
 4.000000  
 4.000000  
 4.000000  
 4.000000  
 4.000000  
 4.000000  
 4.000000  
 4.000000  
 4.000000  
 4.000000  
 4.000000  
 4.000000  
 4.000000  
 4.000000  
 4.000000  
 4.000000  
 4.000000  
 4.000000  
 4.000000  
 4.000000  
 4.000000  
 4.000000  
 4.000000  
 4.000000  
 4.000000  
 4.000000  
 4.000000  
 4.000000  
 4.000000  
 4.000000  
 4.000000  
 4.000000  
 4.000000  
 4.000000  
 4.000000  
 4.000000  
 4.000000  
 4.000000  
 4.000000  
 4.000000  
 4.000000  
 4.000000  
 4.000000  
