 0.000000  
 0.000000  
 1.000000  
 5.500000  
 23.500000  
 68.500000  
 267.000000  
 647.000000  
 1310.000000  
 2269.000000  
 3199.000000  
 3948.500000  
 4512.000000  
 4856.000000  
 4972.000000  
 5108.500000  
 5196.000000  
 5209.000000  
 5365.000000  
 5490.000000  
 5676.500000  
 5717.000000  
 5971.500000  
 6047.000000  
 6220.000000  
 6454.000000  
 6790.500000  
 6915.500000  
 7328.000000  
 7656.000000  
 7994.500000  
 8249.000000  
 8543.000000  
 8733.000000  
 9098.000000  
 9241.000000  
 9354.500000  
 9680.500000  
 9818.000000  
 9909.000000  
 10401.500000  
 10802.000000  
 11146.000000  
 11749.000000  
 12559.000000  
 13567.500000  
 14977.000000  
 16385.500000  
 17831.000000  
 19155.000000  
 19873.500000  
 20169.000000  
 20263.500000  
 20141.500000  
 19874.500000  
 19547.500000  
 19145.500000  
 18659.000000  
 18351.500000  
 18253.000000  
 17837.500000  
 17735.500000  
 17514.500000  
 17297.500000  
 17097.500000  
 16919.000000  
 16578.000000  
 16460.000000  
 16416.500000  
 16127.500000  
 15818.000000  
 15928.500000  
 15696.500000  
 15496.000000  
 15508.000000  
 15133.000000  
 15158.500000  
 14995.000000  
 14913.500000  
 14786.500000  
 14707.500000  
 14593.000000  
 14576.000000  
 14566.000000  
 14219.000000  
 14277.500000  
 14111.000000  
 14061.000000  
 14066.000000  
 13904.500000  
 14009.500000  
 13760.500000  
 13862.500000  
 13610.000000  
 13635.000000  
 13572.000000  
 13453.500000  
 13535.000000  
 13334.000000  
 13314.000000  
 13097.000000  
 13132.000000  
 13126.500000  
 13024.000000  
 13066.000000  
 12994.500000  
 12889.000000  
 12991.500000  
 12858.500000  
 12824.500000  
 12904.500000  
 12844.500000  
 12731.500000  
 12714.500000  
 12620.500000  
 12373.500000  
 12675.000000  
 12472.500000  
 12482.500000  
 12615.000000  
 12432.000000  
 12372.500000  
 12469.500000  
 12460.500000  
 12257.500000  
 12278.000000  
 12236.500000  
 12378.000000  
 12163.000000  
 12175.000000  
 12061.000000  
 12050.000000  
 12050.500000  
 11986.500000  
 12141.000000  
 12122.500000  
 12083.000000  
 12035.000000  
 12156.000000  
 12026.000000  
 11864.000000  
 12073.000000  
 12100.000000  
 12141.500000  
 11972.500000  
 11876.500000  
 11816.000000  
 11817.500000  
 11509.000000  
 11120.000000  
 10732.500000  
 10418.000000  
 9971.000000  
 9459.500000  
 8947.000000  
 8612.500000  
 8199.500000  
 7770.500000  
 7532.500000  
 7306.500000  
 7108.000000  
 6839.500000  
 6740.500000  
 6537.000000  
 6313.500000  
 6405.500000  
 6228.500000  
 6257.000000  
 6174.500000  
 6028.000000  
 6071.000000  
 5949.500000  
 5962.500000  
 6078.000000  
 6006.000000  
 5910.000000  
 5987.000000  
 5980.500000  
 6279.000000  
 6487.000000  
 6900.000000  
 7690.500000  
 8829.000000  
 10702.500000  
 13488.000000  
 17240.500000  
 22597.500000  
 29974.500000  
 39321.000000  
 50855.000000  
 64776.500000  
 80578.000000  
 98427.500000  
 117018.000000  
 136533.500000  
 154629.500000  
 170503.500000  
 183453.000000  
 191966.500000  
 195372.000000  
 193525.000000  
 186782.500000  
 175602.000000  
 160579.000000  
 142288.500000  
 123442.500000  
 103694.000000  
 84844.000000  
 68008.500000  
 52693.500000  
 39774.000000  
 29087.000000  
 20715.000000  
 14333.000000  
 9637.000000  
 6371.500000  
 4119.500000  
 2518.000000  
 1502.500000  
 1009.500000  
 532.500000  
 288.500000  
 165.500000  
 78.000000  
 50.000000  
 22.500000  
 6.500000  
 3.000000  
 0.500000  
 1.000000  
 0.500000  
 0.000000  
 0.000000  
 0.000000  
 0.000000  
 0.000000  
 0.000000  
 0.000000  
 0.000000  
 0.000000  
 0.000000  
 0.000000  
 0.000000  
 0.000000  
 0.000000  
 0.000000  
 0.000000  
 0.000000  
 0.000000  
 0.000000  
 0.000000  
 0.000000  
 0.000000  
 0.000000  
 0.000000  
 0.000000  
 0.000000  
 0.000000  
 0.000000  
 0.000000  
 0.000000  
 0.000000  
 0.000000  
 0.000000  
 0.000000  
 0.000000  
 0.000000  
 0.000000  
 0.000000  
 0.000000  
 0.000000  
 0.000000  
 0.000000  
 0.000000  
 0.000000  
 0.000000  
 0.000000  
 0.000000  
 0.000000  
 0.000000  
 0.000000  
 0.000000  
 0.000000  
 0.000000  
 0.000000  
 0.000000  
 0.000000  
 0.000000  
 0.000000  
 0.000000  
 0.000000  
 0.000000  
 0.000000  
 0.000000  
 0.000000  
 0.000000  
 0.000000  
 0.000000  
 0.000000  
 0.000000  
 0.000000  
 0.000000  
 0.000000  
 0.000000  
 0.000000  
 0.000000  
 0.000000  
 0.000000  
 0.000000  
 0.000000  
 0.000000  
 0.000000  
 0.000000  
 0.000000  
 0.000000  
 0.000000  
 0.000000  
 0.000000  
 0.000000  
 0.000000  
 0.000000  
 0.000000  
 0.000000  
 0.000000  
 0.000000  
 0.000000  
 0.000000  
 0.000000  
 0.000000  
 0.000000  
 0.000000  
 0.000000  
 0.000000  
 0.000000  
 0.000000  
 0.000000  
 0.000000  
 0.000000  
 0.000000  
 0.000000  
 0.000000  
 0.000000  
 0.000000  
 0.000000  
 0.000000  
 0.000000  
 0.000000  
 0.000000  
 0.000000  
 0.000000  
 0.000000  
 0.000000  
 0.000000  
 0.000000  
 0.000000  
 0.000000  
 0.000000  
 0.000000  
 0.000000  
 0.000000  
 0.000000  
 0.000000  
 0.000000  
 0.000000  
 0.000000  
 0.000000  
 0.000000  
 0.000000  
 0.000000  
 0.000000  
 0.000000  
 0.000000  
 0.000000  
 0.000000  
 0.000000  
 0.000000  
 0.000000  
 0.000000  
 0.000000  
 0.000000  
 0.000000  
 0.000000  
 0.000000  
 0.000000  
 0.000000  
 0.000000  
 0.000000  
 0.000000  
 0.000000  
 0.000000  
 0.000000  
 0.000000  
 0.000000  
 0.000000  
 0.000000  
 0.000000  
 0.000000  
 0.000000  
 0.000000  
 0.000000  
 0.000000  
 0.000000  
 0.000000  
 0.000000  
 0.000000  
 0.000000  
 0.000000  
 0.000000  
 0.000000  
 0.000000  
 0.000000  
 0.000000  
 0.000000  
 0.000000  
 0.000000  
 0.000000  
 0.000000  
 0.000000  
 0.000000  
 0.000000  
 0.000000  
 0.000000  
 0.000000  
 0.000000  
 0.000000  
 0.000000  
 0.000000  
 0.000000  
 0.000000  
 0.000000  
 0.000000  
 0.000000  
 0.000000  
 0.000000  
 0.000000  
 0.000000  
 0.000000  
 0.000000  
 0.000000  
 0.000000  
 0.000000  
 0.000000  
 0.000000  
 0.000000  
 0.000000  
 0.000000  
 0.000000  
 0.000000  
 0.000000  
 0.000000  
 0.000000  
 0.000000  
 0.000000  
 0.000000  
 0.000000  
 0.000000  
 0.000000  
 0.000000  
 0.000000  
 0.000000  
 0.000000  
 0.000000  
 0.000000  
 0.000000  
 0.000000  
 0.000000  
 0.000000  
 0.000000  
 0.000000  
 0.000000  
 0.000000  
 0.000000  
 0.000000  
 0.000000  
 0.000000  
 0.000000  
 0.000000  
 0.000000  
 0.000000  
 0.000000  
 0.000000  
 0.000000  
 0.000000  
 0.000000  
 0.000000  
 0.000000  
 0.000000  
 0.000000  
 0.000000  
 0.000000  
 0.000000  
 0.000000  
 0.000000  
 0.000000  
 0.000000  
 0.000000  
 0.000000  
 0.000000  
 0.000000  
 0.000000  
 0.000000  
 0.000000  
 0.000000  
 0.000000  
 0.000000  
 0.000000  
 0.000000  
 0.000000  
 0.000000  
 0.000000  
 0.000000  
 0.000000  
 0.000000  
 0.000000  
 0.000000  
 0.000000  
 0.000000  
 0.000000  
 0.000000  
 0.000000  
 0.000000  
 0.000000  
 0.000000  
 0.000000  
 0.000000  
 0.000000  
 0.000000  
 0.000000  
 0.000000  
 0.000000  
 0.000000  
 0.000000  
 0.000000  
 0.000000  
 0.000000  
 0.000000  
 0.000000  
 0.000000  
 0.000000  
 0.000000  
 0.000000  
 0.000000  
 0.000000  
 0.000000  
 0.000000  
 0.000000  
 0.000000  
 0.000000  
 0.000000  
 0.000000  
 0.000000  
 0.000000  
 0.000000  
 0.000000  
 0.000000  
 0.000000  
 0.000000  
 0.000000  
 0.000000  
 0.000000  
 0.000000  
 0.000000  
 0.000000  
 0.000000  
 0.000000  
 0.000000  
 0.000000  
 0.000000  
 0.000000  
 0.000000  
 0.000000  
 0.000000  
 0.000000  
 0.000000  
 0.000000  
 0.000000  
 0.000000  
 0.000000  
 0.000000  
 0.000000  
 0.000000  
 0.000000  
 0.000000  
 0.000000  
 0.000000  
 0.000000  
 0.000000  
 0.000000  
 0.000000  
 0.000000  
 0.000000  
 0.000000  
 0.000000  
 0.000000  
 0.000000  
 0.000000  
 0.000000  
 0.000000  
 0.000000  
 0.000000  
 0.000000  
 0.000000  
 0.000000  
 0.000000  
 0.000000  
 0.000000  
 0.000000  
 0.000000  
 0.000000  
 0.000000  
 0.000000  
 0.000000  
 0.000000  
 0.000000  
 0.000000  
 0.000000  
 0.000000  
 0.000000  
 0.000000  
 0.000000  
 0.000000  
 0.000000  
 0.000000  
 0.000000  
 0.000000  
 0.000000  
 0.000000  
 0.000000  
 0.000000  
 0.000000  
 0.000000  
 0.000000  
 0.000000  
 0.000000  
 0.000000  
 0.000000  
 0.000000  
 0.000000  
 0.000000  
 0.000000  
 0.000000  
 0.000000  
 0.000000  
 0.000000  
 0.000000  
 0.000000  
 0.000000  
 0.000000  
 0.000000  
 0.000000  
 0.000000  
 0.000000  
 0.000000  
 0.000000  
 0.000000  
 0.000000  
 0.000000  
 0.000000  
 0.000000  
 0.000000  
 0.000000  
 0.000000  
 0.000000  
 0.000000  
 0.000000  
 0.000000  
 0.000000  
 0.000000  
 0.000000  
 0.000000  
 0.000000  
 0.000000  
 0.000000  
 0.000000  
 0.000000  
 0.000000  
 0.000000  
 0.000000  
 0.000000  
 0.000000  
 0.000000  
 0.000000  
 0.000000  
 0.000000  
 0.000000  
 0.000000  
 0.000000  
 0.000000  
 0.000000  
 0.000000  
 0.000000  
 0.000000  
 0.000000  
 0.000000  
 0.000000  
 0.000000  
 0.000000  
 0.000000  
 0.000000  
 0.000000  
 0.000000  
 0.000000  
 0.000000  
 0.000000  
 0.000000  
 0.000000  
 0.000000  
 0.000000  
 0.000000  
 0.000000  
 0.000000  
 0.000000  
 0.000000  
 0.000000  
 0.000000  
 0.000000  
 0.000000  
 0.000000  
 0.000000  
 0.000000  
 0.000000  
 0.000000  
 0.000000  
 0.000000  
 0.000000  
 0.000000  
 0.000000  
 0.000000  
 0.000000  
 0.000000  
 0.000000  
 0.000000  
 0.000000  
 0.000000  
 0.000000  
 0.000000  
 0.000000  
 0.000000  
 0.000000  
 0.000000  
 0.000000  
 0.000000  
 0.000000  
 0.000000  
 0.000000  
 0.000000  
 0.000000  
 0.000000  
 0.000000  
 0.000000  
 0.000000  
 0.000000  
 0.000000  
 0.000000  
 0.000000  
 0.000000  
 0.000000  
 0.000000  
 0.000000  
 0.000000  
 0.000000  
 0.000000  
 0.000000  
 0.000000  
 0.000000  
 0.000000  
 0.000000  
 0.000000  
 0.000000  
 0.000000  
 0.000000  
 0.000000  
 0.000000  
 0.000000  
 0.000000  
 0.000000  
 0.000000  
 0.000000  
 0.000000  
 0.000000  
 0.000000  
 0.000000  
 0.000000  
 0.000000  
 0.000000  
 0.000000  
 0.000000  
 0.000000  
 0.000000  
 0.000000  
 0.000000  
 0.000000  
 0.000000  
 0.000000  
 0.000000  
 0.000000  
 0.000000  
 0.000000  
 0.000000  
 0.000000  
 0.000000  
 0.000000  
 0.000000  
 0.000000  
 0.000000  
 0.000000  
 0.000000  
 0.000000  
 0.000000  
 0.000000  
 0.000000  
 0.000000  
 0.000000  
 0.000000  
 0.000000  
 0.000000  
 0.000000  
 0.000000  
 0.000000  
 0.000000  
 0.000000  
 0.000000  
 0.000000  
 0.000000  
 0.000000  
 0.000000  
 0.000000  
 0.000000  
 0.000000  
 0.000000  
 0.000000  
 0.000000  
 0.000000  
 0.000000  
 0.000000  
 0.000000  
 0.000000  
 0.000000  
 0.000000  
 0.000000  
 0.000000  
 0.000000  
 0.000000  
 0.000000  
 0.000000  
 0.000000  
 0.000000  
 0.000000  
 0.000000  
 0.000000  
 0.000000  
 0.000000  
 0.000000  
 0.000000  
 0.000000  
 0.000000  
 0.000000  
 0.000000  
 0.000000  
 0.000000  
 0.000000  
 0.000000  
 0.000000  
 0.000000  
 0.000000  
 0.000000  
 0.000000  
 0.000000  
 0.000000  
 0.000000  
 0.000000  
 0.000000  
 0.000000  
 0.000000  
 0.000000  
 0.000000  
 0.000000  
 0.000000  
 0.000000  
 0.000000  
 0.000000  
 0.000000  
 0.000000  
 0.000000  
 0.000000  
 0.000000  
 0.000000  
 0.000000  
 0.000000  
 0.000000  
 0.000000  
 0.000000  
 0.000000  
 0.000000  
 0.000000  
 0.000000  
 0.000000  
 0.000000  
 0.000000  
 0.000000  
 0.000000  
 0.000000  
 0.000000  
 0.000000  
 0.000000  
 0.000000  
 0.000000  
 0.000000  
 0.000000  
 0.000000  
 0.000000  
 0.000000  
 0.000000  
 0.000000  
 0.000000  
 0.000000  
 0.000000  
 0.000000  
 0.000000  
 0.000000  
 0.000000  
 0.000000  
 0.000000  
 0.000000  
 0.000000  
 0.000000  
 0.000000  
 0.000000  
 0.000000  
 0.000000  
 0.000000  
 0.000000  
 0.000000  
 0.000000  
 0.000000  
 0.000000  
 0.000000  
 0.000000  
 0.000000  
 0.000000  
 0.000000  
 0.000000  
 0.000000  
 0.000000  
 0.000000  
 0.000000  
 0.000000  
 0.000000  
 0.000000  
 0.000000  
 0.000000  
 0.000000  
 0.000000  
 0.000000  
 0.000000  
 0.000000  
 0.000000  
 0.000000  
 0.000000  
 0.000000  
 0.000000  
 0.000000  
 0.000000  
 0.000000  
 0.000000  
 0.000000  
 0.000000  
 0.000000  
 0.000000  
 0.000000  
 0.000000  
 0.000000  
 0.000000  
 0.000000  
 0.000000  
 0.000000  
 0.000000  
 0.000000  
 0.000000  
 0.000000  
 0.000000  
 0.000000  
 0.000000  
 0.000000  
 0.000000  
 0.000000  
 0.000000  
 0.000000  
 0.000000  
 0.000000  
 0.000000  
 0.000000  
 0.000000  
 0.000000  
 0.000000  
 0.000000  
 0.000000  
 0.000000  
 0.000000  
 0.000000  
 0.000000  
 0.000000  
 0.000000  
 0.000000  
 0.000000  
 0.000000  
 0.000000  
 0.000000  
 0.000000  
 0.000000  
 0.000000  
 0.000000  
 0.000000  
 0.000000  
 0.000000  
 0.000000  
 0.000000  
 0.000000  
 0.000000  
 0.000000  
 0.000000  
 0.000000  
 0.000000  
 0.000000  
 0.000000  
 0.000000  
 0.000000  
 0.000000  
 0.000000  
 0.000000  
 0.000000  
 0.000000  
 0.000000  
 0.000000  
 0.000000  
 0.000000  
 0.000000  
 0.000000  
 0.000000  
 0.000000  
 0.000000  
 0.000000  
 0.000000  
 0.000000  
 0.000000  
 0.000000  
 0.000000  
 0.000000  
 0.000000  
 0.000000  
 0.000000  
 0.000000  
 0.000000  
 0.000000  
 0.000000  
 0.000000  
 0.000000  
 0.000000  
 0.000000  
 0.000000  
 0.000000  
 0.000000  
 0.000000  
 0.000000  
 0.000000  
 0.000000  
 0.000000  
 0.000000  
 0.000000  
 0.000000  
 0.000000  
 0.000000  
 0.000000  
 0.000000  
 0.000000  
 0.000000  
 0.000000  
 0.000000  
 0.000000  
 0.000000  
 0.000000  
 0.000000  
 0.000000  
 0.000000  
 0.000000  
 0.000000  
 0.000000  
 0.000000  
 0.000000  
 0.000000  
 0.000000  
 0.000000  
 0.000000  
 0.000000  
 0.000000  
 0.000000  
 0.000000  
 0.000000  
 0.000000  
 0.000000  
 0.000000  
 0.000000  
 0.000000  
 0.000000  
 0.000000  
 0.000000  
 0.000000  
 0.000000  
 0.000000  
 0.000000  
 0.000000  
 0.000000  
 0.000000  
 0.000000  
 0.000000  
 0.000000  
 0.000000  
 0.000000  
 0.000000  
 0.000000  
 0.000000  
 0.000000  
 0.000000  
 0.000000  
 0.000000  
 0.000000  
 0.000000  
 0.000000  
 0.000000  
 0.000000  
 0.000000  
 0.000000  
 0.000000  
 0.000000  
 0.000000  
 0.000000  
 0.000000  
 0.000000  
 0.000000  
 0.000000  
 0.000000  
 0.000000  
 0.000000  
 0.000000  
 0.000000  
 0.000000  
 0.000000  
 0.000000  
 0.000000  
 0.000000  
 0.000000  
 0.000000  
 0.000000  
 0.000000  
 0.000000  
 0.000000  
 0.000000  
 0.000000  
 0.000000  
 0.000000  
 0.000000  
 0.000000  
 0.000000  
 0.000000  
 0.000000  
 0.000000  
 0.000000  
 0.000000  
 0.000000  
 0.000000  
 0.000000  
 0.000000  
 0.000000  
 0.000000  
 0.000000  
 0.000000  
 0.000000  
 0.000000  
 0.000000  
 0.000000  
 0.000000  
 0.000000  
 0.000000  
 0.000000  
 0.000000  
 0.000000  
 0.000000  
 0.000000  
 0.000000  
 0.000000  
 0.000000  
 0.000000  
 0.000000  
 0.000000  
 0.000000  
 0.000000  
 0.000000  
 0.000000  
 0.000000  
 0.000000  
 0.000000  
 0.000000  
 0.000000  
 0.000000  
 0.000000  
 0.000000  
 0.000000  
 0.000000  
 0.000000  
 0.000000  
 0.000000  
 0.000000  
 0.000000  
 0.000000  
 0.000000  
 0.000000  
 0.000000  
 0.000000  
 0.000000  
 0.000000  
 0.000000  
 0.000000  
 0.000000  
 0.000000  
 0.000000  
 0.000000  
 0.000000  
 0.000000  
 0.000000  
 0.000000  
 0.000000  
 0.000000  
 0.000000  
 0.000000  
 0.000000  
 0.000000  
 0.000000  
 0.000000  
 0.000000  
 0.000000  
 0.000000  
 0.000000  
 0.000000  
 0.000000  
 0.000000  
 0.000000  
 0.000000  
 0.000000  
 0.000000  
 0.000000  
 0.000000  
 0.000000  
 0.000000  
 0.000000  
 0.000000  
 0.000000  
 0.000000  
 0.000000  
 0.000000  
 0.000000  
 0.000000  
 0.000000  
 0.000000  
 0.000000  
 0.000000  
 0.000000  
 0.000000  
 0.000000  
 0.000000  
 0.000000  
 0.000000  
 0.000000  
 0.000000  
 0.000000  
 0.000000  
 0.000000  
 0.000000  
 0.000000  
 0.000000  
 0.000000  
 0.000000  
 0.000000  
 0.000000  
 0.000000  
 0.000000  
 0.000000  
 0.000000  
 0.000000  
 0.000000  
 0.000000  
 0.000000  
 0.000000  
 0.000000  
 0.000000  
 0.000000  
 0.000000  
 0.000000  
 0.000000  
 0.000000  
 0.000000  
 0.000000  
 0.000000  
 0.000000  
 0.000000  
 0.000000  
 0.000000  
 0.000000  
 0.000000  
 0.000000  
 0.000000  
 0.000000  
 0.000000  
 0.000000  
 0.000000  
 0.000000  
 0.000000  
 0.000000  
 0.000000  
 0.000000  
 0.000000  
 0.000000  
 0.000000  
 0.000000  
 0.000000  
 0.000000  
 0.000000  
 0.000000  
 0.000000  
 0.000000  
 0.000000  
 0.000000  
 0.000000  
 0.000000  
 0.000000  
 0.000000  
 0.000000  
 0.000000  
 0.000000  
 0.000000  
 0.000000  
 0.000000  
 0.000000  
 0.000000  
 0.000000  
 0.000000  
 0.000000  
 0.000000  
 0.000000  
 0.000000  
 0.000000  
 0.000000  
 0.000000  
 0.000000  
 0.000000  
 0.000000  
 0.000000  
 0.000000  
 0.000000  
 0.000000  
 0.000000  
 0.000000  
 0.000000  
 0.000000  
 0.000000  
 0.000000  
 0.000000  
 0.000000  
 0.000000  
 0.000000  
 0.000000  
 0.000000  
 0.000000  
 0.000000  
 0.000000  
 0.000000  
 0.000000  
 0.000000  
 0.000000  
 0.000000  
 0.000000  
 0.000000  
 0.000000  
 0.000000  
 0.000000  
 0.000000  
 0.000000  
 0.000000  
 0.000000  
 0.000000  
 0.000000  
 0.000000  
 0.000000  
 0.000000  
 0.000000  
 0.000000  
 0.000000  
 0.000000  
 0.000000  
 0.000000  
 0.000000  
 0.000000  
 0.000000  
 0.000000  
 0.000000  
 0.000000  
 0.000000  
 0.000000  
 0.000000  
 0.000000  
 0.000000  
 0.000000  
 0.000000  
 0.000000  
 0.000000  
 0.000000  
 0.000000  
 0.000000  
 0.000000  
 0.000000  
 0.000000  
 0.000000  
 0.000000  
 0.000000  
 0.000000  
 0.000000  
 0.000000  
 0.000000  
 0.000000  
 0.000000  
 0.000000  
 0.000000  
 0.000000  
 0.000000  
 0.000000  
 0.000000  
 0.000000  
 0.000000  
 0.000000  
 0.000000  
 0.000000  
 0.000000  
 0.000000  
 0.000000  
 0.000000  
 0.000000  
 0.000000  
 0.000000  
 0.000000  
 0.000000  
 0.000000  
 0.000000  
 0.000000  
 0.000000  
 0.000000  
 0.000000  
 0.000000  
 0.000000  
 0.000000  
 0.000000  
 0.000000  
 0.000000  
 0.000000  
 0.000000  
 0.000000  
 0.000000  
 0.000000  
 0.000000  
 0.000000  
 0.000000  
 0.000000  
 0.000000  
 0.000000  
 0.000000  
 0.000000  
 0.000000  
 0.000000  
 0.000000  
 0.000000  
 0.000000  
 0.000000  
 0.000000  
 0.000000  
 0.000000  
 0.000000  
 0.000000  
 0.000000  
 0.000000  
 0.000000  
 0.000000  
 0.000000  
 0.000000  
 0.000000  
 0.000000  
 0.000000  
 0.000000  
 0.000000  
 0.000000  
 0.000000  
 0.000000  
 0.000000  
 0.000000  
 0.000000  
 0.000000  
 0.000000  
 0.000000  
 0.000000  
 0.000000  
 0.000000  
 0.000000  
 0.000000  
 0.000000  
 0.000000  
 0.000000  
 0.000000  
 0.000000  
 0.000000  
 0.000000  
 0.000000  
 0.000000  
 0.000000  
 0.000000  
 0.000000  
 0.000000  
 0.000000  
 0.000000  
 0.000000  
 0.000000  
 0.000000  
 0.000000  
 0.000000  
 0.000000  
 0.000000  
 0.000000  
 0.000000  
 0.000000  
 0.000000  
 0.000000  
 0.000000  
 0.000000  
 0.000000  
 0.000000  
 0.000000  
 0.000000  
 0.000000  
 0.000000  
 0.000000  
 0.000000  
 0.000000  
 0.000000  
 0.000000  
 0.000000  
 0.000000  
 0.000000  
 0.000000  
 0.000000  
 0.000000  
 0.000000  
 0.000000  
 0.000000  
 0.000000  
 0.000000  
 0.000000  
 0.000000  
 0.000000  
 0.000000  
 0.000000  
 0.000000  
 0.000000  
 0.000000  
 0.000000  
 0.000000  
 0.000000  
 0.000000  
 0.000000  
 0.000000  
 0.000000  
 0.000000  
 0.000000  
 0.000000  
 0.000000  
 0.000000  
 0.000000  
 0.000000  
 0.000000  
 0.000000  
 0.000000  
 0.000000  
 0.000000  
 0.000000  
 0.000000  
 0.000000  
 0.000000  
 0.000000  
 0.000000  
 0.000000  
 0.000000  
 0.000000  
 0.000000  
 0.000000  
 0.000000  
 0.000000  
 0.000000  
 0.000000  
 0.000000  
 0.000000  
 0.000000  
 0.000000  
 0.000000  
 0.000000  
 0.000000  
 0.000000  
 0.000000  
 0.000000  
 0.000000  
 0.000000  
 0.000000  
 0.000000  
 0.000000  
 0.000000  
 0.000000  
 0.000000  
 0.000000  
 0.000000  
 0.000000  
 0.000000  
 0.000000  
 0.000000  
 0.000000  
 0.000000  
 0.000000  
 0.000000  
 0.000000  
 0.000000  
 0.000000  
 0.000000  
 0.000000  
 0.000000  
 0.000000  
 0.000000  
 0.000000  
 0.000000  
 0.000000  
 0.000000  
 0.000000  
 0.000000  
 0.000000  
 0.000000  
 0.000000  
 0.000000  
 0.000000  
 0.000000  
 0.000000  
 0.000000  
 0.000000  
 0.000000  
 0.000000  
 0.000000  
 0.000000  
 0.000000  
 0.000000  
 0.000000  
 0.000000  
 0.000000  
 0.000000  
 0.000000  
 0.000000  
 0.000000  
 0.000000  
 0.000000  
 0.000000  
 0.000000  
 0.000000  
 0.000000  
 0.000000  
 0.000000  
 0.000000  
 0.000000  
 0.000000  
 0.000000  
 0.000000  
 0.000000  
 0.000000  
 0.000000  
 0.000000  
 0.000000  
 0.000000  
 0.000000  
 0.000000  
 0.000000  
 0.000000  
 0.000000  
 0.000000  
 0.000000  
 0.000000  
 0.000000  
 0.000000  
 0.000000  
 0.000000  
 0.000000  
 0.000000  
 0.000000  
 0.000000  
 0.000000  
 0.000000  
 0.000000  
 0.000000  
 0.000000  
 0.000000  
 0.000000  
 0.000000  
 0.000000  
 0.000000  
 0.000000  
 0.000000  
 0.000000  
 0.000000  
 0.000000  
 0.000000  
 0.000000  
 0.000000  
 0.000000  
 0.000000  
 0.000000  
 0.000000  
 0.000000  
 0.000000  
 0.000000  
 0.000000  
 0.000000  
 0.000000  
 0.000000  
 0.000000  
 0.000000  
 0.000000  
 0.000000  
 0.000000  
 0.000000  
 0.000000  
 0.000000  
 0.000000  
 0.000000  
 0.000000  
 0.000000  
 0.000000  
 0.000000  
 0.000000  
 0.000000  
 0.000000  
 0.000000  
 0.000000  
 0.000000  
 0.000000  
 0.000000  
 0.000000  
 0.000000  
 0.000000  
 0.000000  
 0.000000  
 0.000000  
 0.000000  
 0.000000  
 0.000000  
 0.000000  
 0.000000  
 0.000000  
 0.000000  
 0.000000  
 0.000000  
 0.000000  
 0.000000  
 0.000000  
 0.000000  
 0.000000  
 0.000000  
 0.000000  
 0.000000  
 0.000000  
 0.000000  
 0.000000  
 0.000000  
 0.000000  
 0.000000  
 0.000000  
 0.000000  
 0.000000  
 0.000000  
 0.000000  
 0.000000  
 0.000000  
 0.000000  
 0.000000  
 0.000000  
 0.000000  
 0.000000  
 0.000000  
 0.000000  
 0.000000  
 0.000000  
 0.000000  
 0.000000  
 0.000000  
 0.000000  
 0.000000  
 0.000000  
 0.000000  
 0.000000  
 0.000000  
 0.000000  
 0.000000  
 0.000000  
 0.000000  
 0.000000  
 0.000000  
 0.000000  
 0.000000  
 0.000000  
 0.000000  
 0.000000  
 0.000000  
 0.000000  
 0.000000  
 0.000000  
 0.000000  
 0.000000  
 0.000000  
 0.000000  
 0.000000  
 0.000000  
 0.000000  
 0.000000  
 0.000000  
 0.000000  
 0.000000  
 0.000000  
 0.000000  
 0.000000  
 0.000000  
 0.000000  
 0.000000  
 0.000000  
 0.000000  
 0.000000  
 0.000000  
 0.000000  
 0.000000  
 0.000000  
 0.000000  
 0.000000  
 0.000000  
 0.000000  
 0.000000  
 0.000000  
 0.000000  
 0.000000  
 0.000000  
 0.000000  
 0.000000  
 0.000000  
 0.000000  
 0.000000  
 0.000000  
 0.000000  
 0.000000  
 0.000000  
 0.000000  
 0.000000  
 0.000000  
 0.000000  
 0.000000  
 0.000000  
 0.000000  
 0.000000  
 0.000000  
 0.000000  
 0.000000  
 0.000000  
 0.000000  
 0.000000  
 0.000000  
 0.000000  
 0.000000  
 0.000000  
 0.000000  
 0.000000  
 0.000000  
 0.000000  
 0.000000  
 0.000000  
 0.000000  
 0.000000  
 0.000000  
 0.000000  
 0.000000  
 0.000000  
 0.000000  
 0.000000  
 0.000000  
 0.000000  
 0.000000  
 0.000000  
 0.000000  
 0.000000  
 0.000000  
 0.000000  
 0.000000  
 0.000000  
 0.000000  
 0.000000  
 0.000000  
 0.000000  
 0.000000  
 0.000000  
 0.000000  
 0.000000  
 0.000000  
 0.000000  
 0.000000  
 0.000000  
 0.000000  
 0.000000  
 0.000000  
 0.000000  
 0.000000  
 0.000000  
 0.000000  
 0.000000  
 0.000000  
 0.000000  
 0.000000  
 0.000000  
 0.000000  
 0.000000  
 0.000000  
 0.000000  
 0.000000  
 0.000000  
 0.000000  
 0.000000  
 0.000000  
 0.000000  
 0.000000  
 0.000000  
 0.000000  
 0.000000  
 0.000000  
 0.000000  
 0.000000  
 0.000000  
 0.000000  
 0.000000  
 0.000000  
 0.000000  
 0.000000  
 0.000000  
 0.000000  
 0.000000  
 0.000000  
 0.000000  
 0.000000  
 0.000000  
 0.000000  
 0.000000  
 0.000000  
 0.000000  
 0.000000  
 0.000000  
 0.000000  
 0.000000  
 0.000000  
 0.000000  
 0.000000  
 0.000000  
 0.000000  
 0.000000  
 0.000000  
 0.000000  
 0.000000  
 0.000000  
 0.000000  
 0.000000  
 0.000000  
 0.000000  
 0.000000  
 0.000000  
 0.000000  
 0.000000  
 0.000000  
 0.000000  
 0.000000  
 0.000000  
 0.000000  
 0.000000  
 0.000000  
 0.000000  
 0.000000  
 0.000000  
 0.000000  
 0.000000  
 0.000000  
 0.000000  
 0.000000  
 0.000000  
 0.000000  
 0.000000  
 0.000000  
 0.000000  
 0.000000  
 0.000000  
 0.000000  
 0.000000  
 0.000000  
 0.000000  
 0.000000  
 0.000000  
 0.000000  
 0.000000  
 0.000000  
 0.000000  
 0.000000  
 0.000000  
 0.000000  
 0.000000  
 0.000000  
 0.000000  
 0.000000  
 0.000000  
 0.000000  
 0.000000  
 0.000000  
 0.000000  
 0.000000  
 0.000000  
 0.000000  
 0.000000  
 0.000000  
 0.000000  
 0.000000  
 0.000000  
 0.000000  
 0.000000  
 0.000000  
 0.000000  
 0.000000  
 0.000000  
 0.000000  
 0.000000  
 0.000000  
 0.000000  
 0.000000  
 0.000000  
 0.000000  
 0.000000  
 0.000000  
 0.000000  
 0.000000  
 0.000000  
 0.000000  
 0.000000  
 0.000000  
 0.000000  
 0.000000  
 0.000000  
 0.000000  
 0.000000  
 0.000000  
 0.000000  
 0.000000  
 0.000000  
 0.000000  
 0.000000  
 0.000000  
 0.000000  
 0.000000  
 0.000000  
 0.000000  
 0.000000  
 0.000000  
 0.000000  
 0.000000  
 0.000000  
 0.000000  
 0.000000  
 0.000000  
 0.000000  
 0.000000  
 0.000000  
 0.000000  
 0.000000  
 0.000000  
 0.000000  
 0.000000  
 0.000000  
 0.000000  
 0.000000  
 0.000000  
 0.000000  
 0.000000  
 0.000000  
 0.000000  
 0.000000  
 0.000000  
 0.000000  
 0.000000  
 0.000000  
 0.000000  
 0.000000  
 0.000000  
 0.000000  
 0.000000  
 0.000000  
 0.000000  
 0.000000  
 0.000000  
 0.000000  
 0.000000  
 0.000000  
 0.000000  
 0.000000  
 0.000000  
 0.000000  
 0.000000  
 0.000000  
 0.000000  
 0.000000  
 0.000000  
 0.000000  
 0.000000  
 0.000000  
 0.000000  
 0.000000  
 0.000000  
 0.000000  
 0.000000  
 0.000000  
 0.000000  
 0.000000  
 0.000000  
 0.000000  
 0.000000  
 0.000000  
 0.000000  
 0.000000  
 0.000000  
 0.000000  
 0.000000  
 0.000000  
 0.000000  
 0.000000  
 0.000000  
 0.000000  
 0.000000  
 0.000000  
 0.000000  
 0.000000  
 0.000000  
 0.000000  
 0.000000  
 0.000000  
 0.000000  
 0.000000  
 0.000000  
 0.000000  
 0.000000  
 0.000000  
 0.000000  
 0.000000  
 0.000000  
 0.000000  
 0.000000  
 0.000000  
 0.000000  
 0.000000  
 0.000000  
 0.000000  
 0.000000  
 0.000000  
 0.000000  
 0.000000  
 0.000000  
 0.000000  
 0.000000  
 0.000000  
 0.000000  
 0.000000  
 0.000000  
 0.000000  
 0.000000  
 0.000000  
 0.000000  
 0.000000  
 0.000000  
 0.000000  
 0.000000  
 0.000000  
 0.000000  
 0.000000  
 0.000000  
 0.000000  
 0.000000  
 0.000000  
 0.000000  
 0.000000  
 0.000000  
 0.000000  
 0.000000  
 0.000000  
 0.000000  
 0.000000  
 0.000000  
 0.000000  
 0.000000  
 0.000000  
 0.000000  
 0.000000  
 0.000000  
 0.000000  
 0.000000  
 0.000000  
 0.000000  
 0.000000  
 0.000000  
 0.000000  
 0.000000  
 0.000000  
 0.000000  
 0.000000  
 0.000000  
 0.000000  
 0.000000  
 0.000000  
 0.000000  
 0.000000  
 0.000000  
 0.000000  
 0.000000  
 0.000000  
 0.000000  
 0.000000  
 0.000000  
 0.000000  
 0.000000  
 0.000000  
 0.000000  
 0.000000  
 0.000000  
 0.000000  
 0.000000  
 0.000000  
 0.000000  
 0.000000  
 0.000000  
 0.000000  
 0.000000  
 0.000000  
 0.000000  
 0.000000  
 0.000000  
 0.000000  
 0.000000  
 0.000000  
 0.000000  
 0.000000  
 0.000000  
 0.000000  
 0.000000  
 0.000000  
 0.000000  
 0.000000  
 0.000000  
 0.000000  
 0.000000  
 0.000000  
 0.000000  
 0.000000  
 0.000000  
 0.000000  
 0.000000  
 0.000000  
 0.000000  
 0.000000  
 0.000000  
 0.000000  
 0.000000  
 0.000000  
 0.000000  
 0.000000  
 0.000000  
 0.000000  
 0.000000  
 0.000000  
 0.000000  
 0.000000  
 0.000000  
 0.000000  
 0.000000  
 0.000000  
 0.000000  
 0.000000  
 0.000000  
 0.000000  
 0.000000  
 0.000000  
 0.000000  
 0.000000  
 0.000000  
 0.000000  
 0.000000  
 0.000000  
 0.000000  
 0.000000  
 0.000000  
 0.000000  
 0.000000  
 0.000000  
 0.000000  
 0.000000  
 0.000000  
 0.000000  
 0.000000  
 0.000000  
 0.000000  
 0.000000  
 0.000000  
 0.000000  
 0.000000  
 0.000000  
 0.000000  
 0.000000  
 0.000000  
 0.000000  
 0.000000  
 0.000000  
 0.000000  
 0.000000  
 0.000000  
 0.000000  
 0.000000  
 0.000000  
 0.000000  
 0.000000  
 0.000000  
 0.000000  
 0.000000  
 0.000000  
 0.000000  
 0.000000  
 0.000000  
 0.000000  
 0.000000  
 0.000000  
 0.000000  
 0.000000  
 0.000000  
 0.000000  
 0.000000  
 0.000000  
 0.000000  
 0.000000  
 0.000000  
 0.000000  
 0.000000  
 0.000000  
 0.000000  
 0.000000  
 0.000000  
 0.000000  
 0.000000  
 0.000000  
 0.000000  
 0.000000  
 0.000000  
 0.000000  
 0.000000  
 0.000000  
 0.000000  
 0.000000  
 0.000000  
 0.000000  
 0.000000  
 0.000000  
 0.000000  
 0.000000  
 0.000000  
 0.000000  
 0.000000  
 0.000000  
 0.000000  
 0.000000  
 0.000000  
 0.000000  
 0.000000  
 0.000000  
 0.000000  
 0.000000  
 0.000000  
 0.000000  
 0.000000  
 0.000000  
 0.000000  
 0.000000  
 0.000000  
 0.000000  
 0.000000  
 0.000000  
 0.000000  
 0.000000  
 0.000000  
 0.000000  
 0.000000  
 0.000000  
 0.000000  
 0.000000  
 0.000000  
 0.000000  
 0.000000  
 0.000000  
 0.000000  
 0.000000  
 0.000000  
 0.000000  
 0.000000  
 0.000000  
 0.000000  
 0.000000  
 0.000000  
 0.000000  
 0.000000  
 0.000000  
 0.000000  
 0.000000  
 0.000000  
 0.000000  
 0.000000  
 0.000000  
 0.000000  
 0.000000  
 0.000000  
 0.000000  
 0.000000  
 0.000000  
 0.000000  
 0.000000  
 0.000000  
 0.000000  
 0.000000  
 0.000000  
 0.000000  
 0.000000  
 0.000000  
 0.000000  
 0.000000  
 0.000000  
 0.000000  
 0.000000  
 0.000000  
 0.000000  
 0.000000  
 0.000000  
 0.000000  
 0.000000  
 0.000000  
 0.000000  
 0.000000  
 0.000000  
 0.000000  
 0.000000  
 0.000000  
 0.000000  
 0.000000  
 0.000000  
 0.000000  
 0.000000  
 0.000000  
 0.000000  
 0.000000  
 0.000000  
 0.000000  
 0.000000  
 0.000000  
 0.000000  
 0.000000  
 0.000000  
 0.000000  
 0.000000  
 0.000000  
 0.000000  
 0.000000  
 0.000000  
 0.000000  
 0.000000  
 0.000000  
 0.000000  
 0.000000  
 0.000000  
 0.000000  
 0.000000  
 0.000000  
 0.000000  
 0.000000  
 0.000000  
 0.000000  
 0.000000  
 0.000000  
 0.000000  
 0.000000  
 0.000000  
 0.000000  
 0.000000  
 0.000000  
 0.000000  
 0.000000  
 0.000000  
 0.000000  
 0.000000  
 0.000000  
 0.000000  
 0.000000  
 0.000000  
 0.000000  
 0.000000  
 0.000000  
 0.000000  
 0.000000  
 0.000000  
 0.000000  
 0.000000  
 0.000000  
 0.000000  
 0.000000  
 0.000000  
 0.000000  
 0.000000  
 0.000000  
 0.000000  
 0.000000  
 0.000000  
 0.000000  
 0.000000  
 0.000000  
 0.000000  
 0.000000  
 0.000000  
 0.000000  
 0.000000  
 0.000000  
 0.000000  
 0.000000  
 0.000000  
 0.000000  
 0.000000  
 0.000000  
 0.000000  
 0.000000  
 0.000000  
 0.000000  
 0.000000  
 0.000000  
 0.000000  
 0.000000  
 0.000000  
 0.000000  
 0.000000  
 0.000000  
 0.000000  
 0.000000  
 0.000000  
 0.000000  
 0.000000  
 0.000000  
 0.000000  
 0.000000  
 0.000000  
 0.000000  
 0.000000  
 0.000000  
 0.000000  
 0.000000  
 0.000000  
 0.000000  
 0.000000  
 0.000000  
 0.000000  
 0.000000  
 0.000000  
 0.000000  
 0.000000  
 0.000000  
 0.000000  
 0.000000  
 0.000000  
 0.000000  
 0.000000  
 0.000000  
 0.000000  
 0.000000  
 0.000000  
 0.000000  
 0.000000  
 0.000000  
 0.000000  
 0.000000  
 0.000000  
 0.000000  
 0.000000  
 0.000000  
 0.000000  
 0.000000  
 0.000000  
 0.000000  
 0.000000  
 0.000000  
 0.000000  
 0.000000  
 0.000000  
 0.000000  
 0.000000  
 0.000000  
 0.000000  
 0.000000  
 0.000000  
 0.000000  
 0.000000  
 0.000000  
 0.000000  
 0.000000  
 0.000000  
 0.000000  
 0.000000  
 0.000000  
 0.000000  
 0.000000  
 0.000000  
 0.000000  
 0.000000  
 0.000000  
 0.000000  
 0.000000  
 0.000000  
 0.000000  
 0.000000  
 0.000000  
 0.000000  
 0.000000  
 0.000000  
 0.000000  
 0.000000  
 0.000000  
 0.000000  
 0.000000  
 0.000000  
 0.000000  
 0.000000  
 0.000000  
 0.000000  
 0.000000  
 0.000000  
 0.000000  
 0.000000  
 0.000000  
 0.000000  
 0.000000  
 0.000000  
 0.000000  
 0.000000  
 0.000000  
 0.000000  
 0.000000  
 0.000000  
 0.000000  
 0.000000  
 0.000000  
 0.000000  
 0.000000  
 0.000000  
 0.000000  
 0.000000  
 0.000000  
 0.000000  
 0.000000  
 0.000000  
 0.000000  
 0.000000  
 0.000000  
 0.000000  
 0.000000  
 0.000000  
 0.000000  
 0.000000  
 0.000000  
 0.000000  
 0.000000  
 0.000000  
 0.000000  
 0.000000  
 0.000000  
 0.000000  
 0.000000  
 0.000000  
 0.000000  
 0.000000  
 0.000000  
 0.000000  
 0.000000  
 0.000000  
 0.000000  
 0.000000  
 0.000000  
 0.000000  
 0.000000  
 0.000000  
 0.000000  
 0.000000  
 0.000000  
 0.000000  
 0.000000  
 0.000000  
 0.000000  
 0.000000  
 0.000000  
 0.000000  
 0.000000  
 0.000000  
 0.000000  
 0.000000  
 0.000000  
 0.000000  
 0.000000  
 0.000000  
 0.000000  
 0.000000  
 0.000000  
 0.000000  
 0.000000  
 0.000000  
 0.000000  
 0.000000  
 0.000000  
 0.000000  
 0.000000  
 0.000000  
 0.000000  
 0.000000  
 0.000000  
 0.000000  
 0.000000  
 0.000000  
 0.000000  
 0.000000  
 0.000000  
 0.000000  
 0.000000  
 0.000000  
 0.000000  
 0.000000  
 0.000000  
 0.000000  
 0.000000  
 0.000000  
 0.000000  
 0.000000  
 0.000000  
 0.000000  
 0.000000  
 0.000000  
 0.000000  
 0.000000  
 0.000000  
 0.000000  
 0.000000  
 0.000000  
 0.000000  
 0.000000  
 0.000000  
 0.000000  
 0.000000  
 0.000000  
 0.000000  
 0.000000  
 0.000000  
 0.000000  
 0.000000  
 0.000000  
 0.000000  
 0.000000  
 0.000000  
 0.000000  
 0.000000  
 0.000000  
 0.000000  
 0.000000  
 0.000000  
 0.000000  
 0.000000  
 0.000000  
 0.000000  
 0.000000  
 0.000000  
 0.000000  
 0.000000  
 0.000000  
 0.000000  
 0.000000  
 0.000000  
 0.000000  
 0.000000  
 0.000000  
 0.000000  
 0.000000  
 0.000000  
 0.000000  
 0.000000  
 0.000000  
 0.000000  
 0.000000  
 0.000000  
 0.000000  
 0.000000  
 0.000000  
 0.000000  
 0.000000  
 0.000000  
 0.000000  
 0.000000  
 0.000000  
 0.000000  
 0.000000  
 0.000000  
 0.000000  
 0.000000  
 0.000000  
 0.000000  
 0.000000  
 0.000000  
 0.000000  
 0.000000  
 0.000000  
 0.000000  
 0.000000  
 0.000000  
 0.000000  
 0.000000  
 0.000000  
 0.000000  
 0.000000  
 0.000000  
 0.000000  
 0.000000  
 0.000000  
 0.000000  
 0.000000  
 0.000000  
 0.000000  
 0.000000  
 0.000000  
 0.000000  
 0.000000  
 0.000000  
 0.000000  
 0.000000  
 0.000000  
 0.000000  
 0.000000  
 0.000000  
 0.000000  
 0.000000  
 0.000000  
 0.000000  
 0.000000  
 0.000000  
 0.000000  
 0.000000  
 0.000000  
 0.000000  
 0.000000  
 0.000000  
 0.000000  
 0.000000  
 0.000000  
 0.000000  
 0.000000  
 0.000000  
 0.000000  
 0.000000  
 0.000000  
 0.000000  
 0.000000  
 0.000000  
 0.000000  
 0.000000  
 0.000000  
 0.000000  
 0.000000  
 0.000000  
 0.000000  
 0.000000  
 0.000000  
 0.000000  
 0.000000  
 0.000000  
 0.000000  
 0.000000  
 0.000000  
 0.000000  
 0.000000  
 0.000000  
 0.000000  
 0.000000  
 0.000000  
 0.000000  
 0.000000  
 0.000000  
 0.000000  
 0.000000  
 0.000000  
 0.000000  
 0.000000  
 0.000000  
 0.000000  
 0.000000  
 0.000000  
 0.000000  
 0.000000  
 0.000000  
 0.000000  
 0.000000  
 0.000000  
 0.000000  
 0.000000  
 0.000000  
 0.000000  
 0.000000  
 0.000000  
 0.000000  
 0.000000  
 0.000000  
 0.000000  
 0.000000  
 0.000000  
 0.000000  
 0.000000  
 0.000000  
 0.000000  
 0.000000  
 0.000000  
 0.000000  
 0.000000  
 0.000000  
 0.000000  
 0.000000  
 0.000000  
 0.000000  
 0.000000  
 0.000000  
 0.000000  
 0.000000  
 0.000000  
 0.000000  
 0.000000  
 0.000000  
 0.000000  
 0.000000  
 0.000000  
 0.000000  
 0.000000  
 0.000000  
 0.000000  
 0.000000  
 0.000000  
 0.000000  
 0.000000  
 0.000000  
 0.000000  
 0.000000  
 0.000000  
 0.000000  
 0.000000  
 0.000000  
 0.000000  
 0.000000  
 0.000000  
 0.000000  
 0.000000  
 0.000000  
 0.000000  
 0.000000  
 0.000000  
 0.000000  
 0.000000  
 0.000000  
 0.000000  
 0.000000  
 0.000000  
 0.000000  
 0.000000  
 0.000000  
 0.000000  
 0.000000  
 0.000000  
 0.000000  
 0.000000  
