!FILE=Disk 
!KIND=Matrix 
!LABORATORY=Oslo Cyclotron Laboratory (OCL) 
!EXPERIMENT=siri2root 
!COMMENT=none
!TIME=2018-06-01 14:06:40
!CALIBRATION EkeV=6, 0.000000E+00, 5.000000E+00, 0.000000E+00
!PRECISION=16
!DIMENSION=1,0:4199
!CHANNEL=(0:4199)
24.3824 
28.3322 
32.0618 
35.4389 
38.4537 
41.2205 
43.9452 
46.831 
49.9799 
53.3559 
56.7605 
59.8199 
62.0765 
63.3113 
63.6433 
63.1884 
62.1458 
61.0557 
60.4293 
60.4317 
61.1197 
62.4701 
64.1393 
65.6586 
66.7304 
67.2392 
67.1255 
66.6839 
66.4937 
66.6835 
67.1609 
67.9287 
68.8401 
69.6089 
69.9956 
69.9232 
69.4203 
68.5994 
67.6367 
66.6838 
65.8311 
65.1334 
64.6424 
64.4036 
64.434 
64.7103 
65.1393 
65.5386 
65.7188 
65.5941 
65.1164 
64.2812 
63.292 
62.5052 
62.1991 
62.4648 
63.3149 
64.704 
66.4212 
68.1574 
69.6351 
70.6561 
71.1171 
70.9929 
70.2696 
68.9288 
67.0063 
64.6101 
61.9114 
59.131 
56.4955 
54.1763 
52.2551 
50.7332 
49.5455 
48.5818 
47.7427 
46.9807 
46.2963 
45.6961 
45.2796 
45.1653 
45.269 
45.4305 
45.5286 
45.3676 
44.8192 
44.0269 
43.1662 
42.3541 
41.7199 
41.3129 
41.0784 
40.8786 
40.5609 
40.0319 
39.2834 
38.3922 
37.4894 
36.6851 
36.0009 
35.3498 
34.5635 
33.4747 
32.0012 
30.1767 
28.1503 
26.158 
24.4481 
23.2012 
22.4801 
22.2541 
22.4861 
23.1174 
24.0285 
25.0933 
26.1595 
27.0105 
27.4591 
27.4342 
26.8823 
25.7497 
24.152 
22.3604 
20.6646 
19.2967 
18.394 
18.0105 
18.1527 
18.7332 
19.553 
20.4349 
21.2745 
22.0017 
22.569 
22.9409 
23.095 
23.0246 
22.7324 
22.2372 
21.5896 
20.867 
20.1561 
19.5336 
19.0511 
18.7283 
18.5513 
18.4928 
18.5398 
18.6655 
18.8144 
18.9506 
19.0625 
19.1378 
19.1642 
19.1367 
19.0565 
18.9337 
18.7939 
18.6722 
18.5944 
18.5689 
18.5953 
18.6561 
18.717 
18.7646 
18.8243 
18.9502 
19.2034 
19.6217 
20.2035 
20.8837 
21.4557 
21.6497 
21.342 
20.5566 
19.4275 
18.2196 
17.2343 
16.6429 
16.4586 
16.6585 
17.1258 
17.5771 
17.7799 
17.6718 
17.2577 
16.6099 
15.913 
15.3616 
15.0428 
14.9459 
15.0407 
15.2548 
15.4514 
15.5463 
15.5289 
15.4239 
15.3031 
15.2391 
15.2594 
15.3794 
15.5465 
15.6136 
15.4921 
15.16 
14.6089 
13.9001 
13.1811 
12.6379 
12.4069 
12.5301 
12.9556 
13.5201 
14.0025 
14.244 
14.1969 
13.8583 
13.2632 
12.5403 
11.8648 
11.3739 
11.1357 
11.1656 
11.4245 
11.8073 
12.2024 
12.5411 
12.7929 
12.954 
13.0387 
13.0751 
13.0941 
13.1187 
13.1573 
13.2033 
13.237 
13.2392 
13.2029 
13.1314 
13.0365 
12.9344 
12.8359 
12.7415 
12.6395 
12.5058 
12.3157 
12.0589 
11.7469 
11.4126 
11.1071 
10.8884 
10.7988 
10.852 
11.0486 
11.3775 
11.7951 
12.2269 
12.5773 
12.7649 
12.7578 
12.5069 
11.9336 
11.043 
9.9391 
8.77772 
7.75066 
7.04536 
6.72641 
6.71824 
6.96101 
7.39455 
7.88672 
8.32682 
8.68907 
9.02782 
9.45177 
10.0592 
10.8757 
11.8338 
12.7884 
13.5635 
14.0334 
14.162 
13.9525 
13.4415 
12.7324 
11.9573 
11.226 
10.6137 
10.1626 
9.88161 
9.75883 
9.82067 
9.98932 
10.0396 
9.89132 
9.58476 
9.15053 
8.65106 
8.17533 
7.83718 
7.73704 
7.91149 
8.34635 
8.98203 
9.70315 
10.3662 
10.8438 
11.0901 
11.1408 
11.0254 
10.7779 
10.4821 
10.2202 
10.0307 
9.91773 
9.87175 
9.88454 
9.93436 
9.98382 
10.0214 
10.0603 
10.0965 
10.1091 
10.0883 
10.021 
9.87725 
9.64155 
9.33313 
9.00347 
8.72447 
8.55887 
8.53493 
8.65709 
8.90457 
9.21081 
9.48395 
9.6467 
9.6578 
9.50719 
9.20755 
8.80014 
8.34345 
7.89067 
7.4785 
7.12634 
6.84125 
6.61802 
6.44439 
6.33032 
6.30807 
6.39648 
6.60219 
6.92673 
7.35061 
7.82556 
8.27846 
8.62732 
8.82334 
8.86733 
8.76975 
8.5523 
8.27481 
8.01421 
7.83705 
7.76363 
7.76579 
7.82194 
7.91156 
7.99539 
8.04982 
8.07328 
8.06793 
8.04475 
8.02218 
8.00516 
7.98632 
7.95862 
7.91578 
7.84919 
7.74433 
7.57861 
7.32968 
6.99213 
6.58655 
6.16121 
5.78982 
5.55393 
5.5087 
5.67019 
6.01637 
6.47549 
6.9468 
7.34341 
7.61298 
7.73524 
7.70877 
7.56263 
7.35206 
7.10941 
6.83704 
6.53181 
6.19538 
5.84879 
5.54276 
5.34769 
5.31851 
5.47281 
5.7918 
6.21248 
6.64233 
7.00232 
7.25476 
7.40211 
7.46512 
7.45765 
7.40347 
7.34194 
7.27998 
7.19426 
7.0689 
6.90527 
6.7268 
6.58667 
6.54124 
6.61195 
6.79152 
7.05041 
7.33484 
7.58359 
7.74404 
7.78341 
7.69184 
7.47467 
7.15089 
6.75439 
6.33299 
5.94785 
5.66712 
5.54321 
5.59498 
5.82893 
6.23883 
6.77166 
7.3344 
7.8225 
8.14262 
8.23949 
8.09823 
7.74127 
7.24576 
6.7337 
6.33476 
6.1389 
6.17365 
6.42339 
6.82144 
7.24497 
7.56416 
7.7215 
7.73969 
7.64385 
7.46426 
7.26486 
7.09307 
6.94463 
6.77138 
6.51637 
6.16052 
5.74303 
5.3553 
5.10833 
5.07738 
5.2838 
5.69227 
6.18589 
6.59596 
6.7943 
6.73992 
6.43708 
5.94398 
5.42315 
5.0779 
5.03896 
5.34228 
5.93511 
6.64702 
7.24274 
7.56772 
7.60064 
7.36072 
6.90472 
6.37786 
5.93033 
5.63755 
5.51792 
5.5695 
5.73034 
5.87444 
5.92282 
5.86377 
5.70674 
5.48049 
5.22383 
4.97332 
4.75771 
4.5945 
4.49 
4.44285 
4.45004 
4.50473 
4.59736 
4.72955 
4.91515 
5.16782 
5.49016 
5.86854 
6.27321 
6.66145 
6.9856 
7.20482 
7.2958 
7.25238 
7.09016 
6.85375 
6.59845 
6.37243 
6.21081 
6.13065 
6.13588 
6.21788 
6.35257 
6.51221 
6.67621 
6.83308 
6.97999 
7.11863 
7.23018 
7.27313 
7.2216 
7.06204 
6.78883 
6.43503 
6.08052 
5.82944 
5.76101 
5.90049 
6.22418 
6.64668 
7.00287 
7.12222 
6.93571 
6.46227 
5.78717 
5.07065 
4.50245 
4.2017 
4.17695 
4.40824 
4.84891 
5.38265 
5.88797 
6.2962 
6.58804 
6.78445 
6.92915 
7.05686 
7.15701 
7.18256 
7.10532 
6.91578 
6.60334 
6.17334 
5.66218 
5.1389 
4.6859 
4.36775 
4.19972 
4.15782 
4.22597 
4.39005 
4.6145 
4.86039 
5.1018 
5.32454 
5.51968 
5.67725 
5.78471 
5.83198 
5.81571 
5.73817 
5.61065 
5.45793 
5.3118 
5.1978 
5.12386 
5.07623 
5.02215 
4.92001 
4.73499 
4.45214 
4.08123 
3.65925 
3.25079 
2.95201 
2.85689 
3.00261 
3.38242 
3.96384 
4.68134 
5.44763 
6.16859 
6.75216 
7.12159 
7.27279 
7.27202 
7.16051 
6.97028 
6.76575 
6.59276 
6.45765 
6.33964 
6.2055 
6.03262 
5.8199 
5.58659 
5.36534 
5.1874 
5.06985 
5.01171 
4.99533 
4.9964 
4.99704 
4.99271 
4.98942 
4.99224 
5.00914 
5.05515 
5.13782 
5.25046 
5.37794 
5.5062 
5.63105 
5.76133 
5.91654 
6.11733 
6.37439 
6.68355 
7.02209 
7.34644 
7.5872 
7.67357 
7.57676 
7.2984 
6.85166 
6.2747 
5.63829 
5.03714 
4.56967 
4.30576 
4.26952 
4.46241 
4.86357 
5.40488 
5.98734 
6.51473 
6.91535 
7.15644 
7.26066 
7.28272 
7.25036 
7.17485 
7.07545 
6.95503 
6.7984 
6.59096 
6.32762 
6.0158 
5.67606 
5.34146 
5.05518 
4.87218 
4.84223 
4.98384 
5.29077 
5.73584 
6.26383 
6.7997 
7.26265 
7.57363 
7.67374 
7.54303 
7.18925 
6.64536 
5.98049 
5.29758 
4.72139 
4.36675 
4.29881 
4.53363 
5.03751 
5.69785 
6.3468 
6.82435 
7.06053 
7.08496 
6.92875 
6.63322 
6.30273 
6.04508 
5.91032 
5.87654 
5.88066 
5.86232 
5.77171 
5.59007 
5.34738 
5.13514 
5.06748 
5.19466 
5.51427 
6.00257 
6.59629 
7.19211 
7.67361 
7.96332 
8.04474 
7.92354 
7.62442 
7.21513 
6.78195 
6.39971 
6.12412 
5.98318 
5.97877 
6.10726 
6.3574 
6.69333 
7.06302 
7.41601 
7.71424 
7.935 
8.06781 
8.12168 
8.12072 
8.07872 
7.99848 
7.88118 
7.72395 
7.52276 
7.29044 
7.08013 
6.95847 
6.9559 
7.10608 
7.45505 
7.97682 
8.57917 
9.16291 
9.64627 
9.98391 
10.1768 
10.277 
10.379 
10.5799 
10.9343 
11.4369 
12.0147 
12.5343 
12.8702 
12.9695 
12.8261 
12.4813 
12.0573 
11.6895 
11.4467 
11.3441 
11.3913 
11.516 
11.5678 
11.499 
11.3415 
11.1742 
11.127 
11.264 
11.5956 
12.127 
12.8303 
13.6341 
14.4408 
15.152 
15.6923 
16.024 
16.1404 
16.0448 
15.7915 
15.5028 
15.2755 
15.1431 
15.0979 
15.0969 
15.0737 
14.9599 
14.7129 
14.3313 
13.8648 
13.4142 
13.1016 
13.0155 
13.1836 
13.5846 
14.1474 
14.7634 
15.3203 
15.7236 
15.9263 
15.9326 
15.7529 
15.4101 
14.9786 
14.5675 
14.2845 
14.2003 
14.3355 
14.6659 
15.1093 
15.5392 
15.8213 
15.859 
15.6212 
15.1287 
14.4529 
13.7025 
12.9855 
12.3772 
11.9099 
11.5857 
11.3861 
11.2795 
11.2397 
11.2584 
11.3377 
11.4858 
11.715 
12.0302 
12.4228 
12.8719 
13.3468 
13.8091 
14.2083 
14.4852 
14.5967 
14.5298 
14.3092 
14.0771 
14.0425 
14.3086 
14.9363 
15.9899 
17.4168 
19.0382 
20.6305 
21.9773 
22.9114 
23.348 
23.2676 
22.775 
22.1497 
21.6837 
21.5418 
21.7713 
22.314 
22.9804 
23.5076 
23.7053 
23.5146 
22.9872 
22.3032 
21.7377 
21.5069 
21.6796 
22.2738 
23.2711 
24.5177 
25.7936 
26.942 
27.8946 
28.6395 
29.1938 
29.5821 
29.8127 
29.8828 
29.7884 
29.5352 
29.1706 
28.8399 
28.7326 
28.9339 
29.4438 
30.2367 
31.2404 
32.3458 
33.4422 
34.4389 
35.261 
35.826 
36.0577 
35.9177 
35.3171 
34.1291 
32.3881 
30.3108 
28.1817 
26.2782 
24.8017 
23.841 
23.3973 
23.5223 
23.9641 
24.134 
23.8705 
23.2603 
22.2571 
20.8592 
19.1495 
17.2824 
15.4381 
13.759 
12.3118 
11.0947 
10.0516 
9.09275 
8.13744 
7.14935 
6.14457 
5.18078 
4.32967 
3.64593 
3.149 
2.81814 
2.59946 
2.42649 
2.24615 
2.03144 
1.77714 
1.49438 
1.20551 
0.933726 
0.69489 
0.497105 
0.343865 
0.235477 
0.168449 
0.137686 
0.140518 
0.168488 
0.203871 
0.233372 
0.250408 
0.250957 
0.233948 
0.201034 
0.15759 
0.11128 
0.0691918 
0.0362706 
0.0146457 
0.0035611 
0 
0 
0 
0 
0 
0 
0 
0 
0 
0 
0 
0 
0 
0 
0 
0 
0 
0 
0 
0 
0 
0 
0 
0 
0 
0 
0 
0 
0 
0 
0 
0 
0 
0 
0 
0 
0 
0 
0 
0 
0 
0 
0 
0 
0 
0 
0 
0 
0 
0 
0 
0 
0 
0 
0 
0 
0 
0 
0 
0 
0 
0 
0 
0 
0 
0 
0 
0 
0 
0 
0 
0 
0 
0 
0 
0 
0 
0 
0 
0 
0 
0 
0 
0 
0 
0 
0 
0 
0 
0 
0 
0 
0 
0 
0 
0 
0 
0 
0 
0 
0 
0 
0 
0 
0 
0 
0 
0 
0 
0 
0 
0 
0 
0 
0 
0 
0 
0 
0 
0 
0 
0 
0 
0 
0 
0 
0 
0 
0 
0 
0 
0 
0 
0 
0 
0 
0 
0 
0 
0 
0 
0 
0 
0 
0 
0 
0 
0 
0 
0 
0 
0 
0 
0 
0 
0 
0 
0 
0 
0 
0 
0 
0 
0 
0 
0 
0 
0 
0 
0 
0 
0 
0 
0 
0 
0 
0 
0 
0 
0 
0 
0 
0 
0 
0 
0 
0 
0 
0 
0 
0 
0 
0 
0 
0 
0 
0 
0 
0 
0 
0 
0 
0 
0 
0 
0 
0 
0 
0 
0 
0 
0 
0 
0 
0 
0 
0 
0 
0 
0 
0 
0 
0 
0 
0 
0 
0 
0 
0 
0 
0 
0 
0 
0 
0 
0 
0 
0 
0 
0 
0 
0 
0 
0 
0 
0 
0 
0 
0 
0 
0 
0 
0 
0 
0 
0 
0 
0 
0 
0 
0 
0 
0 
0 
0 
0 
0 
0 
0 
0 
0 
0 
0 
0 
0 
0 
0 
0 
0 
0 
0 
0 
0 
0 
0 
0 
0 
0 
0 
0 
0 
0 
0 
0 
0 
0 
0 
0 
0 
0 
0 
0 
0 
0 
0 
0 
0 
0 
0 
0 
0 
0 
0 
0 
0 
0 
0 
0 
0 
0 
0 
0 
0 
0 
0 
0 
0 
0 
0 
0 
0 
0 
0 
0 
0 
0 
0 
0 
0 
0 
0 
0 
0 
0 
0 
0 
0 
0 
0 
0 
0 
0 
0 
0 
0 
0 
0 
0 
0 
0 
0 
0 
0 
0 
0 
0 
0 
0 
0 
0 
0 
0 
0 
0 
0 
0 
0 
0 
0 
0 
0 
0 
0 
0 
0 
0 
0 
0 
0 
0 
0 
0 
0 
0 
0 
0 
0 
0 
0 
0 
0 
0 
0 
0 
0 
0 
0 
0 
0 
0 
0 
0 
0 
0 
0 
0 
0 
0 
0 
0 
0 
0 
0 
0 
0 
0 
0 
0 
0 
0 
0 
0 
0 
0 
0 
0 
0 
0 
0 
0 
0 
0 
0 
0 
0 
0 
0 
0 
0 
0 
0 
0 
0 
0 
0 
0 
0 
0 
0 
0 
0 
0 
0 
0 
0 
0 
0 
0 
0 
0 
0 
0 
0 
0 
0 
0 
0 
0 
0 
0 
0 
0 
0 
0 
0 
0 
0 
0 
0 
0 
0 
0 
0 
0 
0 
0 
0 
0 
0 
0 
0 
0 
0 
0 
0 
0 
0 
0 
0 
0 
0 
0 
0 
0 
0 
0 
0 
0 
0 
0 
0 
0 
0 
0 
0 
0 
0 
0 
0 
0 
0 
0 
0 
0 
0 
0 
0 
0 
0 
0 
0 
0 
0 
0 
0 
0 
0 
0 
0 
0 
0 
0 
0 
0 
0 
0 
0 
0 
0 
0 
0 
0 
0 
0 
0 
0 
0 
0 
0 
0 
0 
0 
0 
0 
0 
0 
0 
0 
0 
0 
0 
0 
0 
0 
0 
0 
0 
0 
0 
0 
0 
0 
0 
0 
0 
0 
0 
0 
0 
0 
0 
0 
0 
0 
0 
0 
0 
0 
0 
0 
0 
0 
0 
0 
0 
0 
0 
0 
0 
0 
0 
0 
0 
0 
0 
0 
0 
0 
0 
0 
0 
0 
0 
0 
0 
0 
0 
0 
0 
0 
0 
0 
0 
0 
0 
0 
0 
0 
0 
0 
0 
0 
0 
0 
0 
0 
0 
0 
0 
0 
0 
0 
0 
0 
0 
0 
0 
0 
0 
0 
0 
0 
0 
0 
0 
0 
0 
0 
0 
0 
0 
0 
0 
0 
0 
0 
0 
0 
0 
0 
0 
0 
0 
0 
0 
0 
0 
0 
0 
0 
0 
0 
0 
0 
0 
0 
0 
0 
0 
0 
0 
0 
0 
0 
0 
0 
0 
0 
0 
0 
0 
0 
0 
0 
0 
0 
0 
0 
0 
0 
0 
0 
0 
0 
0 
0 
0 
0 
0 
0 
0 
0 
0 
0 
0 
0 
0 
0 
0 
0 
0 
0 
0 
0 
0 
0 
0 
0 
0 
0 
0 
0 
0 
0 
0 
0 
0 
0 
0 
0 
0 
0 
0 
0 
0 
0 
0 
0 
0 
0 
0 
0 
0 
0 
0 
0 
0 
0 
0 
0 
0 
0 
0 
0 
0 
0 
0 
0 
0 
0 
0 
0 
0 
0 
0 
0 
0 
0 
0 
0 
0 
0 
0 
0 
0 
0 
0 
0 
0 
0 
0 
0 
0 
0 
0 
0 
0 
0 
0 
0 
0 
0 
0 
0 
0 
0 
0 
0 
0 
0 
0 
0 
0 
0 
0 
0 
0 
0 
0 
0 
0 
0 
0 
0 
0 
0 
0 
0 
0 
0 
0 
0 
0 
0 
0 
0 
0 
0 
0 
0 
0 
0 
0 
0 
0 
0 
0 
0 
0 
0 
0 
0 
0 
0 
0 
0 
0 
0 
0 
0 
0 
0 
0 
0 
0 
0 
0 
0 
0 
0 
0 
0 
0 
0 
0 
0 
0 
0 
0 
0 
0 
0 
0 
0 
0 
0 
0 
0 
0 
0 
0 
0 
0 
0 
0 
0 
0 
0 
0 
0 
0 
0 
0 
0 
0 
0 
0 
0 
0 
0 
0 
0 
0 
0 
0 
0 
0 
0 
0 
0 
0 
0 
0 
0 
0 
0 
0 
0 
0 
0 
0 
0 
0 
0 
0 
0 
0 
0 
0 
0 
0 
0 
0 
0 
0 
0 
0 
0 
0 
0 
0 
0 
0 
0 
0 
0 
0 
0 
0 
0 
0 
0 
0 
0 
0 
0 
0 
0 
0 
0 
0 
0 
0 
0 
0 
0 
0 
0 
0 
0 
0 
0 
0 
0 
0 
0 
0 
0 
0 
0 
0 
0 
0 
0 
0 
0 
0 
0 
0 
0 
0 
0 
0 
0 
0 
0 
0 
0 
0 
0 
0 
0 
0 
0 
0 
0 
0 
0 
0 
0 
0 
0 
0 
0 
0 
0 
0 
0 
0 
0 
0 
0 
0 
0 
0 
0 
0 
0 
0 
0 
0 
0 
0 
0 
0 
0 
0 
0 
0 
0 
0 
0 
0 
0 
0 
0 
0 
0 
0 
0 
0 
0 
0 
0 
0 
0 
0 
0 
0 
0 
0 
0 
0 
0 
0 
0 
0 
0 
0 
0 
0 
0 
0 
0 
0 
0 
0 
0 
0 
0 
0 
0 
0 
0 
0 
0 
0 
0 
0 
0 
0 
0 
0 
0 
0 
0 
0 
0 
0 
0 
0 
0 
0 
0 
0 
0 
0 
0 
0 
0 
0 
0 
0 
0 
0 
0 
0 
0 
0 
0 
0 
0 
0 
0 
0 
0 
0 
0 
0 
0 
0 
0 
0 
0 
0 
0 
0 
0 
0 
0 
0 
0 
0 
0 
0 
0 
0 
0 
0 
0 
0 
0 
0 
0 
0 
0 
0 
0 
0 
0 
0 
0 
0 
0 
0 
0 
0 
0 
0 
0 
0 
0 
0 
0 
0 
0 
0 
0 
0 
0 
0 
0 
0 
0 
0 
0 
0 
0 
0 
0 
0 
0 
0 
0 
0 
0 
0 
0 
0 
0 
0 
0 
0 
0 
0 
0 
0 
0 
0 
0 
0 
0 
0 
0 
0 
0 
0 
0 
0 
0 
0 
0 
0 
0 
0 
0 
0 
0 
0 
0 
0 
0 
0 
0 
0 
0 
0 
0 
0 
0 
0 
0 
0 
0 
0 
0 
0 
0 
0 
0 
0 
0 
0 
0 
0 
0 
0 
0 
0 
0 
0 
0 
0 
0 
0 
0 
0 
0 
0 
0 
0 
0 
0 
0 
0 
0 
0 
0 
0 
0 
0 
0 
0 
0 
0 
0 
0 
0 
0 
0 
0 
0 
0 
0 
0 
0 
0 
0 
0 
0 
0 
0 
0 
0 
0 
0 
0 
0 
0 
0 
0 
0 
0 
0 
0 
0 
0 
0 
0 
0 
0 
0 
0 
0 
0 
0 
0 
0 
0 
0 
0 
0 
0 
0 
0 
0 
0 
0 
0 
0 
0 
0 
0 
0 
0 
0 
0 
0 
0 
0 
0 
0 
0 
0 
0 
0 
0 
0 
0 
0 
0 
0 
0 
0 
0 
0 
0 
0 
0 
0 
0 
0 
0 
0 
0 
0 
0 
0 
0 
0 
0 
0 
0 
0 
0 
0 
0 
0 
0 
0 
0 
0 
0 
0 
0 
0 
0 
0 
0 
0 
0 
0 
0 
0 
0 
0 
0 
0 
0 
0 
0 
0 
0 
0 
0 
0 
0 
0 
0 
0 
0 
0 
0 
0 
0 
0 
0 
0 
0 
0 
0 
0 
0 
0 
0 
0 
0 
0 
0 
0 
0 
0 
0 
0 
0 
0 
0 
0 
0 
0 
0 
0 
0 
0 
0 
0 
0 
0 
0 
0 
0 
0 
0 
0 
0 
0 
0 
0 
0 
0 
0 
0 
0 
0 
0 
0 
0 
0 
0 
0 
0 
0 
0 
0 
0 
0 
0 
0 
0 
0 
0 
0 
0 
0 
0 
0 
0 
0 
0 
0 
0 
0 
0 
0 
0 
0 
0 
0 
0 
0 
0 
0 
0 
0 
0 
0 
0 
0 
0 
0 
0 
0 
0 
0 
0 
0 
0 
0 
0 
0 
0 
0 
0 
0 
0 
0 
0 
0 
0 
0 
0 
0 
0 
0 
0 
0 
0 
0 
0 
0 
0 
0 
0 
0 
0 
0 
0 
0 
0 
0 
0 
0 
0 
0 
0 
0 
0 
0 
0 
0 
0 
0 
0 
0 
0 
0 
0 
0 
0 
0 
0 
0 
0 
0 
0 
0 
0 
0 
0 
0 
0 
0 
0 
0 
0 
0 
0 
0 
0 
0 
0 
0 
0 
0 
0 
0 
0 
0 
0 
0 
0 
0 
0 
0 
0 
0 
0 
0 
0 
0 
0 
0 
0 
0 
0 
0 
0 
0 
0 
0 
0 
0 
0 
0 
0 
0 
0 
0 
0 
0 
0 
0 
0 
0 
0 
0 
0 
0 
0 
0 
0 
0 
0 
0 
0 
0 
0 
0 
0 
0 
0 
0 
0 
0 
0 
0 
0 
0 
0 
0 
0 
0 
0 
0 
0 
0 
0 
0 
0 
0 
0 
0 
0 
0 
0 
0 
0 
0 
0 
0 
0 
0 
0 
0 
0 
0 
0 
0 
0 
0 
0 
0 
0 
0 
0 
0 
0 
0 
0 
0 
0 
0 
0 
0 
0 
0 
0 
0 
0 
0 
0 
0 
0 
0 
0 
0 
0 
0 
0 
0 
0 
0 
0 
0 
0 
0 
0 
0 
0 
0 
0 
0 
0 
0 
0 
0 
0 
0 
0 
0 
0 
0 
0 
0 
0 
0 
0 
0 
0 
0 
0 
0 
0 
0 
0 
0 
0 
0 
0 
0 
0 
0 
0 
0 
0 
0 
0 
0 
0 
0 
0 
0 
0 
0 
0 
0 
0 
0 
0 
0 
0 
0 
0 
0 
0 
0 
0 
0 
0 
0 
0 
0 
0 
0 
0 
0 
0 
0 
0 
0 
0 
0 
0 
0 
0 
0 
0 
0 
0 
0 
0 
0 
0 
0 
0 
0 
0 
0 
0 
0 
0 
0 
0 
0 
0 
0 
0 
0 
0 
0 
0 
0 
0 
0 
0 
0 
0 
0 
0 
0 
0 
0 
0 
0 
0 
0 
0 
0 
0 
0 
0 
0 
0 
0 
0 
0 
0 
0 
0 
0 
0 
0 
0 
0 
0 
0 
0 
0 
0 
0 
0 
0 
0 
0 
0 
0 
0 
0 
0 
0 
0 
0 
0 
0 
0 
0 
0 
0 
0 
0 
0 
0 
0 
0 
0 
0 
0 
0 
0 
0 
0 
0 
0 
0 
0 
0 
0 
0 
0 
0 
0 
0 
0 
0 
0 
0 
0 
0 
0 
0 
0 
0 
0 
0 
0 
0 
0 
0 
0 
0 
0 
0 
0 
0 
0 
0 
0 
0 
0 
0 
0 
0 
0 
0 
0 
0 
0 
0 
0 
0 
0 
0 
0 
0 
0 
0 
0 
0 
0 
0 
0 
0 
0 
0 
0 
0 
0 
0 
0 
0 
0 
0 
0 
0 
0 
0 
0 
0 
0 
0 
0 
0 
0 
0 
0 
0 
0 
0 
0 
0 
0 
0 
0 
0 
0 
0 
0 
0 
0 
0 
0 
0 
0 
0 
0 
0 
0 
0 
0 
0 
0 
0 
0 
0 
0 
0 
0 
0 
0 
0 
0 
0 
0 
0 
0 
0 
0 
0 
0 
0 
0 
0 
0 
0 
0 
0 
0 
0 
0 
0 
0 
0 
0 
0 
0 
0 
0 
0 
0 
0 
0 
0 
0 
0 
0 
0 
0 
0 
0 
0 
0 
0 
0 
0 
0 
0 
0 
0 
0 
0 
0 
0 
0 
0 
0 
0 
0 
0 
0 
0 
0 
0 
0 
0 
0 
0 
0 
0 
0 
0 
0 
0 
0 
0 
0 
0 
0 
0 
0 
0 
0 
0 
0 
0 
0 
0 
0 
0 
0 
0 
0 
0 
0 
0 
0 
0 
0 
0 
0 
0 
0 
0 
0 
0 
0 
0 
0 
0 
0 
0 
0 
0 
0 
0 
0 
0 
0 
0 
0 
0 
0 
0 
0 
0 
0 
0 
0 
0 
0 
0 
0 
0 
0 
0 
0 
0 
0 
0 
0 
0 
0 
0 
0 
0 
0 
0 
0 
0 
0 
0 
0 
0 
0 
0 
0 
0 
0 
0 
0 
0 
0 
0 
0 
0 
0 
0 
0 
0 
0 
0 
0 
0 
0 
0 
0 
0 
0 
0 
0 
0 
0 
0 
0 
0 
0 
0 
0 
0 
0 
0 
0 
0 
0 
0 
0 
0 
0 
0 
0 
0 
0 
0 
0 
0 
0 
0 
0 
0 
0 
0 
0 
0 
0 
0 
0 
0 
0 
0 
0 
0 
0 
0 
0 
0 
0 
0 
0 
0 
0 
0 
0 
0 
0 
0 
0 
0 
0 
0 
0 
0 
0 
0 
0 
0 
0 
0 
0 
0 
0 
0 
0 
0 
0 
0 
0 
0 
0 
0 
0 
0 
0 
0 
0 
0 
0 
0 
0 
0 
0 
0 
0 
0 
0 
0 
0 
0 
0 
0 
0 
0 
0 
0 
0 
0 
0 
0 
0 
0 
0 
0 
0 
0 
0 
0 
0 
0 
0 
0 
0 
0 
0 
0 
0 
0 
0 
0 
0 
0 
0 
0 
0 
0 
0 
0 
0 
0 
0 
0 
0 
0 
0 
0 
0 
0 
0 
0 
0 
0 
0 
0 
0 
0 
0 
0 
0 
0 
0 
0 
0 
0 
0 
0 
0 
0 
0 
0 
0 
0 
0 
0 
0 
0 
0 
0 
0 
0 
0 
0 
0 
0 
0 
0 
0 
0 
0 
0 
0 
0 
0 
0 
0 
0 
0 
0 
0 
0 
0 
0 
0 
0 
0 
0 
0 
0 
0 
0 
0 
0 
0 
0 
0 
0 
0 
0 
0 
0 
0 
0 
0 
0 
0 
0 
0 
0 
0 
0 
0 
0 
0 
0 
0 
0 
0 
0 
0 
0 
0 
0 
0 
0 
0 
0 
0 
0 
0 
0 
0 
0 
0 
0 
0 
0 
0 
0 
0 
0 
0 
0 
0 
0 
0 
0 
0 
0 
0 
0 
0 
0 
0 
0 
0 
0 
0 
0 
0 
0 
0 
0 
0 
0 
0 
0 
0 
0 
0 
0 
0 
0 
0 
0 
0 
0 
0 
0 
0 
0 
0 
0 
0 
0 
0 
0 
0 
0 
0 
0 
0 
0 
0 
0 
0 
0 
0 
0 
0 
0 
0 
0 
0 
0 
0 
0 
0 
0 
0 
0 
0 
0 
0 
0 
0 
0 
0 
0 
0 
0 
0 
0 
0 
0 
0 
0 
0 
0 
0 
0 
0 
0 
0 
0 
0 
0 
0 
0 
0 
0 
0 
0 
0 
0 
0 
0 
0 
0 
0 
0 
0 
0 
0 
0 
0 
0 
0 
0 
0 
0 
0 
0 
0 
0 
0 
0 
0 
0 
0 
0 
0 
0 
0 
0 
0 
0 
0 
0 
0 
0 
0 
0 
0 
0 
0 
0 
0 
0 
0 
0 
0 
0 
0 
0 
0 
0 
0 
0 
0 
0 
0 
0 
0 
0 
0 
0 
0 
0 
0 
0 
0 
0 
0 
0 
0 
0 
0 
0 
0 
0 
0 
0 
0 
0 
0 
0 
0 
0 
0 
0 
0 
0 
0 
0 
0 
0 
0 
0 
0 
0 
0 
0 
0 
0 
0 
0 
0 
0 
0 
0 
0 
0 
0 
0 
0 
0 
0 
0 
0 
0 
0 
0 
0 
0 
0 
0 
0 
0 
0 
0 
0 
0 
0 
0 
0 
0 
0 
0 
0 
0 
0 
0 
0 
0 
0 
0 
0 
0 
0 
0 
0 
0 
0 
0 
0 
0 
0 
0 
0 
0 
0 
0 
0 
0 
0 
0 
0 
0 
0 
0 
0 
0 
0 
0 
0 
0 
0 
0 
0 
0 
0 
0 
0 
0 
0 
0 
0 
0 
0 
0 
0 
0 
0 
0 
0 
0 
0 
0 
0 
0 
0 
0 
0 
0 
0 
0 
0 
0 
0 
0 
0 
0 
0 
0 
0 
0 
0 
0 
0 
0 
0 
0 
0 
0 
0 
0 
0 
0 
0 
0 
0 
0 
0 
0 
0 
0 
0 
0 
0 
0 
0 
0 
0 
0 
0 
0 
0 
0 
0 
0 
0 
0 
0 
0 
0 
0 
0 
0 
0 
0 
0 
0 
0 
0 
0 
0 
0 
0 
0 
0 
0 
0 
0 
0 
0 
0 
0 
0 
0 
0 
0 
0 
0 
0 
0 
0 
0 
0 
0 
0 
0 
0 
0 
0 
0 
0 
0 
0 
0 
0 
0 
0 
0 
0 
0 
0 
0 
0 
0 
0 
0 
0 
0 
0 
0 
0 
0 
0 
0 
0 
0 
0 
0 
0 
0 
0 
0 
0 
0 
0 
0 
0 
0 
0 
0 
0 
0 
0 
0 
0 
0 
0 
0 
0 
0 
0 
0 
0 
0 
0 
0 
0 
0 
0 
0 
0 
0 
0 
0 
0 
0 
0 
0 
0 
0 
0 
0 
0 
0 
0 
0 
0 
0 
0 
0 
0 
0 
0 
0 
0 
0 
0 
0 
0 
0 
0 
0 
0 
0 
0 
0 
0 
0 
0 
0 
0 
0 
0 
0 
0 
0 
0 
0 
0 
0 
0 
0 
0 
0 
0 
0 
0 
0 
0 
0 
0 
0 
0 
0 
0 
0 
0 
0 
0 
0 
0 
0 
0 
0 
0 
0 
0 
0 
0 
0 
0 
0 
0 
0 
0 
0 
0 
0 
0 
0 
0 
0 
0 
0 
0 
0 
0 
0 
0 
0 
0 
0 
0 
0 
0 
0 
0 
0 
0 
0 
0 
0 
0 
0 
0 
0 
0 
0 
0 
0 
0 
0 
0 
0 
0 
0 
0 
0 
0 
0 
0 
0 
0 
0 
0 
0 
0 
0 
0 
0 
0 
0 
0 
0 
0 
0 
0 
0 
0 
0 
0 
0 
0 
0 
0 
0 
0 
0 
0 
0 
0 
0 
0 
0 
0 
0 
0 
0 
0 
0 
0 
0 
0 
0 
0 
0 
0 
0 
0 
0 
0 
0 
0 
0 
0 
0 
0 
0 
0 
0 
0 
0 
0 
0 
0 
0 
0 
0 
0 
0 
0 
0 
0 
0 
0 
0 
0 
0 
0 
0 
0 
0 
0 
0 
0 
0 
0 
0 
0 
0 
0 
0 
0 
0 
0 
0 
0 
0 
0 
0 
0 
0 
0 
0 
0 
0 
0 
0 
0 
0 
0 
0 
0 
0 
0 
0 
0 
0 
0 
0 
0 
0 
0 
0 
0 
0 
0 
0 
0 
0 
0 
0 
0 
0 
0 
0 
0 
0 
0 
0 
!IDEND=

