!FILE=Disk 
!KIND=Matrix 
!LABORATORY=Oslo Cyclotron Laboratory (OCL) 
!EXPERIMENT=SuN simulations 
!COMMENT=background
!TIME=2018-09-24 15:05:57
!CALIBRATION EkeV=6, 5.000000E+00, 1.000000E+01, 0.000000E+00
!PRECISION=16
!DIMENSION=1,0:1399
!CHANNEL=(0:1399)
2534 
0 
4 
28 
65 
67 
92 
72 
87 
95 
107 
122 
128 
146 
144 
157 
159 
182 
176 
202 
263 
321 
332 
305 
284 
286 
255 
281 
253 
255 
246 
240 
244 
226 
219 
229 
229 
242 
233 
189 
218 
199 
203 
212 
236 
223 
238 
203 
227 
204 
213 
212 
218 
220 
230 
216 
200 
189 
203 
209 
172 
192 
208 
215 
203 
208 
179 
175 
198 
192 
200 
203 
182 
212 
214 
197 
197 
213 
222 
217 
210 
229 
221 
195.998 
230.988 
226.932 
204.665 
218.527 
260.242 
234.004 
225.323 
144.029 
53.8444 
-111.603 
-400.755 
-678.258 
-665.097 
-719.633 
-266.637 
466.154 
878.363 
863.367 
1100.9 
716.742 
670.245 
529.397 
496.844 
430.029 
394.323 
440.004 
434.242 
342.527 
335.665 
331.932 
325.988 
313.998 
295 
301 
298 
235 
255 
264 
222 
230 
192 
216 
185 
176 
188 
183 
168 
170 
174 
146 
139 
148 
149 
149 
145 
157 
135 
148 
161 
116 
131 
124 
126 
135 
116 
105 
93 
128 
97 
99 
92 
117 
127 
124 
110 
93 
101 
98 
95 
101 
90 
106 
91 
96 
98 
90 
105 
83 
107 
95 
95 
98 
97 
108 
83 
92 
104 
87 
88 
81 
87 
82 
84 
78 
99 
88 
89 
84 
77 
80 
70 
89 
74 
89 
72 
79 
75 
70 
80 
69 
82 
68 
76 
76 
70 
84 
84 
73 
77 
56 
67 
81 
71 
74 
84 
74 
73 
70 
77 
72 
74 
50 
67 
89 
69 
69 
58 
73 
55 
60 
70 
48 
66 
68 
73 
68 
52 
69 
62 
52 
59 
50 
64 
57 
70 
70 
62 
56 
47 
48 
55 
51 
58 
49 
47 
53 
56 
55 
51 
51 
46 
65 
39 
54 
45 
50 
50 
44 
53 
51 
53 
58 
43 
37 
46 
41 
45 
34 
55 
36 
43 
38 
33 
45 
44 
32 
38 
49 
46 
33 
39 
39 
22 
32 
35 
36 
39 
43 
32 
45 
35 
31 
34 
28 
32 
27 
31 
35 
32 
33 
28 
34 
42 
27 
21 
27 
31 
26 
33 
32 
36 
35 
23 
28 
30 
28 
18 
23 
26 
23 
25 
13 
20 
20 
27 
25 
18 
14 
16 
24 
12 
9 
24 
12 
19 
18 
13 
12 
14 
16 
13 
16 
13 
9 
18 
18 
8 
18 
17 
9 
16 
12 
12 
14 
12 
8 
12 
14 
14 
9 
13 
10 
12 
11 
15 
12 
6 
10 
12 
5 
9 
14 
9 
2 
3 
5 
7 
6 
4 
9 
6 
1 
8 
6 
5 
10 
3 
5 
6 
4 
8 
6 
3 
6 
1 
3 
4 
3 
2 
0 
3 
3 
4 
2 
1 
4 
3 
2 
2 
1 
0 
0 
0 
1 
1 
0 
1 
2 
3 
1 
0 
1 
3 
2 
0 
2 
0 
0 
1 
2 
0 
1 
1 
0 
1 
0 
0 
1 
0 
0 
0 
0 
1 
0 
0 
1 
0 
0 
0 
0 
0 
0 
1 
0 
1 
0 
1 
0 
0 
0 
0 
0 
0 
0 
0 
0 
0 
0 
0 
0 
0 
0 
0 
0 
0 
0 
0 
0 
0 
0 
0 
0 
0 
0 
0 
0 
0 
0 
0 
0 
0 
0 
0 
0 
0 
0 
0 
0 
0 
0 
0 
0 
0 
0 
0 
0 
0 
0 
0 
0 
0 
0 
0 
0 
0 
0 
0 
0 
0 
0 
0 
0 
0 
0 
0 
0 
0 
0 
0 
0 
0 
0 
0 
0 
0 
0 
0 
0 
0 
0 
0 
0 
0 
0 
0 
0 
0 
0 
0 
0 
0 
0 
0 
0 
0 
0 
0 
0 
0 
0 
0 
0 
0 
0 
0 
0 
0 
0 
0 
0 
0 
0 
0 
0 
0 
0 
0 
0 
0 
0 
0 
0 
0 
0 
0 
0 
0 
0 
0 
0 
0 
0 
0 
0 
0 
0 
0 
0 
0 
0 
0 
0 
0 
0 
0 
0 
0 
0 
0 
0 
0 
0 
0 
0 
0 
0 
0 
0 
0 
0 
0 
0 
0 
0 
0 
0 
0 
0 
0 
0 
0 
0 
0 
0 
0 
0 
0 
0 
0 
0 
0 
0 
0 
0 
0 
0 
0 
0 
0 
0 
0 
0 
0 
0 
0 
0 
0 
0 
0 
0 
0 
0 
0 
0 
0 
0 
0 
0 
0 
0 
0 
0 
0 
0 
0 
0 
0 
0 
0 
0 
0 
0 
0 
0 
0 
0 
0 
0 
0 
0 
0 
0 
0 
0 
0 
0 
0 
0 
0 
0 
0 
0 
0 
0 
0 
0 
0 
0 
0 
0 
0 
0 
0 
0 
0 
0 
0 
0 
0 
0 
0 
0 
0 
0 
0 
0 
0 
0 
0 
0 
0 
0 
0 
0 
0 
0 
0 
0 
0 
0 
0 
0 
0 
0 
0 
0 
0 
0 
0 
0 
0 
0 
0 
0 
0 
0 
0 
0 
0 
0 
0 
0 
0 
0 
0 
0 
0 
0 
0 
0 
0 
0 
0 
0 
0 
0 
0 
0 
0 
0 
0 
0 
0 
0 
0 
0 
0 
0 
0 
0 
0 
0 
0 
0 
0 
0 
0 
0 
0 
0 
0 
0 
0 
0 
0 
0 
0 
0 
0 
0 
0 
0 
0 
0 
0 
0 
0 
0 
0 
0 
0 
0 
0 
0 
0 
0 
0 
0 
0 
0 
0 
0 
0 
0 
0 
0 
0 
0 
0 
0 
0 
0 
0 
0 
0 
0 
0 
0 
0 
0 
0 
0 
0 
0 
0 
0 
0 
0 
0 
0 
0 
0 
0 
0 
0 
0 
0 
0 
0 
0 
0 
0 
0 
0 
0 
0 
0 
0 
0 
0 
0 
0 
0 
0 
0 
0 
0 
0 
0 
0 
0 
0 
0 
0 
0 
0 
0 
0 
0 
0 
0 
0 
0 
0 
0 
0 
0 
0 
0 
0 
0 
0 
0 
0 
0 
0 
0 
0 
0 
0 
0 
0 
0 
0 
0 
0 
0 
0 
0 
0 
0 
0 
0 
0 
0 
0 
0 
0 
0 
0 
0 
0 
0 
0 
0 
0 
0 
0 
0 
0 
0 
0 
0 
0 
0 
0 
0 
0 
0 
0 
0 
0 
0 
0 
0 
0 
0 
0 
0 
0 
0 
0 
0 
0 
0 
0 
0 
0 
0 
0 
0 
0 
0 
0 
0 
0 
0 
0 
0 
0 
0 
0 
0 
0 
0 
0 
0 
0 
0 
0 
0 
0 
0 
0 
0 
0 
0 
0 
0 
0 
0 
0 
0 
0 
0 
0 
0 
0 
0 
0 
0 
0 
0 
0 
0 
0 
0 
0 
0 
0 
0 
0 
0 
0 
0 
0 
0 
0 
0 
0 
0 
0 
0 
0 
0 
0 
0 
0 
0 
0 
0 
0 
0 
0 
0 
0 
0 
0 
0 
0 
0 
0 
0 
0 
0 
0 
0 
0 
0 
0 
0 
0 
0 
0 
0 
0 
0 
0 
0 
0 
0 
0 
0 
0 
0 
0 
0 
0 
0 
0 
0 
0 
0 
0 
0 
0 
0 
0 
0 
0 
0 
0 
0 
0 
0 
0 
0 
0 
0 
0 
0 
0 
0 
0 
0 
0 
0 
0 
0 
0 
0 
0 
0 
0 
0 
0 
0 
0 
0 
0 
0 
0 
0 
0 
0 
0 
0 
0 
0 
0 
0 
0 
0 
0 
0 
0 
0 
0 
0 
0 
0 
0 
0 
0 
0 
0 
0 
0 
0 
0 
0 
0 
0 
0 
0 
0 
0 
0 
0 
0 
0 
0 
0 
0 
0 
0 
0 
0 
0 
0 
0 
0 
0 
0 
0 
0 
0 
0 
0 
0 
0 
0 
0 
0 
0 
0 
0 
0 
0 
0 
0 
0 
0 
0 
0 
0 
0 
0 
0 
0 
0 
0 
0 
0 
0 
0 
0 
0 
0 
0 
0 
0 
0 
0 
0 
0 
0 
0 
0 
0 
0 
0 
0 
0 
0 
0 
0 
0 
0 
0 
0 
0 
0 
0 
0 
0 
0 
0 
0 
0 
0 
0 
0 
0 
0 
0 
0 
0 
0 
0 
0 
0 
0 
0 
0 
0 
0 
0 
0 
0 
0 
0 
0 
0 
0 
0 
0 
0 
0 
0 
0 
0 
0 
0 
0 
0 
0 
0 
0 
0 
0 
0 
0 
0 
0 
0 
0 
0 
0 
0 
0 
0 
0 
0 
0 
0 
0 
0 
0 
0 
0 
0 
0 
0 
0 
0 
0 
0 
0 
0 
0 
0 
0 
0 
0 
0 
0 
0 
0 
0 
0 
0 
0 
0 
0 
0 
0 
0 
0 
0 
0 
0 
0 
0 
0 
0 
0 
0 
0 
0 
0 
0 
0 
0 
0 
0 
0 
0 
0 
0 
0 
0 
0 
0 
0 
0 
0 
0 
0 
0 
0 
0 
0 
0 
0 
0 
0 
0 
0 
0 
0 
0 
0 
0 
0 
0 
!IDEND=

