!FILE=Disk 
!KIND=Matrix 
!LABORATORY=Oslo Cyclotron Laboratory (OCL) 
!EXPERIMENT=SuN simulations 
!COMMENT=background
!TIME=2018-09-24 15:05:59
!CALIBRATION EkeV=6, 5.000000E+00, 1.000000E+01, 0.000000E+00
!PRECISION=16
!DIMENSION=1,0:1399
!CHANNEL=(0:1399)
175 
0 
0 
8 
18 
24 
29 
32 
28 
31 
35 
42 
33 
32 
32 
29 
31 
40 
47 
40 
53 
46 
47 
43 
46 
55 
51 
61 
52 
54 
62 
70 
66 
60 
75 
66 
73 
77 
61 
78 
63 
78 
70 
85 
93 
83 
70 
94 
86 
84 
101 
84 
104 
90 
106 
104 
80 
111 
95 
111 
128 
107 
118 
99 
92 
106 
120 
121 
111 
132 
103 
125 
127 
114 
132 
131 
135 
118 
107 
138 
157 
148 
144 
139 
160 
150 
156 
151 
161 
151 
145 
141 
167 
152 
148 
171 
138 
158 
170 
185 
185 
155 
164 
199 
203 
163 
188 
166 
169 
177 
186 
190 
217 
200 
193 
199 
193 
221 
207 
217 
236 
195 
224 
188 
195 
197 
227 
231 
216 
286 
235 
250 
230 
246 
221 
255 
274 
249 
237 
270 
283 
279 
267 
287 
303 
289 
313 
279 
279 
289 
309 
308 
297 
333 
320 
302 
357 
316 
303 
347 
362 
303 
348 
323 
433 
404 
373 
409 
428 
385 
413 
445 
408 
481 
487 
506 
515 
527.999 
523.996 
611.986 
593.952 
620.85 
678.558 
663.777 
717.815 
775.204 
807.061 
917.191 
927.067 
983.071 
1035.68 
980.471 
949.47 
789.778 
773.813 
621.447 
594.836 
340.937 
219.426 
93.9366 
143.426 
191.937 
131.836 
227.447 
319.813 
286.778 
312.47 
338.471 
358.684 
366.071 
326.067 
299.191 
260.061 
235.204 
238.815 
204.777 
239.558 
195.85 
218.952 
209.986 
203.996 
191.999 
188 
195 
206 
158 
177 
146 
140 
138 
150 
131 
137 
115 
141 
124 
124 
116 
128 
140 
116 
125 
119 
120 
108 
107 
115 
107 
116 
88 
118 
108 
109 
102 
101 
97 
114 
100 
99 
86 
95 
88 
88 
90 
91 
107 
80 
95 
91 
92 
82 
80 
76 
92 
73 
84 
79 
95 
87 
86 
83 
86 
77 
87 
74 
78 
77 
85 
70 
76 
82 
80 
82 
65 
58 
61 
68 
80 
97 
64 
74 
74 
58 
73 
73 
80 
70 
65 
66 
56 
78 
63 
71 
54 
73 
74 
77 
73 
58 
68 
68 
61 
61 
59 
65 
51 
60 
56 
52 
47 
45 
71 
42 
62 
54 
56 
52 
54 
55 
61 
55 
45 
45 
42 
52 
49 
55 
44 
47 
42 
38 
48 
52 
52 
46 
32 
48 
47 
51 
48 
41 
42 
44 
44 
46 
43 
54 
32 
47 
39 
49 
28 
38 
39 
42 
35 
54 
48 
32 
30 
28 
35 
39 
44 
35 
31 
30 
49 
37 
27 
24 
34 
39 
33 
26 
35 
34 
29 
34 
36 
26 
29 
30 
26 
24 
25 
28 
27 
29 
25 
21 
23 
31 
19 
32 
21 
22 
28 
20 
32 
24 
24 
31 
18 
28 
26 
17 
27 
26 
26 
23 
15 
19 
19 
12 
19 
16 
18 
23 
14 
18 
16 
23 
14 
19 
12 
11 
13 
12 
16 
21 
20 
14 
14 
22 
12 
9 
20 
14 
13 
5 
15 
18 
12 
12 
9 
17 
9 
10 
7 
11 
10 
7 
9 
13 
10 
10 
8 
12 
11 
7 
11 
7 
6 
8 
4 
8 
6 
2 
4 
5 
4 
8 
6 
4 
6 
3 
3 
5 
6 
3 
5 
0 
5 
2 
3 
4 
1 
5 
5 
2 
1 
3 
4 
0 
0 
5 
1 
2 
2 
1 
1 
2 
1 
0 
2 
1 
1 
1 
0 
0 
1 
1 
1 
1 
1 
0 
0 
1 
0 
1 
1 
0 
3 
2 
1 
2 
0 
0 
0 
0 
0 
0 
0 
0 
1 
1 
0 
0 
0 
0 
0 
0 
0 
0 
0 
0 
0 
0 
0 
0 
1 
0 
0 
0 
0 
0 
0 
0 
0 
0 
0 
0 
0 
0 
0 
0 
0 
0 
0 
0 
0 
0 
0 
0 
0 
0 
0 
0 
0 
0 
0 
0 
0 
0 
0 
0 
0 
0 
0 
0 
0 
0 
0 
0 
0 
0 
0 
0 
0 
0 
0 
0 
0 
0 
0 
0 
0 
0 
0 
0 
0 
0 
0 
0 
0 
0 
0 
0 
0 
0 
0 
0 
0 
0 
0 
0 
0 
0 
0 
0 
0 
0 
0 
0 
0 
0 
0 
0 
0 
0 
0 
0 
0 
0 
0 
0 
0 
0 
0 
0 
0 
0 
0 
0 
0 
0 
0 
0 
0 
0 
0 
0 
0 
0 
0 
0 
0 
0 
0 
0 
0 
0 
0 
0 
0 
0 
0 
0 
0 
0 
0 
0 
0 
0 
0 
0 
0 
0 
0 
0 
0 
0 
0 
0 
0 
0 
0 
0 
0 
0 
0 
0 
0 
0 
0 
0 
0 
0 
0 
0 
0 
0 
0 
0 
0 
0 
0 
0 
0 
0 
0 
0 
0 
0 
0 
0 
0 
0 
0 
0 
0 
0 
0 
0 
0 
0 
0 
0 
0 
0 
0 
0 
0 
0 
0 
0 
0 
0 
0 
0 
0 
0 
0 
0 
0 
0 
0 
0 
0 
0 
0 
0 
0 
0 
0 
0 
0 
0 
0 
0 
0 
0 
0 
0 
0 
0 
0 
0 
0 
0 
0 
0 
0 
0 
0 
0 
0 
0 
0 
0 
0 
0 
0 
0 
0 
0 
0 
0 
0 
0 
0 
0 
0 
0 
0 
0 
0 
0 
0 
0 
0 
0 
0 
0 
0 
0 
0 
0 
0 
0 
0 
0 
0 
0 
0 
0 
0 
0 
0 
0 
0 
0 
0 
0 
0 
0 
0 
0 
0 
0 
0 
0 
0 
0 
0 
0 
0 
0 
0 
0 
0 
0 
0 
0 
0 
0 
0 
0 
0 
0 
0 
0 
0 
0 
0 
0 
0 
0 
0 
0 
0 
0 
0 
0 
0 
0 
0 
0 
0 
0 
0 
0 
0 
0 
0 
0 
0 
0 
0 
0 
0 
0 
0 
0 
0 
0 
0 
0 
0 
0 
0 
0 
0 
0 
0 
0 
0 
0 
0 
0 
0 
0 
0 
0 
0 
0 
0 
0 
0 
0 
0 
0 
0 
0 
0 
0 
0 
0 
0 
0 
0 
0 
0 
0 
0 
0 
0 
0 
0 
0 
0 
0 
0 
0 
0 
0 
0 
0 
0 
0 
0 
0 
0 
0 
0 
0 
0 
0 
0 
0 
0 
0 
0 
0 
0 
0 
0 
0 
0 
0 
0 
0 
0 
0 
0 
0 
0 
0 
0 
0 
0 
0 
0 
0 
0 
0 
0 
0 
0 
0 
0 
0 
0 
0 
0 
0 
0 
0 
0 
0 
0 
0 
0 
0 
0 
0 
0 
0 
0 
0 
0 
0 
0 
0 
0 
0 
0 
0 
0 
0 
0 
0 
0 
0 
0 
0 
0 
0 
0 
0 
0 
0 
0 
0 
0 
0 
0 
0 
0 
0 
0 
0 
0 
0 
0 
0 
0 
0 
0 
0 
0 
0 
0 
0 
0 
0 
0 
0 
0 
0 
0 
0 
0 
0 
0 
0 
0 
0 
0 
0 
0 
0 
0 
0 
0 
0 
0 
0 
0 
0 
0 
0 
0 
0 
0 
0 
0 
0 
0 
0 
0 
0 
0 
0 
0 
0 
0 
0 
0 
0 
0 
0 
0 
0 
0 
0 
0 
0 
0 
0 
0 
0 
0 
0 
0 
0 
0 
0 
0 
0 
0 
0 
0 
0 
0 
0 
0 
0 
0 
0 
0 
0 
0 
0 
0 
0 
0 
0 
0 
0 
0 
0 
0 
0 
0 
0 
0 
0 
0 
0 
0 
0 
0 
0 
0 
0 
0 
0 
0 
0 
0 
0 
0 
0 
0 
0 
0 
0 
0 
0 
0 
0 
0 
0 
0 
0 
0 
0 
0 
0 
0 
0 
0 
0 
0 
0 
0 
0 
0 
0 
0 
0 
0 
0 
0 
0 
0 
0 
0 
0 
0 
0 
0 
0 
0 
0 
0 
0 
0 
0 
0 
0 
0 
0 
0 
0 
0 
0 
0 
0 
0 
0 
0 
0 
0 
0 
0 
0 
0 
0 
0 
0 
0 
0 
0 
0 
0 
0 
0 
0 
0 
0 
0 
0 
0 
0 
0 
0 
0 
0 
0 
0 
0 
0 
0 
0 
0 
0 
0 
0 
0 
0 
0 
0 
0 
0 
0 
0 
0 
0 
0 
0 
0 
0 
0 
0 
0 
0 
0 
0 
0 
0 
0 
0 
0 
0 
0 
0 
0 
0 
0 
0 
0 
0 
0 
0 
0 
0 
0 
0 
0 
0 
0 
0 
0 
0 
0 
0 
0 
0 
0 
0 
0 
0 
0 
0 
0 
0 
0 
0 
0 
0 
0 
0 
0 
0 
0 
0 
0 
0 
0 
0 
0 
0 
0 
0 
0 
0 
0 
0 
0 
0 
0 
0 
0 
0 
0 
0 
0 
0 
0 
0 
0 
0 
0 
0 
0 
0 
0 
0 
0 
0 
0 
0 
0 
0 
0 
0 
0 
0 
0 
0 
0 
0 
0 
0 
0 
0 
0 
!IDEND=

