!FILE=Disk 
!KIND=Matrix 
!LABORATORY=Oslo Cyclotron Laboratory (OCL) 
!EXPERIMENT=SuN simulations 
!COMMENT=background
!TIME=2018-09-24 15:05:59
!CALIBRATION EkeV=6, 5.000000E+00, 1.000000E+01, 0.000000E+00
!PRECISION=16
!DIMENSION=1,0:1399
!CHANNEL=(0:1399)
306 
0 
0 
9 
26 
26 
25 
31 
37 
30 
27 
38 
36 
23 
40 
40 
38 
42 
34 
35 
31 
40 
50 
54 
51 
46 
47 
53 
49 
50 
46 
50 
47 
50 
46 
47 
54 
55 
52 
47 
58 
54 
46 
59 
55 
45 
59 
57 
56 
70 
75 
75 
74 
60 
49 
67 
77 
68 
57 
63 
68 
80 
65 
58 
67 
66 
71 
73 
61 
79 
66 
72 
88 
79 
81 
69 
74 
70 
92 
80 
88 
97 
94 
67 
89 
83 
85 
88 
92 
91 
88 
84 
90 
92 
84 
95 
87 
98 
99 
90 
82 
87 
93 
92 
103 
104 
96 
110 
114 
103 
102 
92 
126 
106 
109 
116 
122 
118 
113 
119 
112 
106 
124 
103 
138 
137 
133 
136 
112 
119 
144 
141 
129 
105 
115 
132 
130 
131 
112 
136 
134 
136 
154 
139 
147 
159 
145 
145 
148 
137 
168 
162 
163 
140 
167 
158 
165 
159 
154 
166 
171 
157 
191 
197 
155 
190 
180 
192 
191 
189 
166 
194 
174 
189 
184 
167 
176 
201 
190 
203 
199 
220 
202 
213 
206 
223 
224 
178 
220 
222 
212 
235 
220 
197 
219 
199 
244 
237 
240 
217 
232 
254 
239 
229 
228 
236 
225 
243 
227 
246 
239 
258 
252 
281 
266 
267 
263 
286 
237 
272 
287 
271 
266 
287 
274 
273 
287 
280 
265 
342 
287 
299 
297 
292 
305 
319 
331 
289 
303 
334 
312 
322 
303 
299 
298 
299 
309 
328 
322 
301 
314 
336 
324 
352 
313 
320 
344 
314 
351 
349 
349 
364 
329 
329 
350 
353 
367 
364 
358 
382.999 
337.997 
339.993 
404.983 
408.959 
420.907 
442.793 
469.556 
465.078 
450.146 
460.389 
504.194 
522.582 
548.067 
542.5 
547.936 
581.567 
552.791 
629.49 
595.555 
549.695 
628.458 
592.341 
557.77 
492.69 
413.512 
442.257 
402.894 
378.054 
349.483 
263.723 
225.483 
216.054 
146.894 
155.257 
126.512 
149.69 
150.77 
196.341 
136.458 
131.695 
138.555 
166.49 
192.791 
154.567 
170.936 
93.5005 
148.067 
116.582 
131.194 
135.389 
126.146 
118.078 
117.556 
110.793 
95.9068 
95.9593 
111.983 
103.993 
86.9972 
91.9989 
90.9996 
67.9999 
86 
75 
93 
90 
76 
76 
87 
59 
74 
74 
63 
71 
76 
68 
56 
71 
75 
53 
48 
57 
48 
58 
57 
40 
39 
55 
66 
43 
45 
50 
42 
49 
54 
46 
39 
60 
57 
51 
48 
44 
32 
45 
43 
43 
34 
49 
39 
38 
27 
44 
33 
30 
32 
27 
38 
29 
32 
39 
43 
43 
41 
43 
26 
27 
37 
37 
26 
30 
30 
37 
20 
31 
22 
37 
37 
26 
28 
29 
27 
27 
31 
32 
24 
27 
29 
30 
21 
20 
23 
30 
26 
33 
25 
7 
27 
26 
26 
28 
14 
22 
24 
26 
24 
15 
14 
13 
17 
20 
12 
26 
24 
19 
17 
19 
20 
17 
13 
18 
12 
15 
11 
18 
15 
15 
9 
14 
22 
9 
14 
16 
9 
12 
8 
13 
8 
16 
13 
9 
9 
8 
11 
11 
12 
8 
10 
7 
14 
9 
11 
6 
6 
2 
8 
8 
7 
5 
7 
7 
4 
7 
8 
9 
16 
10 
5 
8 
12 
3 
5 
2 
8 
8 
5 
5 
1 
5 
6 
4 
4 
6 
2 
5 
4 
4 
1 
0 
3 
3 
5 
2 
3 
2 
4 
0 
1 
0 
0 
2 
1 
3 
1 
1 
2 
2 
1 
1 
2 
1 
0 
1 
0 
2 
0 
0 
2 
0 
0 
0 
0 
0 
1 
0 
0 
0 
0 
2 
0 
1 
0 
1 
0 
0 
0 
0 
0 
0 
0 
0 
0 
0 
0 
0 
0 
0 
0 
0 
0 
0 
0 
0 
0 
0 
0 
0 
0 
0 
0 
0 
0 
0 
0 
0 
0 
0 
0 
0 
0 
0 
0 
0 
0 
0 
0 
0 
0 
0 
0 
0 
0 
0 
0 
0 
0 
0 
0 
0 
0 
0 
0 
0 
0 
0 
0 
0 
0 
0 
0 
0 
0 
0 
0 
0 
0 
0 
0 
0 
0 
0 
0 
0 
0 
0 
0 
0 
0 
0 
0 
0 
0 
0 
0 
0 
0 
0 
0 
0 
0 
0 
0 
0 
0 
0 
0 
0 
0 
0 
0 
0 
0 
0 
0 
0 
0 
0 
0 
0 
0 
0 
0 
0 
0 
0 
0 
0 
0 
0 
0 
0 
0 
0 
0 
0 
0 
0 
0 
0 
0 
0 
0 
0 
0 
0 
0 
0 
0 
0 
0 
0 
0 
0 
0 
0 
0 
0 
0 
0 
0 
0 
0 
0 
0 
0 
0 
0 
0 
0 
0 
0 
0 
0 
0 
0 
0 
0 
0 
0 
0 
0 
0 
0 
0 
0 
0 
0 
0 
0 
0 
0 
0 
0 
0 
0 
0 
0 
0 
0 
0 
0 
0 
0 
0 
0 
0 
0 
0 
0 
0 
0 
0 
0 
0 
0 
0 
0 
0 
0 
0 
0 
0 
0 
0 
0 
0 
0 
0 
0 
0 
0 
0 
0 
0 
0 
0 
0 
0 
0 
0 
0 
0 
0 
0 
0 
0 
0 
0 
0 
0 
0 
0 
0 
0 
0 
0 
0 
0 
0 
0 
0 
0 
0 
0 
0 
0 
0 
0 
0 
0 
0 
0 
0 
0 
0 
0 
0 
0 
0 
0 
0 
0 
0 
0 
0 
0 
0 
0 
0 
0 
0 
0 
0 
0 
0 
0 
0 
0 
0 
0 
0 
0 
0 
0 
0 
0 
0 
0 
0 
0 
0 
0 
0 
0 
0 
0 
0 
0 
0 
0 
0 
0 
0 
0 
0 
0 
0 
0 
0 
0 
0 
0 
0 
0 
0 
0 
0 
0 
0 
0 
0 
0 
0 
0 
0 
0 
0 
0 
0 
0 
0 
0 
0 
0 
0 
0 
0 
0 
0 
0 
0 
0 
0 
0 
0 
0 
0 
0 
0 
0 
0 
0 
0 
0 
0 
0 
0 
0 
0 
0 
0 
0 
0 
0 
0 
0 
0 
0 
0 
0 
0 
0 
0 
0 
0 
0 
0 
0 
0 
0 
0 
0 
0 
0 
0 
0 
0 
0 
0 
0 
0 
0 
0 
0 
0 
0 
0 
0 
0 
0 
0 
0 
0 
0 
0 
0 
0 
0 
0 
0 
0 
0 
0 
0 
0 
0 
0 
0 
0 
0 
0 
0 
0 
0 
0 
0 
0 
0 
0 
0 
0 
0 
0 
0 
0 
0 
0 
0 
0 
0 
0 
0 
0 
0 
0 
0 
0 
0 
0 
0 
0 
0 
0 
0 
0 
0 
0 
0 
0 
0 
0 
0 
0 
0 
0 
0 
0 
0 
0 
0 
0 
0 
0 
0 
0 
0 
0 
0 
0 
0 
0 
0 
0 
0 
0 
0 
0 
0 
0 
0 
0 
0 
0 
0 
0 
0 
0 
0 
0 
0 
0 
0 
0 
0 
0 
0 
0 
0 
0 
0 
0 
0 
0 
0 
0 
0 
0 
0 
0 
0 
0 
0 
0 
0 
0 
0 
0 
0 
0 
0 
0 
0 
0 
0 
0 
0 
0 
0 
0 
0 
0 
0 
0 
0 
0 
0 
0 
0 
0 
0 
0 
0 
0 
0 
0 
0 
0 
0 
0 
0 
0 
0 
0 
0 
0 
0 
0 
0 
0 
0 
0 
0 
0 
0 
0 
0 
0 
0 
0 
0 
0 
0 
0 
0 
0 
0 
0 
0 
0 
0 
0 
0 
0 
0 
0 
0 
0 
0 
0 
0 
0 
0 
0 
0 
0 
0 
0 
0 
0 
0 
0 
0 
0 
0 
0 
0 
0 
0 
0 
0 
0 
0 
0 
0 
0 
0 
0 
0 
0 
0 
0 
0 
0 
0 
0 
0 
0 
0 
0 
0 
0 
0 
0 
0 
0 
0 
0 
0 
0 
0 
0 
0 
0 
0 
0 
0 
0 
0 
0 
0 
0 
0 
0 
0 
0 
0 
0 
0 
0 
0 
0 
0 
0 
0 
0 
0 
0 
0 
0 
0 
0 
0 
0 
0 
0 
0 
0 
0 
0 
0 
0 
0 
0 
0 
0 
0 
0 
0 
0 
0 
0 
0 
0 
0 
0 
0 
0 
0 
0 
0 
0 
0 
0 
0 
0 
0 
0 
0 
0 
0 
0 
0 
0 
0 
0 
0 
0 
0 
0 
0 
0 
0 
0 
0 
0 
0 
0 
0 
0 
0 
0 
0 
0 
0 
0 
0 
0 
0 
0 
0 
0 
0 
0 
0 
0 
0 
0 
0 
0 
0 
0 
0 
0 
0 
0 
0 
0 
0 
0 
0 
0 
0 
0 
0 
0 
0 
0 
0 
0 
0 
0 
0 
0 
0 
0 
0 
0 
0 
0 
0 
0 
0 
0 
0 
0 
0 
0 
0 
0 
0 
0 
0 
0 
0 
0 
0 
0 
0 
0 
0 
0 
0 
0 
0 
0 
0 
0 
0 
0 
0 
0 
!IDEND=

