!FILE=Disk 
!KIND=Matrix 
!LABORATORY=Oslo Cyclotron Laboratory (OCL) 
!EXPERIMENT=SuN simulations 
!COMMENT=background
!TIME=2018-09-24 15:05:59
!CALIBRATION EkeV=6, 5.000000E+00, 1.000000E+01, 0.000000E+00
!PRECISION=16
!DIMENSION=1,0:1399
!CHANNEL=(0:1399)
8075 
0 
1 
12 
57 
65 
66 
65 
64 
46 
54 
57 
63 
53 
64 
63 
69 
61 
56 
67 
75 
47 
74 
67 
83 
87 
81 
85 
83 
64 
71 
62 
68 
69 
52 
64 
71 
68 
67 
59 
53 
61 
56 
56 
62 
51 
70 
69 
62 
65 
78 
82 
86 
72 
66 
52 
39 
61 
57 
55 
63 
45 
65 
55 
56 
63 
64 
63 
53 
50 
68 
62 
59 
56 
48 
67 
48 
64 
58 
68 
65 
66 
59 
73 
69 
62 
62 
72 
65 
70 
63 
67 
68 
70 
67 
65 
62 
80 
85 
95 
100 
104 
96 
95 
92 
91 
84 
65 
79 
73 
67 
88 
73 
59 
65 
68 
82 
72 
71 
80 
76 
81 
90 
75 
90 
90 
76 
79 
98 
89 
65 
98 
99 
94 
102 
101 
96 
105 
119 
93 
99 
106 
102 
118 
104 
113 
104 
116 
120 
105 
101 
111 
109 
120 
128 
121 
135 
123 
125 
124 
124 
121 
106 
131 
125 
133 
109 
121 
104 
112 
139 
119 
120 
147 
128 
114 
158 
143 
152 
153 
147 
136 
159 
130 
162 
121 
165 
163 
143 
152 
175 
142 
165 
142 
167 
151 
159 
158 
141 
160 
144 
166 
179 
151 
156 
164 
154 
157 
169 
171 
152 
186 
169 
159 
181 
167 
172 
163 
162 
161 
161 
172 
148 
183 
181 
198 
156 
191 
183 
188 
191 
174 
168 
155 
206 
190 
165 
183 
181 
172 
178 
163 
173 
157 
173 
202 
186 
194 
180 
214 
163 
186 
182 
171 
182 
173 
209 
190 
186 
176 
207 
186 
182 
185 
200 
209 
204 
189 
175 
195 
218 
217 
185 
195 
190 
183 
199 
178 
203 
198 
190 
197 
179 
208 
187 
194 
203 
198 
207 
185 
197 
207 
191 
189 
238 
203 
183 
214 
203 
216 
219 
208 
182 
191 
237 
193 
197 
204 
211 
194 
200 
220 
202 
218 
187 
225 
203 
210 
199 
210 
210 
178 
200 
176 
192 
217 
219 
216 
227 
221 
186 
208 
203 
189 
199 
200 
214 
168 
198 
193 
194 
213 
181 
195 
185 
184 
172 
185 
197 
188 
180 
184 
172 
186 
176 
185 
194 
187 
189 
182 
184 
175 
160.999 
190.999 
178.997 
157.994 
167.988 
173.976 
150.952 
142.906 
156.819 
136.66 
144.375 
144.875 
157.021 
142.594 
112.266 
149.559 
158.795 
157.05 
132.102 
139.399 
140.054 
106.873 
136.45 
133.325 
93.2163 
96.3254 
107.684 
71.5137 
90.5492 
60.2584 
60.9109 
100.442 
110.096 
63.85 
56.6827 
7.74628 
137.563 
50.3495 
60.5632 
197.746 
201.683 
219.85 
153.096 
224.442 
276.911 
196.258 
250.549 
276.514 
241.684 
229.325 
178.216 
178.325 
171.45 
109.873 
121.054 
140.399 
89.1015 
81.0497 
75.795 
73.5585 
51.2659 
50.5938 
50.021 
52.8754 
47.375 
42.6602 
51.8193 
41.906 
20.9522 
33.9762 
34.9884 
29.9945 
24.9974 
24.9988 
27.9995 
13.9998 
24.9999 
26 
21 
16 
34 
23 
18 
20 
17 
18 
19 
20 
21 
13 
17 
13 
11 
12 
15 
7 
13 
15 
12 
13 
15 
10 
9 
12 
17 
15 
15 
6 
4 
10 
8 
7 
10 
12 
7 
9 
5 
15 
16 
4 
4 
7 
8 
5 
10 
8 
9 
10 
10 
8 
6 
9 
7 
8 
4 
6 
8 
5 
5 
1 
6 
2 
6 
4 
5 
5 
3 
3 
10 
3 
3 
1 
3 
2 
3 
5 
3 
3 
4 
3 
3 
2 
2 
1 
3 
1 
4 
0 
3 
2 
3 
1 
1 
1 
0 
2 
1 
0 
0 
4 
1 
2 
2 
1 
1 
3 
0 
2 
1 
0 
1 
0 
0 
0 
0 
0 
2 
2 
0 
0 
0 
0 
1 
0 
0 
1 
0 
1 
0 
0 
1 
0 
0 
0 
0 
0 
0 
0 
0 
0 
0 
0 
0 
0 
0 
1 
0 
0 
0 
0 
0 
1 
0 
1 
0 
0 
0 
0 
0 
0 
0 
0 
0 
0 
0 
0 
0 
0 
0 
0 
0 
0 
0 
0 
0 
0 
0 
0 
0 
0 
0 
0 
0 
0 
0 
0 
0 
0 
0 
0 
0 
0 
0 
0 
0 
0 
0 
0 
0 
0 
0 
0 
0 
0 
0 
0 
0 
0 
0 
0 
0 
0 
0 
0 
0 
0 
0 
0 
0 
0 
0 
0 
0 
0 
0 
0 
0 
0 
0 
0 
0 
0 
0 
0 
0 
0 
0 
0 
0 
0 
0 
0 
0 
0 
0 
0 
0 
0 
0 
0 
0 
0 
0 
0 
0 
0 
0 
0 
0 
0 
0 
0 
0 
0 
0 
0 
0 
0 
0 
0 
0 
0 
0 
0 
0 
0 
0 
0 
0 
0 
0 
0 
0 
0 
0 
0 
0 
0 
0 
0 
0 
0 
0 
0 
0 
0 
0 
0 
0 
0 
0 
0 
0 
0 
0 
0 
0 
0 
0 
0 
0 
0 
0 
0 
0 
0 
0 
0 
0 
0 
0 
0 
0 
0 
0 
0 
0 
0 
0 
0 
0 
0 
0 
0 
0 
0 
0 
0 
0 
0 
0 
0 
0 
0 
0 
0 
0 
0 
0 
0 
0 
0 
0 
0 
0 
0 
0 
0 
0 
0 
0 
0 
0 
0 
0 
0 
0 
0 
0 
0 
0 
0 
0 
0 
0 
0 
0 
0 
0 
0 
0 
0 
0 
0 
0 
0 
0 
0 
0 
0 
0 
0 
0 
0 
0 
0 
0 
0 
0 
0 
0 
0 
0 
0 
0 
0 
0 
0 
0 
0 
0 
0 
0 
0 
0 
0 
0 
0 
0 
0 
0 
0 
0 
0 
0 
0 
0 
0 
0 
0 
0 
0 
0 
0 
0 
0 
0 
0 
0 
0 
0 
0 
0 
0 
0 
0 
0 
0 
0 
0 
0 
0 
0 
0 
0 
0 
0 
0 
0 
0 
0 
0 
0 
0 
0 
0 
0 
0 
0 
0 
0 
0 
0 
0 
0 
0 
0 
0 
0 
0 
0 
0 
0 
0 
0 
0 
0 
0 
0 
0 
0 
0 
0 
0 
0 
0 
0 
0 
0 
0 
0 
0 
0 
0 
0 
0 
0 
0 
0 
0 
0 
0 
0 
0 
0 
0 
0 
0 
0 
0 
0 
0 
0 
0 
0 
0 
0 
0 
0 
0 
0 
0 
0 
0 
0 
0 
0 
0 
0 
0 
0 
0 
0 
0 
0 
0 
0 
0 
0 
0 
0 
0 
0 
0 
0 
0 
0 
0 
0 
0 
0 
0 
0 
0 
0 
0 
0 
0 
0 
0 
0 
0 
0 
0 
0 
0 
0 
0 
0 
0 
0 
0 
0 
0 
0 
0 
0 
0 
0 
0 
0 
0 
0 
0 
0 
0 
0 
0 
0 
0 
0 
0 
0 
0 
0 
0 
0 
0 
0 
0 
0 
0 
0 
0 
0 
0 
0 
0 
0 
0 
0 
0 
0 
0 
0 
0 
0 
0 
0 
0 
0 
0 
0 
0 
0 
0 
0 
0 
0 
0 
0 
0 
0 
0 
0 
0 
0 
0 
0 
0 
0 
0 
0 
0 
0 
0 
0 
0 
0 
0 
0 
0 
0 
0 
0 
0 
0 
0 
0 
0 
0 
0 
0 
0 
0 
0 
0 
0 
0 
0 
0 
0 
0 
0 
0 
0 
0 
0 
0 
0 
0 
0 
0 
0 
0 
0 
0 
0 
0 
0 
0 
0 
0 
0 
0 
0 
0 
0 
0 
0 
0 
0 
0 
0 
0 
0 
0 
0 
0 
0 
0 
0 
0 
0 
0 
0 
0 
0 
0 
0 
0 
0 
0 
0 
0 
0 
0 
0 
0 
0 
0 
0 
0 
0 
0 
0 
0 
0 
0 
0 
0 
0 
0 
0 
0 
0 
0 
0 
0 
0 
0 
0 
0 
0 
0 
0 
0 
0 
0 
0 
0 
0 
0 
0 
0 
0 
0 
0 
0 
0 
0 
0 
0 
0 
0 
0 
0 
0 
0 
0 
0 
0 
0 
0 
0 
0 
0 
0 
0 
0 
0 
0 
0 
0 
0 
0 
0 
0 
0 
0 
0 
0 
0 
0 
0 
0 
0 
0 
0 
0 
0 
0 
0 
0 
0 
0 
0 
0 
0 
0 
0 
0 
0 
0 
0 
0 
0 
0 
0 
0 
0 
0 
0 
0 
0 
0 
0 
0 
0 
0 
0 
0 
0 
0 
0 
0 
0 
0 
0 
0 
0 
0 
0 
0 
0 
0 
0 
0 
0 
0 
0 
0 
0 
0 
0 
0 
0 
0 
0 
0 
0 
0 
0 
0 
0 
0 
0 
0 
0 
0 
0 
0 
0 
0 
0 
0 
0 
0 
0 
0 
0 
0 
0 
0 
0 
0 
0 
0 
0 
0 
0 
0 
0 
0 
0 
0 
0 
0 
0 
0 
0 
0 
0 
0 
0 
0 
0 
0 
0 
0 
0 
0 
0 
0 
0 
0 
0 
0 
0 
0 
0 
0 
0 
0 
0 
0 
0 
0 
0 
0 
0 
0 
0 
0 
0 
0 
0 
0 
!IDEND=

