!FILE=Disk 
!KIND=Matrix 
!LABORATORY=Oslo Cyclotron Laboratory (OCL) 
!EXPERIMENT=SuN simulations 
!COMMENT=background
!TIME=2018-09-24 15:05:59
!CALIBRATION EkeV=6, 5.000000E+00, 1.000000E+01, 0.000000E+00
!PRECISION=16
!DIMENSION=1,0:1399
!CHANNEL=(0:1399)
644 
0 
2 
14 
13 
18 
30 
28 
40 
38 
34 
38 
40 
25 
26 
31 
40 
61 
45 
44 
55 
45 
44 
52 
41 
49 
45 
44 
44 
33 
29 
42 
45 
39 
45 
37 
38 
48 
39 
42 
46 
44 
39 
40 
46 
35 
37 
37 
46 
35 
37 
26 
33 
26 
42 
39 
38 
42 
35 
36 
34 
43 
36 
39 
27 
26 
35 
36 
43 
52 
37 
36 
33 
44 
38 
31 
37 
35 
34 
30 
45 
39 
32 
38 
47 
34 
47 
32 
27 
37 
34 
34 
43 
36 
47 
44 
42 
49 
36 
41 
49 
50 
44 
42 
55 
50 
38 
47 
42 
37 
48 
40 
45 
59 
42 
66 
48 
52 
45 
61 
44 
47 
60 
60 
48 
62 
48 
43 
46 
50 
61 
55 
43 
52 
44 
57 
36 
52 
50 
45 
63 
55 
58 
43 
55 
58 
71 
56 
58 
62 
56 
51 
62 
59 
48 
50 
55 
60 
64 
64 
52 
60 
65 
43 
59 
53 
55 
66 
77 
63 
68 
58 
59 
54 
64 
57 
62 
76 
66 
62 
61 
67 
55 
65 
60 
70 
59 
58 
81 
64 
66 
75 
63 
97 
64 
63 
54 
59 
72 
70 
50 
53 
63 
72 
74 
50 
56 
71 
59 
65 
62 
74 
61 
54 
76 
65 
60 
75 
83 
80 
75 
51 
60 
69 
98 
82 
80 
85 
68 
89 
78 
79 
66 
77 
72 
70 
80 
76 
80 
82 
82 
66 
79 
69 
68 
84 
83 
83 
95 
81 
72 
79 
78 
76 
88 
76 
92 
76 
85 
91 
86 
81 
83 
91 
87 
91 
83 
86 
73 
92 
77 
94 
84 
89 
96 
80 
79 
92 
109 
88 
102 
91 
91 
92 
80 
104 
98 
89 
103 
99 
91 
81 
115 
103 
93 
94 
101 
109 
101 
130 
97 
110 
102 
115 
95 
102 
111 
80 
104 
92 
86 
101 
94 
98 
116 
101 
108 
102 
93 
100 
100 
107 
104 
100 
103 
112 
106 
98 
103 
119 
105 
101 
114 
97 
123 
120 
121 
122 
99 
115 
107 
123 
114 
134 
125 
131 
110 
121 
101 
125 
105 
135 
114 
99 
102 
114 
117 
143 
124 
122 
138 
116 
129 
132 
133 
126 
110 
128 
124 
115 
114 
118 
120 
111 
138 
142 
121 
146 
143 
142 
127 
152 
170 
144 
160 
162 
154 
130 
130 
119 
149 
125 
165 
129 
138 
157 
116 
144 
154 
139 
126 
136 
116 
145 
138 
158 
160 
130 
149 
143 
132 
158 
140 
146 
118 
140 
162 
140 
128 
178 
154 
140 
144 
125 
145 
142 
154 
150 
151 
153 
146 
133 
180 
179 
158 
173 
157 
140 
150 
148 
170 
159 
154 
146 
178 
167 
159 
162 
139 
154 
164 
151 
177 
200 
156 
146 
146 
141 
165 
171 
182 
143 
163 
154 
158 
180 
175 
189 
179 
192 
159 
166 
176 
165 
172 
154 
170 
204 
177 
149 
183 
174 
181 
192 
160 
151 
173 
165 
175 
165 
186 
155 
162 
181 
168 
184 
201 
178 
160 
157 
176 
198 
167 
166 
185 
197 
174 
187 
182 
178 
168 
157 
162 
169 
169 
164 
171 
193 
165 
176 
188 
181 
179 
167 
182 
176 
189 
183 
181 
193 
192 
175 
189 
204 
184 
192 
179 
186 
166 
204 
197 
172 
177 
202 
190 
190 
172 
189 
181 
188 
184 
191 
206 
160 
179 
210 
149 
183 
201 
190 
184 
167 
178 
196 
187 
191 
179 
197 
173 
195 
191 
173 
186 
176 
202 
200 
188 
201 
206 
214 
206 
190 
217 
189 
191 
198 
201 
184 
207 
196 
177 
183 
208 
185 
176 
202 
192 
200 
198 
196 
205 
177 
179 
177 
211 
193 
181 
199 
181 
201 
184 
196 
187 
200 
181 
200 
198 
191 
180 
174 
198 
170 
182 
180 
186 
195 
198 
196 
201 
186 
205 
178 
206 
176 
170 
224 
213 
184 
181 
185 
195 
173 
178 
188 
163 
194 
188 
166 
173 
157 
191 
178 
165 
168 
166 
172 
158 
184 
171 
172 
159.999 
145.998 
161.996 
169.993 
163.986 
165.974 
146.952 
141.915 
146.851 
173.742 
151.563 
151.272 
150.808 
155.085 
171.978 
173.316 
197.867 
169.33 
182.324 
181.376 
214.929 
210.343 
204.921 
226.941 
229.711 
234.63 
226.272 
230.469 
196.392 
201.628 
209.223 
176.695 
161.01 
152.498 
125.733 
124.371 
69.9562 
91.7308 
84.4484 
77.2264 
-3.55162 
30.7308 
24.9562 
79.3709 
90.7335 
124.498 
127.01 
123.695 
146.223 
185.628 
159.392 
154.469 
159.272 
154.63 
127.711 
103.941 
117.921 
109.343 
78.9291 
65.3763 
59.3237 
39.3303 
24.8667 
31.3156 
15.9783 
17.0854 
13.8084 
11.2715 
10.5626 
5.74199 
1.85051 
5.91493 
-0.0475574 
0.973886 
2.98592 
0.992538 
-0.00388314 
-0.00198493 
-0.000996633 
-0.000491534 
-0.000238123 
-0.000113312 
-5.29638e-05 
-2.43171e-05 
-1.09666e-05 
-4.85802e-06 
-2.11386e-06 
-9.03486e-07 
0 
0 
0 
0 
0 
0 
0 
0 
0 
0 
0 
0 
0 
0 
0 
0 
0 
0 
0 
0 
0 
0 
0 
0 
0 
0 
0 
0 
0 
0 
0 
0 
0 
0 
0 
0 
0 
0 
0 
0 
0 
0 
0 
0 
0 
0 
0 
0 
0 
0 
0 
0 
0 
0 
0 
0 
0 
0 
0 
0 
0 
0 
0 
0 
0 
0 
0 
0 
0 
0 
0 
0 
0 
0 
0 
0 
0 
0 
0 
0 
0 
0 
0 
0 
0 
0 
0 
0 
0 
0 
0 
0 
0 
0 
0 
0 
0 
0 
0 
0 
0 
0 
0 
0 
0 
0 
0 
0 
0 
0 
0 
0 
0 
0 
0 
0 
0 
0 
0 
0 
0 
0 
0 
0 
0 
0 
0 
0 
0 
0 
0 
0 
0 
0 
0 
0 
0 
0 
0 
0 
0 
0 
0 
0 
0 
0 
0 
0 
0 
0 
0 
0 
0 
0 
0 
0 
0 
0 
0 
0 
0 
0 
0 
0 
0 
0 
0 
0 
0 
0 
0 
0 
0 
0 
0 
0 
0 
0 
0 
0 
0 
0 
0 
0 
0 
0 
0 
0 
0 
0 
0 
0 
0 
0 
0 
0 
0 
0 
0 
0 
0 
0 
0 
0 
0 
0 
0 
0 
0 
0 
0 
0 
0 
0 
0 
0 
0 
0 
0 
0 
0 
0 
0 
0 
0 
0 
0 
0 
0 
0 
0 
0 
0 
0 
0 
0 
0 
0 
0 
0 
0 
0 
0 
0 
0 
0 
0 
0 
0 
0 
0 
0 
0 
0 
0 
0 
0 
0 
0 
0 
0 
0 
0 
0 
0 
0 
0 
0 
0 
0 
0 
0 
0 
0 
0 
0 
0 
0 
0 
0 
0 
0 
0 
0 
0 
0 
0 
0 
0 
0 
0 
0 
0 
0 
0 
0 
0 
0 
0 
0 
0 
0 
0 
0 
0 
0 
0 
0 
0 
0 
0 
0 
0 
0 
0 
0 
0 
0 
0 
0 
0 
0 
0 
0 
0 
0 
0 
0 
0 
0 
0 
0 
0 
0 
0 
0 
0 
0 
0 
0 
0 
0 
0 
0 
0 
0 
0 
0 
0 
0 
0 
0 
0 
0 
0 
0 
0 
0 
0 
0 
0 
0 
0 
0 
0 
0 
0 
0 
0 
0 
0 
0 
0 
0 
0 
0 
0 
0 
0 
0 
0 
0 
0 
0 
0 
0 
0 
0 
0 
0 
0 
0 
0 
0 
0 
0 
0 
0 
0 
0 
0 
0 
0 
0 
0 
0 
0 
0 
0 
0 
0 
0 
0 
0 
0 
0 
0 
0 
0 
0 
0 
0 
0 
0 
0 
0 
0 
0 
0 
0 
0 
0 
0 
0 
0 
0 
0 
0 
0 
0 
0 
0 
0 
0 
0 
0 
0 
0 
0 
0 
0 
0 
0 
0 
0 
0 
0 
0 
0 
0 
0 
0 
0 
0 
0 
0 
0 
0 
0 
0 
0 
0 
0 
0 
0 
0 
0 
0 
0 
0 
0 
0 
0 
0 
0 
0 
0 
0 
0 
0 
0 
0 
0 
0 
0 
0 
0 
0 
0 
0 
0 
0 
0 
0 
0 
0 
0 
0 
0 
0 
0 
0 
0 
0 
0 
0 
0 
0 
0 
0 
0 
0 
0 
0 
0 
0 
0 
0 
0 
0 
0 
0 
0 
0 
0 
0 
0 
0 
0 
0 
0 
0 
0 
0 
0 
0 
0 
0 
0 
0 
0 
0 
0 
0 
0 
0 
0 
0 
0 
0 
0 
0 
0 
0 
0 
0 
0 
0 
0 
0 
0 
0 
0 
0 
0 
0 
0 
0 
0 
0 
0 
0 
0 
0 
0 
0 
0 
0 
0 
0 
0 
0 
0 
0 
0 
0 
0 
0 
0 
0 
0 
0 
0 
0 
0 
0 
0 
0 
0 
0 
0 
0 
0 
0 
0 
0 
0 
0 
0 
0 
0 
0 
0 
0 
0 
0 
0 
0 
0 
0 
0 
0 
0 
0 
0 
0 
0 
0 
0 
0 
0 
0 
0 
0 
0 
0 
0 
0 
0 
0 
0 
0 
!IDEND=

