!FILE=Disk 
!KIND=Matrix 
!LABORATORY=Oslo Cyclotron Laboratory (OCL) 
!EXPERIMENT=SuN simulations 
!COMMENT=background
!TIME=2018-09-24 15:05:59
!CALIBRATION EkeV=6, 5.000000E+00, 1.000000E+01, 0.000000E+00
!PRECISION=16
!DIMENSION=1,0:1399
!CHANNEL=(0:1399)
223 
0 
1 
6 
23 
27 
34 
32 
30 
34 
40 
48 
51 
43 
45 
38 
52 
54 
49 
80 
71 
93 
84 
74 
92 
96 
99 
105 
92 
108 
128 
135 
126 
106 
147 
135 
134 
150 
153 
162 
156 
182 
156 
184 
185 
220 
217 
187 
194 
218 
225 
217 
239 
263 
266 
240 
266 
272 
294 
267 
291 
282 
329 
351 
348 
337 
373 
390 
382 
396 
408 
428 
409 
462 
508 
506 
563 
556 
577 
625 
698 
665 
776.997 
790.987 
814.94 
946.75 
998.059 
1077.79 
1175.06 
1264.12 
1340.12 
1492.64 
1434.72 
1559.75 
1562.73 
1472.11 
1354.96 
1161.43 
1070.45 
560.946 
587.455 
238.431 
69.9647 
-16.8908 
11.7263 
66.7462 
236.723 
315.639 
324.119 
389.123 
355.062 
327.788 
339.059 
305.75 
313.94 
294.987 
273.997 
277 
278 
271 
236 
224 
221 
241 
244 
229 
201 
232 
206 
206 
185 
219 
176 
190 
199 
202 
165 
158 
192 
174 
169 
162 
149 
161 
177 
171 
142 
179 
150 
137 
155 
134 
150 
147 
149 
137 
125 
131 
104 
129 
126 
129 
139 
140 
114 
118 
108 
125 
124 
124 
140 
123 
135 
127 
116 
123 
116 
121 
107 
118 
134 
92 
100 
129 
115 
125 
99 
111 
106 
125 
115 
136 
103 
110 
85 
103 
93 
125 
105 
83 
116 
120 
92 
107 
82 
82 
107 
117 
95 
104 
106 
79 
110 
96 
98 
89 
99 
79 
90 
78 
88 
102 
96 
96 
91 
77 
92 
103 
74 
113 
96 
85 
94 
84 
101 
94 
86 
107 
88 
93 
86 
93 
86 
88 
87 
88 
85 
87 
92 
76 
90 
81 
77 
78 
78 
74 
81 
75 
85 
70 
80 
68 
87 
78 
77 
79 
83 
72 
70 
83 
75 
70 
87 
59 
79 
78 
67 
81 
66 
63 
83 
83 
72 
77 
62 
87 
78 
71 
80 
64 
78 
62 
80 
61 
62 
61 
55 
64 
49 
66 
75 
50 
64 
70 
66 
68 
60 
63 
50 
70 
78 
51 
68 
56 
56 
55 
56 
59 
50 
56 
57 
45 
54 
60 
57 
55 
51 
54 
57 
45 
51 
57 
37 
46 
60 
54 
47 
46 
58 
47 
49 
52 
52 
46 
50 
44 
60 
47 
39 
57 
51 
40 
45 
49 
36 
43 
31 
43 
50 
44 
45 
41 
37 
41 
30 
33 
44 
38 
43 
34 
47 
37 
44 
29 
36 
32 
38 
39 
27 
40 
36 
40 
32 
24 
20 
45 
31 
25 
38 
36 
27 
31 
36 
32 
26 
24 
19 
39 
19 
29 
31 
34 
24 
35 
24 
34 
30 
23 
29 
24 
22 
19 
24 
17 
20 
19 
17 
19 
26 
25 
15 
24 
18 
15 
20 
27 
19 
23 
17 
15 
20 
21 
14 
16 
21 
14 
15 
10 
8 
12 
20 
18 
12 
7 
16 
12 
15 
9 
9 
9 
13 
9 
10 
15 
13 
7 
13 
8 
10 
9 
17 
11 
5 
13 
12 
8 
12 
5 
12 
6 
10 
1 
8 
10 
5 
10 
5 
5 
5 
11 
5 
7 
4 
4 
2 
9 
6 
6 
6 
5 
8 
1 
7 
4 
5 
1 
7 
6 
5 
2 
5 
5 
4 
2 
5 
4 
4 
4 
2 
0 
3 
1 
3 
3 
4 
1 
1 
3 
2 
1 
3 
1 
0 
2 
0 
2 
0 
0 
0 
0 
1 
1 
1 
2 
0 
2 
0 
0 
0 
1 
2 
0 
0 
1 
1 
1 
1 
1 
0 
2 
1 
0 
0 
0 
1 
0 
0 
0 
0 
0 
0 
0 
0 
0 
1 
0 
0 
0 
0 
0 
0 
0 
0 
0 
0 
0 
0 
0 
0 
0 
0 
0 
0 
0 
0 
0 
0 
0 
0 
0 
0 
0 
0 
0 
0 
0 
0 
0 
0 
0 
0 
0 
0 
0 
0 
0 
0 
0 
0 
0 
0 
0 
0 
0 
0 
0 
0 
0 
0 
0 
0 
0 
0 
0 
0 
0 
0 
0 
0 
0 
0 
0 
0 
0 
0 
0 
0 
0 
0 
0 
0 
0 
0 
0 
0 
0 
0 
0 
0 
0 
0 
0 
0 
0 
0 
0 
0 
0 
0 
0 
0 
0 
0 
0 
0 
0 
0 
0 
0 
0 
0 
0 
0 
0 
0 
0 
0 
0 
0 
0 
0 
0 
0 
0 
0 
0 
0 
0 
0 
0 
0 
0 
0 
0 
0 
0 
0 
0 
0 
0 
0 
0 
0 
0 
0 
0 
0 
0 
0 
0 
0 
0 
0 
0 
0 
0 
0 
0 
0 
0 
0 
0 
0 
0 
0 
0 
0 
0 
0 
0 
0 
0 
0 
0 
0 
0 
0 
0 
0 
0 
0 
0 
0 
0 
0 
0 
0 
0 
0 
0 
0 
0 
0 
0 
0 
0 
0 
0 
0 
0 
0 
0 
0 
0 
0 
0 
0 
0 
0 
0 
0 
0 
0 
0 
0 
0 
0 
0 
0 
0 
0 
0 
0 
0 
0 
0 
0 
0 
0 
0 
0 
0 
0 
0 
0 
0 
0 
0 
0 
0 
0 
0 
0 
0 
0 
0 
0 
0 
0 
0 
0 
0 
0 
0 
0 
0 
0 
0 
0 
0 
0 
0 
0 
0 
0 
0 
0 
0 
0 
0 
0 
0 
0 
0 
0 
0 
0 
0 
0 
0 
0 
0 
0 
0 
0 
0 
0 
0 
0 
0 
0 
0 
0 
0 
0 
0 
0 
0 
0 
0 
0 
0 
0 
0 
0 
0 
0 
0 
0 
0 
0 
0 
0 
0 
0 
0 
0 
0 
0 
0 
0 
0 
0 
0 
0 
0 
0 
0 
0 
0 
0 
0 
0 
0 
0 
0 
0 
0 
0 
0 
0 
0 
0 
0 
0 
0 
0 
0 
0 
0 
0 
0 
0 
0 
0 
0 
0 
0 
0 
0 
0 
0 
0 
0 
0 
0 
0 
0 
0 
0 
0 
0 
0 
0 
0 
0 
0 
0 
0 
0 
0 
0 
0 
0 
0 
0 
0 
0 
0 
0 
0 
0 
0 
0 
0 
0 
0 
0 
0 
0 
0 
0 
0 
0 
0 
0 
0 
0 
0 
0 
0 
0 
0 
0 
0 
0 
0 
0 
0 
0 
0 
0 
0 
0 
0 
0 
0 
0 
0 
0 
0 
0 
0 
0 
0 
0 
0 
0 
0 
0 
0 
0 
0 
0 
0 
0 
0 
0 
0 
0 
0 
0 
0 
0 
0 
0 
0 
0 
0 
0 
0 
0 
0 
0 
0 
0 
0 
0 
0 
0 
0 
0 
0 
0 
0 
0 
0 
0 
0 
0 
0 
0 
0 
0 
0 
0 
0 
0 
0 
0 
0 
0 
0 
0 
0 
0 
0 
0 
0 
0 
0 
0 
0 
0 
0 
0 
0 
0 
0 
0 
0 
0 
0 
0 
0 
0 
0 
0 
0 
0 
0 
0 
0 
0 
0 
0 
0 
0 
0 
0 
0 
0 
0 
0 
0 
0 
0 
0 
0 
0 
0 
0 
0 
0 
0 
0 
0 
0 
0 
0 
0 
0 
0 
0 
0 
0 
0 
0 
0 
0 
0 
0 
0 
0 
0 
0 
0 
0 
0 
0 
0 
0 
0 
0 
0 
0 
0 
0 
0 
0 
0 
0 
0 
0 
0 
0 
0 
0 
0 
0 
0 
0 
0 
0 
0 
0 
0 
0 
0 
0 
0 
0 
0 
0 
0 
0 
0 
0 
0 
0 
0 
0 
0 
0 
0 
0 
0 
0 
0 
0 
0 
0 
0 
0 
0 
0 
0 
0 
0 
0 
0 
0 
0 
0 
0 
0 
0 
0 
0 
0 
0 
0 
0 
0 
0 
0 
0 
0 
0 
0 
0 
0 
0 
0 
0 
0 
0 
0 
0 
0 
0 
0 
0 
0 
0 
0 
0 
0 
0 
0 
0 
0 
0 
0 
0 
0 
0 
0 
0 
0 
0 
0 
0 
0 
0 
0 
0 
0 
0 
0 
0 
0 
0 
0 
0 
0 
0 
0 
0 
0 
0 
0 
0 
0 
0 
0 
0 
0 
0 
0 
0 
0 
0 
0 
0 
0 
0 
0 
0 
0 
0 
0 
0 
0 
0 
0 
0 
0 
0 
0 
0 
0 
0 
0 
0 
0 
0 
0 
0 
0 
0 
0 
0 
0 
0 
0 
0 
0 
0 
0 
0 
0 
0 
0 
0 
0 
0 
0 
0 
0 
0 
0 
0 
0 
0 
0 
0 
0 
0 
0 
0 
0 
0 
0 
0 
0 
0 
0 
0 
0 
0 
0 
0 
0 
0 
0 
0 
0 
0 
0 
0 
0 
0 
0 
0 
0 
0 
0 
0 
0 
0 
0 
0 
0 
0 
0 
0 
0 
0 
0 
0 
0 
0 
0 
0 
0 
0 
0 
0 
0 
0 
0 
0 
0 
0 
0 
0 
0 
0 
0 
0 
0 
0 
0 
0 
0 
0 
0 
0 
0 
!IDEND=

