!FILE=Disk 
!KIND=Matrix 
!LABORATORY=Oslo Cyclotron Laboratory (OCL) 
!EXPERIMENT=SuN simulations 
!COMMENT=background
!TIME=2018-09-24 15:06:01
!CALIBRATION EkeV=6, 5.000000E+00, 1.000000E+01, 0.000000E+00
!PRECISION=16
!DIMENSION=1,0:1399
!CHANNEL=(0:1399)
211 
0 
1 
9 
23 
23 
26 
15 
21 
12 
14 
23 
16 
28 
27 
26 
26 
28 
31 
27 
25 
20 
31 
40 
33 
33 
34 
32 
25 
26 
20 
20 
24 
29 
33 
41 
40 
39 
38 
32 
36 
28 
41 
31 
34 
24 
27 
37 
29 
40 
22 
31 
28 
32 
38 
31 
39 
30 
38 
30 
32 
35 
25 
29 
33 
37 
30 
23 
40 
30 
35 
36 
35 
44 
40 
47 
29 
25 
36 
43 
47 
31 
46 
31 
30 
43 
36 
38 
38 
42 
32 
53 
36 
40 
37 
42 
45 
38 
31 
43 
37 
35 
37 
50 
36 
37 
40 
34 
42 
39 
40 
42 
34 
49 
41 
46 
34 
32 
34 
50 
34 
51 
48 
57 
36 
50 
49 
42 
41 
38 
56 
52 
40 
42 
39 
41 
44 
44 
46 
35 
51 
51 
45 
53 
40 
60 
50 
56 
61 
59 
49 
63 
55 
50 
53 
55 
58 
59 
67 
56 
45 
59 
38 
56 
51 
49 
62 
60 
70 
75 
46 
51 
64 
65 
58 
50 
56 
69 
55 
65 
73 
61 
49 
74 
59 
89 
61 
57 
78 
52 
65 
61 
64 
71 
67 
69 
67 
64 
57 
71 
66 
61 
57 
66 
86 
70 
61 
74 
80 
69 
61 
70 
76 
79 
68 
76 
91 
80 
87 
87 
80 
64 
87 
75 
100 
77 
74 
86 
79 
87 
104 
90 
91 
83 
89 
103 
86 
95 
107 
118 
97 
102 
97 
100 
92 
109 
109 
97 
106 
93 
108 
100 
112 
90 
91 
94 
102 
102 
95 
83 
122 
108 
103 
109 
102 
119 
105 
102 
108 
104 
108 
133 
108 
97 
106 
99 
100 
115 
121 
119 
102 
102 
114 
98 
120 
114 
102 
122 
110 
124 
104 
112 
133 
101 
105 
149 
123 
125 
136 
132 
133 
110 
126 
117 
99 
120 
139 
112 
119 
128 
132 
117 
115 
109 
106 
138 
129 
144 
133 
132 
118 
138 
154 
148 
128 
132 
126 
144 
154 
133 
144 
155 
143 
133 
142 
144 
141 
150 
135 
164 
142 
139 
143 
156 
173 
144 
149 
130 
159 
159 
140 
164 
142 
144 
149 
146 
167 
164 
148 
167 
157 
175 
178 
174 
169 
154 
175 
174 
158 
152 
160 
173 
160 
169 
192 
166 
177 
158 
182 
149 
162 
168 
159 
158 
184 
179 
165 
161 
161 
208 
177 
191 
172 
173 
176 
185 
166 
190 
204 
180 
187 
199 
207 
180 
172 
200 
196 
215 
223 
172 
173 
187 
205 
184 
214 
197 
180 
196 
214 
204 
205 
187 
222 
199 
214 
197 
210 
202 
192 
203 
202 
209 
200 
196 
197 
227 
234 
181 
217 
216 
203 
209 
204 
201 
208 
215 
203 
248 
201 
207 
211 
191 
208 
220 
238 
227 
192 
229 
201 
220 
225 
235 
233 
223 
219 
232 
209 
229 
235 
229 
218 
221 
212 
234 
223 
217 
242 
220 
210 
242 
222 
241 
252 
224 
222 
255 
240 
215 
221 
251 
219 
235 
257 
223 
206 
232 
233 
224 
234 
219 
230 
234 
236 
240 
222 
251 
247 
259 
230 
230 
211 
222 
249 
247 
232 
275 
224 
237 
259 
219 
234 
230 
263 
264 
278 
268 
238 
248 
230 
252 
256 
258 
245 
234 
263 
229 
257 
255 
235 
245 
261 
247 
242 
255 
228 
257 
246 
248 
260 
229 
225 
241 
189 
249 
231 
204 
239 
206 
214 
201 
237 
204.999 
229.999 
251.997 
239.994 
238.989 
228.979 
219.959 
239.924 
259.862 
269.752 
249.565 
244.252 
231.739 
245.915 
272.62 
257.626 
268.625 
297.201 
282.823 
328.827 
323.42 
320.691 
359.646 
372.267 
350.596 
356.843 
331.511 
356.531 
312.388 
316.214 
316.842 
190.792 
209.184 
207.565 
171.682 
134.191 
151.353 
170.746 
104.02 
121.746 
112.353 
54.1905 
119.682 
107.565 
126.184 
134.792 
142.842 
149.214 
153.388 
164.531 
182.511 
156.843 
120.596 
102.267 
111.646 
94.6907 
83.4199 
74.8268 
45.8225 
50.2009 
39.6246 
35.6265 
23.6197 
25.9151 
9.73924 
22.2525 
7.56544 
11.7523 
5.86158 
4.92416 
5.95925 
6.97854 
2.98892 
2.99439 
4.99721 
4.99864 
8.99935 
4.9997 
3.99986 
4.99994 
1.99997 
4.99999 
1.99999 
4 
3 
7 
2 
3 
1 
0 
4 
3 
2 
0 
3 
4 
2 
1 
4 
0 
0 
1 
2 
2 
1 
0 
2 
2 
0 
1 
1 
1 
0 
0 
0 
2 
0 
0 
0 
0 
0 
0 
0 
0 
0 
1 
0 
0 
2 
0 
0 
0 
0 
0 
1 
0 
0 
0 
0 
0 
0 
0 
0 
0 
0 
0 
0 
0 
0 
0 
0 
0 
0 
0 
0 
0 
1 
0 
0 
0 
0 
0 
0 
0 
0 
0 
0 
0 
0 
0 
0 
0 
0 
0 
0 
0 
0 
0 
0 
0 
0 
0 
0 
0 
0 
0 
0 
0 
0 
0 
0 
0 
0 
0 
0 
0 
0 
0 
0 
0 
0 
0 
0 
0 
0 
0 
0 
0 
0 
0 
0 
0 
0 
0 
0 
0 
0 
0 
0 
0 
0 
0 
0 
0 
0 
0 
0 
0 
0 
0 
0 
0 
0 
0 
0 
0 
0 
0 
0 
0 
0 
0 
0 
0 
0 
0 
0 
0 
0 
0 
0 
0 
0 
0 
0 
0 
0 
0 
0 
0 
0 
0 
0 
0 
0 
0 
0 
0 
0 
0 
0 
0 
0 
0 
0 
0 
0 
0 
0 
0 
0 
0 
0 
0 
0 
0 
0 
0 
0 
0 
0 
0 
0 
0 
0 
0 
0 
0 
0 
0 
0 
0 
0 
0 
0 
0 
0 
0 
0 
0 
0 
0 
0 
0 
0 
0 
0 
0 
0 
0 
0 
0 
0 
0 
0 
0 
0 
0 
0 
0 
0 
0 
0 
0 
0 
0 
0 
0 
0 
0 
0 
0 
0 
0 
0 
0 
0 
0 
0 
0 
0 
0 
0 
0 
0 
0 
0 
0 
0 
0 
0 
0 
0 
0 
0 
0 
0 
0 
0 
0 
0 
0 
0 
0 
0 
0 
0 
0 
0 
0 
0 
0 
0 
0 
0 
0 
0 
0 
0 
0 
0 
0 
0 
0 
0 
0 
0 
0 
0 
0 
0 
0 
0 
0 
0 
0 
0 
0 
0 
0 
0 
0 
0 
0 
0 
0 
0 
0 
0 
0 
0 
0 
0 
0 
0 
0 
0 
0 
0 
0 
0 
0 
0 
0 
0 
0 
0 
0 
0 
0 
0 
0 
0 
0 
0 
0 
0 
0 
0 
0 
0 
0 
0 
0 
0 
0 
0 
0 
0 
0 
0 
0 
0 
0 
0 
0 
0 
0 
0 
0 
0 
0 
0 
0 
0 
0 
0 
0 
0 
0 
0 
0 
0 
0 
0 
0 
0 
0 
0 
0 
0 
0 
0 
0 
0 
0 
0 
0 
0 
0 
0 
0 
0 
0 
0 
0 
0 
0 
0 
0 
0 
0 
0 
0 
0 
0 
0 
0 
0 
0 
0 
0 
0 
0 
0 
0 
0 
0 
0 
0 
0 
0 
0 
0 
0 
0 
0 
0 
0 
0 
0 
0 
0 
0 
0 
0 
0 
0 
0 
0 
0 
0 
0 
0 
0 
0 
0 
0 
0 
0 
0 
0 
0 
0 
0 
0 
0 
0 
0 
0 
0 
0 
0 
0 
0 
0 
0 
0 
0 
0 
0 
0 
0 
0 
0 
0 
0 
0 
0 
0 
0 
0 
0 
0 
0 
0 
0 
0 
0 
0 
0 
0 
0 
0 
0 
0 
0 
0 
0 
0 
0 
0 
0 
0 
0 
0 
0 
0 
0 
0 
0 
0 
0 
0 
0 
0 
0 
0 
0 
0 
0 
0 
0 
0 
0 
0 
0 
0 
0 
0 
0 
0 
0 
0 
0 
0 
0 
0 
0 
0 
0 
0 
0 
0 
0 
0 
0 
0 
0 
0 
0 
0 
0 
0 
0 
0 
0 
0 
0 
0 
0 
0 
0 
0 
0 
0 
0 
0 
0 
0 
0 
0 
0 
0 
0 
0 
0 
0 
0 
0 
0 
0 
0 
0 
0 
0 
0 
0 
0 
0 
0 
0 
0 
0 
0 
0 
0 
0 
0 
0 
0 
0 
0 
0 
0 
0 
0 
0 
0 
0 
0 
0 
0 
0 
0 
0 
0 
0 
0 
0 
0 
0 
0 
0 
0 
0 
0 
0 
0 
0 
0 
0 
0 
0 
0 
0 
0 
0 
0 
0 
0 
0 
0 
0 
0 
0 
0 
0 
0 
0 
0 
0 
0 
0 
0 
0 
0 
0 
0 
0 
0 
0 
0 
0 
0 
0 
0 
0 
0 
0 
0 
0 
0 
0 
0 
0 
0 
0 
0 
0 
0 
0 
0 
0 
0 
0 
0 
0 
0 
0 
0 
0 
0 
0 
0 
0 
0 
0 
0 
0 
0 
0 
0 
0 
0 
0 
0 
0 
0 
0 
0 
0 
0 
0 
0 
0 
0 
0 
0 
0 
0 
0 
0 
0 
0 
0 
0 
0 
0 
!IDEND=

