!FILE=Disk 
!KIND=Matrix 
!LABORATORY=Oslo Cyclotron Laboratory (OCL) 
!EXPERIMENT=SuN simulations 
!COMMENT=background
!TIME=2018-09-24 15:06:00
!CALIBRATION EkeV=6, 5.000000E+00, 1.000000E+01, 0.000000E+00
!PRECISION=16
!DIMENSION=1,0:1399
!CHANNEL=(0:1399)
8690 
0 
3 
17 
24 
30 
36 
35 
27 
32 
27 
35 
24 
38 
31 
27 
24 
28 
28 
30 
27 
36 
32 
42 
29 
49 
43 
41 
39 
44 
40 
31 
25 
54 
46 
35 
38 
38 
31 
38 
24 
26 
42 
34 
29 
30 
27 
39 
43 
52 
55 
70 
43 
45 
30 
31 
46 
23 
25 
39 
20 
41 
29 
33 
42 
30 
45 
47 
37 
48 
31 
43 
42 
43 
41 
39 
33 
38 
38 
38 
36 
36 
37 
38 
41 
39 
31 
32 
37 
46 
31 
29 
39 
47 
49 
42 
53 
46 
71 
69 
77 
93 
70 
89 
69 
59 
53 
41 
43 
57 
34 
50 
44 
45 
53 
44 
42 
35 
51 
41 
38 
38 
51 
46 
42 
48 
38 
48 
58 
57 
52 
40 
41 
43 
64 
48 
45 
49 
59 
55 
52 
51 
62 
53 
67 
64 
54 
53 
54 
61 
60 
61 
63 
70 
50 
65 
69 
61 
61 
68 
62 
72 
64 
51 
79 
61 
60 
67 
59 
71 
85 
77 
60 
57 
63 
70 
71 
64 
69 
77 
76 
62 
81 
85 
83 
78 
77 
78 
90 
87 
77 
93 
78 
86 
87 
84 
115 
97 
83 
82 
83 
93 
86 
90 
85 
76 
111 
94 
75 
88 
89 
95 
87 
100 
116 
103 
120 
81 
97 
120 
115 
102 
77 
93 
103 
114 
108 
104 
121 
96 
99 
100 
122 
109 
102 
116 
105 
90 
113 
101 
111 
107 
135 
100 
104 
112 
119 
127 
109 
99 
107 
143 
124 
108 
119 
107 
132 
110 
119 
122 
124 
130 
109 
117 
106 
116 
116 
128 
135 
129 
113 
139 
121 
108 
144 
139 
119 
147 
113 
134 
124 
103 
149 
146 
108 
115 
122 
123 
133 
126 
133 
132 
126 
130 
149 
123 
132 
136 
147 
110 
136 
140 
133 
130 
124 
135 
125 
145 
140 
142 
136 
136 
134 
128 
127 
137 
130 
126 
149 
140 
127 
144 
130 
139 
154 
162 
152 
149 
148 
127 
150 
142 
137 
123 
159 
159 
150 
122 
150 
150 
161 
149 
149 
162 
130 
140 
153 
166 
148 
139 
151 
150 
158 
157 
156 
133 
150 
138 
144 
167 
145 
146 
150 
169 
174 
148 
166 
154 
142 
135 
155 
161 
170 
149 
152 
150 
144 
160 
142 
157 
159 
144 
167 
163 
150 
146 
153 
163 
162 
138 
172 
168 
167 
146 
133 
176 
162 
165 
156 
160 
163 
155 
185 
170 
150 
156 
164 
153 
148 
177 
148 
142 
181 
153 
153 
156 
152 
161 
172 
153 
152 
158 
135 
157 
187 
167 
156 
153 
157 
176 
169 
182 
149 
167 
154 
161 
165 
169 
161 
162 
162 
149 
167 
162 
168 
165 
179 
178 
157 
180 
165 
180 
175 
184 
156 
176 
145 
154 
162 
159 
172 
146 
174 
165 
170 
188 
186 
184 
154 
192 
169 
158 
151 
171 
166 
170 
183 
162 
154 
161 
178 
150 
168 
169 
167 
169 
148 
171 
168 
178 
187 
156 
153 
159 
141 
164 
168 
170 
164 
162 
180 
174 
153 
164 
160 
153 
170 
157 
154 
154 
174 
170 
172 
187 
181 
164 
164 
160 
163 
195 
162 
156 
159 
146 
159 
153 
144 
168 
141 
154 
158 
161 
133 
162 
160 
145 
154 
159 
157 
144 
153 
148 
136 
160 
167 
159 
158 
159 
164 
131 
139 
135 
168 
131 
148 
127 
135 
151.999 
136.999 
115.998 
146.995 
131.991 
132.984 
131.971 
117.948 
133.908 
123.842 
129.732 
119.553 
120.266 
116.816 
119.119 
116.06 
127.478 
128.159 
114.816 
122.084 
127.506 
149.525 
127.488 
134.652 
147.205 
167.309 
125.141 
156.972 
166.238 
158.639 
151.219 
127.456 
132.322 
163.31 
135.437 
125.179 
145.378 
74.0885 
117.398 
79.2212 
32.0947 
38.9856 
50.1402 
56.9856 
67.0947 
167.221 
129.398 
114.088 
168.378 
156.179 
143.437 
159.31 
181.322 
163.456 
154.219 
130.639 
162.238 
145.972 
134.141 
105.309 
84.2055 
82.6516 
77.4881 
64.5253 
57.5061 
28.0844 
29.8162 
49.1588 
26.4783 
22.0596 
16.1186 
14.8156 
16.2664 
6.55295 
5.73196 
6.84187 
7.90822 
7.94759 
4.97055 
4.98372 
3.99114 
6.99526 
2.9975 
4.99871 
3.99934 
5.99967 
1.99984 
1.99992 
8.99996 
0.999982 
3.99999 
4 
3 
1 
2 
1 
0 
3 
2 
1 
3 
1 
1 
0 
1 
0 
0 
1 
2 
0 
0 
1 
0 
1 
2 
0 
2 
1 
1 
0 
4 
0 
0 
1 
0 
2 
0 
1 
1 
0 
0 
0 
0 
0 
1 
0 
0 
1 
0 
0 
0 
0 
0 
1 
0 
0 
0 
0 
0 
0 
0 
0 
0 
0 
0 
0 
0 
0 
0 
0 
0 
0 
0 
0 
0 
0 
0 
0 
0 
0 
0 
0 
0 
0 
0 
0 
0 
0 
0 
0 
0 
0 
0 
0 
0 
0 
0 
0 
0 
0 
0 
0 
0 
0 
0 
0 
0 
0 
0 
0 
0 
0 
0 
0 
0 
0 
0 
0 
0 
0 
0 
0 
0 
0 
0 
0 
0 
0 
0 
0 
0 
0 
0 
0 
0 
0 
0 
0 
0 
0 
0 
0 
0 
0 
0 
0 
0 
0 
0 
0 
0 
0 
0 
0 
0 
0 
0 
0 
0 
0 
0 
0 
0 
0 
0 
0 
0 
0 
0 
0 
0 
0 
0 
0 
0 
0 
0 
0 
0 
0 
0 
0 
0 
0 
0 
0 
0 
0 
0 
0 
0 
0 
0 
0 
0 
0 
0 
0 
0 
0 
0 
0 
0 
0 
0 
0 
0 
0 
0 
0 
0 
0 
0 
0 
0 
0 
0 
0 
0 
0 
0 
0 
0 
0 
0 
0 
0 
0 
0 
0 
0 
0 
0 
0 
0 
0 
0 
0 
0 
0 
0 
0 
0 
0 
0 
0 
0 
0 
0 
0 
0 
0 
0 
0 
0 
0 
0 
0 
0 
0 
0 
0 
0 
0 
0 
0 
0 
0 
0 
0 
0 
0 
0 
0 
0 
0 
0 
0 
0 
0 
0 
0 
0 
0 
0 
0 
0 
0 
0 
0 
0 
0 
0 
0 
0 
0 
0 
0 
0 
0 
0 
0 
0 
0 
0 
0 
0 
0 
0 
0 
0 
0 
0 
0 
0 
0 
0 
0 
0 
0 
0 
0 
0 
0 
0 
0 
0 
0 
0 
0 
0 
0 
0 
0 
0 
0 
0 
0 
0 
0 
0 
0 
0 
0 
0 
0 
0 
0 
0 
0 
0 
0 
0 
0 
0 
0 
0 
0 
0 
0 
0 
0 
0 
0 
0 
0 
0 
0 
0 
0 
0 
0 
0 
0 
0 
0 
0 
0 
0 
0 
0 
0 
0 
0 
0 
0 
0 
0 
0 
0 
0 
0 
0 
0 
0 
0 
0 
0 
0 
0 
0 
0 
0 
0 
0 
0 
0 
0 
0 
0 
0 
0 
0 
0 
0 
0 
0 
0 
0 
0 
0 
0 
0 
0 
0 
0 
0 
0 
0 
0 
0 
0 
0 
0 
0 
0 
0 
0 
0 
0 
0 
0 
0 
0 
0 
0 
0 
0 
0 
0 
0 
0 
0 
0 
0 
0 
0 
0 
0 
0 
0 
0 
0 
0 
0 
0 
0 
0 
0 
0 
0 
0 
0 
0 
0 
0 
0 
0 
0 
0 
0 
0 
0 
0 
0 
0 
0 
0 
0 
0 
0 
0 
0 
0 
0 
0 
0 
0 
0 
0 
0 
0 
0 
0 
0 
0 
0 
0 
0 
0 
0 
0 
0 
0 
0 
0 
0 
0 
0 
0 
0 
0 
0 
0 
0 
0 
0 
0 
0 
0 
0 
0 
0 
0 
0 
0 
0 
0 
0 
0 
0 
0 
0 
0 
0 
0 
0 
0 
0 
0 
0 
0 
0 
0 
0 
0 
0 
0 
0 
0 
0 
0 
0 
0 
0 
0 
0 
0 
0 
0 
0 
0 
0 
0 
0 
0 
0 
0 
0 
0 
0 
0 
0 
0 
0 
0 
0 
0 
0 
0 
0 
0 
0 
0 
0 
0 
0 
0 
0 
0 
0 
0 
0 
0 
0 
0 
0 
0 
0 
0 
0 
0 
0 
0 
0 
0 
0 
0 
0 
0 
0 
0 
0 
0 
0 
0 
0 
0 
0 
0 
0 
0 
0 
0 
0 
0 
0 
0 
0 
0 
0 
0 
0 
0 
0 
0 
0 
0 
0 
0 
0 
0 
0 
0 
0 
0 
0 
0 
0 
0 
0 
0 
0 
0 
0 
0 
0 
0 
0 
0 
0 
0 
0 
0 
0 
0 
0 
0 
0 
0 
0 
0 
0 
0 
0 
0 
0 
0 
0 
0 
0 
0 
0 
0 
0 
0 
0 
0 
0 
0 
0 
0 
0 
0 
0 
0 
0 
0 
0 
0 
0 
0 
0 
0 
0 
0 
0 
0 
0 
0 
0 
0 
0 
0 
0 
0 
0 
0 
0 
0 
0 
0 
0 
0 
0 
0 
0 
0 
0 
0 
0 
0 
0 
0 
0 
0 
0 
0 
0 
0 
0 
0 
0 
!IDEND=

