!FILE=Disk 
!KIND=Matrix 
!LABORATORY=Oslo Cyclotron Laboratory (OCL) 
!EXPERIMENT=SuN simulations 
!COMMENT=background
!TIME=2018-09-24 15:06:03
!CALIBRATION EkeV=6, 5.000000E+00, 1.000000E+01, 0.000000E+00
!PRECISION=16
!DIMENSION=1,0:1399
!CHANNEL=(0:1399)
219 
0 
0 
12 
17 
12 
13 
24 
25 
17 
25 
16 
33 
24 
15 
28 
31 
23 
19 
28 
27 
38 
45 
35 
39 
42 
39 
34 
42 
36 
41 
39 
44 
51 
41 
38 
38 
54 
41 
35 
34 
44 
50 
42 
33 
38 
44 
55 
53 
60 
58 
44 
51 
55 
55 
55 
53 
47 
48 
54 
48 
62 
43 
61 
51 
72 
59 
72 
65 
79 
61 
58 
58 
53 
54 
68 
68 
77 
77 
86 
64 
82 
80 
70 
68 
67 
70 
81 
76 
73 
85 
68 
82 
76 
74 
62 
82 
80 
70 
72 
78 
63 
81 
83 
83 
77 
94 
78 
95 
89 
84 
82 
100 
97 
85 
85 
91 
87 
91 
92 
94 
103 
91 
108 
85 
84 
109 
102 
109 
110 
95 
103 
119 
112 
121 
115 
100 
120 
107 
107 
133 
104 
120 
126 
128 
137 
141 
118 
113 
131 
157 
140 
157 
117 
151 
129 
144 
122 
142 
136 
145 
144 
163 
145 
138 
151 
157 
148 
140 
152 
150 
160 
159 
158 
146 
159 
175 
176 
171 
153 
168 
178 
152 
175 
176 
171 
155 
181 
163 
146 
195 
200 
190 
197 
181 
214 
191 
207 
192 
198 
204 
188 
210 
187 
199 
186 
223 
211 
220 
205 
223 
248 
194 
226 
218 
206 
225 
214 
237 
231 
237 
241 
249 
236 
249 
234 
252 
232 
250 
260 
270 
279 
251 
244 
257 
249 
257 
233 
310 
300 
273 
296 
273 
292 
265 
287 
292 
262 
309 
277 
286 
303 
279 
293 
274 
295 
307 
307 
287 
319 
283 
346 
322 
322 
337 
340 
311 
336 
374.999 
319.998 
352.994 
343.987 
379.97 
381.933 
355.855 
364.698 
367.387 
397.793 
399.695 
433.728 
449.316 
416.59 
431.291 
483.684 
429.499 
527.938 
485.782 
491.64 
461.35 
490.54 
421.281 
463.745 
488.732 
386.924 
374.719 
338.592 
370 
460.951 
287.463 
407.19 
300.463 
264.951 
270 
222.592 
253.719 
219.924 
222.732 
170.745 
209.281 
215.54 
235.35 
190.64 
203.782 
199.938 
230.499 
244.684 
255.291 
229.59 
197.316 
201.728 
193.695 
193.793 
222.387 
189.698 
177.855 
183.933 
181.97 
159.987 
185.994 
144.998 
179.999 
152 
164 
167 
142 
135 
138 
156 
128 
134 
158 
129 
124 
137 
115 
119 
137 
121 
138 
128 
129 
125 
111 
117 
119 
123 
130 
118 
98 
110 
105 
114 
98 
112 
106 
100 
124 
107 
115 
94 
89 
105 
102 
86 
89 
107 
95 
98 
100 
117 
86 
96 
102 
87 
103 
82 
93 
93 
87 
104 
87 
88 
89 
80 
109 
104 
88 
89 
87 
91 
86 
69 
97 
87 
80 
95 
83 
81 
86 
79 
77 
72 
79 
78 
81 
93 
64 
80 
74 
95 
100 
70 
83 
83 
84 
84 
68 
88 
65 
81 
80 
63 
66 
73 
72 
65 
78 
73 
66 
68 
83 
87 
73 
73 
76 
83 
63 
70 
89 
57 
49 
74 
66 
60 
64 
67 
66 
60 
69 
76 
60 
56 
55 
57 
63 
64 
80 
57 
65 
61 
63 
65 
62 
77 
51 
41 
49 
56 
54 
45 
58 
67 
61 
58 
51 
62 
43 
51 
52 
41 
60 
49 
45 
54 
54 
47 
56 
38 
58 
46 
50 
60 
51 
42 
55 
57 
61 
56 
44 
40 
49 
53 
37 
62 
50 
45 
51 
48 
40 
51 
47 
45 
52 
46 
51 
34 
34 
41 
42 
43 
43 
35 
35 
37 
38 
42 
33 
32 
36 
29 
39 
38 
29 
37 
28 
43 
30 
31 
38 
42 
38 
24 
35 
22 
37 
26 
25 
35 
30 
30 
26 
35 
41 
20 
34 
31 
33 
28 
24 
32 
22 
28 
20 
24 
23 
20 
27 
24 
23 
21 
26 
20 
30 
21 
29 
22 
23 
15 
19 
14 
27 
24 
16 
27 
20 
17 
22 
19 
18 
21 
24 
29 
21 
22 
21 
15 
13 
17 
20 
18 
21 
19 
17 
16 
17 
14 
22 
13 
10 
11 
13 
13 
14 
9 
9 
7 
14 
13 
11 
14 
14 
7 
11 
8 
13 
14 
17 
10 
7 
11 
20 
13 
13 
9 
8 
8 
4 
3 
13 
11 
6 
5 
10 
2 
9 
6 
11 
5 
5 
4 
3 
6 
9 
4 
3 
2 
7 
6 
6 
4 
5 
5 
8 
6 
7 
5 
4 
3 
6 
7 
5 
3 
2 
5 
4 
3 
5 
5 
4 
2 
3 
6 
4 
2 
2 
1 
2 
1 
2 
2 
4 
4 
1 
3 
1 
4 
1 
4 
1 
2 
0 
2 
0 
1 
5 
4 
1 
0 
1 
2 
0 
1 
1 
0 
0 
1 
1 
0 
2 
1 
1 
1 
1 
0 
3 
0 
1 
1 
0 
1 
1 
0 
0 
0 
0 
0 
0 
0 
0 
0 
0 
0 
0 
0 
0 
0 
0 
0 
0 
0 
0 
1 
0 
0 
0 
0 
0 
0 
0 
1 
0 
0 
0 
0 
0 
0 
0 
0 
0 
0 
0 
0 
0 
0 
0 
0 
0 
0 
0 
0 
0 
0 
0 
0 
0 
0 
0 
0 
0 
0 
0 
0 
0 
0 
0 
0 
0 
0 
0 
0 
0 
0 
0 
0 
0 
0 
0 
0 
0 
0 
0 
0 
0 
0 
0 
0 
0 
0 
0 
0 
0 
0 
0 
0 
0 
0 
0 
0 
0 
0 
0 
0 
0 
0 
0 
0 
0 
0 
0 
0 
0 
0 
0 
0 
0 
0 
0 
0 
0 
0 
0 
0 
0 
0 
0 
0 
0 
0 
0 
0 
0 
0 
0 
0 
0 
0 
0 
0 
0 
0 
0 
0 
0 
0 
0 
0 
0 
0 
0 
0 
0 
0 
0 
0 
0 
0 
0 
0 
0 
0 
0 
0 
0 
0 
0 
0 
0 
0 
0 
0 
0 
0 
0 
0 
0 
0 
0 
0 
0 
0 
0 
0 
0 
0 
0 
0 
0 
0 
0 
0 
0 
0 
0 
0 
0 
0 
0 
0 
0 
0 
0 
0 
0 
0 
0 
0 
0 
0 
0 
0 
0 
0 
0 
0 
0 
0 
0 
0 
0 
0 
0 
0 
0 
0 
0 
0 
0 
0 
0 
0 
0 
0 
0 
0 
0 
0 
0 
0 
0 
0 
0 
0 
0 
0 
0 
0 
0 
0 
0 
0 
0 
0 
0 
0 
0 
0 
0 
0 
0 
0 
0 
0 
0 
0 
0 
0 
0 
0 
0 
0 
0 
0 
0 
0 
0 
0 
0 
0 
0 
0 
0 
0 
0 
0 
0 
0 
0 
0 
0 
0 
0 
0 
0 
0 
0 
0 
0 
0 
0 
0 
0 
0 
0 
0 
0 
0 
0 
0 
0 
0 
0 
0 
0 
0 
0 
0 
0 
0 
0 
0 
0 
0 
0 
0 
0 
0 
0 
0 
0 
0 
0 
0 
0 
0 
0 
0 
0 
0 
0 
0 
0 
0 
0 
0 
0 
0 
0 
0 
0 
0 
0 
0 
0 
0 
0 
0 
0 
0 
0 
0 
0 
0 
0 
0 
0 
0 
0 
0 
0 
0 
0 
0 
0 
0 
0 
0 
0 
0 
0 
0 
0 
0 
0 
0 
0 
0 
0 
0 
0 
0 
0 
0 
0 
0 
0 
0 
0 
0 
0 
0 
0 
0 
0 
0 
0 
0 
0 
0 
0 
0 
0 
0 
0 
0 
0 
0 
0 
0 
0 
0 
0 
0 
0 
0 
0 
0 
0 
0 
0 
0 
0 
0 
0 
0 
0 
0 
0 
0 
0 
0 
0 
0 
0 
0 
0 
0 
0 
0 
0 
0 
0 
0 
0 
0 
0 
0 
0 
0 
0 
0 
0 
0 
0 
0 
0 
0 
0 
0 
0 
0 
0 
0 
0 
0 
0 
0 
0 
0 
0 
0 
0 
0 
0 
0 
0 
0 
0 
0 
0 
0 
0 
0 
0 
0 
0 
0 
0 
0 
0 
0 
0 
0 
0 
0 
0 
0 
0 
0 
0 
0 
0 
0 
0 
0 
0 
0 
0 
0 
0 
0 
0 
0 
0 
0 
0 
0 
0 
0 
0 
0 
0 
0 
0 
0 
0 
0 
0 
0 
0 
0 
0 
0 
0 
0 
0 
0 
0 
0 
0 
0 
0 
0 
0 
0 
0 
0 
0 
0 
0 
0 
0 
0 
0 
0 
0 
0 
0 
0 
0 
0 
0 
0 
0 
0 
0 
0 
0 
0 
0 
0 
0 
0 
0 
0 
0 
0 
0 
0 
0 
0 
0 
0 
0 
0 
0 
0 
0 
0 
0 
0 
0 
0 
0 
0 
0 
0 
0 
0 
0 
0 
0 
0 
0 
0 
0 
0 
0 
0 
0 
0 
0 
0 
0 
0 
0 
0 
0 
0 
0 
0 
0 
0 
0 
0 
0 
0 
0 
0 
0 
0 
0 
0 
0 
0 
0 
0 
0 
0 
0 
0 
0 
0 
0 
0 
0 
0 
0 
0 
0 
0 
!IDEND=

