!FILE=Disk 
!KIND=Matrix 
!LABORATORY=Oslo Cyclotron Laboratory (OCL) 
!EXPERIMENT=SuN simulations 
!COMMENT=background
!TIME=2018-09-24 15:06:02
!CALIBRATION EkeV=6, 5.000000E+00, 1.000000E+01, 0.000000E+00
!PRECISION=16
!DIMENSION=1,0:1399
!CHANNEL=(0:1399)
1698 
0 
2 
10 
40 
50 
63 
69 
70 
56 
71 
86 
99 
98 
94 
96 
127 
114 
103 
166 
202 
213 
206 
220 
181 
205 
182 
187 
190 
157 
145 
175 
176 
153 
157 
154 
159 
185 
160 
145 
153 
159 
157 
157 
149 
160 
116 
189 
179 
148 
170 
153 
161 
151 
165 
159 
155 
165 
162 
132 
151 
178 
134 
164 
151 
155 
137 
158 
142 
138 
160 
137 
153 
149 
137 
161 
142 
147 
160 
128 
153 
148 
147 
147.999 
146.991 
143.95 
164.758 
167.951 
179.965 
187.187 
148.946 
135.126 
43.7503 
-110.452 
-212.186 
-407.425 
-430.07 
-422.014 
-105.287 
276.09 
553.713 
670.986 
730.93 
638.575 
503.814 
514.548 
420.75 
373.126 
395.946 
402.187 
420.965 
375.951 
352.758 
395.95 
350.991 
342.999 
368 
329 
317 
285 
281 
287 
282 
244 
264 
269 
281 
259 
224 
237 
224 
212 
202 
214 
219 
207 
211 
211 
213 
218 
197 
196 
207 
162 
188 
189 
172 
184 
164 
171 
144 
157 
168 
165 
158 
164 
150 
148 
140 
152 
142 
143 
153 
158 
133 
161 
163 
153 
144 
145 
133 
124 
148 
131 
137 
145 
140 
128 
142 
142 
139 
122 
115 
141 
130 
130 
127 
127 
116 
138 
141 
133 
132 
126 
141 
134 
125 
133 
125 
116 
131 
114 
109 
137 
139 
102 
123 
129 
117 
120 
112 
131 
136 
137 
118 
130 
110 
126 
126 
120 
130 
117 
118 
129 
114 
110 
131 
114 
117 
114 
128 
111 
116 
113 
123 
117 
125 
127 
129 
123 
114 
118 
116 
112 
117 
107 
106 
109 
122 
111 
102 
82 
110 
105 
118 
107 
118 
98 
104 
128 
108 
101 
110 
128 
112 
115 
128 
105 
94 
109 
117 
97 
107 
118 
102 
105 
88 
98 
98 
103 
103 
108 
108 
110 
110 
96 
109 
110 
85 
105 
102 
100 
113 
117 
99 
110 
63 
108 
80 
112 
97 
104 
100 
88 
100 
87 
101 
94 
106 
100 
100 
108 
92 
87 
106 
98 
86 
107 
90 
103 
89 
98 
81 
92 
91 
84 
90 
93 
96 
96 
80 
93 
79 
83 
83 
92 
74 
76 
93 
96 
92 
94 
96 
85 
70 
87 
86 
80 
93 
78 
80 
72 
96 
97 
85 
75 
78 
87 
69 
78 
64 
85 
64 
70 
84 
63 
85 
67 
66 
74 
82 
75 
78 
100 
74 
68 
70 
76 
81 
79 
68 
92 
74 
55 
70 
73 
66 
68 
73 
82 
62 
68 
77 
79 
59 
72 
62 
59 
57 
68 
64 
65 
76 
56 
82 
73 
73 
74 
60 
73 
68 
59 
66 
59 
56 
65 
71 
66 
69 
58 
54 
68 
63 
69 
49 
65 
61 
61 
50 
58 
65 
77 
81 
56 
56 
55 
50 
59 
64 
58 
59 
61 
56 
52 
53 
43 
53 
37 
58 
63 
55 
56 
62 
40 
54 
51 
50 
43 
48 
54 
53 
54 
60 
51 
48 
50 
37 
65 
48 
69 
56 
47 
57 
54 
50 
52 
46 
53 
46 
45 
64 
46 
32 
53 
46 
51 
50 
38 
52 
45 
39 
35 
41 
49 
54 
40 
48 
34 
33 
48 
46 
43 
49 
47 
31 
37 
45 
46 
39 
38 
42 
41 
27 
50 
40 
40 
47 
40 
37 
26 
43 
35 
34 
40 
35 
30 
43 
41 
44 
26 
38 
30 
37 
40 
32 
35 
29 
32 
30 
33 
26 
34 
31 
31 
34 
25 
24 
30 
31 
27 
22 
22 
31 
25 
22 
28 
25 
31 
24 
22 
25 
30 
27 
26 
21 
29 
15 
13 
23 
26 
26 
25 
17 
27 
29 
20 
21 
16 
24 
25 
25 
15 
13 
25 
21 
27 
25 
24 
25 
17 
16 
15 
19 
22 
21 
14 
17 
15 
16 
12 
11 
18 
19 
14 
13 
16 
20 
18 
5 
16 
10 
11 
16 
11 
9 
24 
15 
8 
17 
16 
28 
9 
9 
11 
12 
10 
20 
17 
13 
9 
10 
5 
10 
11 
6 
12 
11 
9 
9 
12 
12 
11 
11 
15 
7 
5 
8 
9 
9 
7 
13 
7 
8 
12 
6 
13 
5 
4 
9 
2 
5 
5 
6 
8 
4 
9 
3 
5 
10 
3 
4 
7 
10 
1 
9 
5 
2 
4 
2 
4 
7 
7 
3 
2 
4 
2 
5 
5 
4 
2 
3 
3 
2 
0 
5 
1 
3 
0 
6 
2 
5 
0 
3 
1 
0 
1 
2 
3 
2 
5 
1 
0 
1 
1 
0 
1 
1 
0 
0 
2 
1 
3 
0 
3 
0 
1 
1 
6 
0 
2 
1 
0 
0 
0 
0 
0 
1 
0 
0 
0 
1 
0 
1 
1 
0 
0 
0 
0 
0 
0 
0 
0 
0 
0 
0 
0 
0 
0 
1 
0 
0 
0 
0 
0 
0 
0 
0 
0 
0 
0 
0 
0 
0 
0 
0 
0 
0 
0 
0 
0 
0 
0 
0 
0 
0 
0 
0 
0 
0 
0 
0 
0 
0 
0 
0 
0 
0 
0 
0 
0 
0 
0 
0 
0 
0 
0 
0 
0 
0 
0 
0 
0 
0 
0 
0 
0 
0 
0 
0 
0 
0 
0 
0 
0 
0 
0 
0 
0 
0 
0 
0 
0 
0 
0 
0 
0 
0 
0 
0 
0 
0 
0 
0 
0 
0 
0 
0 
0 
0 
0 
0 
0 
0 
0 
0 
0 
0 
0 
0 
0 
0 
0 
0 
0 
0 
0 
0 
0 
0 
0 
0 
0 
0 
0 
0 
0 
0 
0 
0 
0 
0 
0 
0 
0 
0 
0 
0 
0 
0 
0 
0 
0 
0 
0 
0 
0 
0 
0 
0 
0 
0 
0 
0 
0 
0 
0 
0 
0 
0 
0 
0 
0 
0 
0 
0 
0 
0 
0 
0 
0 
0 
0 
0 
0 
0 
0 
0 
0 
0 
0 
0 
0 
0 
0 
0 
0 
0 
0 
0 
0 
0 
0 
0 
0 
0 
0 
0 
0 
0 
0 
0 
0 
0 
0 
0 
0 
0 
0 
0 
0 
0 
0 
0 
0 
0 
0 
0 
0 
0 
0 
0 
0 
0 
0 
0 
0 
0 
0 
0 
0 
0 
0 
0 
0 
0 
0 
0 
0 
0 
0 
0 
0 
0 
0 
0 
0 
0 
0 
0 
0 
0 
0 
0 
0 
0 
0 
0 
0 
0 
0 
0 
0 
0 
0 
0 
0 
0 
0 
0 
0 
0 
0 
0 
0 
0 
0 
0 
0 
0 
0 
0 
0 
0 
0 
0 
0 
0 
0 
0 
0 
0 
0 
0 
0 
0 
0 
0 
0 
0 
0 
0 
0 
0 
0 
0 
0 
0 
0 
0 
0 
0 
0 
0 
0 
0 
0 
0 
0 
0 
0 
0 
0 
0 
0 
0 
0 
0 
0 
0 
0 
0 
0 
0 
0 
0 
0 
0 
0 
0 
0 
0 
0 
0 
0 
0 
0 
0 
0 
0 
0 
0 
0 
0 
0 
0 
0 
0 
0 
0 
0 
0 
0 
0 
0 
0 
0 
0 
0 
0 
0 
0 
0 
0 
0 
0 
0 
0 
0 
0 
0 
0 
0 
0 
0 
0 
0 
0 
0 
0 
0 
0 
0 
0 
0 
0 
0 
0 
0 
0 
0 
0 
0 
0 
0 
0 
0 
0 
0 
0 
0 
0 
0 
0 
0 
0 
0 
0 
0 
0 
0 
0 
0 
0 
0 
0 
0 
0 
0 
0 
0 
0 
0 
0 
0 
0 
0 
0 
0 
0 
0 
0 
0 
0 
0 
0 
0 
0 
0 
0 
0 
0 
0 
0 
0 
0 
0 
0 
0 
0 
0 
0 
0 
0 
0 
0 
0 
0 
0 
0 
0 
0 
0 
0 
0 
0 
0 
0 
0 
0 
0 
0 
0 
0 
0 
0 
0 
0 
0 
0 
0 
0 
0 
0 
0 
0 
0 
0 
0 
0 
0 
0 
0 
0 
0 
0 
0 
0 
0 
0 
0 
0 
0 
0 
0 
0 
0 
0 
0 
0 
0 
0 
0 
0 
0 
0 
0 
0 
0 
0 
0 
0 
0 
0 
0 
0 
0 
0 
0 
0 
0 
0 
0 
0 
0 
0 
0 
0 
0 
0 
0 
0 
0 
0 
0 
0 
0 
0 
0 
0 
0 
0 
0 
0 
0 
0 
0 
0 
0 
0 
0 
0 
0 
0 
0 
0 
0 
0 
0 
0 
0 
0 
0 
0 
0 
0 
0 
0 
0 
0 
0 
0 
0 
0 
0 
0 
0 
0 
0 
0 
0 
0 
0 
0 
0 
0 
0 
0 
0 
0 
0 
0 
0 
0 
0 
0 
0 
0 
0 
0 
0 
0 
0 
0 
0 
0 
0 
0 
0 
0 
0 
0 
0 
0 
0 
0 
0 
0 
0 
0 
0 
0 
0 
0 
0 
0 
0 
0 
0 
0 
0 
!IDEND=

