!FILE=Disk 
!KIND=Matrix 
!LABORATORY=Oslo Cyclotron Laboratory (OCL) 
!EXPERIMENT=SuN simulations 
!COMMENT=background
!TIME=2018-09-24 15:06:02
!CALIBRATION EkeV=6, 5.000000E+00, 1.000000E+01, 0.000000E+00
!PRECISION=16
!DIMENSION=1,0:1399
!CHANNEL=(0:1399)
8430 
0 
1 
10 
23 
25 
33 
36 
43 
24 
31 
36 
42 
20 
25 
28 
40 
30 
26 
31 
24 
26 
28 
27 
24 
21 
31 
37 
29 
24 
27 
36 
34 
26 
31 
29 
26 
17 
20 
22 
25 
16 
32 
28 
17 
26 
30 
33 
35 
49 
63 
60 
52 
35 
26 
29 
35 
28 
38 
33 
33 
30 
24 
28 
32 
24 
28 
31 
25 
24 
32 
31 
40 
41 
33 
28 
28 
35 
36 
45 
36 
30 
36 
32 
36 
36 
18 
36 
42 
39 
49 
34 
40 
32 
37 
35 
43 
43 
50 
62 
81 
63 
80 
51 
73 
56 
52 
45 
42 
43 
27 
32 
34 
25 
40 
52 
40 
37 
38 
40 
38 
29 
44 
30 
36 
40 
45 
46 
45 
38 
37 
28 
37 
30 
43 
33 
34 
38 
42 
45 
40 
45 
43 
49 
32 
47 
38 
48 
44 
57 
46 
31 
45 
55 
41 
51 
54 
38 
39 
49 
55 
53 
42 
45 
47 
41 
61 
56 
54 
54 
46 
51 
56 
44 
49 
66 
49 
52 
47 
80 
66 
55 
46 
63 
58 
56 
59 
65 
76 
71 
65 
76 
68 
62 
62 
49 
67 
56 
72 
89 
66 
65 
58 
66 
69 
67 
84 
63 
72 
65 
72 
68 
69 
58 
92 
85 
79 
62 
69 
82 
66 
81 
86 
77 
82 
92 
81 
93 
86 
66 
76 
87 
75 
78 
71 
81 
83 
97 
84 
96 
88 
87 
77 
88 
89 
95 
96 
79 
98 
88 
92 
90 
82 
97 
71 
73 
81 
99 
102 
90 
98 
83 
87 
105 
98 
95 
88 
103 
95 
82 
98 
106 
102 
117 
91 
100 
104 
98 
103 
113 
93 
100 
100 
96 
121 
91 
91 
117 
127 
118 
97 
119 
102 
114 
89 
126 
114 
102 
115 
102 
101 
114 
103 
97 
103 
104 
107 
117 
121 
109 
103 
113 
118 
106 
125 
115 
119 
123 
108 
134 
121 
111 
114 
125 
129 
118 
113 
109 
108 
128 
114 
123 
144 
116 
137 
114 
139 
130 
130 
117 
108 
124 
112 
127 
107 
106 
108 
121 
124 
112 
115 
127 
122 
127 
128 
127 
126 
107 
122 
156 
115 
118 
122 
130 
122 
133 
125 
129 
129 
123 
143 
135 
143 
131 
130 
162 
107 
116 
144 
137 
116 
147 
123 
140 
132 
122 
145 
143 
143 
134 
125 
136 
119 
109 
136 
128 
120 
144 
143 
157 
123 
135 
148 
145 
143 
126 
133 
120 
123 
132 
144 
125 
138 
152 
132 
135 
143 
141 
122 
143 
123 
139 
160 
152 
144 
152 
133 
156 
169 
123 
157 
119 
140 
138 
150 
152 
126 
134 
135 
131 
151 
151 
154 
134 
141 
140 
148 
134 
140 
146 
152 
143 
122 
138 
136 
144 
126 
146 
146 
153 
122 
147 
131 
144 
153 
158 
149 
140 
149 
149 
153 
144 
145 
163 
122 
178 
161 
135 
132 
140 
148 
143 
148 
142 
147 
147 
150 
133 
153 
135 
149 
140 
164 
126 
145 
141 
132 
146 
173 
143 
156 
137 
138 
157 
151 
175 
150 
136 
154 
140 
155 
143 
141 
150 
138 
164 
153 
170 
153 
122 
138 
157 
148 
146 
123 
157 
157 
132 
153 
147 
168 
149 
143 
146 
139 
136 
154 
160 
163 
160 
112 
157 
154 
157 
141 
142 
167 
153 
142 
121 
149 
138 
141 
169 
149 
159 
154 
140 
143 
155 
143 
170 
170 
150 
159 
140 
165 
144 
140 
136 
139 
157 
154 
149 
150 
163 
141 
147 
130 
140 
151 
153 
172 
138 
176 
156 
157 
174 
141 
143 
152 
150 
152 
124 
156 
142 
153 
147 
151 
129 
167 
149 
159 
151 
160 
128 
176 
134 
142 
151 
145 
146 
152 
156 
159 
151 
152 
149 
153 
154 
148 
152 
125 
132 
150 
157 
134 
144 
133 
153 
155 
155 
134 
144 
140 
133 
154 
146 
144 
142 
117 
136 
119 
124 
123 
138 
148 
134 
122 
116 
134 
103 
125 
140 
139 
133 
118 
139 
121.999 
106.999 
118.997 
104.995 
97.991 
106.983 
109.97 
118.946 
109.906 
107.839 
114.727 
112.546 
115.256 
119.802 
126.104 
120.048 
148.48 
118.193 
116.92 
135.319 
126.974 
167.385 
136.979 
199.12 
172.142 
193.379 
188.225 
227.197 
230.003 
179.622 
229.367 
154.948 
146.496 
132.563 
153.088 
100.313 
114.667 
70.62 
50.5136 
53.392 
36.8446 
47.8803 
68.8446 
31.392 
73.5136 
54.62 
135.667 
87.3126 
117.088 
173.563 
183.496 
196.948 
190.367 
194.622 
183.003 
188.197 
192.225 
174.379 
121.142 
120.12 
112.979 
83.3851 
95.9741 
65.3195 
60.9197 
39.1931 
38.4797 
40.0479 
35.104 
29.8025 
19.2562 
13.5456 
23.727 
11.8387 
10.9063 
5.94647 
13.9699 
7.98338 
1.99097 
4.99517 
4.99746 
0.998689 
1.99933 
1.99967 
1.99984 
1.99992 
3.99996 
-1.76008e-05 
2.99999 
-3.65958e-06 
0.999998 
2 
2 
1 
0 
1 
2 
1 
1 
1 
2 
2 
3 
0 
3 
0 
0 
1 
0 
0 
0 
1 
2 
0 
1 
0 
1 
2 
1 
0 
0 
0 
0 
1 
1 
0 
0 
0 
0 
0 
0 
0 
0 
0 
0 
0 
0 
0 
0 
0 
0 
0 
1 
0 
0 
0 
0 
1 
0 
0 
1 
0 
0 
0 
0 
0 
0 
0 
0 
0 
0 
0 
0 
0 
0 
0 
0 
0 
0 
0 
0 
0 
0 
0 
0 
0 
0 
0 
0 
0 
0 
0 
0 
0 
0 
0 
0 
0 
0 
0 
0 
0 
0 
0 
0 
0 
0 
0 
0 
0 
0 
0 
0 
0 
0 
0 
0 
0 
0 
0 
0 
0 
0 
0 
0 
0 
0 
0 
0 
0 
0 
0 
0 
0 
0 
0 
0 
0 
0 
0 
0 
0 
0 
0 
0 
0 
0 
0 
0 
0 
0 
0 
0 
0 
0 
0 
0 
0 
0 
0 
0 
0 
0 
0 
0 
0 
0 
0 
0 
0 
0 
0 
0 
0 
0 
0 
0 
0 
0 
0 
0 
0 
0 
0 
0 
0 
0 
0 
0 
0 
0 
0 
0 
0 
0 
0 
0 
0 
0 
0 
0 
0 
0 
0 
0 
0 
0 
0 
0 
0 
0 
0 
0 
0 
0 
0 
0 
0 
0 
0 
0 
0 
0 
0 
0 
0 
0 
0 
0 
0 
0 
0 
0 
0 
0 
0 
0 
0 
0 
0 
0 
0 
0 
0 
0 
0 
0 
0 
0 
0 
0 
0 
0 
0 
0 
0 
0 
0 
0 
0 
0 
0 
0 
0 
0 
0 
0 
0 
0 
0 
0 
0 
0 
0 
0 
0 
0 
0 
0 
0 
0 
0 
0 
0 
0 
0 
0 
0 
0 
0 
0 
0 
0 
0 
0 
0 
0 
0 
0 
0 
0 
0 
0 
0 
0 
0 
0 
0 
0 
0 
0 
0 
0 
0 
0 
0 
0 
0 
0 
0 
0 
0 
0 
0 
0 
0 
0 
0 
0 
0 
0 
0 
0 
0 
0 
0 
0 
0 
0 
0 
0 
0 
0 
0 
0 
0 
0 
0 
0 
0 
0 
0 
0 
0 
0 
0 
0 
0 
0 
0 
0 
0 
0 
0 
0 
0 
0 
0 
0 
0 
0 
0 
0 
0 
0 
0 
0 
0 
0 
0 
0 
0 
0 
0 
0 
0 
0 
0 
0 
0 
0 
0 
0 
0 
0 
0 
0 
0 
0 
0 
0 
0 
0 
0 
0 
0 
0 
0 
0 
0 
0 
0 
0 
0 
0 
0 
0 
0 
0 
0 
0 
0 
0 
0 
0 
0 
0 
0 
0 
0 
0 
0 
0 
0 
0 
0 
0 
0 
0 
0 
0 
0 
0 
0 
0 
0 
0 
0 
0 
0 
0 
0 
0 
0 
0 
0 
0 
0 
0 
0 
0 
0 
0 
0 
0 
0 
0 
0 
0 
0 
0 
0 
0 
0 
0 
0 
0 
0 
0 
0 
0 
0 
0 
0 
0 
0 
0 
0 
0 
0 
0 
0 
0 
0 
0 
0 
0 
0 
0 
0 
0 
0 
0 
0 
0 
0 
0 
0 
0 
0 
0 
0 
0 
0 
0 
0 
0 
0 
0 
0 
0 
0 
0 
0 
0 
0 
0 
0 
0 
0 
0 
0 
0 
0 
0 
0 
0 
0 
0 
0 
0 
0 
0 
0 
0 
0 
0 
0 
0 
0 
0 
0 
0 
0 
0 
0 
0 
0 
0 
0 
0 
0 
0 
0 
0 
0 
0 
0 
0 
0 
0 
0 
0 
0 
0 
0 
0 
0 
0 
0 
0 
0 
0 
0 
0 
0 
0 
0 
0 
0 
0 
0 
0 
0 
0 
0 
0 
0 
0 
0 
0 
0 
0 
0 
0 
0 
0 
0 
0 
0 
0 
0 
0 
0 
0 
0 
0 
0 
0 
0 
0 
0 
0 
0 
0 
0 
0 
0 
0 
0 
0 
0 
0 
0 
0 
0 
0 
0 
0 
0 
0 
0 
0 
0 
0 
0 
0 
0 
0 
0 
0 
0 
!IDEND=

