!FILE=Disk 
!KIND=Matrix 
!LABORATORY=Oslo Cyclotron Laboratory (OCL) 
!EXPERIMENT=SuN simulations 
!COMMENT=background
!TIME=2018-09-24 15:06:02
!CALIBRATION EkeV=6, 5.000000E+00, 1.000000E+01, 0.000000E+00
!PRECISION=16
!DIMENSION=1,0:1399
!CHANNEL=(0:1399)
291 
0 
0 
11 
19 
35 
49 
33 
32 
35 
47 
46 
48 
55 
59 
60 
59 
61 
78 
81 
85 
103 
82 
90 
93 
84 
103 
111 
101 
125 
104 
112 
122 
115 
125 
137 
134 
135 
161 
146 
144 
170 
132 
164 
169 
165 
182 
180 
187 
185 
180 
155 
217 
190 
212 
208 
217 
207 
209 
215 
217 
239 
227 
234 
233 
247 
247 
240 
243 
323 
256 
279 
263 
297 
294 
267 
368 
328 
338 
389 
359 
400 
410.998 
432.988 
439.945 
459.77 
526.126 
532.99 
536.609 
604.463 
590.075 
546.516 
503.267 
460.85 
341.911 
152.963 
232.844 
267.602 
558.537 
534.342 
568.537 
512.602 
369.844 
168.963 
225.911 
146.85 
216.267 
331.516 
355.075 
381.463 
356.609 
352.99 
384.126 
342.77 
367.945 
325.988 
343.998 
328 
309 
283 
290 
279 
274 
304 
229 
247 
222 
242 
240 
244 
203 
229 
179 
237 
219 
195 
212 
187 
204 
187 
176 
185 
178 
197 
179 
165 
177 
179 
163 
174 
191 
154 
163 
153 
173 
146 
182 
145 
169 
156 
154 
123 
148 
170 
148 
152 
131 
147 
125 
157 
144 
140 
145 
138 
143 
135 
140 
158 
122 
116 
140 
128 
134 
136 
124 
125 
145 
128 
114 
124 
120 
137 
135 
128 
128 
135 
113 
129 
126 
109 
117 
136 
119 
121 
121 
128 
123 
151 
121 
127 
115 
135 
128 
132 
127 
115 
124 
115 
122 
132 
115 
113 
125 
121 
117 
109 
101 
107 
125 
109 
122 
115 
128 
133 
131 
124 
121 
102 
98 
113 
110 
99 
101 
111 
97 
116 
104 
123 
111 
119 
115 
118 
117 
109 
88 
105 
108 
110 
103 
100 
108 
90 
104 
114 
94 
130 
122 
105 
105 
100 
107 
89 
106 
111 
109 
88 
120 
101 
103 
103 
118 
107 
104 
90 
82 
100 
104 
88 
106 
99 
99 
96 
93 
98 
104 
116 
112 
100 
104 
101 
95 
83 
79 
101 
92 
98 
100 
82 
112 
91 
97 
98 
94 
100 
72 
82 
109 
89 
94 
94 
84 
97 
81 
93 
97 
76 
91 
88 
97 
95 
86 
90 
85 
86 
80 
76 
78 
80 
73 
87 
82 
90 
68 
89 
85 
85 
109 
82 
65 
71 
100 
84 
81 
75 
75 
71 
71 
78 
86 
79 
75 
91 
85 
72 
85 
84 
64 
76 
75 
69 
80 
77 
79 
65 
85 
89 
63 
83 
83 
85 
72 
62 
80 
71 
71 
78 
84 
100 
75 
75 
79 
63 
62 
75 
66 
72 
77 
77 
65 
58 
77 
67 
68 
73 
41 
65 
68 
74 
60 
65 
61 
72 
63 
75 
70 
60 
69 
59 
72 
53 
63 
65 
54 
63 
60 
57 
61 
70 
62 
60 
58 
72 
63 
57 
57 
58 
60 
67 
65 
67 
59 
64 
56 
55 
47 
59 
53 
49 
56 
51 
50 
59 
49 
55 
54 
47 
64 
50 
50 
64 
48 
63 
59 
57 
47 
51 
46 
65 
48 
40 
59 
55 
63 
50 
49 
47 
57 
37 
54 
55 
53 
60 
63 
46 
42 
39 
49 
54 
32 
45 
49 
47 
46 
38 
44 
48 
36 
47 
39 
37 
44 
47 
39 
37 
38 
41 
41 
43 
41 
28 
33 
29 
37 
42 
43 
44 
32 
31 
39 
39 
48 
44 
34 
27 
34 
35 
28 
31 
31 
33 
30 
33 
30 
27 
29 
35 
42 
46 
38 
32 
34 
31 
39 
23 
32 
22 
36 
29 
24 
30 
18 
31 
25 
30 
30 
28 
28 
26 
26 
32 
30 
23 
33 
27 
26 
26 
21 
22 
25 
30 
24 
25 
20 
23 
23 
28 
27 
14 
20 
17 
15 
25 
29 
27 
18 
20 
31 
20 
28 
21 
17 
19 
17 
17 
22 
11 
18 
20 
23 
12 
16 
17 
12 
22 
15 
18 
12 
11 
15 
16 
19 
14 
11 
12 
21 
10 
19 
11 
10 
15 
12 
10 
11 
11 
10 
12 
5 
10 
17 
14 
11 
10 
8 
8 
6 
6 
6 
11 
11 
6 
6 
9 
10 
7 
4 
10 
5 
8 
3 
8 
6 
1 
7 
7 
7 
6 
7 
6 
7 
6 
5 
8 
7 
3 
2 
6 
5 
4 
7 
5 
2 
2 
3 
4 
6 
2 
4 
1 
3 
0 
1 
0 
2 
3 
1 
3 
2 
7 
3 
2 
2 
5 
0 
1 
1 
1 
2 
1 
3 
2 
7 
1 
0 
1 
0 
1 
0 
1 
1 
2 
3 
0 
1 
1 
0 
1 
1 
1 
0 
1 
1 
1 
1 
1 
2 
3 
0 
0 
1 
0 
1 
0 
0 
0 
0 
0 
0 
1 
0 
0 
0 
1 
1 
0 
0 
0 
0 
0 
0 
0 
0 
0 
0 
0 
0 
0 
0 
0 
0 
0 
0 
0 
0 
0 
0 
0 
0 
1 
0 
0 
0 
0 
0 
0 
0 
0 
0 
0 
0 
0 
0 
0 
0 
0 
0 
0 
0 
0 
0 
0 
0 
0 
0 
0 
0 
0 
0 
0 
0 
0 
0 
0 
0 
0 
0 
0 
0 
0 
0 
0 
0 
0 
0 
0 
0 
0 
0 
0 
0 
0 
0 
0 
0 
0 
0 
0 
0 
0 
0 
0 
0 
0 
0 
0 
0 
0 
0 
0 
0 
0 
0 
0 
0 
0 
0 
0 
0 
0 
0 
0 
0 
0 
0 
0 
0 
0 
0 
0 
0 
0 
0 
0 
0 
0 
0 
0 
0 
0 
0 
0 
0 
0 
0 
0 
0 
0 
0 
0 
0 
0 
0 
0 
0 
0 
0 
0 
0 
0 
0 
0 
0 
0 
0 
0 
0 
0 
0 
0 
0 
0 
0 
0 
0 
0 
0 
0 
0 
0 
0 
0 
0 
0 
0 
0 
0 
0 
0 
0 
0 
0 
0 
0 
0 
0 
0 
0 
0 
0 
0 
0 
0 
0 
0 
0 
0 
0 
0 
0 
0 
0 
0 
0 
0 
0 
0 
0 
0 
0 
0 
0 
0 
0 
0 
0 
0 
0 
0 
0 
0 
0 
0 
0 
0 
0 
0 
0 
0 
0 
0 
0 
0 
0 
0 
0 
0 
0 
0 
0 
0 
0 
0 
0 
0 
0 
0 
0 
0 
0 
0 
0 
0 
0 
0 
0 
0 
0 
0 
0 
0 
0 
0 
0 
0 
0 
0 
0 
0 
0 
0 
0 
0 
0 
0 
0 
0 
0 
0 
0 
0 
0 
0 
0 
0 
0 
0 
0 
0 
0 
0 
0 
0 
0 
0 
0 
0 
0 
0 
0 
0 
0 
0 
0 
0 
0 
0 
0 
0 
0 
0 
0 
0 
0 
0 
0 
0 
0 
0 
0 
0 
0 
0 
0 
0 
0 
0 
0 
0 
0 
0 
0 
0 
0 
0 
0 
0 
0 
0 
0 
0 
0 
0 
0 
0 
0 
0 
0 
0 
0 
0 
0 
0 
0 
0 
0 
0 
0 
0 
0 
0 
0 
0 
0 
0 
0 
0 
0 
0 
0 
0 
0 
0 
0 
0 
0 
0 
0 
0 
0 
0 
0 
0 
0 
0 
0 
0 
0 
0 
0 
0 
0 
0 
0 
0 
0 
0 
0 
0 
0 
0 
0 
0 
0 
0 
0 
0 
0 
0 
0 
0 
0 
0 
0 
0 
0 
0 
0 
0 
0 
0 
0 
0 
0 
0 
0 
0 
0 
0 
0 
0 
0 
0 
0 
0 
0 
0 
0 
0 
0 
0 
0 
0 
0 
0 
0 
0 
0 
0 
0 
0 
0 
0 
0 
0 
0 
0 
0 
0 
0 
0 
0 
0 
0 
0 
0 
0 
0 
0 
0 
0 
0 
0 
0 
0 
0 
0 
0 
0 
0 
0 
0 
0 
0 
0 
0 
0 
0 
0 
0 
0 
0 
0 
0 
0 
0 
0 
0 
0 
0 
0 
0 
0 
0 
0 
0 
0 
0 
0 
0 
0 
0 
0 
0 
0 
0 
0 
0 
0 
0 
0 
0 
0 
0 
0 
0 
0 
0 
0 
0 
0 
0 
0 
0 
0 
0 
0 
0 
0 
0 
0 
0 
0 
0 
0 
0 
0 
0 
0 
0 
0 
0 
0 
0 
0 
0 
0 
0 
0 
0 
0 
0 
0 
0 
0 
0 
0 
0 
0 
0 
0 
0 
0 
0 
0 
0 
0 
0 
0 
0 
0 
0 
0 
0 
0 
0 
0 
0 
0 
0 
0 
0 
0 
0 
0 
0 
0 
0 
0 
0 
0 
0 
0 
0 
0 
0 
0 
0 
0 
0 
0 
0 
0 
0 
0 
0 
0 
0 
0 
0 
0 
0 
0 
0 
0 
0 
0 
0 
0 
0 
0 
0 
0 
0 
0 
0 
0 
0 
0 
0 
0 
0 
0 
0 
0 
0 
0 
0 
0 
0 
0 
0 
0 
0 
0 
0 
0 
0 
0 
0 
0 
0 
!IDEND=

