!FILE=Disk 
!KIND=Matrix 
!LABORATORY=Oslo Cyclotron Laboratory (OCL) 
!EXPERIMENT=SuN simulations 
!COMMENT=background
!TIME=2018-09-24 15:06:07
!CALIBRATION EkeV=6, 5.000000E+00, 1.000000E+01, 0.000000E+00
!PRECISION=16
!DIMENSION=1,0:1399
!CHANNEL=(0:1399)
116 
0 
2 
2 
6 
14 
17 
9 
9 
7 
11 
11 
8 
14 
14 
20 
18 
19 
15 
15 
17 
12 
18 
22 
25 
13 
18 
18 
7 
15 
21 
26 
24 
24 
11 
21 
20 
23 
28 
20 
24 
18 
23 
11 
27 
20 
12 
30 
18 
18 
19 
29 
15 
18 
16 
25 
14 
16 
17 
15 
16 
15 
25 
12 
11 
13 
29 
12 
17 
20 
21 
11 
19 
18 
15 
21 
23 
20 
20 
26 
32 
21 
18 
19 
17 
20 
16 
26 
17 
24 
19 
19 
24 
26 
21 
15 
26 
27 
29 
19 
24 
28 
25 
20 
22 
26 
17 
21 
33 
31 
28 
23 
33 
25 
30 
28 
24 
32 
25 
28 
18 
21 
28 
38 
42 
21 
26 
26 
23 
29 
35 
25 
26 
27 
28 
22 
29 
34 
33 
34 
19 
32 
22 
24 
28 
26 
31 
33 
29 
32 
24 
33 
44 
35 
41 
43 
35 
36 
32 
42 
32 
39 
37 
31 
23 
33 
30 
35 
31 
24 
38 
30 
35 
36 
35 
31 
29 
29 
29 
36 
39 
29 
36 
30 
33 
33 
31 
34 
27 
36 
44 
28 
24 
38 
30 
33 
42 
41 
39 
34 
38 
39 
29 
42 
47 
42 
29 
43 
40 
25 
35 
43 
21 
36 
28 
37 
33 
32 
41 
35 
36 
33 
24 
42 
46 
33 
49 
39 
43 
26 
36 
47 
45 
45 
43 
37 
44 
40 
34 
37 
50 
49 
37 
43 
49 
44 
43 
43 
44 
56 
44 
58 
50 
54 
35 
49 
52 
47 
50 
53 
46 
51 
51 
48 
57 
52 
58 
59 
43 
51 
50 
47 
51 
41 
63 
48 
69 
42 
52 
65 
63 
70 
48 
48 
50 
55 
55 
54 
66 
45 
54 
66 
53 
46 
53 
52 
51 
51 
59 
48 
67 
60 
56 
75 
55 
64 
54 
60 
62 
68 
72 
55 
67 
66 
70 
55 
63 
65 
59 
65 
67 
60 
70 
57 
59 
76 
72 
71 
57 
60 
52 
85 
62 
66 
75 
71 
52 
58 
77 
64 
72 
66 
81 
63 
54 
74 
69 
67 
83 
82 
74 
70 
70 
66 
68 
77 
64 
76 
73 
72 
85 
73 
69 
79 
83 
67 
78 
89 
71 
76 
87 
88 
75 
95 
75 
77 
80 
80 
70 
72 
83 
88 
98 
72 
86 
72 
67 
79 
88 
101 
79 
79 
89 
106 
102 
87 
72 
85 
93 
94 
89 
80 
86 
83 
88 
94 
88 
90 
98 
90 
73 
85 
97 
96 
89 
79 
95 
88 
105 
76 
92 
101 
87 
88 
74 
98 
109 
101 
103 
97 
98 
92 
86 
91 
106 
99 
100 
89 
99 
101 
107 
87 
96 
102 
90 
93 
97 
103 
90 
100 
83 
86 
128 
111 
135 
116 
106 
104 
109 
98 
101 
96 
118 
105 
106 
106 
95 
107 
84 
113 
127 
107 
113 
106 
128 
120 
115 
117 
104 
93 
102 
109 
94 
95 
116 
110 
115 
115 
115 
117 
130 
135 
128 
124 
123 
108 
105 
127 
107 
127 
114 
123 
117 
111 
107 
115 
103 
139 
121 
133 
130 
117 
126 
127 
103 
136 
121 
123 
126 
102 
122 
124 
136 
117 
124 
134 
136 
126 
143 
125 
128 
117 
129 
147 
122 
122 
121 
143 
132 
130 
146 
126 
133 
141 
133 
134 
153 
134 
135 
125 
138 
124 
166 
129 
111 
127 
128 
134 
141 
146 
149 
179 
127 
135 
132 
136 
157 
128 
133 
126 
162 
135 
147 
127 
134 
143 
150 
134 
141 
128 
138 
144 
150 
151 
155 
138 
174 
132 
132 
136 
156 
146 
146 
163 
144 
162 
155 
150 
154 
135 
157 
145 
153 
180 
172 
121 
151 
148 
135 
144 
155 
159 
169 
156 
168 
166 
144 
150 
144 
172 
148 
147 
139 
150 
139 
155 
147 
163 
161 
150 
157 
163 
150 
138 
151 
141 
169 
170 
157 
158 
177 
172 
170 
171 
150 
172 
171 
162 
150 
173 
174 
166 
173 
170 
145 
162 
180 
172 
172 
190 
156 
156 
132 
153 
170 
156 
168 
162 
143 
170 
180 
163 
174 
138 
154 
181 
171 
173 
154 
150 
187 
170 
178 
168 
157 
162 
158 
143 
177 
159 
159 
189 
148 
163 
165 
178 
187 
176 
173 
165 
200 
162 
173 
145 
159 
150 
190 
194 
162 
157 
184 
179 
150 
197 
148 
206 
157 
158 
173 
141 
142 
200 
170 
182 
198 
165 
163 
161 
166 
173 
165 
149 
170 
168 
184 
191 
175 
161 
160 
154 
158 
151 
152 
165 
156 
186 
146 
168 
176 
166 
174 
175 
153 
190 
198 
159 
168 
173 
168 
148 
183 
177 
206 
189 
176 
175 
165 
195 
151 
173 
177 
195 
171 
164 
173 
181 
161 
178 
162 
174 
188 
172 
178 
176 
176 
174 
174 
171 
165 
161 
167 
176 
171 
158 
172 
164 
160 
179 
178 
174 
150 
180 
143 
164 
184 
170 
172 
174 
171 
159 
170 
181 
167 
156 
162 
160 
148 
169 
152 
150 
140 
192 
165 
168 
163 
176 
180 
177 
152 
157 
175 
157 
159 
151 
151 
135 
160 
167 
140 
158 
141 
168 
177 
164 
151 
180 
149 
153 
160 
136 
156 
152 
153 
131.999 
147.999 
122.998 
154.997 
147.995 
168.991 
144.985 
140.975 
164.959 
140.934 
153.895 
149.835 
142.745 
158.61 
158.412 
143.124 
163.711 
153.127 
157.313 
163.194 
169.677 
158.649 
156.976 
162.503 
173.055 
156.441 
187.461 
193.91 
171.594 
183.341 
195.018 
154.546 
145.918 
197.215 
226.621 
168.428 
190.041 
178.977 
129.844 
141.332 
130.174 
140.122 
131.902 
110.177 
108.51 
104.331 
93.9076 
103.331 
74.5103 
69.1766 
164.902 
64.122 
122.174 
83.3318 
97.8444 
101.977 
76.0413 
81.4275 
99.6207 
74.2151 
95.9178 
80.5461 
69.0184 
58.3414 
66.5939 
56.9096 
51.4605 
50.4411 
41.0547 
32.5026 
35.9758 
21.6489 
21.677 
18.1941 
11.313 
13.1268 
13.7106 
15.1236 
6.4118 
9.6102 
10.7449 
2.83519 
1.89485 
1.93376 
4.95879 
1.97469 
1.98465 
1.99081 
0.994564 
0.996826 
1.99817 
1.99896 
1.99941 
1.99967 
0.999822 
1 
0 
0 
1 
0 
0 
2 
0 
2 
3 
2 
0 
2 
0 
1 
0 
2 
0 
0 
0 
0 
0 
2 
1 
0 
0 
1 
0 
1 
0 
0 
0 
0 
3 
1 
0 
0 
0 
0 
1 
0 
0 
0 
0 
0 
1 
0 
0 
0 
0 
0 
1 
0 
0 
0 
0 
0 
0 
0 
0 
0 
0 
0 
0 
0 
0 
0 
0 
0 
0 
0 
0 
0 
0 
0 
0 
0 
0 
0 
0 
0 
0 
0 
0 
0 
0 
0 
0 
0 
0 
0 
0 
0 
0 
0 
0 
0 
0 
0 
0 
0 
0 
0 
0 
0 
0 
0 
0 
0 
0 
0 
0 
0 
0 
0 
0 
0 
0 
0 
0 
0 
0 
0 
0 
0 
0 
0 
0 
0 
0 
0 
0 
0 
0 
0 
0 
0 
0 
0 
0 
0 
0 
0 
0 
0 
0 
0 
0 
0 
0 
0 
0 
0 
0 
0 
0 
0 
0 
0 
0 
0 
0 
0 
0 
0 
0 
0 
0 
0 
0 
0 
0 
0 
0 
0 
0 
0 
0 
0 
0 
0 
0 
0 
0 
0 
0 
0 
0 
0 
0 
0 
0 
0 
0 
0 
0 
0 
0 
0 
0 
0 
0 
0 
0 
0 
0 
0 
0 
0 
0 
0 
0 
0 
0 
0 
0 
0 
0 
0 
0 
0 
0 
0 
0 
0 
0 
0 
0 
0 
0 
0 
0 
0 
0 
0 
0 
0 
0 
0 
0 
0 
0 
0 
0 
0 
0 
0 
0 
0 
0 
0 
0 
0 
0 
0 
0 
0 
0 
0 
0 
0 
0 
0 
0 
0 
0 
0 
0 
0 
0 
0 
0 
0 
0 
0 
0 
0 
0 
0 
0 
0 
0 
0 
0 
0 
0 
0 
0 
0 
0 
0 
0 
0 
0 
0 
0 
0 
0 
0 
0 
0 
0 
0 
0 
0 
0 
0 
0 
0 
0 
0 
0 
0 
0 
0 
0 
0 
0 
0 
0 
0 
0 
0 
0 
0 
0 
0 
0 
0 
0 
0 
0 
0 
0 
0 
0 
0 
0 
0 
0 
0 
0 
0 
0 
0 
0 
0 
0 
0 
0 
0 
0 
0 
0 
0 
0 
0 
0 
0 
0 
0 
0 
0 
0 
0 
0 
0 
0 
0 
0 
0 
0 
0 
0 
0 
0 
0 
0 
0 
0 
0 
0 
0 
0 
0 
0 
0 
0 
0 
0 
0 
0 
0 
0 
0 
0 
0 
0 
0 
0 
0 
0 
0 
0 
0 
0 
0 
0 
0 
0 
0 
0 
0 
0 
0 
0 
0 
0 
0 
0 
0 
0 
0 
0 
0 
0 
0 
0 
0 
0 
0 
0 
0 
0 
0 
0 
0 
0 
0 
0 
0 
0 
0 
0 
0 
0 
0 
0 
0 
0 
0 
0 
!IDEND=

