!FILE=Disk 
!KIND=Matrix 
!LABORATORY=Oslo Cyclotron Laboratory (OCL) 
!EXPERIMENT=SuN simulations 
!COMMENT=background
!TIME=2018-09-24 15:06:07
!CALIBRATION EkeV=6, 5.000000E+00, 1.000000E+01, 0.000000E+00
!PRECISION=16
!DIMENSION=1,0:1399
!CHANNEL=(0:1399)
687 
0 
0 
2 
6 
8 
12 
14 
22 
25 
30 
41 
20 
28 
20 
32 
25 
27 
33 
27 
28 
26 
22 
26 
28 
39 
33 
40 
22 
21 
24 
21 
35 
21 
19 
31 
19 
15 
21 
22 
23 
15 
27 
23 
27 
24 
22 
30 
39 
44 
28 
30 
37 
25 
22 
31 
27 
39 
23 
27 
28 
17 
24 
25 
17 
18 
20 
26 
41 
28 
15 
31 
25 
16 
26 
16 
21 
21 
24 
27 
22 
21 
16 
18 
17 
18 
24 
25 
27 
23 
18 
20 
19 
21 
21 
22 
33 
23 
24 
28 
46 
22 
26 
31 
34 
24 
23 
37 
20 
33 
35 
16 
32 
26 
34 
24 
19 
21 
32 
25 
24 
32 
47 
29 
34 
45 
37 
18 
23 
26 
23 
32 
31 
25 
31 
40 
25 
36 
20 
36 
38 
31 
34 
39 
36 
33 
37 
30 
38 
28 
33 
28 
34 
37 
30 
21 
28 
29 
34 
18 
32 
33 
24 
25 
38 
24 
30 
32 
33 
34 
31 
34 
31 
38 
30 
28 
27 
31 
28 
31 
29 
34 
38 
22 
36 
31 
36 
28 
27 
35 
27 
25 
31 
33 
18 
35 
25 
40 
42 
30 
30 
38 
38 
36 
29 
23 
32 
26 
36 
41 
32 
34 
35 
34 
34 
33 
31 
40 
39 
30 
41 
37 
38 
40 
35 
35 
32 
55 
46 
46 
39 
37 
34 
45 
24 
32 
32 
33 
22 
32 
39 
34 
25 
34 
29 
38 
42 
43 
51 
38 
37 
42 
42 
41 
39 
39 
51 
35 
49 
37 
39 
41 
40 
43 
41 
48 
48 
57 
40 
42 
49 
51 
33 
35 
37 
35 
35 
35 
39 
41 
43 
49 
43 
50 
47 
40 
47 
42 
33 
46 
48 
45 
45 
43 
42 
38 
52 
38 
52 
46 
38 
47 
54 
52 
54 
45 
52 
40 
51 
57 
42 
33 
40 
49 
47 
48 
48 
37 
55 
56 
45 
37 
48 
49 
45 
62 
47 
38 
60 
50 
58 
44 
53 
62 
50 
50 
41 
34 
61 
37 
45 
60 
52 
48 
52 
70 
49 
44 
48 
48 
59 
53 
64 
68 
59 
58 
61 
45 
58 
65 
59 
59 
49 
57 
51 
61 
69 
45 
60 
58 
64 
67 
80 
66 
60 
62 
50 
52 
61 
66 
59 
71 
59 
40 
56 
71 
56 
53 
51 
59 
59 
63 
75 
57 
63 
44 
65 
60 
60 
54 
65 
68 
62 
68 
67 
78 
83 
69 
52 
61 
75 
62 
67 
57 
65 
71 
74 
68 
67 
60 
59 
56 
63 
69 
62 
77 
68 
72 
67 
78 
81 
89 
57 
72 
66 
73 
81 
93 
69 
79 
64 
69 
60 
68 
72 
67 
73 
69 
74 
76 
68 
66 
68 
63 
71 
53 
66 
83 
70 
72 
83 
76 
69 
76 
66 
85 
84 
88 
71 
86 
72 
68 
88 
70 
73 
90 
79 
79 
81 
74 
90 
62 
75 
89 
80 
80 
83 
76 
59 
88 
67 
80 
78 
78 
76 
90 
99 
85 
96 
98 
77 
85 
78 
74 
88 
88 
93 
84 
69 
92 
80 
90 
112 
74 
97 
90 
93 
79 
103 
100 
86 
86 
97 
68 
87 
109 
88 
101 
110 
92 
85 
91 
102 
101 
97 
102 
115 
77 
98 
100 
97 
58 
84 
80 
106 
99 
94 
91 
104 
105 
94 
89 
105 
82 
89 
91 
103 
110 
104 
97 
95 
100 
100 
82 
103 
98 
97 
99 
84 
94 
82 
105 
113 
114 
105 
97 
97 
107 
100 
100 
86 
101 
104 
93 
94 
121 
134 
111 
109 
118 
107 
105 
97 
103 
113 
98 
106 
109 
136 
107 
125 
121 
118 
101 
110 
102 
110 
120 
104 
102 
111 
109 
109 
112 
88 
105 
107 
89 
102 
91 
114 
104 
115 
114 
125 
108 
124 
119 
117 
112 
111 
120 
109 
136 
122 
125 
105 
113 
127 
90 
94 
97 
113 
104 
138 
136 
139 
110 
114 
107 
111 
109 
109 
121 
102 
105 
103 
121 
129 
126 
104 
120 
110 
102 
122 
135 
110 
115 
110 
124 
131 
128 
120 
107 
117 
122 
115 
138 
119 
113 
99 
122 
105 
130 
120 
117 
134 
115 
103 
99 
101 
114 
131 
124 
121 
102 
132 
120 
118 
122 
133 
135 
118 
136 
115 
141 
124 
129 
119 
117 
126 
132 
119 
141 
115 
120 
116 
135 
136 
122 
150 
121 
117 
100 
128 
131 
129 
129 
137 
128 
131 
125 
140 
111 
119 
108 
121 
134 
124 
133 
112 
120 
129 
123 
127 
146 
128 
130 
141 
121 
130 
127 
127 
113 
132 
117 
139 
117 
138 
145 
126 
144 
130 
121 
121 
113 
108 
121 
150 
110 
117 
131 
145 
129 
113 
147 
141 
125 
117 
119 
141 
117 
128 
135 
145 
142 
141 
146 
144 
134 
130 
152 
146 
127 
147 
134 
115 
146 
125 
143 
123 
138 
134 
115 
129 
137 
135 
141 
121 
132 
137 
142 
156 
131 
124 
132 
132 
141 
141 
136 
135 
133 
134 
123 
145 
139 
136 
145 
133 
113 
141 
130 
127 
121 
118 
125 
136 
133 
152 
133 
143 
143 
134 
118 
136 
123 
138 
123 
117 
138 
122 
133 
137 
118 
136 
117 
124 
131 
131 
124 
145 
149 
135 
109 
138 
127 
157 
122 
131 
113 
139 
109 
119 
109 
126 
113 
139 
144 
123 
125 
139 
135 
138 
136 
122 
137 
134 
136 
139 
136 
145 
126 
119 
115 
135 
133 
113 
149 
132 
146 
118 
130 
129 
150 
124 
128 
140 
136 
149 
140 
125 
123 
121 
146 
127 
133 
130 
121 
112 
147 
122 
131 
125 
127 
138 
133 
120 
126 
113 
107 
111 
133 
138 
135 
132 
110 
123 
133 
121 
122 
126 
131 
133 
108 
141 
116 
115 
105 
118 
137 
115 
127 
120 
111 
107 
126 
124 
130 
131 
117 
107 
141 
110 
119 
120 
114 
129 
121 
127 
121 
116 
149 
138 
108 
127 
126 
134 
103 
126 
114 
122 
130 
114 
105 
145 
118 
113 
97 
116 
112 
117 
119 
109 
110 
103 
102 
122 
121 
132 
103 
92 
112 
122 
103 
133 
115 
104 
109 
121 
116 
119 
119 
122 
110 
99 
110 
111 
102 
122 
126 
108 
104 
123 
112 
117 
123 
110 
114 
101 
116 
115 
104 
94 
91 
107 
90 
125 
90 
91 
117 
88 
98 
106 
99 
107 
104 
114 
114 
93 
104 
92.9999 
85.9998 
115 
89.9993 
97.9988 
80.998 
100.997 
102.994 
112.991 
94.9846 
100.975 
105.96 
95.9376 
101.903 
62.8508 
96.7734 
89.6599 
82.4959 
87.2617 
107.932 
90.4728 
100.843 
88.9904 
109.851 
101.35 
110.397 
81.8938 
86.7273 
115.779 
125.924 
123.042 
112.019 
122.759 
102.192 
109.285 
123.05 
147.557 
112.934 
107.379 
108.154 
111.586 
132.056 
103.988 
85.8316 
78.0411 
67.0542 
81.2687 
53.0206 
71.5652 
43.062 
54.5652 
66.0206 
53.2687 
46.0542 
93.0411 
83.8316 
57.988 
68.0558 
77.5857 
77.1538 
89.3787 
94.9341 
65.5568 
86.0504 
68.2848 
81.192 
75.7591 
82.0192 
51.0422 
66.9242 
73.7786 
46.7273 
32.8938 
28.3974 
23.3497 
32.8513 
26.9904 
24.8431 
30.4728 
12.9317 
9.26169 
10.4959 
7.65995 
11.7734 
4.85079 
3.90294 
3.93762 
-0.0396041 
2.97516 
0.984605 
2.99057 
-0.00570164 
-0.00340732 
-0.00201171 
-0.00117343 
-0.000676217 
-0.000384995 
-0.000216553 
0 
0 
0 
0 
0 
0 
0 
0 
0 
0 
0 
0 
0 
0 
0 
0 
0 
0 
0 
0 
0 
0 
0 
0 
0 
0 
0 
0 
0 
0 
0 
0 
0 
0 
0 
0 
0 
0 
0 
0 
0 
0 
0 
0 
0 
0 
0 
0 
0 
0 
0 
0 
0 
0 
0 
0 
0 
0 
0 
0 
0 
0 
0 
0 
0 
0 
0 
0 
0 
0 
0 
0 
0 
0 
0 
0 
0 
0 
0 
0 
0 
0 
0 
0 
0 
0 
0 
0 
0 
0 
0 
0 
0 
0 
0 
0 
0 
0 
0 
0 
0 
0 
0 
0 
0 
0 
0 
0 
0 
0 
0 
0 
0 
0 
0 
0 
0 
0 
0 
0 
0 
0 
0 
0 
0 
0 
0 
0 
0 
0 
0 
0 
0 
0 
0 
0 
0 
0 
0 
0 
0 
0 
0 
0 
0 
0 
0 
0 
0 
0 
0 
0 
0 
0 
0 
0 
0 
0 
0 
0 
0 
0 
0 
0 
0 
0 
0 
0 
0 
0 
0 
0 
0 
0 
0 
0 
0 
0 
0 
0 
0 
0 
0 
0 
0 
0 
0 
0 
0 
0 
0 
0 
0 
0 
0 
0 
0 
0 
0 
0 
0 
0 
0 
0 
0 
0 
0 
0 
0 
0 
0 
0 
0 
0 
0 
0 
0 
0 
0 
0 
0 
0 
0 
0 
0 
0 
0 
0 
0 
0 
0 
0 
0 
0 
0 
0 
0 
0 
0 
0 
0 
0 
0 
0 
0 
0 
0 
0 
0 
0 
0 
0 
!IDEND=

