!FILE=Disk 
!KIND=Matrix 
!LABORATORY=Oslo Cyclotron Laboratory (OCL) 
!EXPERIMENT=SuN simulations 
!COMMENT=background
!TIME=2018-09-24 15:06:08
!CALIBRATION EkeV=6, 5.000000E+00, 1.000000E+01, 0.000000E+00
!PRECISION=16
!DIMENSION=1,0:1399
!CHANNEL=(0:1399)
83 
0 
0 
3 
1 
6 
7 
2 
6 
3 
6 
10 
11 
13 
11 
8 
13 
12 
8 
12 
13 
15 
7 
13 
18 
11 
12 
13 
10 
10 
12 
7 
11 
15 
11 
8 
7 
8 
10 
14 
20 
18 
14 
13 
10 
12 
16 
11 
23 
7 
17 
13 
12 
14 
9 
10 
11 
12 
8 
15 
13 
12 
15 
13 
11 
10 
17 
9 
8 
18 
16 
17 
14 
17 
18 
18 
19 
16 
19 
22 
14 
13 
19 
17 
16 
20 
21 
22 
21 
18 
23 
17 
16 
15 
24 
27 
15 
25 
19 
20 
18 
17 
14 
16 
14 
14 
19 
13 
16 
18 
20 
17 
17 
12 
13 
23 
18 
19 
20 
19 
14 
17 
17 
12 
16 
14 
19 
18 
14 
17 
20 
12 
22 
24 
22 
17 
14 
13 
23 
21 
17 
20 
17 
20 
13 
8 
15 
13 
13 
17 
21 
18 
9 
19 
18 
23 
16 
24 
10 
21 
21 
26 
16 
29 
22 
19 
23 
18 
18 
20 
16 
21 
24 
22 
30 
22 
25 
13 
14 
24 
22 
15 
17 
35 
20 
20 
18 
27 
15 
20 
27 
29 
29 
31 
21 
26 
25 
25 
24 
22 
27 
22 
21 
25 
22 
28 
24 
28 
13 
22 
25 
22 
17 
21 
22 
27 
31 
24 
40 
29 
36 
27 
24 
30 
25 
33 
20 
22 
23 
29 
30 
27 
30 
33 
28 
25 
27 
29 
30 
23 
33 
22 
26 
35 
20 
30 
24 
19 
34 
23 
27 
23 
27 
24 
23 
15 
28 
41 
33 
34 
26 
27 
25 
37 
31 
30 
27 
27 
37 
29 
29 
35 
29 
36 
31 
31 
26 
29 
33 
29 
25 
32 
28 
29 
39 
23 
37 
30 
34 
45 
33 
42 
31 
31 
33 
37 
31 
30 
31 
37 
37 
27 
41 
29 
39 
34 
30 
29 
40 
38 
29 
44 
43 
50 
47 
34 
34 
28 
37 
51 
45 
48 
34 
33 
44 
41 
33 
36 
43 
35 
34 
37 
43 
30 
40 
43 
36 
42 
49 
47 
34 
51 
39 
41 
45 
45 
42 
49 
40 
54 
33 
44 
44 
44 
38 
38 
47 
35 
48 
42 
53 
50 
46 
46 
49 
40 
54 
41 
59 
37 
51 
60 
42 
50 
38 
48 
42 
55 
46 
41 
54 
46 
58 
58 
40 
57 
45 
53 
60 
52 
57 
49 
51 
58 
58 
65 
51 
66 
42 
56 
54 
55 
52 
54 
50 
46 
52 
43 
60 
55 
49 
48 
61 
51 
67 
50 
60 
54 
49 
55 
45 
47 
53 
53 
61 
67 
42 
46 
53 
71 
57 
60 
76 
62 
75 
57 
57 
60 
53 
61 
70 
69 
62 
66 
60 
64 
60 
67 
57 
72 
63 
72 
68 
69 
64 
67 
64 
53 
82 
74 
50 
62 
59 
57 
61 
70 
90 
63 
67 
74 
70 
75 
59 
70 
75 
58 
62 
64 
79 
53 
73 
85 
64 
65 
73 
83 
77 
73 
66 
61 
88 
58 
87 
70 
82 
77 
82 
85 
85 
66 
86 
71 
65 
76 
76 
92 
60 
73 
67 
78 
81 
75 
74 
89 
74 
96 
72 
76 
74 
86 
87 
73 
72 
83 
77 
71 
104 
86 
70 
103 
99 
96 
100 
79 
101 
67 
102 
94 
80 
61 
80 
104 
90 
78 
99 
106 
99 
82 
97 
86 
86 
96 
85 
96 
104 
84 
96 
90 
95 
104 
62 
86 
97 
106 
94 
97 
91 
97 
91 
92 
86 
87 
77 
86 
85 
91 
86 
99 
86 
101 
86 
100 
97 
105 
106 
122 
111 
87 
107 
112 
113 
95 
86 
94 
116 
98 
112 
92 
134 
120 
121 
102 
104 
99 
101 
99 
105 
115 
113 
96 
88 
105 
111 
104 
102 
100 
102 
83 
90 
115 
94 
104 
92 
112 
103 
101 
103 
121 
120 
114 
115 
110 
90 
124 
106 
96 
116 
124 
93 
121 
133 
130 
125 
109 
102 
130 
144 
119 
119 
113 
119 
114 
137 
120 
114 
111 
125 
115 
126 
130 
109 
126 
117 
111 
113 
109 
128 
127 
126 
119 
125 
98 
136 
117 
130 
116 
108 
123 
123 
104 
103 
139 
129 
110 
132 
118 
114 
116 
120 
122 
120 
123 
130 
140 
131 
110 
130 
118 
118 
117 
137 
114 
149 
138 
120 
137 
120 
120 
133 
135 
118 
123 
135 
139 
129 
104 
130 
121 
135 
136 
114 
129 
153 
135 
132 
105 
139 
142 
144 
129 
130 
142 
123 
125 
117 
165 
118 
124 
126 
122 
141 
128 
106 
151 
172 
145 
125 
146 
122 
122 
161 
161 
148 
156 
140 
123 
123 
126 
127 
142 
142 
161 
130 
144 
144 
156 
149 
140 
130 
137 
152 
133 
142 
116 
160 
143 
164 
136 
151 
136 
137 
143 
128 
135 
131 
162 
138 
150 
151 
127 
155 
129 
143 
133 
145 
139 
151 
142 
165 
148 
144 
162 
152 
150 
144 
145 
174 
145 
161 
166 
133 
137 
137 
160 
154 
147 
150 
163 
151 
114 
146 
164 
155 
152 
129 
151 
146 
154 
157 
169 
158 
160 
127 
148 
152 
163 
147 
170 
151 
142 
125 
146 
158 
152 
154 
159 
152 
137 
144 
151 
140 
135 
135 
149 
149 
147 
128 
138 
145 
153 
152 
148 
142 
131 
165 
172 
160 
145 
141 
158 
139 
142 
150 
138 
179 
153 
151 
148 
162 
167 
172 
159 
134 
165 
142 
166 
151 
155 
146 
143 
149 
159 
159 
173 
132 
160 
165 
155 
152 
150 
159 
130 
149 
147 
145 
131 
141 
157 
146 
139 
148 
166 
149 
156 
159 
137 
139 
135 
152 
135 
146 
149 
154 
152 
147 
153 
169 
156 
157 
164 
141 
161 
141 
148 
156 
155 
155 
157 
148 
131 
151 
132 
147 
148 
146 
150 
130 
135 
145 
157 
134 
179 
126 
170 
150 
161 
125 
136 
156 
155 
138 
158 
153 
171 
158 
141 
147 
147 
156 
154 
131 
163 
149 
137 
131 
141 
129 
138 
166 
141 
165 
131 
150 
147 
160 
140 
144 
139 
164 
134 
144 
139 
128 
138 
167 
132 
128 
134 
131 
135 
127 
137 
124 
152 
128 
151 
118 
135 
137 
116 
147 
139 
134 
145 
161 
131 
152 
123 
146 
127 
146 
139 
139 
134 
131 
139 
148 
134 
141 
134 
120 
134 
147 
120 
143 
128 
115 
113 
132 
118 
130 
121 
128 
129 
115 
135 
130 
109 
139 
134 
112 
126 
123 
124.999 
120.999 
141.998 
105.997 
124.996 
120.993 
120.988 
124.98 
111.969 
144.95 
111.923 
102.881 
126.819 
126.729 
125.597 
135.409 
121.144 
116.775 
144.268 
133.581 
123.661 
143.448 
140.87 
171.843 
152.278 
143.076 
163.136 
132.358 
128.649 
186.93 
161.143 
160.258 
145.287 
172.283 
176.352 
146.655 
135.404 
167.868 
138.359 
121.222 
110.828 
111.547 
99.7405 
98.7332 
81.8016 
83.1551 
67.9248 
80.1551 
77.8016 
77.7332 
58.7405 
70.5475 
54.8278 
40.2224 
58.3586 
45.8682 
50.4043 
70.6546 
76.3525 
72.2832 
44.287 
54.2584 
57.1426 
71.9303 
41.6495 
49.3582 
47.1358 
38.0756 
35.2776 
27.8431 
19.8696 
16.4484 
19.6614 
14.5807 
14.268 
10.7751 
6.14417 
7.40926 
4.59716 
2.72862 
4.81938 
2.88124 
2.92286 
2.9505 
-0.0313814 
0.980346 
0.987839 
0.992567 
1.99551 
-0.00267795 
-0.00157831 
-0.00091898 
-0.000528616 
-0.000300397 
-0.000168645 
-9.35346e-05 
0 
0 
0 
0 
0 
0 
0 
0 
0 
0 
0 
0 
0 
0 
0 
0 
0 
0 
0 
0 
0 
0 
0 
0 
0 
0 
0 
0 
0 
0 
0 
0 
0 
0 
0 
0 
0 
0 
0 
0 
0 
0 
0 
0 
0 
0 
0 
0 
0 
0 
0 
0 
0 
0 
0 
0 
0 
0 
0 
0 
0 
0 
0 
0 
0 
0 
0 
0 
0 
0 
0 
0 
0 
0 
0 
0 
0 
0 
0 
0 
0 
0 
0 
0 
0 
0 
0 
0 
0 
0 
0 
0 
0 
0 
0 
0 
0 
0 
0 
0 
0 
0 
0 
0 
0 
0 
0 
0 
0 
0 
0 
0 
0 
0 
0 
0 
0 
0 
0 
0 
0 
0 
0 
0 
0 
0 
0 
0 
0 
0 
0 
0 
0 
0 
0 
0 
0 
0 
0 
0 
0 
0 
0 
0 
0 
0 
0 
0 
0 
0 
0 
0 
0 
0 
0 
0 
0 
0 
0 
0 
0 
0 
0 
0 
0 
0 
0 
0 
0 
0 
0 
0 
0 
0 
0 
0 
0 
0 
0 
0 
0 
0 
0 
0 
0 
0 
0 
0 
0 
0 
0 
0 
0 
0 
0 
0 
0 
0 
0 
0 
0 
0 
0 
0 
0 
0 
0 
0 
0 
0 
0 
0 
0 
0 
0 
0 
0 
0 
0 
0 
0 
0 
0 
0 
0 
0 
0 
0 
0 
0 
0 
0 
0 
0 
0 
0 
0 
0 
0 
0 
0 
0 
0 
0 
0 
0 
0 
0 
0 
0 
0 
!IDEND=

