!FILE=Disk 
!KIND=Matrix 
!LABORATORY=Oslo Cyclotron Laboratory (OCL) 
!EXPERIMENT=SuN simulations 
!COMMENT=background
!TIME=2018-09-24 15:06:07
!CALIBRATION EkeV=6, 5.000000E+00, 1.000000E+01, 0.000000E+00
!PRECISION=16
!DIMENSION=1,0:1399
!CHANNEL=(0:1399)
671 
0 
0 
5 
9 
20 
23 
29 
16 
24 
21 
35 
27 
34 
33 
33 
22 
18 
35 
21 
31 
45 
40 
36 
39 
42 
43 
29 
31 
37 
32 
35 
36 
27 
18 
22 
27 
21 
25 
27 
30 
35 
27 
20 
27 
29 
41 
37 
32 
33 
29 
29 
40 
31 
34 
32 
34 
21 
35 
40 
37 
28 
35 
33 
30 
26 
33 
26 
28 
23 
27 
26 
33 
28 
28 
24 
26 
38 
32 
28 
43 
40 
31 
39 
30 
30 
30 
35 
28 
27 
32 
30 
33 
30 
32 
31 
23 
33 
39 
46 
35 
38 
29 
39 
30 
35 
23 
40 
43 
30 
38 
38 
27 
36 
32 
28 
25 
30 
30 
39 
31 
36 
34 
35 
36 
40 
33 
24 
33 
37 
38 
29 
42 
28 
35 
26 
25 
37 
24 
28 
41 
31 
37 
37 
25 
33 
38 
39 
38 
34 
40 
35 
43 
38 
42 
37 
45 
45 
42 
41 
46 
45 
45 
31 
43 
35 
38 
37 
44 
36 
52 
42 
43 
34 
37 
39 
41 
39 
46 
41 
56 
41 
51 
34 
41 
51 
41 
46 
43 
52 
54 
53 
57 
51 
53 
54 
45 
42 
54 
37 
37 
46 
47 
45 
46 
56 
38 
52 
50 
56 
46 
46 
38 
38 
48 
49 
46 
42 
43 
54 
48 
43 
53 
49 
33 
61 
45 
61 
61 
62 
40 
46 
47 
49 
48 
46 
63 
46 
73 
48 
48 
44 
49 
76 
72 
47 
48 
53 
54 
63 
56 
47 
59 
48 
45 
58 
59 
45 
52 
58 
53 
51 
47 
60 
54 
61 
58 
58 
66 
73 
60 
63 
71 
64 
56 
87 
60 
56 
59 
63 
55 
54 
58 
64 
52 
58 
56 
53 
72 
62 
59 
73 
65 
74 
59 
64 
74 
71 
58 
54 
56 
61 
73 
48 
63 
60 
72 
70 
58 
65 
70 
69 
66 
56 
64 
65 
55 
62 
78 
73 
71 
65 
58 
89 
72 
71 
75 
81 
77 
69 
81 
64 
60 
79 
65 
78 
70 
85 
70 
79 
78 
96 
86 
96 
66 
92 
78 
83 
89 
72 
89 
76 
69 
67 
85 
80 
87 
74 
96 
78 
89 
90 
87 
78 
82 
95 
85 
93 
82 
91 
86 
84 
95 
91 
83 
87 
82 
69 
79 
73 
94 
96 
83 
85 
83 
86 
89 
93 
80 
83 
79 
106 
89 
89 
80 
89 
79 
98 
96 
71 
82 
97 
100 
91 
96 
94 
99 
86 
99 
93 
98 
101 
95 
94 
108 
76 
120 
99 
88 
89 
85 
81 
110 
109 
94 
85 
106 
100 
109 
97 
96 
90 
105 
96 
111 
100 
94 
93 
94 
91 
90 
102 
91 
77 
111 
116 
93 
102 
120 
106 
85 
98 
112 
112 
103 
111 
114 
125 
95 
111 
104 
104 
119 
100 
108 
126 
130 
106 
111 
101 
100 
117 
116 
107 
132 
119 
109 
108 
118 
134 
122 
105 
101 
118 
111 
121 
113 
123 
112 
109 
116 
101 
108 
109 
123 
104 
121 
128 
137 
128 
128 
113 
118 
115 
122 
137 
126 
108 
108 
111 
134 
142 
115 
121 
117 
131 
120 
139 
124 
118 
123 
130 
130 
132 
118 
140 
105 
114 
118 
142 
127 
137 
137 
125 
148 
124 
148 
130 
139 
136 
122 
131 
149 
137 
142 
122 
134 
129 
121 
133 
128 
121 
132 
120 
127 
138 
158 
112 
131 
138 
140 
138 
151 
127 
137 
129 
146 
143 
134 
145 
151 
130 
155 
135 
145 
142 
133 
140 
149 
142 
155 
137 
130 
129 
166 
132 
156 
121 
156 
147 
143 
128 
146 
143 
137 
143 
152 
138 
148 
138 
123 
145 
160 
145 
127 
147 
130 
143 
145 
136 
143 
144 
145 
148 
134 
142 
135 
166 
138 
151 
131 
150 
149 
152 
159 
160 
147 
147 
144 
131 
159 
141 
120 
155 
155 
164 
142 
146 
128 
151 
149 
155 
163 
142 
164 
147 
150 
142 
138 
129 
153 
157 
152 
163 
173 
174 
154 
158 
168 
167 
163 
178 
175 
175 
161 
152 
149 
129 
167 
149 
156 
147 
162 
161 
159 
134 
145 
169 
147 
172 
143 
142 
152 
133 
153 
144 
137 
157 
146 
143 
149 
132 
170 
156 
174 
153 
155 
148 
148 
174 
138 
118 
145 
153 
142 
168 
143 
147 
138 
179 
162 
154 
153 
136 
175 
150 
154 
127 
143 
153 
161 
161 
157 
141 
161 
166 
155 
176 
177 
135 
162 
154 
163 
156 
150 
141 
142 
167 
147 
165 
168 
145 
172 
147 
166 
163 
158 
178 
164 
180 
148 
153 
145 
145 
163 
149 
166 
170 
158 
157 
154 
146 
172 
166 
150 
134 
151 
158 
152 
158 
157 
144 
155 
166 
174 
151 
159 
137 
161 
159 
162 
171 
126 
143 
147 
137 
156 
139 
158 
152 
164 
157 
160 
140 
163 
156 
172 
146 
134 
159 
130 
129 
162 
147 
146 
146 
146 
151 
148 
150 
141 
154 
158 
146 
181 
125 
147 
163 
137 
130 
177 
146 
155 
135 
148 
157 
134 
136 
160 
156 
133 
134 
129 
141 
137 
160 
139 
155 
129 
131 
149 
121 
118 
145 
137 
143 
134 
148 
153 
140 
128 
138 
119 
131.999 
131.999 
126.998 
113.996 
114.993 
123.989 
134.981 
103.97 
112.951 
136.921 
105.876 
122.807 
134.702 
115.547 
114.321 
102.993 
103.525 
87.8667 
131.953 
125.703 
130.015 
125.768 
127.817 
132.997 
160.123 
128.992 
145.393 
146.114 
146.952 
153.732 
141.319 
159.636 
139.686 
161.563 
154.466 
166.712 
153.735 
115.08 
109.391 
130.393 
128.856 
102.567 
78.2839 
81.7 
97.4021 
90.8367 
97.2832 
101.837 
82.4021 
91.7 
44.2839 
75.5669 
92.8563 
83.3928 
82.3912 
79.0796 
92.735 
123.712 
108.466 
128.563 
108.686 
84.6364 
83.3188 
86.7323 
74.9524 
74.1139 
57.3933 
57.9921 
46.1229 
46.9972 
37.817 
40.7678 
40.0153 
38.7032 
30.9534 
15.8667 
20.5248 
13.9925 
7.32052 
10.5474 
6.7023 
4.80661 
6.87593 
3.9214 
-0.0491829 
2.96961 
2.98145 
-0.011177 
3.99335 
2.99609 
1.99773 
0.998699 
-0.000736608 
2.99959 
0.999773 
2.99988 
3 
2 
2 
1 
0 
0 
0 
1 
3 
0 
1 
0 
1 
2 
1 
0 
1 
0 
0 
1 
0 
3 
0 
0 
0 
0 
0 
2 
0 
0 
0 
0 
1 
0 
0 
0 
0 
0 
0 
1 
1 
0 
0 
0 
0 
0 
0 
0 
0 
0 
0 
0 
0 
0 
0 
0 
0 
0 
1 
0 
0 
0 
0 
0 
0 
0 
0 
0 
0 
0 
0 
0 
0 
1 
0 
0 
0 
0 
0 
0 
0 
0 
0 
0 
0 
0 
0 
0 
0 
0 
0 
0 
0 
0 
0 
0 
0 
0 
0 
0 
0 
0 
0 
0 
0 
0 
0 
0 
0 
0 
0 
0 
0 
0 
0 
0 
0 
0 
0 
0 
0 
0 
0 
0 
0 
0 
0 
0 
0 
0 
0 
0 
0 
0 
0 
0 
0 
0 
0 
0 
0 
0 
0 
0 
0 
0 
0 
0 
0 
0 
0 
0 
0 
0 
0 
0 
0 
0 
0 
0 
0 
0 
0 
0 
0 
0 
0 
0 
0 
0 
0 
0 
0 
0 
0 
0 
0 
0 
0 
0 
0 
0 
0 
0 
0 
0 
0 
0 
0 
0 
0 
0 
0 
0 
0 
0 
0 
0 
0 
0 
0 
0 
0 
0 
0 
0 
0 
0 
0 
0 
0 
0 
0 
0 
0 
0 
0 
0 
0 
0 
0 
0 
0 
0 
0 
0 
0 
0 
0 
0 
0 
0 
0 
0 
0 
0 
0 
0 
0 
0 
0 
0 
0 
0 
0 
0 
0 
0 
0 
0 
0 
0 
0 
0 
0 
0 
0 
0 
0 
0 
0 
0 
0 
0 
0 
0 
0 
0 
0 
0 
0 
0 
0 
0 
0 
0 
0 
0 
0 
0 
0 
0 
0 
0 
0 
0 
0 
0 
0 
0 
0 
0 
0 
0 
0 
0 
0 
0 
0 
0 
0 
0 
0 
0 
0 
0 
0 
0 
0 
0 
0 
0 
0 
0 
0 
0 
0 
0 
0 
0 
0 
0 
0 
0 
0 
0 
0 
0 
0 
0 
0 
0 
0 
0 
0 
0 
0 
0 
0 
0 
0 
0 
0 
0 
0 
0 
0 
0 
0 
0 
0 
0 
0 
0 
0 
0 
0 
0 
0 
0 
0 
0 
0 
0 
0 
0 
0 
0 
0 
0 
0 
0 
0 
0 
0 
0 
0 
0 
0 
0 
0 
0 
0 
0 
0 
0 
0 
0 
0 
0 
0 
0 
0 
0 
0 
0 
0 
0 
0 
0 
0 
0 
0 
0 
0 
0 
0 
0 
0 
0 
0 
0 
0 
0 
0 
0 
0 
0 
0 
0 
0 
0 
0 
0 
0 
0 
0 
0 
0 
0 
0 
0 
0 
0 
0 
0 
0 
0 
0 
0 
0 
0 
0 
0 
0 
0 
0 
0 
0 
0 
0 
!IDEND=

