!FILE=Disk 
!KIND=Matrix 
!LABORATORY=Oslo Cyclotron Laboratory (OCL) 
!EXPERIMENT=SuN simulations 
!COMMENT=background
!TIME=2018-09-24 15:06:11
!CALIBRATION EkeV=6, 5.000000E+00, 1.000000E+01, 0.000000E+00
!PRECISION=16
!DIMENSION=1,0:1399
!CHANNEL=(0:1399)
63 
0 
0 
4 
7 
5 
7 
6 
10 
7 
8 
5 
5 
10 
8 
14 
8 
12 
14 
10 
9 
9 
15 
11 
5 
15 
19 
14 
14 
14 
8 
16 
16 
14 
12 
13 
10 
16 
16 
9 
15 
13 
8 
8 
14 
13 
6 
13 
12 
13 
12 
13 
19 
12 
9 
5 
8 
20 
11 
21 
12 
10 
20 
14 
13 
13 
13 
14 
23 
20 
18 
13 
19 
12 
12 
22 
12 
19 
13 
20 
20 
16 
16 
22 
13 
13 
12 
16 
14 
22 
19 
18 
14 
16 
16 
20 
15 
12 
23 
16 
12 
13 
15 
17 
23 
14 
18 
25 
13 
20 
17 
12 
13 
19 
13 
18 
20 
11 
23 
12 
23 
18 
26 
22 
26 
15 
17 
18 
16 
21 
23 
22 
21 
16 
26 
23 
21 
13 
21 
18 
24 
18 
20 
20 
20 
13 
30 
28 
15 
21 
13 
20 
28 
22 
17 
26 
17 
16 
28 
26 
18 
16 
25 
22 
19 
15 
21 
27 
24 
23 
19 
21 
30 
20 
27 
16 
30 
24 
24 
34 
32 
26 
21 
23 
32 
21 
32 
23 
28 
22 
31 
27 
27 
26 
28 
28 
17 
25 
29 
33 
23 
33 
29 
29 
21 
35 
28 
37 
35 
31 
27 
26 
24 
34 
34 
25 
37 
35 
32 
33 
35 
30 
33 
33 
29 
32 
29 
26 
28 
20 
34 
35 
38 
34 
30 
32 
31 
28 
29 
38 
32 
23 
27 
31 
33 
39 
30 
37 
35 
23 
35 
22 
33 
23 
28 
36 
33 
36 
22 
31 
27 
33 
33 
32 
26 
25 
37 
33 
36 
37 
35 
44 
37 
36 
39 
33 
38 
46 
44 
26 
41 
34 
29 
30 
31 
39 
37 
34 
34 
34 
38 
39 
46 
33 
49 
43 
42 
40 
40 
49 
45 
44 
45 
49 
42 
37 
42 
43 
48 
48 
30 
38 
41 
37 
38 
30 
55 
48 
40 
56 
49 
43 
40 
50 
58 
42 
53 
40 
39 
49 
38 
41 
33 
53 
37 
52 
48 
54 
64 
44 
38 
42 
40 
56 
43 
48 
28 
56 
50 
44 
48 
48 
59 
53 
57 
50 
45 
55 
53 
48 
63 
63 
46 
39 
51 
54 
63 
58 
56 
55 
51 
52 
57 
54 
54 
42 
65 
53 
65 
61 
51 
65 
50 
57 
66 
58 
58 
51 
55 
51 
66 
50 
59 
50 
61 
56 
74 
57 
50 
49 
50 
62 
65 
64 
73 
57 
61 
55 
64 
60 
55 
58 
58 
65 
56 
57 
61 
62 
74 
56 
63 
76 
70 
86 
65 
79 
74 
72 
68 
86 
76 
75 
66 
63 
68 
54 
70 
81 
75 
72 
78 
87 
94 
80 
68 
80 
79 
81 
90 
67 
83 
67 
89 
78 
86 
93 
73 
69 
75 
84 
95 
82 
95 
94 
84 
79 
78 
93 
98 
74 
84 
89 
76 
75 
96 
86 
80 
81 
83 
86 
92 
82 
77 
77 
89 
90 
71 
77 
87 
89 
92 
86 
94 
88 
77 
86 
104 
90 
107 
89 
96 
91 
106 
93 
91 
102 
94 
83 
71 
94 
88 
95 
106 
80 
92 
112 
116 
95 
105 
96 
101 
109 
104 
101 
105 
106 
105 
93 
118 
108 
105 
96 
84 
95 
93 
98 
112 
108 
96 
107 
114 
115 
108 
110 
111 
116 
111 
103 
112 
116 
117 
103 
112 
103 
109 
100 
89 
114 
110 
100 
131 
106 
115 
124 
107 
123 
135 
110 
115 
106 
116 
142 
110 
120 
112 
109 
131 
134 
107 
124 
123 
123 
123 
110 
120 
116 
109 
124 
113 
136 
126 
111 
85 
124 
115 
145 
110 
126 
120 
132 
120 
136 
123 
120 
123 
131 
142 
118 
132 
134 
124 
129 
127 
125 
139 
146 
115 
149 
112 
127 
126 
117 
106 
126 
126 
131 
141 
148 
128 
156 
147 
136 
128 
137 
141 
127 
131 
121 
132 
112 
131 
143 
135 
133 
138 
128 
134 
132 
136 
152 
145 
135 
158 
136 
126 
137 
124 
150 
116 
134 
125 
128 
147 
126 
164 
122 
148 
137 
151 
144 
148 
131 
131 
139 
140 
159 
142 
128 
149 
155 
131 
158 
147 
152 
139 
153 
125 
136 
169 
144 
130 
137 
150 
161 
134 
154 
161 
158 
142 
151 
142 
162 
146 
138 
148 
112 
174 
152 
162 
161 
149 
164 
118 
140 
144 
148 
138 
169 
157 
141 
153 
175 
160 
165 
150 
142 
154 
161 
146 
157 
162 
144 
145 
151 
161 
151 
149 
150 
156 
158 
180 
174 
147 
159 
169 
160 
159 
133 
145 
168 
165 
164 
181 
167 
135 
137 
162 
149 
153 
161 
143 
160 
156 
163 
169 
173 
186 
167 
173 
177 
177 
184 
181 
152 
159 
132 
157 
169 
173 
157 
186 
166 
175 
173 
161 
155 
180 
154 
172 
161 
157 
173 
139 
161 
172 
169 
172 
141 
164 
158 
167 
170 
170 
164 
154 
172 
160 
165 
176 
165 
158 
163 
166 
155 
151 
169 
159 
203 
155 
181 
175 
170 
159 
159 
158 
164 
157 
178 
175 
168 
191 
172 
150 
173 
177 
175 
157 
166 
186 
160 
161 
174 
173 
169 
153 
177 
176 
162 
155 
182 
153 
159 
150 
150 
167 
185 
183 
179 
170 
175 
188 
181 
172 
158 
178 
170 
173 
176 
154 
159 
153 
161 
166 
164 
177 
165 
180 
172 
146 
145 
172 
173 
158 
176 
193 
172 
164 
168 
153 
168 
161 
154 
174 
150 
149 
168 
168 
162 
164 
172 
159 
175 
164 
179 
152 
153 
144 
167 
166 
174 
151 
150 
168 
175 
163 
161 
176 
153 
163 
171 
161 
158 
180 
153 
154 
145 
152 
154 
153 
163 
156 
137 
143 
170 
159 
138 
155 
159 
151 
160 
153 
158 
161 
150 
160 
165 
141 
147 
168 
143 
184 
147 
143 
164 
151 
142 
130.999 
166.998 
153.997 
174.995 
173.992 
157.986 
163.977 
149.963 
167.94 
156.904 
156.85 
155.767 
178.644 
162.463 
165.201 
162.828 
178.302 
191.573 
200.578 
207.24 
187.467 
212.154 
204.181 
221.422 
199.741 
257.007 
226.096 
240.905 
256.361 
262.436 
222.155 
228.611 
239.966 
179.461 
203.412 
193.203 
171.276 
135.108 
161.195 
139.019 
152.025 
81.5929 
98.0117 
92.464 
72.0117 
78.5929 
61.0255 
100.019 
102.195 
65.1084 
77.2757 
98.2032 
87.4118 
84.4609 
71.9659 
69.6109 
64.1555 
66.4358 
65.3608 
37.9045 
52.0959 
51.007 
43.7414 
57.422 
34.1814 
33.1536 
26.467 
32.2399 
16.5782 
17.5731 
14.3017 
14.8275 
10.2014 
9.4633 
9.64415 
10.7672 
10.8498 
7.90433 
3.93989 
5.96274 
1.97722 
5.98625 
1.99182 
2.99519 
2.99721 
2.99841 
0.999102 
1.9995 
1.99973 
0 
1 
2 
2 
1 
0 
1 
2 
0 
2 
1 
0 
0 
0 
0 
2 
0 
0 
0 
2 
0 
0 
0 
1 
0 
0 
0 
0 
0 
0 
1 
1 
0 
1 
0 
0 
0 
0 
0 
0 
1 
0 
1 
0 
0 
0 
0 
0 
0 
0 
0 
0 
0 
0 
0 
0 
0 
0 
0 
0 
0 
0 
0 
0 
0 
0 
0 
0 
0 
0 
0 
0 
0 
0 
0 
0 
0 
0 
0 
0 
0 
0 
0 
0 
0 
0 
0 
0 
0 
0 
0 
0 
0 
0 
0 
0 
0 
0 
0 
0 
0 
0 
0 
0 
0 
0 
0 
0 
0 
0 
0 
0 
0 
0 
0 
0 
0 
0 
0 
0 
0 
0 
0 
0 
0 
0 
0 
0 
0 
0 
0 
0 
0 
0 
0 
0 
0 
0 
0 
0 
0 
0 
0 
0 
0 
0 
0 
0 
0 
0 
0 
0 
0 
0 
0 
0 
0 
0 
0 
0 
0 
0 
0 
0 
0 
0 
0 
0 
0 
0 
0 
0 
0 
0 
0 
0 
0 
0 
0 
0 
0 
0 
0 
0 
0 
0 
0 
0 
0 
0 
0 
0 
0 
0 
0 
0 
0 
0 
0 
0 
0 
0 
0 
0 
0 
0 
0 
0 
0 
0 
0 
0 
0 
0 
0 
0 
0 
0 
0 
0 
0 
0 
0 
0 
0 
0 
0 
0 
0 
0 
0 
0 
0 
0 
0 
0 
0 
0 
0 
0 
0 
0 
0 
0 
0 
0 
0 
0 
0 
0 
0 
0 
0 
0 
0 
0 
0 
0 
0 
0 
0 
0 
0 
0 
0 
0 
0 
0 
0 
0 
0 
0 
0 
0 
0 
0 
0 
0 
0 
0 
0 
0 
0 
0 
0 
0 
0 
0 
0 
0 
0 
0 
0 
0 
0 
0 
0 
0 
0 
0 
0 
0 
0 
0 
0 
0 
0 
0 
0 
0 
0 
0 
0 
0 
0 
0 
0 
0 
0 
0 
0 
0 
0 
0 
0 
0 
0 
0 
0 
0 
0 
0 
0 
0 
0 
0 
0 
0 
0 
0 
0 
0 
0 
0 
0 
0 
0 
0 
0 
0 
0 
0 
0 
0 
0 
!IDEND=

