!FILE=Disk 
!KIND=Matrix 
!LABORATORY=Oslo Cyclotron Laboratory (OCL) 
!EXPERIMENT=SuN simulations 
!COMMENT=background
!TIME=2018-09-24 15:06:09
!CALIBRATION EkeV=6, 5.000000E+00, 1.000000E+01, 0.000000E+00
!PRECISION=16
!DIMENSION=1,0:1399
!CHANNEL=(0:1399)
417 
0 
2 
7 
26 
37 
23 
27 
21 
18 
21 
22 
32 
43 
33 
27 
22 
32 
36 
41 
36 
47 
22 
44 
35 
46 
43 
43 
35 
39 
37 
30 
22 
23 
37 
40 
32 
33 
43 
42 
32 
24 
38 
24 
39 
28 
37 
29 
26 
29 
41 
39 
45 
33 
36 
33 
36 
32 
32 
30 
27 
29 
37 
26 
33 
36 
36 
31 
33 
33 
23 
37 
30 
45 
46 
43 
45 
50 
45 
45 
47 
35 
46 
43 
36 
33 
52 
41 
46 
39 
47 
34 
54 
36 
41 
46 
35 
51 
54 
55 
43 
56 
42 
42 
46 
57 
45 
62 
42 
49 
45 
36 
50 
61 
43 
51 
59 
69 
45 
66 
35 
43 
57 
60 
45 
57 
63 
55 
54 
52 
56 
58 
57 
71 
51 
56 
56 
63 
49 
41 
44 
45 
50 
50 
61 
55 
53 
64 
53 
45 
56 
63 
61 
74 
54 
56 
59 
64 
65 
45 
67 
59 
52 
55 
73 
69 
60 
63 
73 
55 
57 
65 
71 
69 
42 
53 
68 
55 
76 
66 
84 
65 
67 
73 
77 
61 
84 
67 
66 
62 
72 
58 
64 
54 
74 
57 
62 
80 
72 
74 
75 
71 
76 
78 
77 
112 
96 
81 
82 
71 
77 
97 
81 
72 
82 
87 
79 
72 
88 
89 
80 
72 
90 
70 
100 
96 
67 
83 
90 
83 
70 
80 
93 
89 
93 
93 
86 
86 
79 
85 
73 
89 
79 
83 
101 
86 
97 
79 
102 
69 
85 
98 
91 
83 
101 
102 
75 
74 
104 
99 
95 
85 
102 
97 
99 
103 
108 
85 
81 
106 
99 
81 
100 
119 
123 
107 
89 
93 
122 
106 
99 
107 
98 
97 
101 
106 
114 
121 
119 
108 
97 
110 
102 
104 
98 
111 
121 
109 
134 
147 
110 
125 
121 
116 
121 
118 
123 
137 
105 
121 
129 
125 
113 
128 
121 
119 
100 
121 
124 
110 
126 
144 
132 
125 
107 
135 
144 
111 
147 
117 
112 
106 
138 
138 
130 
129 
110 
134 
137 
121 
127 
142 
121 
125 
122 
153 
129 
136 
157 
153 
133 
130 
116 
133 
142 
147 
128 
153 
116 
150 
142 
144 
139 
153 
132 
128 
128 
147 
155 
131 
142 
128 
136 
143 
144 
143 
126 
134 
160 
146 
158 
160 
141 
199 
125 
167 
156 
165 
167 
167 
150 
149 
161 
169 
186 
154 
156 
156 
170 
148 
154 
169 
152 
158 
140 
147 
158 
160 
172 
154 
169 
163 
179 
175 
181 
180 
176 
191 
179 
164 
185 
156 
166 
201 
155 
170 
188 
188 
199 
179 
167 
179 
164 
169 
151 
170 
139 
175 
175 
179 
185 
178 
184 
197 
183 
184 
195 
191 
189 
174 
196 
186 
195 
198 
146 
182 
184 
192 
189 
180 
192 
198 
197 
177 
164 
179 
171 
194 
199 
190 
187 
155 
191 
194 
219 
155 
165 
195 
196 
193 
208 
176 
208 
196 
200 
175 
174 
187 
182 
186 
186 
201 
196 
207 
188 
197 
193 
190 
217 
196 
188 
197 
184 
195 
192 
203 
196 
230 
198 
178 
197 
210 
218 
182 
244 
211 
218 
193 
217 
212 
203 
205 
191 
183 
189 
208 
195 
220 
185 
211 
195 
223 
189 
167 
216 
185 
194 
194 
200 
206 
201 
195 
200 
195 
218 
178 
190 
181 
200 
182 
180 
183 
179 
195 
188 
209 
189 
185 
190.999 
189.998 
214.997 
224.994 
199.989 
179.98 
176.965 
175.939 
169.896 
214.824 
178.708 
180.522 
173.231 
189.782 
198.103 
185.092 
171.614 
194.49 
187.492 
185.335 
179.676 
191.109 
168.178 
192.386 
177.218 
215.176 
174.818 
179.809 
173.973 
182.352 
207.249 
179.271 
141.345 
152.709 
186.887 
202.618 
148.77 
177.227 
209.767 
154.935 
175.929 
174.507 
112.929 
202.935 
161.767 
138.227 
195.77 
236.618 
218.887 
191.709 
210.345 
165.271 
207.249 
236.352 
205.973 
154.809 
209.818 
203.176 
170.218 
175.386 
152.178 
157.109 
138.676 
159.335 
149.492 
106.49 
124.614 
122.092 
121.103 
119.782 
113.231 
107.522 
115.708 
88.824 
105.896 
84.9392 
87.9652 
91.9803 
82.9891 
101.994 
104.997 
93.9983 
101.999 
91.9995 
92.9998 
104 
89.9999 
111 
81 
80 
91 
96 
84 
76 
78 
82 
89 
73 
61 
80 
81 
89 
85 
80 
62 
79 
73 
74 
66 
68 
71 
61 
75 
65 
86 
63 
58 
65 
61 
57 
65 
59 
72 
46 
66 
62 
54 
53 
54 
52 
54 
53 
61 
65 
62 
52 
60 
61 
48 
53 
70 
58 
47 
60 
53 
64 
44 
61 
64 
42 
66 
51 
56 
68 
51 
46 
45 
44 
45 
63 
51 
51 
49 
64 
40 
43 
42 
46 
45 
46 
58 
39 
42 
47 
43 
41 
41 
52 
39 
48 
44 
46 
52 
49 
36 
40 
38 
41 
39 
40 
45 
43 
37 
37 
35 
38 
33 
31 
43 
33 
34 
45 
42 
48 
39 
44 
38 
35 
39 
36 
33 
25 
41 
39 
40 
44 
37 
31 
31 
41 
34 
38 
28 
27 
34 
36 
39 
37 
31 
36 
26 
33 
35 
35 
34 
31 
23 
37 
25 
31 
35 
24 
33 
27 
25 
33 
23 
20 
22 
23 
29 
29 
30 
24 
27 
29 
22 
27 
26 
17 
18 
26 
17 
23 
25 
20 
29 
23 
21 
20 
24 
24 
23 
23 
28 
20 
27 
18 
29 
19 
23 
29 
13 
22 
20 
17 
25 
14 
23 
19 
18 
18 
13 
13 
25 
15 
15 
18 
20 
18 
22 
10 
22 
18 
14 
18 
9 
15 
16 
15 
12 
16 
13 
17 
19 
15 
20 
13 
8 
10 
14 
11 
16 
8 
17 
17 
7 
14 
13 
8 
8 
17 
16 
9 
12 
6 
11 
15 
16 
11 
14 
8 
10 
15 
8 
7 
10 
2 
9 
9 
5 
7 
13 
12 
7 
8 
8 
9 
7 
6 
4 
4 
13 
8 
9 
3 
6 
11 
4 
7 
9 
3 
5 
5 
7 
6 
7 
3 
6 
7 
7 
8 
2 
5 
3 
4 
13 
8 
3 
3 
9 
4 
5 
2 
4 
3 
3 
5 
6 
6 
5 
5 
2 
2 
7 
1 
3 
3 
3 
4 
3 
2 
4 
1 
6 
2 
2 
1 
1 
4 
1 
1 
4 
4 
3 
2 
1 
2 
0 
3 
1 
4 
4 
5 
0 
2 
2 
2 
3 
0 
3 
0 
1 
1 
0 
0 
3 
1 
0 
1 
1 
3 
3 
0 
0 
0 
1 
3 
0 
1 
0 
1 
0 
0 
1 
0 
0 
1 
1 
0 
1 
1 
0 
1 
1 
0 
0 
0 
0 
0 
0 
0 
0 
1 
0 
0 
1 
0 
1 
0 
0 
0 
0 
1 
0 
0 
0 
1 
0 
0 
0 
0 
0 
0 
0 
0 
0 
0 
0 
0 
0 
0 
0 
0 
0 
0 
0 
0 
0 
0 
0 
0 
0 
0 
0 
0 
0 
0 
0 
0 
0 
0 
0 
0 
0 
0 
0 
0 
0 
0 
0 
0 
0 
0 
0 
0 
0 
0 
0 
0 
0 
0 
0 
0 
0 
0 
0 
0 
0 
0 
0 
0 
0 
0 
0 
0 
0 
0 
0 
0 
0 
0 
0 
0 
0 
0 
0 
0 
0 
0 
0 
0 
0 
0 
0 
0 
0 
0 
0 
0 
0 
0 
0 
0 
0 
0 
0 
0 
0 
0 
0 
0 
0 
0 
0 
0 
0 
0 
0 
0 
0 
0 
0 
0 
0 
0 
0 
0 
0 
0 
0 
0 
0 
0 
0 
0 
0 
0 
0 
0 
0 
0 
0 
0 
0 
0 
0 
0 
0 
0 
0 
0 
0 
0 
0 
0 
0 
0 
0 
0 
0 
0 
0 
0 
0 
0 
0 
0 
0 
0 
0 
0 
0 
0 
0 
0 
0 
0 
0 
0 
0 
0 
0 
0 
0 
0 
0 
0 
0 
0 
0 
0 
0 
0 
0 
0 
0 
0 
0 
0 
0 
0 
0 
0 
0 
0 
0 
0 
0 
0 
0 
0 
0 
0 
0 
0 
0 
0 
0 
0 
0 
0 
0 
0 
0 
0 
0 
0 
0 
0 
0 
0 
0 
0 
0 
0 
0 
0 
0 
0 
0 
0 
0 
0 
0 
0 
0 
0 
0 
0 
0 
0 
0 
0 
0 
0 
0 
0 
0 
0 
0 
0 
0 
0 
0 
0 
0 
0 
0 
0 
0 
0 
0 
0 
0 
0 
0 
0 
0 
0 
0 
0 
0 
0 
0 
0 
0 
0 
0 
0 
0 
0 
0 
0 
0 
0 
0 
0 
0 
0 
0 
0 
0 
0 
0 
0 
0 
0 
0 
0 
0 
0 
0 
0 
0 
0 
0 
0 
0 
0 
0 
0 
0 
0 
0 
0 
0 
0 
0 
0 
0 
0 
0 
0 
0 
0 
0 
0 
0 
0 
0 
0 
0 
0 
0 
0 
0 
0 
0 
0 
0 
0 
!IDEND=

