!FILE=Disk 
!KIND=Matrix 
!LABORATORY=Oslo Cyclotron Laboratory (OCL) 
!EXPERIMENT=SuN simulations 
!COMMENT=background
!TIME=2018-09-24 15:06:11
!CALIBRATION EkeV=6, 5.000000E+00, 1.000000E+01, 0.000000E+00
!PRECISION=16
!DIMENSION=1,0:1399
!CHANNEL=(0:1399)
95 
0 
2 
4 
11 
12 
26 
18 
27 
18 
18 
24 
20 
23 
22 
23 
25 
14 
21 
21 
25 
25 
19 
21 
22 
19 
34 
21 
25 
23 
29 
39 
35 
31 
38 
30 
23 
25 
44 
33 
23 
43 
34 
39 
29 
28 
33 
42 
41 
47 
43 
43 
46 
56 
39 
48 
54 
54 
53 
53 
60 
57 
46 
53 
42 
56 
50 
45 
69 
62 
58 
60 
72 
58 
58 
63 
55 
50 
68 
75 
75 
80 
65 
64 
76 
61 
93 
63 
69 
74 
93 
78 
66 
85 
81 
79 
80 
109 
79 
96 
82 
84 
93 
94 
83 
108 
101 
94 
93 
88 
107 
105 
111 
110 
113 
129 
110 
122 
96 
119 
115 
115 
107 
131 
123 
133 
128 
122 
135 
123 
136 
123 
159 
154 
137 
148 
176 
159 
138 
167 
166 
173 
156 
167 
147 
184 
165 
166 
194 
168 
166 
221 
166 
194 
197 
197 
193 
220 
209 
192 
216 
253 
243 
234 
248 
272 
279 
274 
252 
274 
319 
266 
316 
342 
316.999 
344.998 
372.993 
399.981 
431.95 
423.875 
437.702 
485.32 
527.514 
578.894 
637.793 
640.137 
644.32 
761.108 
794.666 
833.766 
826.256 
927.793 
941.775 
930.244 
888.515 
892.187 
795.365 
683.084 
595.217 
402.353 
284.217 
167.084 
149.365 
97.1873 
109.515 
100.244 
117.775 
156.793 
197.256 
223.766 
234.666 
273.108 
237.32 
247.137 
258.793 
256.894 
224.514 
215.32 
261.702 
227.875 
229.95 
230.981 
221.993 
216.998 
222.999 
217 
212 
200 
174 
201 
220 
186 
173 
191 
193 
160 
154 
156 
156 
190 
142 
162 
156 
173 
185 
158 
184 
161 
166 
136 
146 
133 
139 
141 
141 
147 
167 
163 
145 
148 
129 
141 
132 
139 
150 
159 
121 
145 
138 
139 
143 
140 
136 
148 
142 
129 
157 
124 
132 
138 
123 
112 
140 
128 
125 
102 
120 
134 
120 
139 
140 
120 
144 
121 
101 
126 
118 
98 
92 
126 
129 
118 
113 
125 
130 
128 
101 
123 
130 
120 
122 
135 
114 
111 
119 
123 
124 
110 
126 
111 
123 
127 
103 
113 
130 
114 
113 
112 
100 
115 
101 
110 
119 
107 
117 
98 
111 
126 
124 
132 
110 
109 
107 
108 
112 
99 
103 
110 
120 
114 
111 
121 
120 
106 
109 
103 
110 
121 
107 
99 
123 
88 
84 
92 
114 
108 
95 
117 
96 
105 
111 
99 
111 
125 
96 
85 
98 
100 
91 
100 
112 
99 
84 
83 
109 
100 
92 
100 
71 
121 
126 
92 
110 
110 
103 
97 
122 
101 
95 
97 
95 
113 
90 
91 
113 
92 
88 
119 
117 
92 
89 
103 
82 
90 
104 
92 
85 
102 
93 
102 
116 
91 
94 
95 
101 
95 
92 
94 
105 
91 
79 
86 
93 
96 
95 
92 
90 
82 
89 
110 
93 
91 
83 
99 
87 
102 
92 
92 
107 
102 
90 
102 
103 
94 
88 
107 
92 
112 
110 
83 
81 
94 
84 
79 
86 
92 
82 
94 
85 
83 
86 
88 
71 
89 
106 
102 
91 
98 
81 
84 
79 
79 
79 
98 
97 
87 
85 
95 
87 
101 
85 
91 
94 
101 
80 
74 
75 
98 
90 
76 
85 
89 
93 
83 
81 
91 
79 
88 
78 
92 
92 
97 
74 
90 
75 
63 
90 
60 
89 
81 
84 
93 
96 
88 
89 
71 
77 
85 
66 
88 
73 
70 
65 
80 
75 
95 
77 
61 
62 
80 
74 
79 
86 
90 
86 
84 
85 
71 
63 
67 
82 
72 
71 
64 
73 
75 
57 
68 
57 
76 
82 
73 
71 
69 
79 
81 
87 
73 
72 
84 
54 
65 
72 
57 
88 
72 
69 
63 
76 
65 
71 
73 
76 
75 
79 
78 
72 
74 
89 
70 
75 
82 
51 
65 
65 
58 
76 
63 
70 
80 
63 
77 
68 
85 
62 
74 
57 
65 
78 
75 
70 
62 
74 
60 
74 
75 
61 
61 
64 
58 
58 
48 
62 
59 
57 
65 
64 
70 
65 
58 
82 
49 
47 
56 
70 
59 
50 
58 
63 
59 
63 
62 
70 
78 
48 
62 
55 
57 
48 
61 
61 
52 
43 
52 
54 
55 
45 
64 
44 
61 
53 
56 
42 
60 
60 
64 
58 
75 
64 
44 
65 
63 
60 
52 
57 
41 
59 
62 
48 
55 
53 
44 
35 
53 
51 
42 
47 
47 
48 
46 
50 
51 
38 
54 
57 
33 
41 
39 
63 
35 
52 
54 
51 
45 
41 
49 
63 
41 
49 
50 
42 
52 
48 
36 
45 
52 
42 
54 
32 
41 
50 
41 
45 
44 
39 
41 
33 
35 
37 
48 
39 
44 
38 
48 
35 
53 
27 
35 
37 
27 
46 
36 
42 
41 
28 
34 
41 
42 
30 
23 
55 
33 
35 
34 
34 
42 
32 
37 
35 
40 
33 
36 
39 
28 
23 
31 
25 
19 
25 
29 
29 
30 
34 
17 
23 
28 
29 
40 
30 
28 
22 
32 
22 
34 
33 
33 
36 
26 
25 
34 
22 
34 
15 
21 
29 
29 
27 
21 
20 
21 
21 
26 
24 
19 
16 
23 
24 
21 
24 
18 
18 
32 
16 
15 
15 
26 
23 
24 
23 
19 
17 
26 
22 
17 
17 
14 
15 
24 
21 
18 
17 
26 
21 
29 
17 
16 
24 
17 
22 
18 
21 
18 
18 
18 
21 
21 
16 
20 
17 
20 
20 
24 
14 
17 
20 
14 
20 
15 
12 
14 
14 
12 
9 
12 
14 
12 
14 
11 
16 
12 
11 
16 
10 
17 
13 
7 
12 
6 
7 
15 
15 
13 
19 
15 
7 
20 
16 
12 
8 
8 
13 
9 
8 
12 
4 
7 
9 
14 
8 
7 
11 
6 
7 
8 
9 
7 
11 
5 
5 
9 
12 
3 
5 
11 
11 
6 
14 
7 
5 
9 
11 
11 
5 
3 
10 
3 
6 
3 
2 
10 
3 
3 
7 
8 
4 
5 
4 
6 
4 
4 
4 
8 
9 
5 
2 
2 
4 
2 
0 
5 
3 
3 
1 
3 
2 
1 
2 
4 
4 
4 
3 
3 
2 
4 
2 
2 
5 
1 
2 
2 
1 
2 
1 
2 
0 
0 
0 
2 
2 
2 
3 
3 
0 
0 
1 
2 
0 
1 
1 
0 
0 
0 
1 
3 
2 
2 
1 
0 
1 
1 
0 
3 
1 
0 
0 
0 
0 
0 
0 
1 
3 
0 
0 
0 
0 
0 
0 
1 
0 
1 
0 
0 
1 
2 
0 
0 
0 
0 
0 
0 
0 
0 
0 
0 
0 
0 
0 
0 
0 
0 
0 
0 
0 
0 
0 
0 
0 
0 
0 
0 
0 
0 
0 
0 
0 
0 
0 
0 
0 
0 
1 
0 
0 
0 
0 
0 
0 
1 
0 
0 
0 
0 
0 
0 
0 
0 
0 
0 
0 
0 
0 
0 
0 
0 
0 
0 
0 
0 
0 
0 
0 
0 
0 
0 
0 
0 
0 
0 
0 
0 
0 
0 
0 
0 
0 
0 
0 
0 
0 
0 
0 
0 
0 
0 
0 
0 
0 
0 
0 
0 
0 
0 
0 
0 
0 
0 
0 
0 
0 
0 
0 
0 
0 
0 
0 
0 
0 
0 
0 
0 
0 
0 
0 
0 
0 
0 
0 
0 
0 
0 
0 
0 
0 
0 
0 
0 
0 
0 
0 
0 
0 
0 
0 
0 
0 
0 
0 
0 
0 
0 
0 
0 
0 
0 
0 
0 
0 
0 
0 
0 
0 
0 
0 
0 
0 
0 
0 
0 
0 
0 
0 
0 
0 
0 
0 
0 
0 
0 
0 
0 
0 
0 
0 
0 
0 
0 
0 
0 
0 
0 
0 
0 
0 
0 
0 
0 
0 
0 
0 
0 
0 
0 
0 
0 
0 
0 
0 
0 
0 
0 
0 
0 
0 
0 
0 
0 
0 
0 
0 
0 
0 
0 
0 
0 
0 
0 
0 
0 
0 
0 
0 
0 
0 
0 
0 
0 
0 
0 
0 
0 
0 
0 
0 
0 
0 
0 
0 
0 
0 
0 
0 
0 
0 
0 
0 
0 
0 
0 
0 
0 
0 
0 
0 
0 
0 
0 
0 
0 
0 
0 
0 
0 
0 
0 
0 
0 
0 
0 
0 
0 
0 
0 
0 
0 
0 
0 
0 
0 
0 
0 
0 
0 
0 
0 
0 
0 
0 
0 
0 
0 
0 
0 
0 
0 
0 
0 
0 
0 
0 
0 
0 
0 
0 
0 
0 
0 
0 
0 
0 
0 
0 
0 
0 
0 
0 
0 
0 
0 
0 
0 
0 
0 
0 
0 
0 
0 
0 
0 
0 
0 
0 
0 
0 
0 
0 
0 
0 
0 
0 
0 
0 
0 
0 
0 
0 
0 
0 
0 
0 
0 
0 
0 
0 
0 
0 
0 
0 
0 
0 
0 
0 
0 
0 
0 
0 
0 
0 
0 
0 
0 
!IDEND=

