!FILE=Disk 
!KIND=Matrix 
!LABORATORY=Oslo Cyclotron Laboratory (OCL) 
!EXPERIMENT=siri2root 
!COMMENT=none
!TIME=2020-01-09 16:31:19
!CALIBRATION EkeV=6, 0.000000E+00, 4.000000E+00, 0.000000E+00
!PRECISION=16
!DIMENSION=1,0:2047
!CHANNEL=(0:2047)
0 
0 
8.3 
22.425 
57.45 
127 
130.55 
127.275 
126.225 
147.2 
144.525 
119.95 
133.825 
135.375 
122.2 
132.3 
158 
146.425 
176.625 
169.9 
130.45 
183.25 
167.7 
191.3 
227.675 
225.975 
270.4 
277.45 
199.5 
271.25 
309.025 
280.025 
273.375 
342.05 
351.275 
458.725 
667.5 
818.775 
827.675 
714.225 
719.85 
626.85 
556.825 
590.825 
580.65 
641.925 
679.1 
785.075 
913.35 
737.9 
561.6 
497.425 
401.775 
404.6 
357.825 
380 
353.825 
332.875 
337.825 
346.15 
285.85 
337.7 
357.45 
309.1 
312.1 
289.8 
352.4 
345.75 
336.525 
357.225 
407.275 
413.175 
414 
444.575 
410.575 
419.625 
494.45 
468.7 
456.925 
500.35 
525.4 
521.7 
573.6 
610.525 
660.825 
22966.4 
35932.1 
113.45 
7.75 
-5.575 
1.025 
1.8 
5.025 
0.2 
-1.1 
-0.5 
-0.15 
-0.675 
3.85 
2.325 
-1.5 
5.55 
5.575 
1.9 
-3.15 
-1.2 
3.2 
-1.85 
0.55 
-4.25 
3.325 
-2.3 
1.975 
-0.025 
-0.15 
5.9 
0.375 
2.5 
-3.3 
-0.425 
-0.5 
-1.025 
-2.775 
-0.7 
-2.35 
-3.25 
-2.175 
-13.85 
-2.025 
-2.3 
0.725 
-0.1 
0.325 
12.55 
20.5 
2.675 
-2.025 
-3.575 
-2.95 
-4.125 
0.725 
3.9 
2.5 
0.425 
-0.45 
1.775 
4.375 
-0.625 
0.725 
-0.275 
-0.025 
0.9 
-0.925 
-1.4 
2.55 
1.375 
3.425 
-1.975 
-1.625 
3.25 
-0.1 
-2.275 
-0.575 
-1.675 
3.925 
-1.15 
2.125 
2.075 
-2.8 
5.9 
0.075 
4.15 
2.025 
-1.975 
2.9 
-2.15 
-0.025 
1.075 
-0.1 
-1.4 
-0.925 
-1.05 
1.125 
1.075 
-1.275 
1.85 
-0.975 
2.075 
-0.575 
0.325 
0.1 
1.275 
-1.1 
3.2 
10.45 
4.25 
0.25 
-0.925 
-1.4 
-1.4 
-0.625 
-1.75 
2.475 
-0.4 
1.775 
3.2 
-0.575 
-0.625 
-0.625 
3.55 
1.425 
0.625 
-1.925 
-0.225 
-0.4 
1.075 
2.2 
0.9 
1.25 
-1.225 
-2.275 
1.925 
-0.4 
2.4 
-17.475 
-3 
1.475 
2.825 
0.95 
2.425 
0.95 
1.125 
-0.525 
1.6 
-1.275 
3.125 
-1.05 
1.475 
1.125 
0.475 
2.775 
7.6 
0.3 
-0.225 
0.95 
16.175 
5.05 
0.475 
0.3 
-0.525 
-0.525 
-0.225 
-0.525 
0.475 
-1.05 
0.65 
0.475 
0.65 
0.3 
0.65 
0.475 
-0.175 
0.65 
0.825 
-0.175 
1.65 
-0.525 
0.825 
-0.875 
-0.35 
1.65 
11.725 
2.95 
0.825 
0.825 
0.825 
-0.175 
6.9 
8.55 
-0.525 
1.65 
0.475 
-0.875 
-0.35 
0.475 
-0.7 
0.475 
0 
0.825 
-0.875 
0 
1.125 
-2.8 
-3.575 
0.475 
-0.175 
0 
-0.175 
-0.175 
0.825 
1.95 
-0.175 
0.825 
1.65 
-0.35 
0.65 
-0.35 
-0.525 
0.3 
-1.625 
-0.7 
-0.175 
0.475 
-0.175 
-0.7 
0.65 
-0.7 
-0.875 
-1.925 
-1.925 
-1.05 
0.475 
-0.75 
0.125 
0.775 
0.475 
1.825 
3 
15.65 
8.825 
-0.05 
-1.4 
-1.575 
-1.925 
-0.05 
-0.175 
0 
0 
2 
-0.175 
0 
0 
-0.175 
0 
-0.175 
-0.175 
-0.35 
0 
-0.175 
0 
0 
4.25 
11.95 
-0.175 
0 
0 
0 
-0.175 
-0.7 
-0.175 
1 
0 
0 
0 
1.825 
1.3 
0 
-0.175 
0 
-0.175 
-0.175 
0 
0 
0 
0 
-0.35 
0 
0 
0 
0 
0 
0 
0 
0 
1 
-0.35 
0 
0 
-0.175 
0 
0 
0 
0 
0 
0 
-0.175 
0 
0 
0 
1 
0 
-0.175 
0 
-0.175 
0 
0 
0 
0 
0 
-0.175 
0 
0 
0 
-0.175 
-0.175 
0 
-0.175 
-0.175 
0 
0 
0 
0 
-0.175 
-0.35 
0 
0 
-0.175 
0 
0 
-0.175 
-0.175 
0 
0.825 
0 
0 
0 
0 
0 
-0.175 
0 
-0.175 
0 
0 
0 
0 
0.825 
0 
0 
-0.175 
0 
0 
0 
-0.175 
-0.175 
1 
0.825 
0 
1 
1.825 
1 
0 
0 
0 
0 
0 
0 
-0.35 
0 
0 
0 
0 
0 
0 
0 
-0.175 
-0.175 
0 
-0.175 
-0.175 
0 
0 
0 
0 
-0.175 
0 
1 
0 
0 
1 
0 
-0.175 
0 
-0.35 
0 
0 
-0.175 
-0.175 
0 
0 
0 
0 
0 
1 
0 
0 
0 
0 
-0.175 
0 
0 
0 
-0.175 
0 
0 
0 
0 
0 
0 
0 
0 
0 
0 
0 
0 
1 
0 
0 
0 
0 
0 
0 
-0.175 
0 
0 
0 
0 
0 
0 
-0.175 
0 
0 
1 
0 
0 
0 
1 
0 
0 
-0.175 
0 
0 
0 
0 
0 
0 
0 
0 
0 
0 
0 
0 
0 
0 
0 
0 
0 
0 
0 
0 
0 
0 
0 
0 
0 
0 
0 
0 
0 
0 
0 
0 
-0.175 
0 
0 
0 
0 
0 
0 
0 
0 
0 
0 
0 
0 
0 
0 
0 
0 
0 
0 
0 
0 
0 
0 
0 
0 
0 
0 
0 
0 
0 
0 
0 
0 
0 
0 
0 
0 
0 
-0.175 
0 
0 
1 
0 
-0.35 
0 
0 
0 
0 
0 
0 
0 
-0.175 
0 
0 
-0.175 
0 
0 
0 
0 
0 
0 
0 
0 
0 
0 
0 
0 
0 
-0.175 
-0.175 
0 
0 
0 
0 
0 
0 
0 
0 
0 
0 
1 
0 
0 
0 
-0.175 
0 
0 
0 
0 
0 
0 
0 
-0.175 
0 
-0.175 
0 
-0.175 
0 
0 
0 
0 
-0.175 
0 
0 
0 
0 
-0.175 
0 
1 
0 
0 
0 
0 
0 
0 
-0.175 
0 
0 
0 
0 
0 
0 
0 
-0.175 
0 
0 
0 
0 
-0.175 
0 
0 
0 
0 
0 
0 
0 
0 
0 
0 
0 
0 
0 
-0.175 
0 
-0.175 
0 
0 
0 
0 
0 
-0.175 
0 
0 
0 
0 
0 
0 
-0.175 
0 
0 
0 
0 
0 
0 
0 
0 
0 
0 
0 
0 
0 
0 
0 
0 
0 
0 
0 
0 
0 
0 
0 
0 
0 
0 
0 
0 
0 
0 
0 
-0.175 
0 
0 
0 
0 
0 
0 
0 
0 
0 
0 
0 
0 
0 
0 
0 
0 
0 
0 
0 
0 
0 
0 
0 
0 
0 
0 
0 
0 
0 
0 
0 
0 
0 
0 
0 
0 
0 
0 
-0.175 
0 
0 
0 
0 
0 
0 
0 
0 
1 
0 
0 
0 
0 
0 
0 
0 
0 
0 
0 
0 
0 
0 
-0.175 
0 
0 
0 
0 
0 
0 
0 
0 
0 
0 
0 
0 
0 
0 
0 
0 
0 
0 
0 
-0.175 
0 
0 
0 
0 
0 
0 
0 
0 
0 
0 
-0.175 
0 
0 
-0.175 
0 
0 
0 
0 
-0.175 
0 
0 
0 
0 
0 
0 
0 
0 
0 
-0.175 
0 
0 
0 
0 
0 
0 
0 
0 
-0.175 
0 
1 
0 
0 
0 
0 
0 
0 
0 
0 
0 
0 
0 
0 
0 
0 
0 
0 
0 
0 
0 
0 
0 
0 
0 
0 
0 
0 
0 
0 
0 
0 
0 
0 
0 
0 
0 
0 
0 
0 
0 
0 
0 
-0.175 
0 
0 
0 
0 
0 
0 
0 
1 
0 
0 
0 
0 
0 
0 
0 
0 
0 
0 
0 
0 
0 
0 
0 
0 
0 
0 
0 
0 
0 
0 
0 
0 
0 
0 
-0.175 
0 
0 
0 
0 
0 
0 
0 
0 
0 
0 
0 
0 
0 
0 
-0.175 
0 
-0.175 
0 
0 
0 
0 
0 
-0.175 
0 
0 
0 
0 
0 
0 
0 
0 
0 
0 
0 
0 
0 
0 
0 
0 
0 
0 
0 
0 
0 
0 
0 
0 
0 
0 
0 
0 
0 
0 
0 
0 
0 
0 
0 
0 
0 
0 
0 
0 
0 
0 
0 
0 
0 
0 
0 
0 
0 
0 
0 
0 
0 
0 
0 
0 
0 
0 
0 
0 
0 
0 
0 
0 
0 
0 
0 
0 
0 
0 
0 
0 
0 
0 
0 
0 
0 
0 
0 
0 
0 
0 
0 
0 
0 
0 
0 
0 
0 
0 
0 
0 
0 
0 
0 
0 
0 
0 
0 
0 
0 
0 
0 
0 
0 
0 
0 
0 
0 
0 
0 
0 
0 
0 
0 
0 
0 
0 
0 
0 
0 
0 
0 
0 
0 
0 
0 
0 
0 
0 
0 
0 
0 
0 
0 
0 
0 
0 
0 
0 
0 
0 
0 
0 
0 
0 
0 
0 
0 
0 
0 
0 
0 
0 
0 
0 
0 
0 
0 
0 
0 
0 
0 
0 
0 
0 
0 
0 
0 
0 
0 
0 
0 
0 
0 
0 
0 
0 
0 
0 
0 
0 
0 
0 
0 
0 
0 
0 
0 
0 
0 
0 
0 
0 
0 
0 
0 
0 
0 
0 
0 
0 
0 
0 
0 
0 
0 
0 
0 
0 
0 
0 
0 
0 
0 
0 
0 
0 
0 
0 
0 
0 
0 
0 
0 
0 
0 
0 
0 
0 
0 
0 
0 
0 
0 
0 
0 
0 
0 
0 
0 
0 
0 
0 
0 
0 
0 
0 
0 
0 
0 
0 
0 
0 
0 
0 
0 
0 
0 
0 
0 
0 
0 
0 
0 
0 
0 
0 
0 
0 
0 
0 
0 
0 
0 
0 
0 
0 
0 
0 
0 
0 
0 
0 
0 
0 
0 
0 
0 
0 
0 
0 
0 
0 
0 
0 
0 
0 
0 
0 
0 
0 
0 
0 
0 
0 
0 
0 
0 
0 
0 
0 
0 
0 
0 
0 
0 
0 
0 
0 
0 
0 
0 
0 
0 
0 
0 
0 
0 
0 
0 
0 
0 
0 
0 
0 
0 
0 
0 
0 
0 
0 
0 
0 
0 
0 
0 
0 
0 
0 
0 
0 
0 
0 
0 
0 
0 
0 
0 
0 
0 
0 
0 
0 
0 
0 
0 
0 
0 
0 
0 
0 
0 
0 
0 
0 
0 
0 
0 
0 
0 
0 
0 
0 
0 
0 
0 
0 
0 
0 
0 
0 
0 
0 
0 
0 
0 
0 
0 
0 
0 
0 
0 
0 
0 
0 
0 
0 
0 
0 
0 
0 
0 
0 
0 
0 
0 
0 
0 
0 
0 
0 
0 
0 
0 
0 
0 
0 
0 
0 
0 
0 
0 
0 
0 
0 
0 
0 
0 
0 
0 
0 
0 
0 
0 
0 
0 
0 
0 
0 
0 
0 
0 
0 
0 
0 
0 
0 
0 
0 
0 
0 
0 
0 
0 
0 
0 
0 
0 
0 
0 
0 
0 
0 
0 
0 
0 
0 
0 
0 
0 
0 
0 
0 
0 
0 
0 
0 
0 
0 
0 
0 
0 
0 
0 
0 
0 
0 
0 
0 
0 
0 
0 
0 
0 
0 
0 
0 
0 
0 
0 
0 
0 
0 
0 
0 
0 
0 
0 
0 
0 
0 
0 
0 
0 
0 
0 
0 
0 
0 
0 
0 
0 
0 
0 
0 
0 
0 
0 
0 
0 
0 
0 
0 
0 
0 
0 
0 
0 
0 
0 
0 
0 
0 
0 
0 
0 
0 
0 
0 
0 
0 
0 
0 
0 
0 
0 
0 
0 
0 
0 
0 
0 
0 
0 
0 
0 
0 
0 
0 
0 
0 
0 
0 
0 
0 
0 
0 
0 
0 
0 
0 
0 
0 
0 
0 
0 
0 
0 
0 
0 
0 
0 
0 
0 
0 
0 
0 
0 
0 
0 
0 
0 
0 
0 
0 
0 
0 
0 
0 
0 
0 
0 
0 
0 
0 
0 
0 
0 
0 
0 
0 
0 
0 
0 
0 
0 
0 
0 
0 
0 
0 
0 
0 
0 
0 
0 
0 
0 
0 
0 
0 
0 
0 
0 
0 
0 
0 
0 
0 
0 
0 
0 
0 
0 
0 
0 
0 
0 
0 
0 
0 
0 
0 
0 
0 
0 
0 
0 
0 
0 
0 
0 
0 
0 
0 
0 
0 
0 
0 
0 
0 
0 
0 
0 
0 
0 
0 
0 
0 
0 
0 
0 
0 
0 
0 
0 
0 
0 
0 
0 
0 
0 
0 
0 
0 
0 
0 
0 
0 
0 
0 
0 
0 
0 
0 
0 
0 
0 
0 
0 
0 
0 
0 
0 
0 
0 
0 
0 
0 
0 
0 
0 
0 
0 
0 
0 
0 
0 
0 
0 
0 
0 
0 
0 
0 
0 
0 
0 
0 
0 
0 
0 
0 
0 
0 
0 
0 
0 
0 
0 
0 
0 
0 
0 
0 
0 
0 
0 
0 
0 
0 
0 
0 
0 
0 
0 
0 
0 
0 
0 
0 
0 
0 
0 
0 
0 
0 
0 
0 
0 
0 
0 
0 
0 
0 
0 
0 
0 
0 
0 
0 
0 
0 
0 
0 
0 
0 
0 
0 
0 
0 
0 
0 
0 
0 
0 
0 
0 
0 
0 
0 
0 
0 
0 
0 
0 
0 
0 
0 
0 
0 
0 
0 
0 
0 
0 
0 
0 
0 
0 
0 
0 
0 
0 
0 
0 
0 
0 
0 
0 
0 
0 
0 
0 
0 
0 
0 
0 
0 
0 
0 
0 
0 
0 
0 
0 
0 
0 
0 
0 
0 
0 
0 
0 
0 
0 
0 
0 
0 
0 
0 
0 
0 
0 
0 
0 
0 
0 
0 
0 
0 
0 
0 
0 
0 
0 
0 
0 
0 
0 
0 
0 
0 
0 
0 
0 
0 
0 
0 
0 
0 
0 
0 
0 
0 
0 
0 
0 
0 
0 
0 
0 
0 
0 
0 
0 
0 
0 
0 
0 
0 
0 
0 
0 
0 
0 
0 
0 
0 
0 
0 
0 
0 
0 
0 
0 
0 
0 
0 
0 
0 
0 
0 
0 
0 
0 
0 
0 
0 
0 
0 
0 
0 
0 
0 
0 
0 
0 
0 
0 
0 
0 
0 
0 
0 
0 
0 
0 
0 
0 
0 
0 
0 
0 
0 
0 
0 
0 
0 
0 
0 
0 
0 
0 
0 
0 
0 
0 
0 
0 
0 
0 
0 
0 
0 
0 
0 
0 
0 
0 
0 
0 
0 
0 
0 
0 
0 
0 
0 
0 
0 
0 
0 
0 
0 
0 
0 
0 
0 
0 
0 
0 
0 
0 
0 
0 
0 
0 
0 
0 
0 
0 
0 
0 
!IDEND=

