 34 
 30 
 41 
 44 
 38 
 56 
 37 
 53 
 39 
 38 
 51 
 49 
 47 
 56 
 50 
 65 
 52 
 61 
 53 
 54 
 67 
 52 
 69 
 61 
 52 
 57 
 51 
 67 
 62 
 59 
 55 
 55 
 62 
 58 
 64 
 87 
 68 
 73 
 61 
 68 
 62 
 65 
 71 
 78 
 62 
 71 
 82 
 59 
 77 
 78 
 74 
 90 
 75 
 59 
 78 
 78 
 65 
 70 
 82 
 76 
 71 
 86 
 74 
 73 
 77 
 79 
 82 
 84 
 86 
 82 
 90 
 89 
 79 
 97 
 78 
 97 
 74 
 94 
 93 
 95 
 102 
 94 
 113 
 81 
 91 
 81 
 109 
 91 
 102 
 95 
 93 
 110 
 120 
 103 
 108 
 109 
 115 
 107 
 110 
 124 
 119 
 129 
 107 
 119 
 123 
 134 
 127 
 130 
 137 
 129 
 147 
 124 
 143 
 124 
 157 
 139 
 137 
 162 
 145 
 169 
 165 
 132 
 159 
 153 
 172 
 152 
 168 
 189 
 171 
 146 
 151 
 176 
 171 
 180 
 182 
 181 
 214 
 192 
 195 
 174 
 176 
 202 
 187 
 173 
 187 
 212 
 184 
 179 
 188 
 183 
 170 
 221 
 224 
 243 
 203 
 208 
 249 
 205 
 217 
 221 
 212 
 215 
 215 
 209 
 236 
 220 
 239 
 237 
 247 
 235 
 227 
 232 
 234 
 229 
 241 
 250 
 244 
 268 
 251 
 273 
 276 
 291 
 246 
 266 
 281 
 295 
 313 
 276 
 278 
 261 
 285 
 279 
 279 
 259 
 307 
 291 
 304 
 301 
 270 
 300 
 281 
 321 
 278 
 319 
 303 
 306 
 325 
 304 
 298 
 305 
 319 
 294 
 331 
 299 
 301 
 341 
 332 
 310 
 329 
 320 
 300 
 333 
 301 
 305 
 321 
 297 
 333 
 303 
 322 
 315 
 308 
 315 
 339 
 356 
 315 
 310 
 328 
 317 
 335 
 356 
 349 
 298 
 355 
 369 
 350 
 360 
 360 
 345 
 367 
 351 
 358 
 349 
 375 
 358 
 353 
 348 
 362 
 355 
 355 
 384 
 358 
 347 
 375 
 381 
 331 
 368 
 344 
 373 
 366 
 360 
 372 
 377 
 358 
 346 
 351 
 378 
 334 
 378 
 348 
 352 
 355 
 301 
 388 
 372 
 376 
 363 
 366 
 401 
 348 
 370 
 359 
 365 
 383 
 348 
 363 
 368 
 392 
 368 
 380 
 367 
 372 
 359 
 407 
 421 
 420 
 371 
 392 
 385 
 414 
 365 
 364 
 384 
 375 
 403 
 387 
 354 
 368 
 353 
 379 
 341 
 387 
 402 
 394 
 372 
 372 
 370 
 387 
 411 
 388 
 407 
 398 
 363 
 408 
 370 
 370 
 357 
 373 
 347 
 366 
 343 
 373 
 336 
 405 
 371 
 381 
 347 
 379 
 370 
 354 
 390 
 364 
 381 
 318 
 377 
 355 
 366 
 352 
 357 
 343 
 345 
 363 
 349 
 353 
 384 
 351 
 324 
 335 
 332 
 313 
 347 
 314 
 350 
 333 
 331 
 346 
 374 
 324 
 332 
 340 
 324 
 315 
 342 
 284 
 325 
 311 
 323 
 331 
 299 
 312 
 319 
 353 
 348 
 331 
 369 
 345 
 332 
 326 
 340 
 359 
 327 
 361 
 348 
 338 
 344 
 355 
 340 
 338 
 343 
 318 
 341 
 315 
 338 
 326 
 320 
 349 
 355 
 332 
 339 
 330 
 334 
 333 
 339 
 346 
 356 
 351 
 322 
 328 
 325 
 339 
 332 
 338 
 316 
 319 
 351 
 333 
 345 
 339 
 305 
 356 
 337 
 345 
 341 
 323 
 382 
 353 
 341 
 351 
 338 
 361 
 340 
 329 
 307 
 349 
 324 
 329 
 352 
 352 
 358 
 345 
 353 
 356 
 383 
 351 
 364 
 376 
 403 
 415 
 410 
 431 
 414 
 444 
 461 
 475 
 474 
 527 
 539 
 570 
 536 
 615 
 659 
 637 
 672 
 701 
 761 
 763 
 788 
 849 
 931 
 902 
 972 
 963 
 1086 
 1127 
 1120 
 1187 
 1216 
 1275 
 1216 
 1258 
 1315 
 1351 
 1349 
 1439 
 1423 
 1412 
 1478 
 1546 
 1416 
 1481 
 1504 
 1438 
 1469 
 1511 
 1518 
 1420 
 1383 
 1394 
 1374 
 1358 
 1295 
 1213 
 1265 
 1166 
 1194 
 1069 
 1045 
 1027 
 984 
 906 
 905 
 813 
 819 
 758 
 674 
 634 
 641 
 577 
 570 
 519 
 497 
 435 
 442 
 382 
 403 
 379 
 334 
 296 
 271 
 291 
 280 
 254 
 221 
 209 
 216 
 208 
 176 
 217 
 175 
 185 
 167 
 158 
 187 
 175 
 169 
 152 
 151 
 172 
 173 
 151 
 152 
 148 
 161 
 121 
 158 
 138 
 148 
 153 
 147 
 127 
 147 
 127 
 163 
 158 
 150 
 148 
 132 
 129 
 147 
 143 
 137 
 162 
 136 
 129 
 143 
 127 
 142 
 140 
 135 
 143 
 149 
 135 
 133 
 139 
 147 
 155 
 133 
 136 
 138 
 139 
 137 
 138 
 133 
 145 
 133 
 128 
 115 
 147 
 141 
 149 
 143 
 130 
 126 
 134 
 136 
 141 
 144 
 154 
 134 
 133 
 133 
 120 
 129 
 155 
 129 
 130 
 138 
 140 
 133 
 140 
 145 
 124 
 144 
 145 
 113 
 135 
 145 
 121 
 148 
 122 
 139 
 125 
 141 
 139 
 122 
 153 
 143 
 145 
 144 
 147 
 113 
 155 
 116 
 158 
 136 
 127 
 119 
 149 
 132 
 140 
 162 
 143 
 142 
 121 
 131 
 147 
 154 
 139 
 129 
 124 
 114 
 135 
 135 
 140 
 136 
 131 
 137 
 131 
 133 
 143 
 141 
 109 
 139 
 148 
 137 
 158 
 133 
 171 
 129 
 125 
 132 
 130 
 145 
 154 
 141 
 153 
 140 
 140 
 133 
 143 
 156 
 120 
 133 
 146 
 118 
 160 
 156 
 124 
 117 
 153 
 132 
 168 
 120 
 120 
 134 
 130 
 123 
 148 
 135 
 128 
 118 
 136 
 131 
 136 
 98 
 119 
 147 
 145 
 143 
 161 
 111 
 124 
 113 
 139 
 130 
 124 
 139 
 117 
 126 
 131 
 143 
 118 
 141 
 130 
 115 
 112 
 140 
 126 
 140 
 110 
 140 
 136 
 136 
 120 
 121 
 99 
 113 
 123 
 120 
 121 
 134 
 117 
 123 
 129 
 126 
 130 
 121 
 105 
 129 
 113 
 147 
 114 
 122 
 129 
 106 
 123 
 100 
 108 
 119 
 125 
 105 
 129 
 111 
 113 
 124 
 110 
 104 
 103 
 127 
 119 
 121 
 108 
 130 
 118 
 101 
 116 
 110 
 103 
 121 
 120 
 110 
 118 
 99 
 111 
 98 
 112 
 119 
 96 
 102 
 102 
 120 
 123 
 108 
 102 
 125 
 93 
 113 
 94 
 89 
 106 
 116 
 104 
 94 
 115 
 108 
 101 
 106 
 98 
 106 
 104 
 101 
 105 
 96 
 89 
 110 
 103 
 101 
 98 
 105 
 114 
 108 
 105 
 130 
 97 
 85 
 123 
 77 
 126 
 128 
 98 
 97 
 101 
 99 
 95 
 124 
 105 
 102 
 98 
 98 
 101 
 117 
 89 
 104 
 111 
 103 
 110 
 97 
 92 
 101 
 97 
 85 
 91 
 99 
 84 
 79 
 96 
 104 
 93 
 97 
 103 
 96 
 98 
 101 
 85 
 93 
 73 
 88 
 78 
 105 
 82 
 82 
 109 
 103 
 109 
 88 
 98 
 71 
 91 
 115 
 82 
 94 
 93 
 95 
 92 
 93 
 98 
 94 
 92 
 80 
 86 
 77 
 83 
 106 
 77 
 77 
 94 
 86 
 101 
 93 
 86 
 58 
 94 
 75 
 91 
 78 
 89 
 92 
 86 
 82 
 76 
 78 
 91 
 89 
 99 
 109 
 85 
 92 
 86 
 75 
 95 
 94 
 87 
 87 
 76 
 79 
 85 
 86 
 72 
 91 
 81 
 85 
 87 
 85 
 68 
 75 
 90 
 94 
 88 
 100 
 96 
 85 
 71 
 71 
 90 
 100 
 102 
 89 
 86 
 89 
 84 
 92 
 103 
 78 
 87 
 77 
 76 
 80 
 73 
 76 
 85 
 85 
 86 
 74 
 84 
 83 
 80 
 98 
 92 
 90 
 92 
 99 
 86 
 89 
 78 
 100 
 92 
 86 
 75 
 90 
 85 
 68 
 81 
 77 
 85 
 86 
 83 
 84 
 69 
 80 
 86 
 89 
 76 
 90 
 76 
 78 
 85 
 80 
 86 
 78 
 76 
 95 
 71 
 83 
 78 
 84 
 88 
 70 
 65 
 85 
 73 
 68 
 87 
 73 
 86 
 81 
 75 
 71 
 73 
 68 
 78 
 94 
 72 
 65 
 84 
 64 
 73 
 70 
 67 
 83 
 81 
 68 
 75 
 73 
 66 
 85 
 61 
 75 
 72 
 67 
 68 
 72 
 55 
 76 
 58 
 73 
 79 
 70 
 84 
 77 
 69 
 63 
 86 
 60 
 68 
 64 
 70 
 55 
 69 
 63 
 75 
 82 
 83 
 82 
 57 
 64 
 68 
 69 
 90 
 72 
 78 
 77 
 70 
 56 
 61 
 68 
 69 
 64 
 60 
 85 
 80 
 69 
 75 
 58 
 66 
 75 
 65 
 61 
 65 
 64 
 63 
 62 
 55 
 84 
 65 
 71 
 58 
 52 
 62 
 68 
 60 
 59 
 57 
 60 
 62 
 69 
 65 
 68 
 62 
 67 
 81 
 67 
 65 
 75 
 70 
 66 
 68 
 59 
 60 
 67 
 60 
 66 
 76 
 57 
 64 
 68 
 78 
 58 
 53 
 57 
 65 
 68 
 61 
 55 
 75 
 84 
 64 
 70 
 67 
 62 
 53 
 67 
 59 
 57 
 59 
 63 
 61 
 67 
 70 
 71 
 65 
 73 
 67 
 53 
 69 
 54 
 52 
 64 
 67 
 69 
 59 
 62 
 63 
 63 
 61 
 55 
 53 
 53 
 63 
 63 
 62 
 64 
 59 
 59 
 55 
 82 
 57 
 59 
 51 
 52 
 68 
 58 
 58 
 55 
 72 
 61 
 51 
 70 
 58 
 70 
 47 
 55 
 64 
 62 
 50 
 59 
 63 
 48 
 60 
 58 
 59 
 52 
 67 
 50 
 48 
 61 
 46 
 56 
 63 
 61 
 53 
 58 
 57 
 57 
 54 
 56 
 71 
 55 
 44 
 64 
 68 
 62 
 64 
 61 
 57 
 58 
 54 
 62 
 59 
 51 
 59 
 60 
 48 
 56 
 57 
 54 
 60 
 45 
 57 
 56 
 46 
 60 
 50 
 51 
 52 
 56 
 65 
 64 
 61 
 69 
 54 
 58 
 54 
 55 
 66 
 73 
 67 
 59 
 64 
 48 
 58 
 44 
 56 
 64 
 60 
 53 
 38 
 64 
 40 
 53 
 57 
 44 
 49 
 56 
 42 
 48 
 48 
 60 
 54 
 52 
 63 
 50 
 56 
 61 
 56 
 46 
 51 
 59 
 45 
 53 
 60 
 54 
 57 
 62 
 44 
 55 
 57 
 61 
 61 
 45 
 54 
 49 
 48 
 54 
 54 
 46 
 52 
 68 
 50 
 58 
 60 
 53 
 49 
 53 
 58 
 50 
 49 
 45 
 63 
 56 
 54 
 49 
 54 
 41 
 62 
 42 
 71 
 63 
 45 
 49 
 53 
 51 
 57 
 53 
 57 
 46 
 45 
 59 
 59 
 43 
 51 
 56 
 40 
 56 
 45 
 42 
 47 
 58 
 51 
 62 
 52 
 43 
 61 
 49 
 59 
 44 
 44 
 59 
 53 
 51 
 50 
 49 
 47 
 50 
 54 
 54 
 53 
 61 
 49 
 50 
 44 
 59 
 56 
 47 
 57 
 56 
 46 
 49 
 43 
 58 
 47 
 50 
 57 
 50 
 54 
 50 
 53 
 33 
 62 
 56 
 51 
 62 
 43 
 59 
 52 
 51 
 54 
 40 
 58 
 53 
 50 
 66 
 56 
 54 
 60 
 51 
 45 
 44 
 44 
 50 
 55 
 46 
 41 
 46 
 41 
 49 
 55 
 47 
 36 
 53 
 49 
 47 
 57 
 36 
 51 
 56 
 47 
 56 
 47 
 52 
 40 
 36 
 35 
 50 
 56 
 39 
 30 
 50 
 55 
 54 
 48 
 49 
 41 
 42 
 38 
 36 
 51 
 46 
 42 
 63 
 55 
 43 
 56 
 43 
 53 
 46 
 43 
 42 
 39 
 49 
 46 
 47 
 36 
 30 
 49 
 56 
 47 
 53 
 59 
 48 
 47 
 49 
 48 
 37 
 57 
 49 
 46 
 55 
 48 
 48 
 47 
 36 
 41 
 44 
 42 
 48 
 50 
 37 
 43 
 34 
 51 
 49 
 36 
 49 
 46 
 54 
 43 
 35 
 40 
 40 
 50 
 56 
 34 
 44 
 54 
 44 
 47 
 46 
 50 
 46 
 52 
 44 
 40 
 52 
 41 
 45 
 43 
 62 
 46 
 44 
 36 
 60 
 40 
 52 
 47 
 43 
 42 
 42 
 49 
 52 
 50 
 36 
 48 
 37 
 41 
 50 
 41 
 42 
 44 
 46 
 44 
 36 
 29 
 52 
 44 
 40 
 45 
 38 
 38 
 39 
 42 
 35 
 46 
 61 
 41 
 48 
 51 
 54 
 53 
 54 
 41 
 54 
 57 
 43 
 43 
 40 
 51 
 56 
 32 
 50 
 45 
 49 
 42 
 34 
 38 
 35 
 48 
 32 
 45 
 42 
 42 
 55 
 42 
 38 
 32 
 44 
 49 
 52 
 48 
 47 
 38 
 47 
 34 
 44 
 38 
 23 
 39 
 44 
 46 
 54 
 45 
 28 
 37 
 50 
 43 
 38 
 45 
 36 
 39 
 50 
 48 
 42 
 44 
 37 
 33 
 35 
 43 
 50 
 43 
 36 
 41 
 46 
 43 
 31 
 35 
 42 
 36 
 43 
 42 
 43 
 47 
 33 
 38 
 45 
 31 
 41 
 38 
 39 
 41 
 43 
 42 
 40 
 38 
 38 
 45 
 51 
 41 
 42 
 43 
 31 
 42 
 34 
 50 
 40 
 37 
 40 
 48 
 36 
 29 
 43 
 38 
 43 
 47 
 47 
 49 
 41 
 49 
 40 
 38 
 37 
 37 
 42 
 45 
 53 
 45 
 35 
 42 
 46 
 45 
 42 
 46 
 35 
 29 
 42 
 36 
 35 
 30 
 41 
 45 
 41 
 37 
 45 
 34 
 51 
 45 
 42 
 47 
 40 
 44 
 39 
 51 
 44 
 50 
 30 
 38 
 43 
 48 
 47 
 38 
 38 
 39 
 49 
 42 
 40 
 36 
 55 
 47 
 41 
 36 
 39 
 36 
 53 
 43 
 49 
 34 
 46 
 33 
 41 
 38 
 30 
 37 
 52 
 50 
 44 
 36 
 47 
 41 
 40 
 37 
 48 
 47 
 41 
 39 
 40 
 47 
 38 
 31 
 46 
 43 
 32 
 45 
 40 
 34 
 43 
 47 
 29 
 55 
 38 
 33 
 37 
 44 
 29 
 43 
 35 
 36 
 45 
 52 
 31 
 28 
 32 
 40 
 34 
 40 
 41 
 44 
 38 
 41 
 45 
 32 
 39 
 33 
 44 
 48 
 32 
 37 
 36 
 50 
 35 
 32 
 38 
 29 
 39 
 57 
 47 
 45 
 36 
 41 
 31 
 27 
 41 
 46 
 36 
 35 
 39 
 47 
 36 
 45 
 42 
 43 
 34 
 35 
 50 
 33 
 33 
 37 
 42 
 33 
 23 
 39 
 47 
 28 
 34 
 35 
 37 
 36 
 34 
 48 
 42 
 51 
 47 
 38 
 38 
 40 
 36 
 41 
 43 
 43 
 33 
 47 
 32 
 35 
 36 
 39 
 32 
 35 
 40 
 31 
 29 
 40 
 44 
 35 
 42 
 37 
 39 
 40 
 32 
 32 
 42 
 36 
 29 
 49 
 34 
 30 
 26 
 38 
 42 
 33 
 48 
 55 
 39 
 28 
 42 
 33 
 35 
 47 
 32 
 37 
 54 
 38 
 36 
 34 
 39 
 36 
 37 
 29 
 24 
 32 
 33 
 26 
 29 
 34 
 33 
 31 
 32 
 32 
 29 
 29 
 37 
 34 
 33 
 43 
 38 
 34 
 45 
 45 
 37 
 31 
 27 
 33 
 40 
 35 
 33 
 36 
 35 
 38 
 43 
 39 
 36 
 38 
 37 
 39 
 32 
 41 
 40 
 32 
 42 
 35 
 39 
 43 
 48 
 37 
 26 
 44 
 25 
 36 
 37 
 40 
 27 
 43 
 29 
 34 
 40 
 31 
 16 
 39 
 38 
 38 
 40 
 37 
 27 
 36 
 32 
 46 
 42 
 46 
 44 
 28 
 29 
 36 
 37 
 32 
 34 
 38 
 33 
 45 
 41 
 42 
 25 
 47 
 38 
 30 
 32 
 32 
 41 
 38 
 38 
 29 
 34 
 38 
 42 
 36 
 34 
 36 
 29 
 37 
 36 
 25 
 37 
 39 
 34 
 44 
 38 
 36 
 24 
 37 
 30 
 40 
 45 
 37 
 37 
 42 
 44 
 38 
 30 
 37 
 33 
 24 
 36 
 43 
 41 
 34 
 34 
 37 
 37 
 36 
 46 
 37 
 23 
 32 
 27 
 31 
 32 
 35 
 36 
 29 
 42 
 38 
 35 
 43 
 39 
 37 
 32 
 33 
 28 
 39 
 40 
 22 
 42 
 34 
 25 
 38 
 28 
 36 
 46 
 31 
 41 
 32 
 44 
 30 
 36 
 41 
 26 
 40 
 32 
 35 
 40 
 39 
 29 
 20 
 34 
 27 
 32 
 30 
 38 
 47 
 26 
 27 
 38 
 34 
 23 
 36 
 31 
 36 
 38 
 32 
 45 
 27 
 38 
 50 
 41 
 27 
 43 
 28 
 36 
 34 
 35 
 37 
 38 
 32 
 35 
 37 
 32 
 31 
 44 
 41 
 20 
 22 
 41 
 31 
 32 
 35 
 33 
 30 
 46 
 38 
 31 
 38 
 32 
 35 
 31 
 28 
 27 
 42 
 35 
 37 
 30 
 33 
 38 
 33 
 34 
 37 
 44 
 41 
 35 
 36 
 38 
 42 
 39 
 38 
 40 
 30 
 32 
 38 
 36 
 31 
 27 
 38 
 31 
 30 
 37 
 31 
 29 
 32 
 34 
 25 
 26 
 46 
 27 
 32 
 30 
 37 
 46 
 31 
 41 
 36 
 38 
 23 
 32 
 27 
 35 
 33 
 24 
 30 
 31 
 29 
 35 
 28 
 43 
 36 
 31 
 41 
 35 
 36 
 39 
 35 
 43 
 26 
 27 
 30 
 34 
 40 
 39 
 35 
 46 
 37 
 35 
 31 
 42 
 29 
 34 
 40 
 43 
 40 
 26 
 38 
 38 
 41 
 45 
 39 
 36 
 25 
 35 
 35 
 34 
 38 
 31 
 35 
 34 
 43 
 37 
 22 
 41 
 51 
 40 
 32 
 29 
 42 
 52 
 30 
 39 
 27 
 40 
 45 
 38 
 34 
 42 
 49 
 37 
 31 
 38 
 27 
 31 
 32 
 27 
 35 
 35 
 38 
 42 
 29 
 29 
 37 
 38 
 28 
 35 
 34 
 32 
 39 
 37 
 34 
 49 
 30 
 28 
 29 
 38 
 34 
 32 
 26 
 35 
 30 
 39 
 25 
 27 
 34 
 28 
 32 
 38 
 31 
 36 
 37 
 31 
 33 
 35 
 25 
 29 
 23 
 42 
 38 
 26 
 36 
 25 
 31 
 32 
 32 
 32 
 34 
 27 
 32 
 37 
 41 
 39 
 45 
 30 
 34 
 31 
 39 
 29 
 36 
 28 
 31 
 34 
 43 
 28 
 33 
 35 
 40 
 38 
 28 
 32 
 32 
 31 
 23 
 31 
 32 
 41 
 28 
 35 
 36 
 27 
 28 
 27 
 23 
 43 
 27 
 25 
 20 
 32 
 25 
 32 
 35 
 32 
 30 
 28 
 32 
 23 
 23 
 33 
 29 
 36 
 25 
 38 
 25 
 34 
 36 
 36 
 43 
 29 
 36 
 45 
 34 
 32 
 18 
 36 
 37 
 28 
 36 
 28 
 36 
 39 
 23 
 25 
 45 
 43 
 30 
 27 
 32 
 35 
 34 
 36 
 51 
 25 
 40 
 35 
 32 
 32 
 22 
 33 
 29 
 28 
 27 
 36 
 34 
 36 
 32 
 38 
 25 
 34 
 42 
 37 
 36 
 20 
 25 
 34 
 31 
 36 
 29 
 32 
 29 
 36 
 43 
 22 
 36 
 32 
 31 
 37 
 40 
 25 
 33 
 30 
 37 
 27 
 35 
 33 
 34 
 35 
 32 
 33 
 32 
 33 
 35 
 29 
 32 
 19 
 34 
 32 
 28 
 28 
 55 
 37 
 35 
 30 
 25 
 40 
 35 
 26 
 44 
 47 
 42 
 45 
 39 
 25 
 32 
 33 
 36 
 31 
 40 
 34 
 31 
 25 
 33 
 32 
 30 
 23 
 33 
 35 
 36 
 21 
 28 
 33 
 25 
 43 
 39 
 34 
 32 
 31 
 34 
 33 
 42 
 35 
 29 
 41 
 23 
 32 
 34 
 33 
 23 
 34 
 32 
 30 
 34 
 32 
 28 
 30 
 34 
 26 
 30 
 35 
 31 
 34 
 26 
 28 
 27 
 37 
 28 
 35 
 28 
 31 
 24 
 29 
 34 
 19 
 21 
 30 
 40 
 35 
 24 
 34 
 30 
 26 
 26 
 38 
 30 
 38 
 28 
 28 
 20 
 29 
 37 
 26 
 31 
 32 
 28 
 34 
 38 
 37 
 24 
 35 
 30 
 36 
 27 
 38 
 37 
 29 
 29 
 25 
 34 
 28 
 30 
 30 
 39 
 41 
 35 
 34 
 31 
 34 
 32 
 39 
 33 
 27 
 29 
 27 
 29 
 40 
 30 
 36 
 20 
 27 
 31 
 28 
 23 
 40 
 30 
 37 
 34 
 27 
 29 
 34 
 38 
 25 
 26 
 29 
 28 
 30 
 23 
 35 
 32 
 23 
 28 
 24 
 34 
 25 
 30 
 38 
 18 
 34 
 26 
 29 
 34 
 40 
 30 
 23 
 38 
 28 
 36 
 19 
 29 
 33 
 35 
 22 
 38 
 40 
 39 
 27 
 37 
 30 
 38 
 30 
 29 
 33 
 34 
 34 
 33 
 31 
 35 
 38 
 26 
 32 
 51 
 26 
 28 
 27 
 46 
 34 
 30 
 20 
 28 
 30 
 24 
 27 
 28 
 33 
 35 
 31 
 38 
 36 
 31 
 18 
 39 
 37 
 29 
 26 
 41 
 38 
 31 
 26 
 29 
 28 
 27 
 33 
 32 
 21 
 27 
 27 
 27 
 31 
 36 
 28 
 26 
 33 
 31 
 42 
 32 
 39 
 39 
 31 
 29 
 36 
 33 
 29 
 26 
 27 
 33 
 35 
 43 
 31 
 27 
 27 
 34 
 38 
 35 
 22 
 22 
 26 
 30 
 31 
 26 
 39 
 25 
 23 
 27 
 28 
 18 
 32 
 32 
 33 
 29 
 31 
 26 
 25 
 49 
 36 
 29 
 34 
 28 
 33 
 26 
 26 
 39 
 33 
 32 
 35 
 23 
 44 
 39 
 38 
 23 
 33 
 25 
 27 
 36 
 31 
 24 
 24 
 38 
 28 
 28 
 24 
 33 
 26 
 44 
 31 
 28 
 29 
 30 
 38 
 30 
 27 
 29 
 25 
 25 
 38 
 28 
 26 
 19 
 36 
 29 
 30 
 31 
 22 
 35 
 33 
 24 
 32 
 35 
 34 
 27 
 28 
 35 
 31 
 27 
 32 
 25 
 23 
 24 
 34 
 42 
 25 
 29 
 33 
 33 
 43 
 27 
 28 
 29 
 40 
 32 
 33 
 35 
 28 
 30 
 27 
 31 
 39 
 25 
 22 
 27 
 35 
 35 
 36 
 29 
 28 
 32 
 29 
 25 
 23 
 31 
 25 
 20 
 33 
 26 
 26 
 24 
 31 
 26 
 31 
 30 
 41 
 35 
 37 
 23 
 32 
 38 
 26 
 15 
 26 
 36 
 31 
 40 
 31 
 30 
 33 
 34 
 28 
 28 
 27 
 34 
 22 
 35 
 37 
 31 
 25 
 37 
 22 
 33 
 29 
 43 
 26 
 24 
 39 
 29 
 27 
 26 
 28 
 28 
 32 
 33 
 29 
 35 
 38 
 36 
 33 
 38 
 28 
 28 
 29 
 30 
 26 
 30 
 31 
 34 
 40 
 33 
 29 
 23 
 27 
 31 
 29 
 47 
 29 
 27 
 32 
 28 
 39 
 32 
 30 
 36 
 26 
 26 
 35 
 31 
 27 
 34 
 40 
 32 
 37 
 31 
 32 
 24 
 33 
 26 
 26 
 31 
 32 
 29 
 30 
 34 
 31 
 31 
 27 
 21 
 42 
 28 
 23 
 28 
 28 
 36 
 33 
 21 
 30 
 28 
 30 
 28 
 34 
 28 
 37 
 34 
 23 
 37 
 31 
 40 
 35 
 41 
 36 
 33 
 34 
 28 
 28 
 24 
 31 
 37 
 32 
 33 
 37 
 26 
 30 
 33 
 29 
 31 
 30 
 35 
 29 
 31 
 31 
 40 
 37 
 22 
 24 
 43 
 44 
 26 
 35 
 34 
 23 
 35 
 28 
 30 
 26 
 30 
 32 
 31 
 35 
 27 
 29 
 32 
 33 
 27 
 34 
 25 
 39 
 24 
 34 
 25 
 32 
 27 
 43 
 22 
 29 
 35 
 32 
 39 
 36 
 35 
 26 
 34 
 31 
 23 
 35 
 21 
 43 
 25 
 23 
 25 
 34 
 32 
 33 
 19 
 35 
 30 
 31 
 47 
 28 
 28 
 40 
 40 
 20 
 28 
 40 
 26 
 40 
 31 
 36 
 26 
 29 
 34 
 23 
 36 
 34 
 27 
 28 
 32 
 38 
 29 
 35 
 26 
 24 
 19 
 40 
 41 
 30 
 40 
 36 
 26 
 30 
 25 
 18 
 34 
 31 
 31 
 26 
 30 
 34 
 34 
 28 
 24 
 34 
 25 
 28 
 35 
 29 
 38 
 35 
 25 
 31 
 39 
 22 
 25 
 28 
 29 
 23 
 36 
 38 
 28 
 39 
 28 
 14 
 27 
 18 
 25 
 38 
 25 
 35 
 21 
 28 
 36 
 25 
 26 
 28 
 24 
 34 
 43 
 38 
 37 
 35 
 37 
 23 
 29 
 34 
 32 
 21 
 33 
 27 
 38 
 20 
 33 
 23 
 38 
 36 
 32 
 25 
 25 
 27 
 35 
 27 
 28 
 26 
 29 
 25 
 37 
 39 
 28 
 31 
 13 
 29 
 29 
 30 
 36 
 38 
 23 
 31 
 29 
 33 
 36 
 29 
 34 
 29 
 26 
 27 
 31 
 36 
 39 
 39 
 37 
 19 
 34 
 25 
 33 
 39 
 31 
 33 
 27 
 32 
 32 
 30 
 31 
 27 
 44 
 36 
 25 
 28 
 28 
 35 
 32 
 22 
 34 
 29 
 28 
 22 
 28 
 41 
 29 
 24 
 24 
 25 
 37 
 29 
 28 
 31 
 31 
 27 
 28 
 23 
 20 
 28 
 28 
 20 
 20 
 30 
 38 
 40 
 36 
 23 
 34 
 31 
 41 
 39 
 26 
 39 
 23 
 26 
 37 
 27 
 36 
 38 
 25 
 17 
 29 
 25 
 29 
 27 
 35 
 32 
 35 
 33 
 30 
 26 
 28 
 34 
 29 
 26 
 36 
 22 
 46 
 29 
 29 
 36 
 30 
 23 
 25 
 26 
 31 
 22 
 32 
 26 
 39 
 29 
 36 
 21 
 34 
 24 
 21 
 17 
 30 
 30 
 30 
 27 
 31 
 34 
 36 
 37 
 20 
 33 
 27 
 23 
 33 
 32 
 30 
 28 
 33 
 35 
 30 
 36 
 40 
 30 
 33 
 32 
 21 
 33 
 34 
 36 
 29 
 29 
 28 
 25 
 29 
 32 
 28 
 31 
 32 
 39 
 34 
 23 
 28 
 23 
 27 
 21 
 37 
 26 
 35 
 43 
 27 
 31 
 33 
 34 
 30 
 29 
 29 
 30 
 30 
 34 
 40 
 34 
 22 
 32 
 29 
 31 
 38 
 31 
 27 
 29 
 30 
 26 
 27 
 26 
 34 
 36 
 21 
 30 
 34 
 34 
 33 
 29 
 38 
 40 
 34 
 26 
 33 
 30 
 30 
 35 
 29 
 29 
 35 
 35 
 35 
 25 
 34 
 34 
 38 
 34 
 25 
 31 
 35 
 29 
 30 
 25 
 35 
 37 
 31 
 30 
 34 
 39 
 37 
 29 
 33 
 33 
 27 
 30 
 30 
 27 
 27 
 29 
 33 
 23 
 32 
 27 
 30 
 37 
 31 
 37 
 32 
 29 
 26 
 31 
 33 
 24 
 31 
 35 
 32 
 38 
 28 
 35 
 26 
 29 
 46 
 29 
 28 
 20 
 39 
 26 
 31 
 34 
 31 
 35 
 30 
 41 
 24 
 35 
 31 
 20 
 17 
 35 
 27 
 28 
 37 
 33 
 28 
 27 
 24 
 38 
 25 
 35 
 37 
 37 
 30 
 24 
 30 
 34 
 27 
 26 
 29 
 23 
 37 
 28 
 30 
 39 
 23 
 34 
 30 
 37 
 34 
 36 
 24 
 34 
 38 
 28 
 31 
 31 
 30 
 28 
 35 
 25 
 29 
 30 
 37 
 29 
 27 
 34 
 36 
 27 
 31 
 36 
 26 
 27 
 26 
 34 
 26 
 25 
 30 
 25 
 24 
 31 
 24 
 32 
 33 
 29 
 39 
 39 
 41 
 28 
 33 
 21 
 29 
 30 
 32 
 37 
 34 
 31 
 37 
 37 
 23 
 34 
 32 
 37 
 28 
 29 
 22 
 19 
 33 
 28 
 28 
 43 
 27 
 33 
 40 
 26 
 40 
 31 
 29 
 30 
 33 
 32 
 29 
 38 
 41 
 26 
 18 
 43 
 29 
 20 
 26 
 44 
 24 
 33 
 36 
 24 
 40 
 28 
 37 
 35 
 26 
 28 
 19 
 27 
 30 
 41 
 30 
 25 
 26 
 31 
 30 
 32 
 28 
 29 
 31 
 24 
 23 
 30 
 31 
 39 
 34 
 34 
 36 
 38 
 31 
 29 
 32 
 26 
 37 
 40 
 38 
 27 
 34 
 34 
 29 
 17 
 26 
 36 
 30 
 27 
 27 
 38 
 33 
 38 
 31 
 46 
 27 
 38 
 22 
 26 
 32 
 26 
 32 
 36 
 35 
 26 
 33 
 33 
 40 
 21 
 35 
 34 
 35 
 40 
 28 
 33 
 25 
 28 
 37 
 27 
 26 
 35 
 27 
 36 
 36 
 27 
 33 
 22 
 32 
 30 
 34 
 21 
 23 
 43 
 37 
 27 
 38 
 30 
 38 
 30 
 37 
 24 
 31 
 32 
 38 
 25 
 30 
 27 
 22 
 29 
 31 
 28 
 31 
 32 
 31 
 33 
 19 
 32 
 27 
 30 
 29 
 32 
 36 
 39 
 43 
 30 
 43 
 29 
 32 
 30 
 36 
 31 
 32 
 29 
 39 
 32 
 41 
 21 
 37 
 33 
 27 
 33 
 29 
 36 
 29 
 33 
 36 
 38 
 37 
 30 
 27 
 35 
 41 
 30 
 33 
 33 
 34 
 27 
 34 
 23 
 33 
 37 
 24 
 31 
 31 
 32 
 33 
 31 
 32 
 36 
 34 
 37 
 30 
 37 
 29 
 36 
 26 
 30 
 34 
 27 
 32 
 30 
 30 
 27 
 32 
 33 
 34 
 24 
 23 
 27 
 29 
 38 
 31 
 38 
 43 
 27 
 25 
 27 
 28 
 28 
 24 
 35 
 41 
 30 
 22 
 39 
 39 
 28 
 29 
 41 
 39 
 35 
 25 
 42 
 43 
 19 
 30 
 25 
 27 
 20 
 35 
 26 
 28 
 29 
 25 
 32 
 23 
 41 
 34 
 15 
 34 
 34 
 32 
 35 
 28 
 38 
 33 
 26 
 42 
 39 
 36 
 37 
 28 
 42 
 37 
 31 
 31 
 33 
 30 
 31 
 37 
 29 
 43 
 37 
 36 
 28 
 29 
 34 
 31 
 34 
 35 
 21 
 30 
 37 
 35 
 34 
 31 
 25 
 27 
 33 
 38 
 30 
 29 
 35 
 34 
 25 
 32 
 15 
 41 
 29 
 39 
 37 
 39 
 37 
 28 
 31 
 35 
 34 
 30 
 38 
 40 
 25 
 36 
 31 
 30 
 36 
 28 
 42 
 31 
 30 
 37 
 30 
 58 
 22 
 38 
 35 
 37 
 40 
 33 
 30 
 28 
 41 
 32 
 34 
 30 
 26 
 20 
 31 
 38 
 20 
 33 
 33 
 24 
 22 
 28 
 31 
 36 
 30 
 39 
 33 
 27 
 36 
 34 
 36 
 36 
 33 
 24 
 32 
 28 
 19 
 34 
 39 
 44 
 34 
 35 
 27 
 25 
 37 
 32 
 28 
 42 
 24 
 28 
 26 
 34 
 23 
 34 
 37 
 26 
 33 
 29 
 28 
 33 
 34 
 33 
 35 
 30 
 27 
 40 
 27 
 32 
 23 
 39 
 40 
 35 
 37 
 38 
 27 
 29 
 29 
 32 
 40 
 36 
 34 
 33 
 36 
 35 
 31 
 39 
 29 
 43 
 25 
 38 
 41 
 34 
 33 
 42 
 24 
 41 
 38 
 37 
 33 
 44 
 35 
 37 
 30 
 25 
 31 
 34 
 35 
 30 
 35 
 32 
 44 
 37 
 43 
 25 
 31 
 31 
 39 
 33 
 37 
 39 
 28 
 36 
 24 
 38 
 41 
 33 
 31 
 37 
 43 
 41 
 39 
 41 
 30 
 34 
 42 
 34 
 28 
 34 
 38 
 34 
 29 
 34 
 31 
 41 
 30 
 35 
 24 
 38 
 23 
 40 
 34 
 33 
 39 
 34 
 36 
 35 
 26 
 35 
 29 
 34 
 24 
 32 
 36 
 27 
 38 
 38 
 27 
 28 
 41 
 36 
 41 
 33 
 35 
 43 
 37 
 28 
 31 
 19 
 30 
 33 
 46 
 34 
 29 
 26 
 40 
 30 
 46 
 32 
 37 
 32 
 36 
 29 
 25 
 30 
 31 
 21 
 27 
 33 
 31 
 34 
 37 
 39 
 33 
 35 
 36 
 42 
 36 
 39 
 38 
 34 
 37 
 38 
 35 
 32 
 34 
 31 
 24 
 31 
 30 
 35 
 47 
 31 
 50 
 42 
 33 
 52 
 27 
 32 
 24 
 29 
 36 
 50 
 32 
 35 
 35 
 41 
 31 
 35 
 41 
 39 
 45 
 37 
 26 
 30 
 49 
 42 
 29 
 35 
 34 
 35 
 35 
 39 
 39 
 40 
 33 
 33 
 29 
 38 
 31 
 44 
 42 
 45 
 32 
 31 
 40 
 32 
 31 
 36 
 34 
 37 
 39 
 36 
 46 
 26 
 30 
 30 
 31 
 27 
 29 
 35 
 27 
 39 
 30 
 31 
 36 
 34 
 34 
 31 
 45 
 40 
 40 
 31 
 31 
 37 
 37 
 38 
 45 
 33 
 41 
 41 
 37 
 30 
 41 
 39 
 33 
 23 
 40 
 30 
 39 
 50 
 37 
 31 
 30 
 35 
 37 
 35 
 32 
 42 
 40 
 41 
 35 
 33 
 39 
 32 
 35 
 38 
 40 
 37 
 28 
 26 
 28 
 38 
 39 
 31 
 24 
 34 
 30 
 33 
 40 
 31 
 36 
 53 
 38 
 37 
 31 
 35 
 25 
 39 
 37 
 27 
 37 
 31 
 32 
 32 
 34 
 35 
 38 
 34 
 36 
 42 
 29 
 23 
 28 
 39 
 29 
 41 
 42 
 35 
 40 
 38 
 43 
 36 
 28 
 35 
 24 
 37 
 33 
 24 
 27 
 40 
 24 
 45 
 34 
 32 
 27 
 39 
 33 
 36 
 32 
 38 
 29 
 35 
 41 
 38 
 26 
 29 
 37 
 32 
 27 
 36 
 32 
 33 
 43 
 33 
 47 
 43 
 28 
 38 
 38 
 42 
 29 
 31 
 33 
 36 
 30 
 33 
 32 
 42 
 38 
 32 
 29 
 28 
 41 
 35 
 44 
 42 
 41 
 33 
 35 
 24 
 38 
 38 
 35 
 40 
 32 
 33 
 39 
 39 
 30 
 40 
 25 
 30 
 37 
 45 
 43 
 37 
 27 
 29 
 39 
 41 
 38 
 31 
 30 
 44 
 41 
 32 
 33 
 28 
 37 
 42 
 42 
 44 
 47 
 44 
 37 
 29 
 40 
 32 
 42 
 34 
 42 
 38 
 29 
 30 
 30 
 35 
 32 
 36 
 30 
 37 
 47 
 34 
 41 
 52 
 34 
 42 
 27 
 26 
 34 
 40 
 37 
 40 
 31 
 37 
 39 
 30 
 40 
 43 
 36 
 32 
 36 
 35 
 31 
 31 
 45 
 34 
 36 
 27 
 33 
 35 
 27 
 34 
 40 
 45 
 42 
 36 
 41 
 32 
 30 
 47 
 24 
 37 
 31 
 39 
 39 
 35 
 38 
 35 
 33 
 30 
 35 
 32 
 45 
 43 
 34 
 41 
 42 
 42 
 39 
 45 
 41 
 33 
 34 
 40 
 32 
 30 
 36 
 38 
 41 
 34 
 42 
 27 
 34 
 43 
 58 
 43 
 34 
 37 
 40 
 35 
 37 
 43 
 26 
 47 
 46 
 39 
 30 
 34 
 49 
 53 
 39 
 38 
 45 
 48 
 39 
 49 
 48 
 33 
 44 
 39 
 35 
 40 
 43 
 33 
 40 
 33 
 29 
 41 
 41 
 44 
 39 
 33 
 46 
 49 
 35 
 46 
 45 
 37 
 41 
 40 
 40 
 46 
 42 
 36 
 41 
 36 
 30 
 34 
 28 
 42 
 41 
 42 
 37 
 32 
 45 
 42 
 39 
 35 
 42 
 40 
 33 
 45 
 32 
 42 
 36 
 39 
 36 
 47 
 52 
 40 
 38 
 32 
 34 
 40 
 44 
 47 
 45 
 41 
 41 
 44 
 33 
 35 
 36 
 38 
 36 
 46 
 46 
 31 
 42 
 55 
 38 
 40 
 34 
 49 
 45 
 40 
 44 
 39 
 37 
 31 
 38 
 45 
 37 
 38 
 30 
 42 
 34 
 32 
 40 
 49 
 52 
 55 
 42 
 32 
 42 
 34 
 35 
 47 
 49 
 33 
 44 
 35 
 42 
 55 
 45 
 28 
 50 
 40 
 41 
 35 
 42 
 46 
 35 
 33 
 40 
 41 
 37 
 57 
 40 
 40 
 41 
 48 
 44 
 55 
 47 
 48 
 35 
 46 
 52 
 44 
 45 
 56 
 41 
 43 
 35 
 38 
 55 
 46 
 50 
 39 
 49 
 39 
 36 
 30 
 41 
 50 
 34 
 42 
 40 
 46 
 40 
 40 
 46 
 52 
 30 
 33 
 42 
 33 
 41 
 32 
 45 
 32 
 43 
 32 
 30 
 52 
 45 
 47 
 48 
 48 
 42 
 36 
 47 
 41 
 32 
 46 
 54 
 41 
 34 
 32 
 50 
 47 
 45 
 44 
 39 
 34 
 45 
 38 
 48 
 27 
 35 
 40 
 36 
 27 
 50 
 40 
 50 
 43 
 40 
 33 
 43 
 36 
 41 
 53 
 40 
 37 
 44 
 51 
 44 
 61 
 46 
 46 
 40 
 36 
 40 
 47 
 49 
 49 
 50 
 44 
 48 
 44 
 58 
 49 
 42 
 48 
 47 
 47 
 37 
 51 
 41 
 38 
 42 
 32 
 50 
 50 
 37 
 51 
 42 
 50 
 39 
 47 
 46 
 43 
 47 
 57 
 48 
 51 
 48 
 39 
 38 
 42 
 44 
 38 
 38 
 45 
 38 
 42 
 49 
 51 
 45 
 35 
 50 
 45 
 44 
 47 
 44 
 45 
 40 
 38 
 52 
 54 
 52 
 37 
 50 
 46 
 34 
 46 
 34 
 46 
 41 
 47 
 41 
 38 
 44 
 31 
 43 
 38 
 56 
 39 
 58 
 41 
 40 
 38 
 47 
 44 
 43 
 41 
 43 
 45 
 44 
 46 
 46 
 43 
 37 
 48 
 42 
 48 
 49 
 29 
 43 
 55 
 31 
 48 
 45 
 50 
 48 
 43 
 49 
 38 
 57 
 41 
 48 
 57 
 44 
 49 
 37 
 46 
 45 
 50 
 44 
 49 
 45 
 47 
 29 
 48 
 47 
 42 
 50 
 44 
 43 
 42 
 42 
 42 
 49 
 47 
 35 
 43 
 39 
 50 
 47 
 40 
 41 
 45 
 57 
 47 
 52 
 59 
 56 
 57 
 49 
 42 
 48 
 43 
 51 
 58 
 53 
 53 
 50 
 44 
 36 
 40 
 51 
 43 
 56 
 34 
 46 
 49 
 46 
 55 
 48 
 42 
 40 
 44 
 38 
 45 
 44 
 46 
 43 
 58 
 41 
 41 
 47 
 48 
 59 
 54 
 56 
 53 
 48 
 46 
 45 
 48 
 43 
 56 
 37 
 45 
 47 
 46 
 45 
 49 
 50 
 46 
 48 
 59 
 40 
 51 
 53 
 57 
 47 
 52 
 44 
 51 
 49 
 45 
 57 
 61 
 52 
 48 
 63 
 51 
 72 
 54 
 47 
 47 
 57 
 46 
 54 
 46 
 49 
 51 
 42 
 46 
 61 
 43 
 31 
 55 
 52 
 57 
 63 
 57 
 57 
 54 
 61 
 50 
 49 
 51 
 62 
 50 
 53 
 43 
 63 
 63 
 48 
 45 
 57 
 50 
 59 
 54 
 48 
 43 
 58 
 54 
 58 
 48 
 55 
 60 
 40 
 70 
 55 
 46 
 42 
 57 
 55 
 57 
 50 
 52 
 44 
 71 
 55 
 52 
 43 
 56 
 54 
 62 
 62 
 60 
 42 
 69 
 44 
 60 
 76 
 59 
 63 
 65 
 61 
 61 
 62 
 56 
 60 
 56 
 70 
 51 
 72 
 48 
 70 
 41 
 44 
 68 
 54 
 65 
 67 
 54 
 50 
 61 
 62 
 45 
 64 
 47 
 58 
 54 
 64 
 62 
 62 
 55 
 49 
 61 
 46 
 65 
 77 
 55 
 59 
 58 
 63 
 70 
 55 
 66 
 52 
 62 
 59 
 59 
 53 
 52 
 59 
 62 
 53 
 58 
 63 
 71 
 63 
 64 
 79 
 53 
 57 
 73 
 58 
 73 
 61 
 67 
 68 
 57 
 61 
 65 
 48 
 61 
 68 
 67 
 74 
 76 
 75 
 52 
 66 
 68 
 77 
 56 
 61 
 70 
 73 
 72 
 68 
 48 
 74 
 74 
 66 
 72 
 73 
 63 
 58 
 66 
 61 
 55 
 64 
 77 
 57 
 64 
 62 
 74 
 71 
 66 
 64 
 80 
 79 
 63 
 52 
 64 
 66 
 70 
 64 
 94 
 61 
 66 
 86 
 74 
 58 
 74 
 68 
 73 
 63 
 57 
 81 
 74 
 69 
 69 
 59 
 74 
 65 
 79 
 72 
 64 
 73 
 78 
 67 
 61 
 61 
 66 
 85 
 70 
 71 
 68 
 73 
 88 
 77 
 63 
 79 
 54 
 81 
 54 
 52 
 84 
 64 
 66 
 73 
 78 
 69 
 69 
 70 
 61 
 84 
 63 
 67 
 72 
 76 
 77 
 68 
 54 
 72 
 71 
 81 
 75 
 78 
 82 
 78 
 71 
 86 
 61 
 74 
 85 
 59 
 74 
 74 
 62 
 86 
 76 
 80 
 70 
 64 
 59 
 81 
 63 
 69 
 72 
 74 
 65 
 72 
 67 
 74 
 67 
 83 
 85 
 71 
 83 
 68 
 69 
 73 
 83 
 80 
 79 
 67 
 68 
 77 
 79 
 74 
 80 
 75 
 65 
 75 
 79 
 71 
 68 
 80 
 65 
 76 
 57 
 65 
 82 
 89 
 83 
 77 
 83 
 74 
 65 
 70 
 72 
 62 
 88 
 68 
 77 
 72 
 89 
 75 
 78 
 62 
 77 
 78 
 78 
 77 
 88 
 73 
 76 
 70 
 78 
 83 
 73 
 76 
 81 
 68 
 75 
 65 
 81 
 89 
 69 
 79 
 72 
 79 
 83 
 78 
 94 
 69 
 75 
 78 
 72 
 98 
 76 
 86 
 72 
 65 
 68 
 78 
 65 
 65 
 86 
 72 
 74 
 80 
 87 
 75 
 58 
 83 
 73 
 71 
 71 
 67 
 79 
 66 
 81 
 92 
 86 
 61 
 74 
 82 
 77 
 88 
 81 
 86 
 91 
 84 
 77 
 99 
 78 
 78 
 85 
 83 
 71 
 84 
 71 
 84 
 66 
 86 
 74 
 64 
 67 
 70 
 77 
 83 
 92 
 85 
 71 
 82 
 68 
 92 
 89 
 95 
 91 
 77 
 80 
 80 
 89 
 78 
 78 
 95 
 81 
 76 
 86 
 73 
 90 
 78 
 89 
 75 
 85 
 107 
 75 
 85 
 90 
 85 
 83 
 79 
 93 
 96 
 86 
 89 
 78 
 72 
 86 
 85 
 95 
 81 
 93 
 102 
 82 
 86 
 94 
 94 
 93 
 83 
 91 
 93 
 98 
 102 
 86 
 84 
 91 
 88 
 84 
 107 
 77 
 88 
 94 
 96 
 101 
 90 
 88 
 107 
 77 
 76 
 93 
 96 
 84 
 91 
 82 
 98 
 97 
 108 
 99 
 83 
 99 
 115 
 96 
 79 
 102 
 84 
 106 
 120 
 99 
 118 
 103 
 116 
 105 
 130 
 111 
 107 
 108 
 117 
 114 
 115 
 117 
 114 
 117 
 98 
 125 
 109 
 109 
 110 
 115 
 115 
 112 
 121 
 117 
 142 
 124 
 109 
 120 
 124 
 124 
 135 
 121 
 118 
 135 
 120 
 142 
 138 
 115 
 125 
 151 
 130 
 135 
 150 
 138 
 110 
 160 
 129 
 123 
 136 
 126 
 139 
 160 
 130 
 139 
 153 
 170 
 134 
 143 
 175 
 152 
 194 
 160 
 152 
 155 
 178 
 174 
 167 
 157 
 157 
 156 
 169 
 189 
 180 
 164 
 154 
 158 
 164 
 177 
 173 
 157 
 205 
 169 
 189 
 170 
 185 
 193 
 201 
 218 
 186 
 201 
 177 
 209 
 174 
 189 
 199 
 220 
 217 
 204 
 208 
 188 
 195 
 195 
 186 
 221 
 196 
 202 
 185 
 222 
 190 
 207 
 212 
 233 
 229 
 203 
 211 
 200 
 191 
 212 
 196 
 218 
 215 
 206 
 235 
 222 
 233 
 224 
 248 
 225 
 219 
 247 
 225 
 224 
 203 
 215 
 197 
 240 
 222 
 250 
 268 
 248 
 236 
 229 
 244 
 236 
 237 
 253 
 244 
 215 
 231 
 246 
 221 
 250 
 238 
 232 
 227 
 273 
 234 
 262 
 241 
 249 
 254 
 265 
 239 
 267 
 255 
 260 
 230 
 231 
 250 
 262 
 248 
 237 
 241 
 244 
 246 
 240 
 259 
 244 
 256 
 271 
 256 
 220 
 278 
 242 
 223 
 291 
 238 
 279 
 256 
 251 
 277 
 237 
 235 
 220 
 255 
 262 
 235 
 229 
 260 
 218 
 231 
 247 
 238 
 236 
 201 
 244 
 229 
 256 
 245 
 229 
 237 
 214 
 219 
 257 
 258 
 218 
 263 
 253 
 234 
 272 
 208 
 215 
 235 
 224 
 210 
 229 
 222 
 214 
 195 
 200 
 185 
 242 
 201 
 204 
 201 
 221 
 247 
 214 
 198 
 208 
 236 
 224 
 197 
 226 
 205 
 203 
 223 
 211 
 204 
 186 
 211 
 210 
 205 
 217 
 217 
 210 
 217 
 222 
 204 
 209 
 210 
 206 
 196 
 221 
 191 
 198 
 217 
 193 
 214 
 195 
 185 
 215 
 173 
 185 
 212 
 207 
 178 
 215 
 186 
 197 
 202 
 199 
 176 
 195 
 199 
 186 
 201 
 180 
 163 
 204 
 170 
 179 
 173 
 187 
 171 
 189 
 184 
 180 
 177 
 174 
 174 
 180 
 174 
 165 
 177 
 182 
 175 
 169 
 162 
 172 
 172 
 181 
 180 
 167 
 147 
 153 
 179 
 148 
 161 
 161 
 179 
 161 
 164 
 155 
 171 
 160 
 175 
 144 
 163 
 162 
 170 
 171 
 137 
 128 
 154 
 174 
 146 
 152 
 134 
 142 
 156 
 162 
 164 
 157 
 138 
 158 
 149 
 161 
 156 
 155 
 153 
 147 
 142 
 140 
 134 
 138 
 148 
 143 
 144 
 135 
 151 
 141 
 140 
 156 
 133 
 143 
 156 
 148 
 144 
 123 
 131 
 124 
 139 
 143 
 132 
 116 
 134 
 156 
 115 
 148 
 145 
 134 
 140 
 139 
 134 
 128 
 127 
 134 
 135 
 134 
 122 
 133 
 136 
 124 
 132 
 129 
 147 
 130 
 120 
 117 
 117 
 120 
 122 
 142 
 122 
 135 
 142 
 124 
 129 
 112 
 122 
 136 
 125 
 144 
 108 
 132 
 137 
 124 
 149 
 110 
 124 
 124 
 110 
 122 
 129 
 126 
 124 
 136 
 140 
 139 
 138 
 122 
 126 
 119 
 116 
 124 
 121 
 108 
 121 
 110 
 111 
 136 
 123 
 132 
 124 
 116 
 118 
 161 
 122 
 129 
 120 
 142 
 122 
 140 
 132 
 123 
 137 
 138 
 113 
 122 
 137 
 105 
 128 
 152 
 119 
 128 
 140 
 134 
 133 
 145 
 144 
 126 
 145 
 135 
 134 
 133 
 155 
 156 
 151 
 163 
 144 
 132 
 167 
 160 
 144 
 131 
 162 
 146 
 137 
 144 
 154 
 163 
 149 
 173 
 147 
 147 
 170 
 169 
 149 
 179 
 183 
 156 
 181 
 172 
 160 
 189 
 202 
 170 
 182 
 181 
 176 
 166 
 169 
 202 
 201 
 202 
 189 
 197 
 213 
 216 
 187 
 196 
 194 
 189 
 195 
 206 
 196 
 257 
 242 
 201 
 215 
 215 
 251 
 226 
 217 
 205 
 229 
 262 
 263 
 253 
 250 
 252 
 245 
 246 
 250 
 270 
 261 
 255 
 242 
 285 
 271 
 283 
 281 
 304 
 266 
 283 
 273 
 307 
 288 
 312 
 305 
 269 
 310 
 269 
 325 
 305 
 329 
 298 
 295 
 339 
 329 
 354 
 336 
 320 
 330 
 357 
 354 
 347 
 365 
 317 
 379 
 383 
 345 
 409 
 372 
 370 
 410 
 397 
 385 
 365 
 348 
 397 
 355 
 388 
 396 
 410 
 389 
 418 
 430 
 439 
 385 
 413 
 411 
 382 
 403 
 410 
 397 
 442 
 432 
 444 
 455 
 448 
 424 
 452 
 469 
 483 
 452 
 480 
 500 
 495 
 462 
 467 
 510 
 472 
 481 
 471 
 462 
 491 
 481 
 495 
 518 
 507 
 499 
 526 
 481 
 496 
 503 
 483 
 495 
 457 
 543 
 528 
 545 
 482 
 478 
 469 
 508 
 514 
 536 
 550 
 511 
 560 
 531 
 490 
 552 
 553 
 508 
 509 
 538 
 538 
 523 
 569 
 508 
 533 
 544 
 581 
 530 
 520 
 521 
 521 
 492 
 517 
 506 
 535 
 524 
 513 
 518 
 512 
 528 
 535 
 539 
 532 
 493 
 524 
 540 
 536 
 474 
 490 
 535 
 530 
 504 
 459 
 503 
 483 
 537 
 506 
 474 
 507 
 524 
 460 
 498 
 480 
 460 
 459 
 433 
 495 
 479 
 466 
 447 
 473 
 467 
 484 
 458 
 440 
 458 
 473 
 452 
 491 
 435 
 435 
 430 
 407 
 440 
 407 
 411 
 417 
 411 
 425 
 405 
 426 
 398 
 428 
 416 
 392 
 400 
 408 
 426 
 415 
 394 
 422 
 380 
 348 
 408 
 331 
 340 
 361 
 364 
 341 
 344 
 368 
 357 
 354 
 339 
 292 
 357 
 315 
 288 
 316 
 304 
 297 
 290 
 305 
 323 
 299 
 272 
 285 
 282 
 261 
 277 
 282 
 274 
 259 
 264 
 267 
 253 
 248 
 219 
 260 
 250 
 230 
 242 
 245 
 234 
 211 
 220 
 209 
 208 
 237 
 207 
 208 
 202 
 204 
 211 
 219 
 184 
 209 
 170 
 178 
 167 
 176 
 174 
 172 
 175 
 169 
 173 
 167 
 181 
 145 
 155 
 155 
 140 
 137 
 124 
 150 
 126 
 155 
 127 
 126 
 127 
 148 
 132 
 116 
 132 
 123 
 110 
 126 
 128 
 96 
 114 
 103 
 119 
 106 
 93 
 98 
 97 
 87 
 89 
 82 
 89 
 73 
 70 
 101 
 58 
 78 
 72 
 85 
 91 
 57 
 70 
 60 
 52 
 81 
 69 
 61 
 84 
 55 
 55 
 46 
 70 
 52 
 49 
 49 
 54 
 38 
 36 
 43 
 49 
 63 
 43 
 48 
 40 
 43 
 39 
 35 
 36 
 34 
 46 
 30 
 29 
 39 
 37 
 31 
 31 
 37 
 29 
 27 
 25 
 21 
 28 
 21 
 24 
 22 
 32 
 11 
 23 
 27 
 22 
 22 
 22 
 22 
 18 
 10 
 21 
 10 
 11 
 12 
 15 
 11 
 12 
 17 
 17 
 17 
 17 
 8 
 17 
 11 
 12 
 9 
 10 
 8 
 11 
 15 
 12 
 8 
 10 
 13 
 7 
 9 
 6 
 4 
 11 
 5 
 10 
 10 
 13 
 5 
 6 
 7 
 6 
 4 
 8 
 3 
 7 
 4 
 5 
 2 
 5 
 8 
 3 
 2 
 4 
 2 
 2 
 5 
 1 
 0 
 3 
 3 
 1 
 5 
 3 
 8 
 5 
 1 
 1 
 3 
 5 
 1 
 5 
 1 
 3 
 2 
 4 
 5 
 0 
 1 
 4 
 2 
 0 
 0 
 2 
 0 
 0 
 1 
 0 
 1 
 1 
 0 
 2 
 0 
 3 
 1 
 1 
 1 
 1 
 1 
 3 
 0 
 0 
 0 
 1 
 0 
 2 
 0 
 0 
 1 
 0 
 1 
 0 
 0 
 0 
 1 
 0 
 1 
 2 
 0 
 0 
 0 
 1 
 0 
 0 
 0 
 0 
 0 
 0 
 0 
 1 
 0 
 0 
 0 
 0 
 0 
 2 
 0 
 1 
 0 
 0 
 0 
 1 
 0 
 0 
 0 
 0 
 0 
 0 
 0 
 0 
 0 
 1 
 0 
 0 
 0 
 0 
 0 
 0 
 0 
 1 
 0 
 0 
 0 
 0 
 0 
 0 
 0 
 0 
 0 
 0 
 0 
 0 
 0 
 0 
 0 
 0 
 0 
 0 
 0 
 0 
 1 
 0 
 0 
 0 
 0 
 0 
 0 
 0 
 0 
 0 
 0 
 0 
 0 
 0 
 0 
 0 
 0 
 0 
 0 
 0 
 0 
 0 
 0 
 0 
 0 
 0 
 0 
 0 
 0 
 0 
 0 
 0 
 0 
 0 
 0 
 0 
 0 
 0 
 0 
 0 
 0 
 0 
 0 
 0 
 0 
 0 
 0 
 0 
 0 
 0 
 0 
 0 
 0 
 0 
 0 
 0 
 0 
 0 
 0 
 0 
 0 
 0 
 0 
 0 
 0 
 0 
 0 
 0 
 0 
 0 
 0 
 0 
 0 
 0 
 0 
 0 
 0 
 0 
 0 
 0 
 0 
 0 
 0 
 0 
 0 
 0 
 0 
 0 
 0 
 0 
 0 
 0 
 0 
 0 
 0 
 0 
 0 
 0 
 0 
 0 
 0 
 0 
 0 
 0 
 0 
 0 
 0 
 0 
 0 
 0 
 0 
 0 
 0 
 0 
 0 
 0 
 0 
 0 
 0 
 0 
 0 
 0 
 0 
 0 
 0 
 0 
 0 
 0 
 0 
 0 
 0 
 0 
 0 
 0 
 0 
 0 
 0 
 0 
 0 
 0 
 0 
 0 
 0 
 0 
 0 
 0 
 0 
 0 
 0 
 0 
 0 
 0 
 0 
 0 
 0 
 0 
 0 
 0 
 0 
 0 
 0 
 0 
 0 
 0 
 0 
 0 
 0 
 0 
 0 
 0 
 0 
 0 
 0 
 0 
 0 
 0 
 0 
 0 
 0 
 0 
 0 
 0 
 0 
 0 
 0 
 0 
 0 
 0 
 0 
 0 
 0 
 0 
 0 
 0 
 0 
 0 
 0 
 0 
 0 
 0 
 0 
 0 
 0 
 0 
 0 
 0 
 0 
 0 
 0 
 0 
 0 
 0 
 0 
 0 
 0 
 0 
 0 
 0 
 0 
 0 
 0 
 0 
 0 
 0 
 0 
 0 
 0 
 0 
 0 
 0 
 0 
 0 
 0 
 0 
 0 
 0 
 0 
 0 
 0 
 0 
 0 
 0 
 0 
 0 
 0 
 0 
 0 
 0 
 0 
 0 
 0 
 0 
 0 
 0 
 0 
 0 
 0 
 0 
 0 
 0 
 0 
 0 
 0 
 0 
 0 
 0 
 0 
 0 
 0 
 0 
 0 
 0 
 0 
 0 
 0 
 0 
 0 
 0 
 0 
 0 
 0 
 0 
 0 
 0 
 0 
 0 
 0 
 0 
 0 
 0 
 0 
 0 
 0 
 0 
 0 
 0 
 0 
 0 
 0 
 0 
 0 
 0 
 0 
 0 
 0 
 0 
 0 
 0 
 0 
 0 
 0 
 0 
 0 
 0 
 0 
 0 
 0 
 0 
 0 
 0 
 0 
 0 
 0 
 0 
 0 
 0 
 0 
 0 
 0 
 0 
 0 
 0 
 0 
 0 
 0 
 0 
 0 
 0 
 0 
 0 
 0 
 0 
 0 
 0 
 0 
 0 
 0 
 0 
 0 
 0 
 0 
 0 
 0 
 0 
 0 
 0 
 0 
 0 
 0 
 0 
 0 
 0 
 0 
 0 
 0 
 0 
 0 
 0 
 0 
 0 
 0 
 0 
 0 
 0 
 0 
 0 
 0 
 0 
 0 
 0 
 0 
 0 
 0 
 0 
 0 
 0 
 0 
 0 
 0 
 0 
 0 
 0 
 0 
 0 
 0 
 0 
 0 
 0 
 0 
 0 
 0 
 0 
 0 
 0 
 0 
 0 
 0 
 0 
 0 
 0 
 0 
 0 
 0 
 0 
 0 
 0 
 0 
 0 
 0 
 0 
 0 
 0 
 0 
 0 
 0 
 0 
 0 
 0 
 0 
 0 
 0 
 0 
 0 
 0 
 0 
 0 
 0 
 0 
 0 
 0 
 0 
 0 
 0 
 0 
 0 
 0 
 0 
 0 
 0 
 0 
 0 
 0 
 0 
 0 
 0 
 0 
 0 
 0 
 0 
 0 
 0 
 0 
 0 
 0 
 0 
 0 
 0 
 0 
 0 
 0 
 0 
 0 
 0 
 0 
 0 
 0 
 0 
 0 
 0 
 0 
 0 
 0 
 0 
 0 
 0 
 0 
 0 
 0 
 0 
 0 
 0 
 0 
 0 
 0 
 0 
 0 
 0 
 0 
 0 
 0 
 0 
 0 
 0 
 0 
 0 
 0 
 0 
 0 
 0 
 0 
 0 
 0 
 0 
 0 
 0 
 0 
 0 
 0 
 0 
 0 
 0 
 0 
 0 
 0 
 0 
 0 
 0 
 0 
 0 
 0 
 0 
 0 
 0 
 0 
 0 
 0 
 0 
 0 
 0 
 0 
 0 
 0 
 0 
 0 
 0 
 0 
 0 
 0 
 0 
 0 
 0 
 0 
 0 
 0 
 0 
 0 
 0 
 0 
 0 
 0 
 0 
 0 
 0 
 0 
 0 
 0 
 0 
 0 
 0 
 0 
 0 
 0 
 0 
 0 
 0 
 0 
 0 
 0 
 0 
 0 
 0 
 0 
 0 
 0 
 0 
 0 
 0 
 0 
 0 
 0 
 0 
 0 
 0 
 0 
 0 
 0 
 0 
 0 
 0 
 0 
 0 
 0 
 0 
 0 
 0 
 0 
 0 
 0 
 0 
 0 
 0 
 0 
 0 
 0 
 0 
 0 
 0 
 0 
 0 
 0 
 0 
 0 
 0 
 0 
 0 
 0 
 0 
 0 
 0 
 0 
 0 
 0 
 0 
 0 
 0 
 0 
 0 
 0 
 0 
 0 
 0 
 0 
 0 
 0 
 0 
 0 
 0 
 0 
 0 
 0 
 0 
 0 
 0 
 0 
 0 
 0 
 0 
 0 
 0 
 0 
 0 
 0 
 0 
 0 
 0 
 0 
 0 
 0 
 0 
 0 
 0 
 0 
 0 
 0 
 0 
 0 
 0 
 0 
 0 
 0 
 0 
 0 
 0 
 0 
 0 
 0 
 0 
 0 
 0 
 0 
 0 
 0 
 0 
 0 
 0 
 0 
 0 
 0 
 0 
 0 
 0 
 0 
 0 
 0 
 0 
 0 
 0 
 0 
 0 
 0 
 0 
 0 
 0 
 0 
 0 
 0 
 0 
 0 
 0 
 0 
 0 
 0 
 0 
 0 
 0 
 0 
 0 
 0 
 0 
 0 
 0 
 0 
 0 
 0 
 0 
 0 
 0 
 0 
 0 
 0 
 0 
 0 
 0 
 0 
 0 
 0 
 0 
 0 
 0 
 0 
 0 
 0 
 0 
 0 
 0 
 0 
 0 
 0 
 0 
 0 
 0 
 0 
 0 
 0 
 0 
 0 
 0 
 0 
 0 
 0 
 0 
 0 
 0 
 0 
 0 
 0 
 0 
 0 
 0 
 0 
 0 
 0 
 0 
 0 
 0 
 0 
 0 
 0 
 0 
 0 
 0 
 0 
 0 
 0 
 0 
 0 
 0 
 0 
 0 
 0 
 0 
 0 
 0 
 0 
 0 
 0 
 0 
 0 
 0 
 0 
 0 
 0 
 0 
 0 
 0 
 0 
 0 
 0 
 0 
 0 
 0 
 0 
 0 
 0 
 0 
 0 
 0 
 0 
 0 
 0 
 0 
 0 
 0 
 0 
 0 
 0 
 0 
 0 
 0 
 0 
 0 
 0 
 0 
 0 
 0 
 0 
 0 
 0 
 0 
 0 
 0 
 0 
 0 
 0 
 0 
 0 
 0 
 0 
 0 
 0 
 0 
 0 
 0 
 0 
 0 
 0 
 0 
 0 
 0 
 0 
 0 
 0 
 0 
 0 
 0 
 0 
 0 
 0 
 0 
 0 
 0 
 0 
 0 
 0 
 0 
 0 
 0 
 0 
 0 
 0 
 0 
 0 
 0 
 0 
 0 
 0 
 0 
 0 
 0 
 0 
 0 
 0 
 0 
 0 
 0 
 0 
 0 
 0 
 0 
 0 
 0 
 0 
 0 
 0 
 0 
 0 
 0 
 0 
 0 
 0 
 0 
 0 
 0 
 0 
 0 
 0 
 0 
 0 
 0 
 0 
 0 
 0 
 0 
 0 
 0 
 0 
 0 
 0 
 0 
 0 
 0 
 0 
 0 
 0 
 0 
 0 
 0 
 0 
 0 
 0 
 0 
 0 
 0 
 0 
 0 
 0 
 0 
 0 
 0 
 0 
 0 
 0 
 0 
 0 
 0 
 0 
 0 
 0 
 0 
 0 
 0 
 0 
 0 
 0 
 0 
 0 
 0 
 0 
 0 
 0 
 0 
 0 
 0 
 0 
 0 
 0 
 0 
 0 
 0 
 0 
 0 
 0 
 0 
 0 
 0 
 0 
 0 
 0 
 0 
 0 
 0 
 0 
 0 
 0 
 0 
 0 
 0 
 0 
 0 
 0 
 0 
 0 
 0 
 0 
 0 
 0 
 0 
 0 
 0 
 0 
 0 
 0 
 0 
 0 
 0 
 0 
 0 
 0 
 0 
 0 
 0 
 0 
 0 
 0 
 0 
 0 
 0 
 0 
 0 
 0 
 0 
 0 
 0 
 0 
 0 
 0 
 0 
 0 
 0 
 0 
 0 
 0 
 0 
 0 
 0 
 0 
 0 
 0 
 0 
 0 
 0 
 0 
 0 
 0 
 0 
 0 
 0 
 0 
 0 
 0 
 0 
 0 
 0 
 0 
 0 
 0 
 0 
 0 
 0 
 0 
 0 
 0 
 0 
 0 
 0 
 0 
 0 
 0 
 0 
 0 
 0 
 0 
 0 
 0 
 0 
 0 
 0 
 0 
 0 
 0 
 0 
 0 
 0 
 0 
 0 
 0 
 0 
 0 
 0 
 0 
 0 
 0 
 0 
 0 
 0 
 0 
 0 
 0 
 0 
 0 
 0 
 0 
 0 
 0 
 0 
 0 
 0 
 0 
 0 
 0 
 0 
 0 
 0 
 0 
 0 
 0 
 0 
 0 
 0 
 0 
 0 
 0 
 0 
 0 
 0 
 0 
 0 
 0 
 0 
 0 
 0 
 0 
 0 
 0 
 0 
 0 
 0 
 0 
 0 
 0 
 0 
 0 
 0 
 0 
 0 
 0 
 0 
 0 
 0 
 0 
 0 
 0 
 0 
 0 
 0 
 0 
 0 
 0 
 0 
 0 
 0 
 0 
 0 
 0 
 0 
 0 
 0 
 0 
 0 
 0 
 0 
 0 
 0 
 0 
 0 
 0 
 0 
 0 
 0 
 0 
 0 
 0 
 0 
 0 
 0 
 0 
 0 
 0 
 0 
 0 
 0 
 0 
 0 
 0 
 0 
 0 
 0 
 0 
 0 
 0 
 0 
 0 
 0 
 0 
 0 
 0 
 0 
 0 
 0 
 0 
 0 
 0 
 0 
 0 
 0 
 0 
 0 
 0 
 0 
 0 
 0 
 0 
 0 
 0 
 0 
 0 
 0 
 0 
 0 
 0 
 0 
 0 
 0 
 0 
 0 
 0 
 0 
 0 
 0 
 0 
 0 
 0 
 0 
 0 
 0 
 0 
 0 
 0 
 0 
 0 
 0 
 0 
 0 
 0 
 0 
 0 
 0 
 0 
 0 
 0 
 0 
 0 
 0 
 0 
 0 
 0 
 0 
 0 
 0 
 0 
 0 
 0 
 0 
 0 
 0 
 0 
 0 
 0 
 0 
 0 
 0 
 0 
 0 
 0 
 0 
 0 
 0 
 0 
 0 
 0 
 0 
 0 
 0 
 0 
 0 
 0 
 0 
 0 
 0 
 0 
 0 
 0 
 0 
 0 
 0 
 0 
 0 
 0 
 0 
 0 
 0 
 0 
 0 
 0 
 0 
 0 
 0 
 0 
 0 
 0 
 0 
 0 
 0 
 0 
 0 
 0 
 0 
 0 
 0 
 0 
 0 
 0 
 0 
 0 
 0 
 0 
 0 
 0 
 0 
 0 
 0 
 0 
 0 
 0 
 0 
 0 
 0 
 0 
 0 
 0 
 0 
 0 
 0 
 0 
 0 
 0 
 0 
 0 
 0 
 0 
 0 
 0 
 0 
 0 
 0 
 0 
 0 
 0 
 0 
 0 
 0 
 0 
 0 
 0 
 0 
 0 
 0 
 0 
 0 
 0 
 0 
 0 
 0 
 0 
 0 
 0 
 0 
 0 
 0 
 0 
 0 
 0 
 0 
 0 
 0 
 0 
 0 
 0 
 0 
 0 
 0 
 0 
 0 
 0 
 0 
 0 
 0 
 0 
 0 
 0 
 0 
 0 
 0 
 0 
 0 
 0 
 0 
 0 
 0 
 0 
 0 
 0 
 0 
 0 
 0 
 0 
 0 
 0 
 0 
 0 
 0 
 0 
 0 
 0 
 0 
 0 
 0 
 0 
 0 
 0 
 0 
 0 
 0 
 0 
 0 
 0 
 0 
 0 
 0 
 0 
 0 
 0 
 0 
 0 
 0 
 0 
 0 
 0 
 0 
 0 
 0 
 0 
 0 
 0 
 0 
 0 
 0 
 0 
 0 
 0 
 0 
 0 
 0 
 0 
 0 
 0 
 0 
 0 
 0 
 0 
 0 
 0 
 0 
 0 
 0 
 0 
 0 
 0 
 0 
 0 
 0 
 0 
 0 
 0 
 0 
 0 
 0 
 0 
 0 
 0 
 0 
 0 
 0 
 0 
 0 
 0 
 0 
 0 
 0 
 0 
 0 
 0 
 0 
 0 
 0 
 0 
 0 
 0 
 0 
 0 
 0 
 0 
 0 
 0 
 0 
 0 
 0 
 0 
 0 
 0 
 0 
 0 
 0 
 0 
 0 
 0 
 0 
 0 
 0 
 0 
 0 
 0 
 0 
 0 
 0 
 0 
 0 
 0 
 0 
 0 
 0 
 0 
 0 
 0 
 0 
 0 
 0 
 0 
 0 
 0 
 0 
 0 
 0 
 0 
 0 
 0 
 0 
 0 
 0 
 0 
 0 
 0 
 0 
