!FILE=Disk 
!KIND=Matrix 
!LABORATORY=Oslo Cyclotron Laboratory (OCL) 
!EXPERIMENT=siri2root 
!COMMENT=none
!TIME=2019-09-27 14:26:25
!CALIBRATION EkeV=6, 1.000000E+00, 6.000000E+00, 0.000000E+00
!PRECISION=16
!DIMENSION=1,0:1999
!CHANNEL=(0:1999)
37 
1500 
3050 
3200 
3314 
3532 
3589 
3764 
3776 
3620 
3853 
3841 
3935 
4095 
4787 
4208 
4223 
4473 
4642 
4685 
4848 
5131 
5026 
4965 
5163 
5162 
5320 
5209 
5456 
5483 
5539 
5432 
5574 
5466 
5535 
5515 
5598 
5453 
6032 
7905 
7589 
7212 
6869 
6509 
6036 
5967 
5721 
5638 
5481 
5439 
5279 
5166 
5174 
5191 
5065 
5100 
4974 
4521 
4439 
4376 
4080 
4004 
4055 
4012 
3963 
3871 
4002 
3897 
3784 
3674 
3767 
3731 
3580 
3641 
3650 
3629 
3613 
3559 
3566 
3475 
3493 
3564 
3520 
3464 
3306 
3035 
2814 
2778 
2799 
2765 
2832 
2755 
2881 
2603 
2799 
2742 
2682 
2754 
2727 
2664 
2755 
2788 
2618 
2658 
2625 
2539 
2584 
2558 
2581 
2575 
2624 
2679 
2476 
2598 
2482 
2523 
2581 
2536 
2625 
2487 
2485 
2479 
2534 
2456 
2455 
2437 
2418 
2479 
2399 
2446 
2339 
2384 
2405 
2373 
2357 
2380 
2394 
2384 
2419 
2459 
2363 
2424 
2328 
2233 
2410 
2302 
2341 
2332 
2250 
2323 
2289 
2308 
2242 
2319 
2318 
2240 
2330 
2285 
2293 
2317 
2316 
2270 
2114 
2221 
2341 
2254 
2279 
2146 
2226 
2262 
2295 
2217 
2226 
2250 
2264 
2212 
2237 
2227 
2162 
2141 
2174 
2213 
2162 
2172 
2130 
2180 
2266 
2132 
2234 
2309 
2209 
2177 
2069 
2136 
2149 
2170 
2184 
2161 
2120 
2013 
2160 
2244 
2112 
2130 
2160 
2075 
2135 
2111 
2140 
2122 
2071 
2107 
2142 
2074 
2083 
2144 
2115 
2068 
2181 
2039 
2124 
2069 
2002 
2071 
2094 
2074 
2064 
2073 
2015 
2049 
1991 
2123 
2018 
2000 
2028 
2088 
2003 
2061 
2019 
2138 
1977 
2042 
2115 
2086 
2035 
2094 
2038 
1998 
1969 
2028 
2071 
1982 
2046 
1919 
1970 
1983 
1963 
2026 
2027 
2032 
1990 
2074 
1995 
2003 
2024 
2096 
2000 
1941 
1936 
1970 
1951 
2048 
2002 
2050 
2026 
1962 
1947 
2011 
1962 
1893 
2088 
2007 
2019 
2010 
2016 
2016 
1965 
2011 
2017 
1893 
2049 
1936 
2029 
2012 
2062 
1997 
1996 
1983 
2000 
2053 
2019 
2030 
2087 
1990 
2090 
2081 
2057 
2057 
2080 
1996 
2072 
2081 
2077 
2032 
2057 
2041 
2085 
2152 
2066 
2081 
2060 
2098 
2035 
2006 
2110 
2111 
2044 
2061 
2169 
2164 
2277 
2283 
2284 
2304 
2354 
2357 
2386 
2385 
2392 
2417 
2406 
2335 
2341 
2413 
2395 
2313 
2434 
2466 
2381 
2395 
2380 
2459 
2428 
2419 
2399 
2452 
2474 
2563 
2514 
2515 
2531 
2546 
2630 
2547 
2625 
2524 
2600 
2544 
2569 
2597 
2573 
2628 
2585 
2609 
2705 
2607 
2690 
2683 
2722 
2796 
2807 
2794 
2880 
2753 
2894 
2961 
2880 
2751 
2722 
2734 
2865 
2718 
2707 
2834 
2762 
2740 
2774 
2745 
2779 
2734 
2760 
2701 
2706 
2708 
2794 
2831 
2727 
2749 
2806 
2861 
2759 
2702 
2798 
2790 
2639 
2892 
3327 
3312 
3466 
3322 
3353 
3436 
3473 
3330 
3381 
3470 
3450 
3238 
3463 
3601 
3645 
3514 
3549 
3640 
3576 
3508 
3753 
3726 
3719 
3835 
3797 
3943 
3958 
4344 
4303 
4466 
4487 
4553 
4565 
4807 
4930 
5170 
5417 
5999 
6568 
7121 
7750 
8580 
9311 
9606 
7747 
5691 
4854 
4742 
4537 
4383 
4378 
4203 
4100 
3758 
3679 
3451 
3308 
3178 
3017 
2843 
2750 
2582 
2487 
2312 
2118 
2017 
1835 
1670 
1540 
1353 
1224 
1143 
1019 
1004 
915 
841 
778 
717 
676 
577 
473 
540 
386 
95 
11 
1 
0 
0 
0 
0 
0 
0 
0 
0 
0 
0 
0 
0 
0 
0 
0 
0 
0 
0 
0 
0 
0 
0 
0 
0 
0 
0 
0 
0 
0 
0 
0 
0 
0 
0 
0 
0 
0 
0 
0 
0 
0 
0 
0 
0 
0 
0 
0 
0 
0 
0 
0 
0 
0 
0 
0 
0 
0 
0 
0 
0 
0 
0 
0 
0 
0 
0 
0 
0 
0 
0 
0 
0 
0 
0 
0 
0 
0 
0 
0 
0 
0 
0 
0 
0 
0 
0 
0 
0 
0 
0 
0 
0 
0 
0 
0 
0 
0 
0 
0 
0 
0 
0 
0 
0 
0 
0 
0 
0 
0 
0 
0 
0 
0 
0 
0 
0 
0 
0 
0 
0 
0 
0 
0 
0 
0 
0 
0 
0 
0 
0 
0 
0 
0 
0 
0 
0 
0 
0 
0 
0 
0 
0 
0 
0 
0 
0 
0 
0 
0 
0 
0 
0 
0 
0 
0 
0 
0 
0 
0 
0 
0 
0 
0 
0 
0 
0 
0 
0 
0 
0 
0 
0 
0 
0 
0 
0 
0 
0 
0 
0 
0 
0 
0 
0 
0 
0 
0 
0 
0 
0 
0 
0 
0 
0 
0 
0 
0 
0 
0 
0 
0 
0 
0 
0 
0 
0 
0 
0 
0 
0 
0 
0 
0 
0 
0 
0 
0 
0 
0 
0 
0 
0 
0 
0 
0 
0 
0 
0 
0 
0 
0 
0 
0 
0 
0 
0 
0 
0 
0 
0 
0 
0 
0 
0 
0 
0 
0 
0 
0 
0 
0 
0 
0 
0 
0 
0 
0 
0 
0 
0 
0 
0 
0 
0 
0 
0 
0 
0 
0 
0 
0 
0 
0 
0 
0 
0 
0 
0 
0 
0 
0 
0 
0 
0 
0 
0 
0 
0 
0 
0 
0 
0 
0 
0 
0 
0 
0 
0 
0 
0 
0 
0 
0 
0 
0 
0 
0 
0 
0 
0 
0 
0 
0 
0 
0 
0 
0 
0 
0 
0 
0 
0 
0 
0 
0 
0 
0 
0 
0 
0 
0 
0 
0 
0 
0 
0 
0 
0 
0 
0 
0 
0 
0 
0 
0 
0 
0 
0 
0 
0 
0 
0 
0 
0 
0 
0 
0 
0 
0 
0 
0 
0 
0 
0 
0 
0 
0 
0 
0 
0 
0 
0 
0 
0 
0 
0 
0 
0 
0 
0 
0 
0 
0 
0 
0 
0 
0 
0 
0 
0 
0 
0 
0 
0 
0 
0 
0 
0 
0 
0 
0 
0 
0 
0 
0 
0 
0 
0 
0 
0 
0 
0 
0 
0 
0 
0 
0 
0 
0 
0 
0 
0 
0 
0 
0 
0 
0 
0 
0 
0 
0 
0 
0 
0 
0 
0 
0 
0 
0 
0 
0 
0 
0 
0 
0 
0 
0 
0 
0 
0 
0 
0 
0 
0 
0 
0 
0 
0 
0 
0 
0 
0 
0 
0 
0 
0 
0 
0 
0 
0 
0 
0 
0 
0 
0 
0 
0 
0 
0 
0 
0 
0 
0 
0 
0 
0 
0 
0 
0 
0 
0 
0 
0 
0 
0 
0 
0 
0 
0 
0 
0 
0 
0 
0 
0 
0 
0 
0 
0 
0 
0 
0 
0 
0 
0 
0 
0 
0 
0 
0 
0 
0 
0 
0 
0 
0 
0 
0 
0 
0 
0 
0 
0 
0 
0 
0 
0 
0 
0 
0 
0 
0 
0 
0 
0 
0 
0 
0 
0 
0 
0 
0 
0 
0 
0 
0 
0 
0 
0 
0 
0 
0 
0 
0 
0 
0 
0 
0 
0 
0 
0 
0 
0 
0 
0 
0 
0 
0 
0 
0 
0 
0 
0 
0 
0 
0 
0 
0 
0 
0 
0 
0 
0 
0 
0 
0 
0 
0 
0 
0 
0 
0 
0 
0 
0 
0 
0 
0 
0 
0 
0 
0 
0 
0 
0 
0 
0 
0 
0 
0 
0 
0 
0 
0 
0 
0 
0 
0 
0 
0 
0 
0 
0 
0 
0 
0 
0 
0 
0 
0 
0 
0 
0 
0 
0 
0 
0 
0 
0 
0 
0 
0 
0 
0 
0 
0 
0 
0 
0 
0 
0 
0 
0 
0 
0 
0 
0 
0 
0 
0 
0 
0 
0 
0 
0 
0 
0 
0 
0 
0 
0 
0 
0 
0 
0 
0 
0 
0 
0 
0 
0 
0 
0 
0 
0 
0 
0 
0 
0 
0 
0 
0 
0 
0 
0 
0 
0 
0 
0 
0 
0 
0 
0 
0 
0 
0 
0 
0 
0 
0 
0 
0 
0 
0 
0 
0 
0 
0 
0 
0 
0 
0 
0 
0 
0 
0 
0 
0 
0 
0 
0 
0 
0 
0 
0 
0 
0 
0 
0 
0 
0 
0 
0 
0 
0 
0 
0 
0 
0 
0 
0 
0 
0 
0 
0 
0 
0 
0 
0 
0 
0 
0 
0 
0 
0 
0 
0 
0 
0 
0 
0 
0 
0 
0 
0 
0 
0 
0 
0 
0 
0 
0 
0 
0 
0 
0 
0 
0 
0 
0 
0 
0 
0 
0 
0 
0 
0 
0 
0 
0 
0 
0 
0 
0 
0 
0 
0 
0 
0 
0 
0 
0 
0 
0 
0 
0 
0 
0 
0 
0 
0 
0 
0 
0 
0 
0 
0 
0 
0 
0 
0 
0 
0 
0 
0 
0 
0 
0 
0 
0 
0 
0 
0 
0 
0 
0 
0 
0 
0 
0 
0 
0 
0 
0 
0 
0 
0 
0 
0 
0 
0 
0 
0 
0 
0 
0 
0 
0 
0 
0 
0 
0 
0 
0 
0 
0 
0 
0 
0 
0 
0 
0 
0 
0 
0 
0 
0 
0 
0 
0 
0 
0 
0 
0 
0 
0 
0 
0 
0 
0 
0 
0 
0 
0 
0 
0 
0 
0 
0 
0 
0 
0 
0 
0 
0 
0 
0 
0 
0 
0 
0 
0 
0 
0 
0 
0 
0 
0 
0 
0 
0 
0 
0 
0 
0 
0 
0 
0 
0 
0 
0 
0 
0 
0 
0 
0 
0 
0 
0 
0 
0 
0 
0 
0 
0 
0 
0 
0 
0 
0 
0 
0 
0 
0 
0 
0 
0 
0 
0 
0 
0 
0 
0 
0 
0 
0 
0 
0 
0 
0 
0 
0 
0 
0 
0 
0 
0 
0 
0 
0 
0 
0 
0 
0 
0 
0 
0 
0 
0 
0 
0 
0 
0 
0 
0 
0 
0 
0 
0 
0 
0 
0 
0 
0 
0 
0 
0 
0 
0 
0 
0 
0 
0 
0 
0 
0 
0 
0 
0 
0 
0 
0 
0 
0 
0 
0 
0 
0 
0 
0 
0 
0 
0 
0 
0 
0 
0 
0 
0 
0 
0 
0 
0 
0 
0 
0 
0 
0 
0 
0 
0 
0 
0 
0 
0 
0 
0 
0 
0 
0 
0 
0 
0 
0 
0 
0 
0 
0 
0 
0 
0 
0 
0 
0 
0 
0 
0 
0 
0 
0 
0 
0 
0 
0 
0 
0 
0 
0 
0 
0 
0 
0 
0 
0 
0 
0 
0 
0 
0 
0 
0 
0 
0 
0 
0 
0 
0 
0 
0 
0 
0 
0 
0 
0 
0 
0 
0 
0 
0 
0 
0 
0 
0 
0 
0 
0 
0 
0 
0 
0 
0 
0 
0 
0 
0 
0 
0 
0 
0 
0 
0 
0 
0 
0 
0 
0 
0 
0 
0 
0 
0 
0 
0 
0 
0 
0 
0 
0 
0 
0 
0 
0 
0 
0 
0 
0 
0 
0 
0 
0 
0 
0 
0 
0 
0 
0 
0 
0 
0 
0 
0 
0 
0 
0 
0 
0 
0 
0 
0 
0 
0 
0 
0 
0 
0 
0 
0 
0 
0 
0 
0 
0 
0 
0 
0 
0 
0 
0 
0 
0 
0 
0 
0 
0 
0 
0 
0 
0 
0 
0 
0 
0 
0 
0 
0 
0 
0 
0 
0 
0 
0 
0 
0 
0 
0 
0 
0 
0 
0 
0 
0 
0 
0 
0 
0 
0 
0 
0 
0 
0 
0 
0 
0 
0 
0 
0 
0 
0 
0 
0 
0 
0 
0 
0 
0 
0 
0 
0 
0 
0 
0 
0 
0 
0 
0 
0 
0 
0 
0 
0 
0 
0 
0 
0 
0 
0 
0 
0 
0 
0 
0 
0 
0 
0 
0 
0 
0 
0 
0 
0 
0 
0 
0 
0 
0 
0 
0 
0 
0 
0 
0 
0 
0 
0 
0 
0 
0 
0 
0 
0 
0 
0 
0 
0 
0 
0 
0 
0 
0 
0 
0 
0 
0 
0 
0 
0 
0 
0 
0 
0 
0 
0 
0 
0 
0 
0 
0 
0 
0 
0 
0 
0 
0 
0 
0 
0 
0 
0 
0 
0 
0 
0 
0 
0 
0 
0 
0 
0 
0 
0 
0 
0 
0 
0 
0 
0 
0 
0 
0 
0 
0 
0 
0 
0 
0 
0 
0 
0 
0 
0 
0 
0 
0 
0 
0 
0 
0 
0 
0 
0 
0 
0 
0 
0 
0 
0 
0 
0 
0 
0 
0 
0 
0 
0 
0 
0 
0 
0 
0 
0 
0 
0 
0 
0 
0 
0 
0 
0 
0 
0 
0 
0 
0 
0 
0 
0 
0 
0 
0 
0 
0 
0 
0 
0 
0 
0 
0 
0 
0 
0 
0 
0 
0 
0 
0 
0 
0 
0 
0 
0 
0 
0 
0 
0 
0 
0 
0 
0 
0 
0 
0 
0 
0 
0 
0 
0 
0 
0 
!IDEND=

