!FILE=Disk 
!KIND=Matrix 
!LABORATORY=Oslo Cyclotron Laboratory (OCL) 
!EXPERIMENT=SuN simulations 
!COMMENT=background
!TIME=2021-11-11 11:50:25
!CALIBRATION EkeV=6, 5.000000E+00, 1.000000E+01, 0.000000E+00
!PRECISION=16
!DIMENSION=1,0:1399
!CHANNEL=(0:1399)
2 
0 
0 
0 
0 
1 
2 
0 
1 
0 
0 
0 
0 
2 
1 
0 
2 
2 
0 
2 
0 
2 
0 
0 
2 
4 
0 
1 
2 
2 
3 
0 
2 
1 
1 
0 
2 
0 
3 
2 
2 
2 
4 
3 
4 
0 
2 
4 
6 
3 
3 
5 
8 
6 
0 
5 
5 
6 
5 
3 
7 
6 
7 
10 
7 
9 
5 
14 
12 
8 
11 
21 
14 
12 
12 
24 
26 
12 
25 
18 
26 
20 
29 
20 
30 
42 
38 
40 
48 
33 
56 
72 
62 
73 
85 
91 
86 
83 
94 
88 
77 
88 
79 
70 
65 
75 
60 
83 
79 
80 
91 
100 
93 
108 
93 
116 
86 
108 
115 
124 
146 
139 
158 
136 
158 
158 
160 
161 
183 
176 
190 
202 
222 
223 
225 
253 
266 
270 
292 
288 
288 
317 
347 
387 
369 
356 
387 
425 
448 
431 
453 
442 
419 
458 
482 
494 
513 
522 
561 
616 
621 
648 
665 
672 
729 
779 
801 
773 
878 
765 
822 
851 
841 
814 
828 
875 
862 
873 
923 
935 
1041 
986 
1021 
1105 
1101 
1208 
1228.99 
1388.96 
1467.82 
1539.33 
1652.78 
1774.35 
1886.04 
2057.19 
2098.55 
2127.36 
2080.31 
1854.65 
1428.13 
1186.02 
781.014 
499.118 
278.623 
170.436 
201.765 
195.524 
306.128 
306.925 
299.498 
341.184 
267.021 
272.984 
288.514 
251.905 
251.69 
238.921 
238.982 
239.996 
217.999 
184 
216 
227 
209 
201 
190 
179 
194 
178 
152 
165 
203 
172 
169 
176 
160 
162 
148 
143 
135 
145 
149 
143 
145 
134 
163 
156 
144 
153 
118 
141 
129 
144 
141 
123 
135 
132 
132 
124 
135 
138 
141 
117 
121 
147 
125 
131 
129 
116 
100 
110 
114 
126 
136 
119 
101 
116 
111 
101 
117 
108 
119 
130 
120 
104 
113 
90 
109 
123 
104 
117 
122 
125 
107 
95 
120 
86 
102 
127 
116 
100 
104 
92 
117 
107 
96 
108 
90 
86 
91 
94 
91 
96 
98 
115 
101 
88 
68 
92 
103 
87 
76 
99 
87 
93 
81 
95 
82 
87 
88 
92 
93 
99 
87 
93 
89 
75 
86 
87 
86 
85 
82 
78 
87 
72 
84 
68 
82 
82 
84 
82 
70 
66 
63 
76 
69 
89 
80 
74 
70 
80 
78 
56 
71 
65 
77 
71 
64 
58 
81 
62 
55 
61 
54 
60 
45 
65 
62 
67 
63 
70 
60 
58 
61 
49 
57 
64 
64 
59 
54 
52 
51 
55 
62 
46 
43 
46 
43 
43 
46 
40 
36 
49 
44 
52 
47 
45 
49 
49 
35 
33 
38 
41 
37 
33 
44 
47 
46 
46 
31 
30 
41 
34 
34 
33 
35 
43 
38 
29 
39 
27 
21 
30 
41 
28 
28 
36 
25 
36 
36 
24 
30 
21 
25 
21 
22 
22 
31 
20 
25 
34 
25 
21 
17 
25 
23 
17 
25 
16 
19 
9 
15 
20 
20 
12 
20 
22 
17 
14 
16 
12 
15 
15 
20 
13 
22 
13 
14 
18 
21 
15 
9 
13 
15 
14 
9 
11 
8 
8 
12 
9 
11 
7 
12 
5 
7 
9 
15 
14 
14 
6 
5 
10 
7 
10 
7 
4 
10 
4 
11 
8 
11 
7 
6 
8 
4 
6 
2 
6 
3 
8 
3 
7 
6 
2 
1 
5 
10 
0 
5 
0 
2 
2 
4 
1 
1 
2 
5 
0 
2 
6 
1 
4 
2 
3 
0 
1 
1 
0 
1 
0 
1 
1 
2 
2 
0 
0 
2 
2 
4 
3 
2 
0 
0 
1 
2 
0 
1 
1 
2 
0 
3 
0 
0 
0 
0 
0 
1 
0 
0 
0 
0 
2 
1 
1 
1 
1 
1 
1 
0 
1 
0 
1 
0 
0 
1 
0 
0 
1 
0 
0 
0 
0 
1 
0 
0 
0 
0 
0 
0 
0 
0 
0 
0 
1 
1 
0 
0 
0 
0 
0 
0 
0 
0 
0 
0 
0 
0 
0 
0 
0 
0 
0 
1 
0 
1 
0 
0 
0 
0 
0 
0 
0 
0 
0 
0 
0 
0 
0 
0 
0 
0 
0 
0 
0 
0 
0 
0 
0 
0 
0 
0 
0 
0 
0 
0 
0 
0 
0 
0 
0 
0 
0 
0 
0 
0 
0 
0 
0 
0 
0 
0 
0 
0 
0 
0 
0 
0 
0 
0 
0 
0 
0 
0 
0 
0 
0 
0 
0 
0 
0 
0 
0 
0 
0 
0 
0 
0 
0 
0 
0 
0 
0 
0 
0 
0 
0 
0 
0 
0 
0 
0 
0 
0 
0 
0 
0 
0 
0 
0 
0 
0 
0 
0 
0 
0 
0 
0 
0 
0 
0 
0 
0 
0 
0 
0 
0 
0 
0 
0 
0 
0 
0 
0 
0 
0 
0 
0 
0 
0 
0 
0 
0 
0 
0 
0 
0 
0 
0 
0 
0 
0 
0 
0 
0 
0 
0 
0 
0 
0 
0 
0 
0 
0 
0 
0 
0 
0 
0 
0 
0 
0 
0 
0 
0 
0 
0 
0 
0 
0 
0 
0 
0 
0 
0 
0 
0 
0 
0 
0 
0 
0 
0 
0 
0 
0 
0 
0 
0 
0 
0 
0 
0 
0 
0 
0 
0 
0 
0 
0 
0 
0 
0 
0 
0 
0 
0 
0 
0 
0 
0 
0 
0 
0 
0 
0 
0 
0 
0 
0 
0 
0 
0 
0 
0 
0 
0 
0 
0 
0 
0 
0 
0 
0 
0 
0 
0 
0 
0 
0 
0 
0 
0 
0 
0 
0 
0 
0 
0 
0 
0 
0 
0 
0 
0 
0 
0 
0 
0 
0 
0 
0 
0 
0 
0 
0 
0 
0 
0 
0 
0 
0 
0 
0 
0 
0 
0 
0 
0 
0 
0 
0 
0 
0 
0 
0 
0 
0 
0 
0 
0 
0 
0 
0 
0 
0 
0 
0 
0 
0 
0 
0 
0 
0 
0 
0 
0 
0 
0 
0 
0 
0 
0 
0 
0 
0 
0 
0 
0 
0 
0 
0 
0 
0 
0 
0 
0 
0 
0 
0 
0 
0 
0 
0 
0 
0 
0 
0 
0 
0 
0 
0 
0 
0 
0 
0 
0 
0 
0 
0 
0 
0 
0 
0 
0 
0 
0 
0 
0 
0 
0 
0 
0 
0 
0 
0 
0 
0 
0 
0 
0 
0 
0 
0 
0 
0 
0 
0 
0 
0 
0 
0 
0 
0 
0 
0 
0 
0 
0 
0 
0 
0 
0 
0 
0 
0 
0 
0 
0 
0 
0 
0 
0 
0 
0 
0 
0 
0 
0 
0 
0 
0 
0 
0 
0 
0 
0 
0 
0 
0 
0 
0 
0 
0 
0 
0 
0 
0 
0 
0 
0 
0 
0 
0 
0 
0 
0 
0 
0 
0 
0 
0 
0 
0 
0 
0 
0 
0 
0 
0 
0 
0 
0 
0 
0 
0 
0 
0 
0 
0 
0 
0 
0 
0 
0 
0 
0 
0 
0 
0 
0 
0 
0 
0 
0 
0 
0 
0 
0 
0 
0 
0 
0 
0 
0 
0 
0 
0 
0 
0 
0 
0 
0 
0 
0 
0 
0 
0 
0 
0 
0 
0 
0 
0 
0 
0 
0 
0 
0 
0 
0 
0 
0 
0 
0 
0 
0 
0 
0 
0 
0 
0 
0 
0 
0 
0 
0 
0 
0 
0 
0 
0 
0 
0 
0 
0 
0 
0 
0 
0 
0 
0 
0 
0 
0 
0 
0 
0 
0 
0 
0 
0 
0 
0 
0 
0 
0 
0 
0 
0 
0 
0 
0 
0 
0 
0 
0 
0 
0 
0 
0 
0 
0 
0 
0 
0 
0 
0 
0 
0 
0 
0 
0 
0 
0 
0 
0 
0 
0 
0 
0 
0 
0 
0 
0 
0 
0 
0 
0 
0 
0 
0 
0 
0 
0 
0 
0 
0 
0 
0 
0 
0 
0 
0 
0 
0 
0 
0 
0 
0 
0 
0 
0 
0 
0 
0 
0 
0 
0 
0 
0 
0 
0 
0 
0 
0 
0 
0 
0 
0 
0 
0 
0 
0 
0 
0 
0 
0 
0 
0 
0 
0 
0 
0 
0 
0 
0 
0 
0 
0 
0 
0 
0 
0 
0 
0 
0 
0 
0 
0 
0 
0 
0 
0 
0 
0 
0 
0 
0 
0 
0 
0 
0 
0 
0 
0 
0 
0 
0 
0 
0 
0 
0 
0 
0 
0 
0 
0 
0 
0 
0 
0 
0 
0 
0 
0 
0 
0 
0 
0 
0 
0 
0 
0 
0 
0 
0 
0 
0 
0 
0 
0 
0 
0 
0 
0 
0 
0 
0 
0 
0 
0 
0 
0 
0 
0 
0 
0 
0 
0 
0 
0 
0 
0 
0 
0 
0 
0 
0 
0 
0 
0 
0 
0 
0 
0 
0 
0 
0 
0 
0 
0 
0 
0 
0 
0 
0 
0 
0 
0 
0 
!IDEND=

