!FILE=Disk 
!KIND=Matrix 
!LABORATORY=Oslo Cyclotron Laboratory (OCL) 
!EXPERIMENT=SuN simulations 
!COMMENT=background
!TIME=2021-11-11 11:50:31
!CALIBRATION EkeV=6, 5.000000E+00, 1.000000E+01, 0.000000E+00
!PRECISION=16
!DIMENSION=1,0:1399
!CHANNEL=(0:1399)
1 
0 
0 
0 
0 
0 
0 
0 
0 
0 
0 
1 
1 
0 
2 
0 
0 
0 
0 
1 
1 
0 
0 
0 
0 
1 
0 
0 
0 
2 
0 
1 
2 
1 
6 
0 
2 
1 
1 
5 
2 
4 
2 
0 
3 
0 
0 
2 
0 
0 
1 
5 
4 
3 
2 
4 
3 
1 
3 
6 
2 
1 
2 
6 
4 
8 
3 
5 
7 
9 
6 
4 
8 
5 
8 
9 
7 
13 
9 
9 
6 
17 
6 
9 
12 
11 
11 
13 
15 
10 
12 
14 
18 
19 
18 
19 
23 
21 
31 
31 
32 
29 
31 
32 
33 
34 
29 
35 
30 
38 
46 
33 
35 
41 
39 
41 
43 
49 
49 
55 
42 
48 
53 
71 
61 
73 
53 
65 
57 
53 
61 
50 
72 
58 
56 
78 
60 
80 
64 
84 
78 
65 
75 
65 
92 
75 
94 
101 
92 
97 
86 
92 
72 
73 
100 
100 
89 
86 
90 
105 
112 
94 
103 
102 
113 
108 
115 
107 
106 
121 
111 
104 
125 
121 
113 
127 
104 
118 
144 
150 
131 
137 
133 
141 
129 
151 
142 
145 
139 
152 
179 
131 
162 
182 
209 
196 
185 
186 
197 
212 
209 
200 
206 
210 
188 
167 
196 
187 
224 
174 
196 
167 
196 
201 
195 
225 
202 
196 
212 
247 
222 
189 
233 
204 
231 
248 
238 
234 
265 
252 
242 
279 
261 
259 
258 
282 
288 
305 
280 
280 
331 
336 
334 
360 
381 
396 
370 
401 
391 
425 
405 
409 
407 
464 
451 
440 
400 
488 
467 
486 
492 
511 
532 
509 
573 
571 
646 
664 
673 
640 
672 
705 
658 
704 
684 
693.999 
692.997 
702.992 
713.979 
721.946 
751.866 
688.682 
694.275 
696.417 
743.683 
793.334 
783.152 
820.253 
858.902 
877.427 
892.294 
984.489 
960.262 
935.24 
874.776 
848.251 
745.933 
619.989 
553.377 
479.622 
417.835 
299.611 
242.587 
293.314 
233.747 
212.232 
289.426 
262.425 
261.345 
287.901 
273.821 
275.283 
267.735 
288.529 
225.684 
244.991 
234.491 
208.29 
216.592 
221.861 
198.004 
178.556 
179.81 
205.922 
185.969 
164.988 
187.996 
170.999 
168 
172 
170 
154 
176 
144 
172 
164 
148 
148 
156 
146 
147 
162 
125 
147 
141 
132 
149 
112 
137 
123 
128 
123 
131 
123 
147 
114 
109 
114 
138 
112 
119 
123 
113 
135 
99 
127 
121 
113 
130 
142 
112 
111 
93 
94 
92 
87 
119 
104 
92 
122 
115 
119 
124 
99 
96 
105 
96 
95 
94 
99 
117 
120 
108 
105 
99 
85 
95 
101 
111 
87 
83 
85 
94 
98 
80 
97 
104 
93 
90 
88 
82 
94 
83 
73 
88 
79 
73 
68 
70 
72 
92 
63 
82 
81 
80 
92 
83 
76 
79 
78 
85 
78 
88 
79 
87 
68 
67 
75 
80 
76 
70 
77 
69 
63 
81 
74 
70 
74 
61 
60 
74 
61 
65 
63 
63 
68 
71 
65 
82 
49 
61 
57 
69 
67 
64 
64 
61 
61 
63 
58 
50 
66 
64 
64 
64 
60 
61 
65 
57 
46 
44 
54 
59 
52 
49 
54 
50 
46 
43 
46 
49 
34 
49 
50 
44 
45 
47 
43 
41 
48 
54 
48 
49 
41 
40 
34 
40 
34 
41 
45 
47 
26 
44 
36 
29 
30 
33 
39 
23 
31 
45 
35 
36 
43 
32 
34 
34 
22 
34 
30 
28 
26 
27 
23 
26 
31 
24 
17 
31 
26 
22 
26 
17 
25 
30 
26 
28 
26 
29 
17 
26 
24 
24 
19 
22 
15 
18 
22 
21 
14 
22 
19 
14 
15 
21 
8 
17 
19 
19 
17 
24 
15 
10 
19 
7 
8 
23 
18 
20 
9 
17 
11 
15 
12 
7 
14 
9 
11 
10 
12 
4 
13 
9 
12 
12 
6 
4 
12 
14 
4 
9 
8 
6 
5 
5 
9 
6 
10 
7 
10 
5 
7 
9 
2 
4 
5 
4 
3 
2 
1 
5 
7 
3 
5 
2 
2 
5 
3 
1 
4 
3 
2 
4 
6 
5 
4 
2 
2 
5 
2 
4 
1 
3 
1 
3 
0 
2 
4 
4 
4 
4 
2 
1 
2 
0 
0 
1 
2 
0 
0 
0 
1 
1 
0 
1 
0 
1 
1 
1 
0 
0 
0 
1 
1 
0 
1 
2 
0 
1 
0 
1 
1 
0 
0 
1 
1 
0 
0 
2 
0 
0 
1 
1 
0 
1 
0 
1 
0 
0 
0 
0 
0 
0 
0 
3 
0 
0 
0 
0 
0 
0 
0 
1 
0 
0 
0 
0 
0 
0 
1 
0 
0 
0 
0 
0 
0 
0 
0 
0 
0 
0 
0 
0 
0 
0 
0 
0 
0 
0 
0 
0 
0 
0 
0 
0 
0 
1 
0 
0 
0 
0 
0 
0 
0 
0 
0 
0 
0 
0 
0 
1 
0 
0 
0 
0 
0 
0 
0 
0 
0 
0 
0 
0 
0 
0 
0 
0 
0 
0 
0 
0 
0 
0 
0 
0 
0 
0 
0 
0 
0 
0 
0 
0 
0 
0 
0 
0 
0 
0 
0 
0 
0 
0 
0 
0 
0 
0 
0 
0 
0 
0 
0 
0 
0 
0 
0 
0 
0 
0 
0 
0 
0 
0 
0 
0 
0 
0 
0 
0 
0 
0 
0 
0 
0 
0 
0 
0 
0 
0 
0 
0 
0 
0 
0 
0 
0 
0 
0 
0 
0 
0 
0 
0 
0 
0 
0 
0 
0 
0 
0 
0 
0 
0 
0 
0 
0 
0 
0 
0 
0 
0 
0 
0 
0 
0 
0 
0 
0 
0 
0 
0 
0 
0 
0 
0 
0 
0 
0 
0 
0 
0 
0 
0 
0 
0 
0 
0 
0 
0 
0 
0 
0 
0 
0 
0 
0 
0 
0 
0 
0 
0 
0 
0 
0 
0 
0 
0 
0 
0 
0 
0 
0 
0 
0 
0 
0 
0 
0 
0 
0 
0 
0 
0 
0 
0 
0 
0 
0 
0 
0 
0 
0 
0 
0 
0 
0 
0 
0 
0 
0 
0 
0 
0 
0 
0 
0 
0 
0 
0 
0 
0 
0 
0 
0 
0 
0 
0 
0 
0 
0 
0 
0 
0 
0 
0 
0 
0 
0 
0 
0 
0 
0 
0 
0 
0 
0 
0 
0 
0 
0 
0 
0 
0 
0 
0 
0 
0 
0 
0 
0 
0 
0 
0 
0 
0 
0 
0 
0 
0 
0 
0 
0 
0 
0 
0 
0 
0 
0 
0 
0 
0 
0 
0 
0 
0 
0 
0 
0 
0 
0 
0 
0 
0 
0 
0 
0 
0 
0 
0 
0 
0 
0 
0 
0 
0 
0 
0 
0 
0 
0 
0 
0 
0 
0 
0 
0 
0 
0 
0 
0 
0 
0 
0 
0 
0 
0 
0 
0 
0 
0 
0 
0 
0 
0 
0 
0 
0 
0 
0 
0 
0 
0 
0 
0 
0 
0 
0 
0 
0 
0 
0 
0 
0 
0 
0 
0 
0 
0 
0 
0 
0 
0 
0 
0 
0 
0 
0 
0 
0 
0 
0 
0 
0 
0 
0 
0 
0 
0 
0 
0 
0 
0 
0 
0 
0 
0 
0 
0 
0 
0 
0 
0 
0 
0 
0 
0 
0 
0 
0 
0 
0 
0 
0 
0 
0 
0 
0 
0 
0 
0 
0 
0 
0 
0 
0 
0 
0 
0 
0 
0 
0 
0 
0 
0 
0 
0 
0 
0 
0 
0 
0 
0 
0 
0 
0 
0 
0 
0 
0 
0 
0 
0 
0 
0 
0 
0 
0 
0 
0 
0 
0 
0 
0 
0 
0 
0 
0 
0 
0 
0 
0 
0 
0 
0 
0 
0 
0 
0 
0 
0 
0 
0 
0 
0 
0 
0 
0 
0 
0 
0 
0 
0 
0 
0 
0 
0 
0 
0 
0 
0 
0 
0 
0 
0 
0 
0 
0 
0 
0 
0 
0 
0 
0 
0 
0 
0 
0 
0 
0 
0 
0 
0 
0 
0 
0 
0 
0 
0 
0 
0 
0 
0 
0 
0 
0 
0 
0 
0 
0 
0 
0 
0 
0 
0 
0 
0 
0 
0 
0 
0 
0 
0 
0 
0 
0 
0 
0 
0 
0 
0 
0 
0 
0 
0 
0 
0 
0 
0 
0 
0 
0 
0 
0 
0 
0 
0 
0 
0 
0 
0 
0 
0 
0 
0 
0 
0 
0 
0 
0 
0 
0 
0 
0 
0 
0 
0 
0 
0 
0 
0 
0 
0 
0 
0 
0 
0 
0 
0 
0 
0 
0 
0 
0 
0 
0 
0 
0 
0 
0 
0 
0 
0 
0 
0 
0 
0 
0 
0 
0 
0 
0 
0 
0 
0 
0 
0 
0 
0 
0 
0 
0 
0 
0 
0 
0 
0 
0 
0 
0 
0 
0 
0 
0 
0 
0 
0 
0 
0 
0 
0 
0 
0 
0 
0 
0 
0 
0 
0 
0 
0 
!IDEND=

