!FILE=Disk 
!KIND=Matrix 
!LABORATORY=Oslo Cyclotron Laboratory (OCL) 
!EXPERIMENT=SuN simulations 
!COMMENT=background
!TIME=2021-11-11 11:50:34
!CALIBRATION EkeV=6, 5.000000E+00, 1.000000E+01, 0.000000E+00
!PRECISION=16
!DIMENSION=1,0:1399
!CHANNEL=(0:1399)
6 
0 
0 
0 
0 
0 
0 
0 
0 
1 
0 
0 
0 
0 
0 
0 
0 
0 
0 
1 
1 
0 
0 
0 
0 
1 
0 
0 
2 
0 
0 
0 
1 
1 
1 
1 
1 
0 
1 
0 
2 
4 
1 
0 
2 
2 
2 
1 
0 
1 
2 
2 
3 
5 
3 
2 
3 
1 
2 
4 
5 
4 
6 
5 
3 
6 
6 
5 
7 
6 
8 
2 
5 
7 
5 
6 
7 
6 
8 
1 
10 
7 
3 
14 
10 
16 
11 
11 
15 
12 
12 
14 
17 
12 
18 
19 
16 
23 
22 
20 
35 
43 
32 
29 
33 
33 
37 
28 
26 
43 
41 
36 
34 
41 
29 
49 
56 
40 
36 
37 
34 
50 
45 
50 
68 
57 
55 
57 
52 
50 
62 
58 
62 
62 
64 
63 
69 
64 
57 
67 
74 
64 
65 
63 
64 
80 
75 
74 
78 
74 
82 
89 
86 
84 
91 
78 
84 
102 
82 
85 
94 
83 
95 
95 
88 
100 
105 
107 
100 
118 
112 
106 
108 
116 
123 
125 
115 
134 
127 
121 
105 
138 
123 
134 
158 
149 
151 
159 
178 
137 
151 
160 
158 
181 
198 
176 
180 
188 
198 
181 
160 
194 
170 
200 
193 
175 
187 
190 
178 
183 
199 
191 
196 
195 
186 
207 
193 
199 
205 
218 
205 
213 
233 
235 
226 
254 
242 
226 
266 
243 
262 
262 
269 
261 
277 
308 
287 
336 
277 
289 
310 
349 
323 
371 
395 
408 
402 
414 
416 
413 
475 
474 
467 
429 
461 
452 
520 
515 
520 
493 
505 
504 
603 
591 
603 
639 
658 
645 
674 
720 
718 
702 
714 
717 
710 
748 
772 
721.999 
755.997 
770.991 
806.975 
797.932 
779.824 
858.563 
892.967 
871.677 
974.023 
970.842 
1006.25 
1088.41 
1121.44 
1259.48 
1217.23 
1179.93 
1171.81 
1114.77 
1068.82 
955.628 
732.845 
536.814 
488.15 
384.916 
241.491 
265.096 
231.442 
226.291 
219.131 
277.892 
207.732 
264.386 
296.053 
251.23 
252.073 
257.816 
215.578 
214.669 
231.341 
229.831 
225.564 
196.38 
208.745 
209.9 
199.963 
196.987 
184.996 
174.999 
181 
184 
142 
161 
154 
162 
163 
154 
134 
151 
152 
154 
161 
143 
135 
137 
153 
130 
147 
147 
130 
132 
123 
136 
132 
123 
143 
137 
123 
137 
121 
123 
102 
129 
117 
116 
136 
108 
133 
139 
111 
108 
113 
117 
135 
114 
119 
127 
115 
126 
109 
109 
110 
96 
108 
121 
115 
86 
96 
101 
97 
97 
102 
102 
76 
94 
94 
97 
83 
107 
93 
103 
100 
93 
89 
87 
117 
97 
107 
92 
88 
106 
88 
86 
81 
78 
92 
110 
83 
94 
88 
83 
83 
89 
80 
71 
86 
79 
87 
71 
77 
84 
78 
75 
73 
89 
71 
73 
73 
70 
88 
69 
64 
66 
67 
66 
73 
68 
68 
59 
69 
65 
81 
75 
71 
51 
67 
70 
62 
61 
51 
64 
73 
56 
66 
57 
74 
68 
52 
55 
65 
49 
50 
54 
56 
54 
50 
57 
61 
62 
56 
69 
49 
57 
57 
56 
54 
57 
53 
54 
56 
51 
46 
54 
51 
45 
44 
34 
45 
41 
45 
39 
33 
34 
47 
41 
45 
39 
43 
42 
40 
37 
39 
44 
43 
44 
32 
30 
26 
39 
32 
40 
34 
38 
25 
33 
41 
32 
29 
26 
25 
21 
28 
33 
26 
30 
27 
31 
21 
25 
31 
24 
27 
33 
26 
32 
20 
24 
21 
31 
29 
16 
28 
23 
15 
20 
18 
22 
30 
19 
28 
18 
17 
14 
19 
17 
20 
14 
16 
11 
11 
13 
21 
20 
17 
22 
10 
15 
19 
12 
11 
9 
19 
11 
13 
16 
11 
11 
18 
15 
9 
7 
7 
12 
8 
8 
12 
14 
12 
11 
5 
7 
7 
9 
2 
7 
11 
3 
8 
3 
7 
3 
9 
4 
3 
5 
5 
7 
2 
2 
3 
3 
6 
2 
2 
4 
5 
3 
5 
6 
2 
2 
1 
3 
2 
4 
3 
4 
2 
1 
2 
1 
2 
3 
1 
1 
3 
4 
0 
1 
1 
0 
4 
3 
2 
0 
1 
1 
1 
2 
0 
2 
2 
0 
1 
1 
0 
0 
0 
2 
1 
0 
4 
0 
0 
1 
1 
0 
1 
0 
1 
0 
0 
1 
1 
1 
0 
1 
0 
0 
1 
0 
0 
1 
0 
0 
0 
0 
0 
0 
1 
1 
0 
0 
1 
0 
1 
0 
1 
0 
0 
0 
0 
0 
0 
1 
0 
0 
0 
0 
0 
0 
0 
0 
0 
0 
0 
1 
0 
0 
0 
0 
0 
0 
0 
0 
0 
0 
0 
0 
0 
0 
0 
0 
0 
0 
0 
0 
0 
0 
0 
0 
0 
0 
0 
0 
0 
0 
0 
0 
0 
0 
0 
0 
0 
0 
0 
0 
0 
0 
0 
0 
0 
0 
0 
0 
0 
0 
0 
0 
0 
0 
0 
0 
0 
0 
0 
0 
0 
0 
0 
0 
0 
0 
0 
0 
0 
0 
0 
0 
0 
0 
0 
0 
0 
0 
0 
0 
0 
0 
0 
0 
0 
0 
0 
0 
0 
0 
0 
0 
0 
0 
0 
0 
0 
0 
0 
0 
0 
0 
0 
0 
0 
0 
0 
0 
0 
0 
0 
0 
0 
0 
0 
0 
0 
0 
0 
0 
0 
0 
0 
0 
0 
0 
0 
0 
0 
0 
0 
0 
0 
0 
0 
0 
0 
0 
0 
0 
0 
0 
0 
0 
0 
0 
0 
0 
0 
0 
0 
0 
0 
0 
0 
0 
0 
0 
0 
0 
0 
0 
0 
0 
0 
0 
0 
0 
0 
0 
0 
0 
0 
0 
0 
0 
0 
0 
0 
0 
0 
0 
0 
0 
0 
0 
0 
0 
0 
0 
0 
0 
0 
0 
0 
0 
0 
0 
0 
0 
0 
0 
0 
0 
0 
0 
0 
0 
0 
0 
0 
0 
0 
0 
0 
0 
0 
0 
0 
0 
0 
0 
0 
0 
0 
0 
0 
0 
0 
0 
0 
0 
0 
0 
0 
0 
0 
0 
0 
0 
0 
0 
0 
0 
0 
0 
0 
0 
0 
0 
0 
0 
0 
0 
0 
0 
0 
0 
0 
0 
0 
0 
0 
0 
0 
0 
0 
0 
0 
0 
0 
0 
0 
0 
0 
0 
0 
0 
0 
0 
0 
0 
0 
0 
0 
0 
0 
0 
0 
0 
0 
0 
0 
0 
0 
0 
0 
0 
0 
0 
0 
0 
0 
0 
0 
0 
0 
0 
0 
0 
0 
0 
0 
0 
0 
0 
0 
0 
0 
0 
0 
0 
0 
0 
0 
0 
0 
0 
0 
0 
0 
0 
0 
0 
0 
0 
0 
0 
0 
0 
0 
0 
0 
0 
0 
0 
0 
0 
0 
0 
0 
0 
0 
0 
0 
0 
0 
0 
0 
0 
0 
0 
0 
0 
0 
0 
0 
0 
0 
0 
0 
0 
0 
0 
0 
0 
0 
0 
0 
0 
0 
0 
0 
0 
0 
0 
0 
0 
0 
0 
0 
0 
0 
0 
0 
0 
0 
0 
0 
0 
0 
0 
0 
0 
0 
0 
0 
0 
0 
0 
0 
0 
0 
0 
0 
0 
0 
0 
0 
0 
0 
0 
0 
0 
0 
0 
0 
0 
0 
0 
0 
0 
0 
0 
0 
0 
0 
0 
0 
0 
0 
0 
0 
0 
0 
0 
0 
0 
0 
0 
0 
0 
0 
0 
0 
0 
0 
0 
0 
0 
0 
0 
0 
0 
0 
0 
0 
0 
0 
0 
0 
0 
0 
0 
0 
0 
0 
0 
0 
0 
0 
0 
0 
0 
0 
0 
0 
0 
0 
0 
0 
0 
0 
0 
0 
0 
0 
0 
0 
0 
0 
0 
0 
0 
0 
0 
0 
0 
0 
0 
0 
0 
0 
0 
0 
0 
0 
0 
0 
0 
0 
0 
0 
0 
0 
0 
0 
0 
0 
0 
0 
0 
0 
0 
0 
0 
0 
0 
0 
0 
0 
0 
0 
0 
0 
0 
0 
0 
0 
0 
0 
0 
0 
0 
0 
0 
0 
0 
0 
0 
0 
0 
0 
0 
0 
0 
0 
0 
0 
0 
0 
0 
0 
0 
0 
0 
0 
0 
0 
0 
0 
0 
0 
0 
0 
0 
0 
0 
0 
0 
0 
0 
0 
0 
0 
0 
0 
0 
0 
0 
0 
0 
0 
0 
0 
0 
0 
0 
0 
0 
0 
0 
0 
0 
0 
0 
0 
0 
0 
0 
0 
0 
0 
0 
0 
0 
0 
0 
0 
0 
0 
0 
0 
0 
0 
0 
0 
0 
0 
0 
0 
0 
0 
0 
0 
0 
0 
0 
0 
0 
0 
0 
0 
0 
0 
0 
0 
0 
0 
0 
0 
0 
0 
0 
0 
0 
0 
0 
0 
0 
0 
0 
0 
0 
0 
0 
!IDEND=

