!FILE=Disk 
!KIND=Matrix 
!LABORATORY=Oslo Cyclotron Laboratory (OCL) 
!EXPERIMENT=SuN simulations 
!COMMENT=background
!TIME=2021-11-11 11:50:28
!CALIBRATION EkeV=6, 5.000000E+00, 1.000000E+01, 0.000000E+00
!PRECISION=16
!DIMENSION=1,0:1399
!CHANNEL=(0:1399)
74 
0 
0 
0 
0 
0 
1 
1 
2 
1 
1 
1 
1 
3 
2 
1 
2 
6 
6 
5 
3 
6 
1 
2 
4 
6 
3 
4 
4 
5 
3 
4 
5 
1 
5 
10 
4 
6 
7 
10 
5 
13 
9 
11 
11 
10 
14 
19 
32 
44 
61 
48 
37 
35 
24 
16 
17 
19 
19 
19 
31 
24 
26 
46 
41 
36 
68 
70 
97 
92 
81 
77 
72 
68 
69 
94 
73 
65 
86 
74 
79 
68 
67 
76 
69 
62 
82 
79 
73 
81 
91 
92 
85 
89 
107 
125 
148 
228 
330 
507 
617 
761 
772 
648 
527 
364 
191 
135 
77 
78 
65 
42 
54 
56 
73 
53 
46 
47 
46 
68 
70 
59 
49 
64 
52 
45 
56 
67 
59 
56 
45 
59 
47 
44 
50 
51 
57 
46 
42 
53 
57 
47 
53 
65 
56 
44 
56 
55 
47 
62 
72 
68 
60 
54 
49 
48 
46 
48 
46 
44 
79 
64 
38 
39 
53 
59 
48 
54 
57 
60 
47 
57 
53 
69 
62 
54 
61 
65 
54 
54 
62 
52 
62 
63 
60 
48 
47 
39 
47 
52 
74 
51 
67 
56 
55 
59 
51 
60 
44 
41 
63 
50 
70 
72 
57 
80 
65 
57 
47 
56 
57 
56 
35 
68 
44 
64 
55 
43 
48 
58 
64 
51 
49 
51 
54 
48 
46 
52 
49 
54 
63 
60 
64 
43 
57 
61 
63 
38 
50 
45 
48 
56 
44 
46 
49 
45 
43 
56 
67 
54 
45 
52 
51 
48 
45 
52 
53 
45 
53 
55 
49 
46 
39 
47 
49 
61 
50 
56 
59 
59 
56 
53 
47 
60 
57 
44 
62 
59 
42 
51 
63 
58 
62 
56 
49 
46 
56 
56 
56 
53 
61 
58 
46 
60 
49 
62 
69 
67 
51 
60 
54 
45 
57 
41 
74 
65 
59 
56 
58 
50 
60 
62 
60 
75 
64 
61 
65 
64 
70 
56 
62 
65 
73 
59 
70 
73 
57 
54 
62 
64 
60 
71 
64 
66 
77 
81 
61 
63 
72 
80 
68 
63 
82 
89 
69 
75 
80 
81 
68 
73 
65 
66 
75 
71 
77 
88 
73 
68 
79 
76 
74 
90 
81 
66 
70 
72 
88 
72 
81 
90 
91 
78 
88 
91 
80 
91 
84 
93 
66 
77 
61 
79 
94 
68 
98 
98 
87 
90 
89 
96 
97 
82 
104 
94 
118 
104 
110 
117 
122 
116 
126 
122 
137 
111 
133 
114 
131 
140 
134 
122 
129 
119 
131 
127 
125 
117 
118 
137 
123 
125 
125 
116 
154 
142 
150 
136 
160 
148 
127 
139 
159 
167 
147 
172 
163 
157 
182 
188 
202 
176 
199 
228 
227 
254 
257 
270 
259 
285 
301 
291 
319 
309 
325 
338 
371 
327 
376 
347 
398 
395 
395 
431 
422 
457 
474 
496.999 
469.998 
517.995 
520.99 
579.98 
572.959 
558.92 
588.847 
583.712 
604.471 
573.049 
618.327 
610.121 
555.153 
596.017 
580.138 
594.728 
599.742 
547.852 
647.43 
621.577 
621.191 
604.104 
601.27 
651.028 
650.395 
593.391 
573.317 
563.974 
479.746 
451.505 
424.343 
344.092 
237.708 
331.557 
251.702 
284.285 
223.087 
192.339 
253.804 
330.121 
282.363 
267.723 
270.237 
364.452 
314.962 
273.768 
310.437 
321.086 
290.216 
219.445 
242.2 
236.408 
219.215 
148.768 
176.059 
131.83 
137.53 
120.313 
94.0667 
99.4447 
100.916 
76.8049 
71.3296 
90.6321 
77.8025 
76.8963 
75.9467 
69.9732 
69.9868 
60.9937 
64.997 
60.9986 
64.9994 
56.9997 
68.9999 
60 
51 
49 
49 
44 
55 
61 
41 
52 
56 
31 
51 
49 
58 
38 
36 
46 
21 
32 
42 
33 
39 
34 
40 
38 
36 
28 
37 
31 
37 
34 
32 
25 
32 
24 
25 
32 
32 
39 
29 
34 
28 
24 
23 
20 
27 
31 
30 
34 
23 
23 
15 
23 
30 
18 
24 
22 
13 
23 
22 
18 
17 
15 
16 
14 
18 
24 
22 
16 
16 
17 
14 
11 
18 
11 
9 
12 
11 
12 
13 
11 
19 
13 
10 
10 
4 
14 
12 
6 
15 
12 
12 
13 
11 
6 
9 
10 
12 
10 
6 
13 
6 
12 
7 
9 
11 
8 
2 
5 
7 
3 
8 
6 
4 
4 
5 
4 
7 
7 
3 
6 
3 
4 
4 
5 
3 
3 
3 
7 
5 
5 
4 
4 
4 
6 
6 
6 
5 
1 
7 
5 
3 
4 
2 
1 
0 
1 
2 
1 
5 
5 
4 
1 
1 
1 
1 
0 
1 
4 
0 
0 
0 
1 
0 
4 
2 
0 
5 
1 
0 
2 
1 
0 
1 
3 
1 
1 
4 
0 
0 
2 
0 
1 
1 
0 
1 
1 
0 
1 
1 
0 
0 
0 
0 
0 
1 
0 
0 
3 
0 
0 
0 
0 
0 
0 
2 
1 
1 
0 
0 
1 
0 
0 
0 
0 
0 
0 
0 
0 
0 
0 
0 
0 
0 
0 
0 
0 
0 
0 
0 
0 
0 
0 
0 
0 
0 
0 
0 
0 
0 
0 
0 
0 
0 
0 
0 
0 
0 
0 
0 
0 
0 
0 
0 
0 
0 
0 
0 
0 
0 
0 
0 
0 
0 
0 
0 
0 
0 
0 
0 
0 
0 
0 
0 
0 
0 
0 
0 
0 
0 
0 
0 
0 
0 
0 
0 
0 
0 
0 
0 
0 
0 
0 
0 
0 
0 
0 
0 
0 
0 
0 
0 
0 
0 
0 
0 
0 
0 
0 
0 
0 
0 
0 
0 
0 
0 
0 
0 
0 
0 
0 
0 
0 
0 
0 
0 
0 
0 
0 
0 
0 
0 
0 
0 
0 
0 
0 
0 
0 
0 
0 
0 
0 
0 
0 
0 
0 
0 
0 
0 
0 
0 
0 
0 
0 
0 
0 
0 
0 
0 
0 
0 
0 
0 
0 
0 
0 
0 
0 
0 
0 
0 
0 
0 
0 
0 
0 
0 
0 
0 
0 
0 
0 
0 
0 
0 
0 
0 
0 
0 
0 
0 
0 
0 
0 
0 
0 
0 
0 
0 
0 
0 
0 
0 
0 
0 
0 
0 
0 
0 
0 
0 
0 
0 
0 
0 
0 
0 
0 
0 
0 
0 
0 
0 
0 
0 
0 
0 
0 
0 
0 
0 
0 
0 
0 
0 
0 
0 
0 
0 
0 
0 
0 
0 
0 
0 
0 
0 
0 
0 
0 
0 
0 
0 
0 
0 
0 
0 
0 
0 
0 
0 
0 
0 
0 
0 
0 
0 
0 
0 
0 
0 
0 
0 
0 
0 
0 
0 
0 
0 
0 
0 
0 
0 
0 
0 
0 
0 
0 
0 
0 
0 
0 
0 
0 
0 
0 
0 
0 
0 
0 
0 
0 
0 
0 
0 
0 
0 
0 
0 
0 
0 
0 
0 
0 
0 
0 
0 
0 
0 
0 
0 
0 
0 
0 
0 
0 
0 
0 
0 
0 
0 
0 
0 
0 
0 
0 
0 
0 
0 
0 
0 
0 
0 
0 
0 
0 
0 
0 
0 
0 
0 
0 
0 
0 
0 
0 
0 
0 
0 
0 
0 
0 
0 
0 
0 
0 
0 
0 
0 
0 
0 
0 
0 
0 
0 
0 
0 
0 
0 
0 
0 
0 
0 
0 
0 
0 
0 
0 
0 
0 
0 
0 
0 
0 
0 
0 
0 
0 
0 
0 
0 
0 
0 
0 
0 
0 
0 
0 
0 
0 
0 
0 
0 
0 
0 
0 
0 
0 
0 
0 
0 
0 
0 
0 
0 
0 
0 
0 
0 
0 
0 
0 
0 
0 
0 
0 
0 
0 
0 
0 
0 
0 
0 
0 
0 
0 
0 
0 
0 
0 
0 
0 
0 
0 
0 
0 
0 
0 
0 
0 
0 
0 
0 
0 
0 
0 
0 
0 
0 
0 
0 
0 
0 
0 
0 
0 
0 
0 
0 
0 
0 
0 
0 
0 
0 
0 
0 
0 
0 
0 
0 
0 
0 
0 
0 
0 
0 
0 
0 
0 
0 
0 
0 
0 
0 
0 
0 
0 
0 
0 
0 
0 
0 
0 
0 
0 
0 
0 
0 
0 
0 
0 
0 
0 
0 
0 
0 
0 
0 
0 
0 
0 
0 
0 
0 
0 
0 
0 
0 
0 
0 
0 
0 
0 
0 
0 
0 
0 
0 
0 
0 
0 
0 
0 
0 
0 
0 
0 
0 
0 
0 
0 
0 
0 
0 
0 
0 
0 
0 
0 
0 
0 
0 
0 
0 
0 
0 
0 
0 
0 
0 
0 
0 
0 
0 
0 
0 
0 
0 
0 
0 
0 
0 
0 
0 
0 
0 
0 
0 
0 
0 
0 
0 
0 
0 
0 
0 
0 
0 
0 
0 
0 
0 
0 
0 
0 
0 
0 
0 
0 
0 
0 
0 
0 
0 
0 
0 
0 
0 
0 
0 
0 
0 
0 
0 
0 
0 
0 
0 
0 
0 
0 
0 
0 
0 
0 
0 
0 
0 
0 
0 
0 
0 
0 
0 
0 
0 
0 
!IDEND=

