!FILE=Disk 
!KIND=Matrix 
!LABORATORY=Oslo Cyclotron Laboratory (OCL) 
!EXPERIMENT=SuN simulations 
!COMMENT=background
!TIME=2021-11-11 11:50:54
!CALIBRATION EkeV=6, 5.000000E+00, 1.000000E+01, 0.000000E+00
!PRECISION=16
!DIMENSION=1,0:1399
!CHANNEL=(0:1399)
3 
0 
0 
0 
0 
0 
3 
3 
2 
0 
2 
0 
0 
0 
0 
1 
0 
2 
0 
0 
0 
0 
4 
0 
0 
0 
1 
4 
1 
0 
1 
1 
1 
2 
1 
1 
3 
2 
2 
2 
1 
2 
1 
1 
2 
1 
0 
3 
3 
3 
3 
2 
1 
6 
3 
5 
1 
4 
6 
3 
5 
4 
6 
3 
6 
4 
4 
12 
5 
9 
7 
2 
9 
10 
7 
7 
12 
12 
10 
8 
18 
13 
12 
7 
21 
18 
16 
12 
16 
15 
15 
17 
18 
21 
24 
22 
24 
31 
26 
40 
45 
46 
48 
33 
54 
35 
44 
33 
45 
45 
55 
49 
38 
40 
32 
40 
47 
44 
48 
51 
48 
39 
60 
62 
62 
59 
54 
62 
63 
52 
57 
47 
63 
52 
49 
52 
52 
47 
57 
61 
57 
66 
54 
70 
66 
52 
60 
61 
59 
71 
69 
76 
59 
57 
62 
72 
70 
63 
69 
56 
57 
73 
69 
63 
76 
83 
75 
81 
64 
75 
64 
72 
68 
92 
80 
68 
70 
71 
63 
82 
74 
66 
62 
72 
83 
76 
88 
93 
67 
84 
75 
82 
76 
74 
67 
81 
88 
106 
84 
81 
77 
85 
86 
93 
89 
83 
93 
83 
102 
101 
98 
114 
92 
93 
92 
98 
87 
89 
83 
108 
103 
80 
103 
107 
107 
91 
101 
98 
94 
93 
103 
118 
100 
112 
121 
88 
97 
107 
102 
107 
123 
132 
100 
125 
121 
140 
116 
114 
112 
110 
127 
109 
115 
120 
128 
111 
120 
123 
128 
120 
123 
139 
120 
126 
124 
124 
119 
134 
130 
123 
140 
121 
151 
127 
117 
110 
130 
139 
139 
122 
149 
140 
158 
122 
140 
146 
136 
157 
142 
164 
151 
150 
154 
158 
171 
168 
187 
170 
206 
197 
170 
203 
182 
153 
169 
181 
199 
183 
175 
171 
181 
192 
170 
210 
178 
169 
190 
181 
176 
192 
171 
177 
187 
188 
206 
204 
206 
227 
204 
230 
212 
209 
205 
216 
177 
222 
233 
236 
217 
249 
243 
226 
231 
243 
277 
264 
311 
302 
270 
314 
295 
319 
319 
295 
303 
334 
336 
332 
339 
359 
346 
381 
364 
417 
405 
414 
432 
460 
457.999 
450.998 
496.995 
483.989 
465.977 
476.952 
506.903 
509.81 
504.636 
509.32 
493.763 
479.805 
508.202 
513.593 
465.461 
535.097 
491.566 
510.692 
462.07 
503.118 
516.186 
562.727 
499.511 
494.902 
448.122 
446.495 
399.6 
367.291 
393.548 
345.143 
339.148 
348.331 
301.531 
287.093 
384.466 
282.023 
307.142 
295.52 
336.686 
332.616 
268.35 
256.541 
303.858 
212.204 
274.765 
241.903 
255.945 
257.914 
218.261 
226.619 
223.612 
251.725 
232.231 
211.158 
218.304 
182.259 
221.439 
191.134 
174.531 
181.753 
202.873 
178.936 
160.969 
162.985 
177.993 
143.997 
196.999 
194.999 
153 
173 
161 
158 
130 
150 
153 
145 
129 
152 
131 
154 
148 
150 
149 
134 
142 
118 
137 
121 
124 
148 
132 
141 
140 
126 
133 
137 
144 
135 
125 
122 
105 
140 
120 
115 
116 
124 
129 
119 
111 
118 
95 
115 
117 
105 
131 
116 
90 
108 
119 
98 
86 
121 
116 
115 
128 
115 
98 
118 
99 
109 
114 
111 
103 
110 
107 
110 
124 
96 
99 
114 
104 
102 
95 
93 
109 
104 
89 
89 
81 
94 
99 
90 
97 
82 
100 
84 
98 
100 
85 
104 
81 
78 
92 
119 
85 
93 
95 
105 
89 
81 
100 
100 
96 
91 
90 
94 
86 
89 
92 
77 
87 
87 
91 
86 
93 
92 
89 
90 
82 
71 
83 
72 
81 
92 
73 
71 
72 
76 
75 
78 
83 
76 
77 
86 
75 
75 
79 
94 
68 
69 
84 
86 
79 
71 
70 
79 
82 
66 
73 
62 
65 
71 
70 
71 
59 
69 
70 
77 
59 
72 
62 
78 
60 
57 
53 
66 
78 
70 
65 
74 
66 
69 
58 
70 
72 
74 
54 
59 
60 
60 
73 
55 
58 
66 
65 
64 
51 
55 
68 
65 
60 
53 
50 
48 
62 
65 
54 
47 
65 
52 
54 
58 
46 
49 
55 
53 
47 
59 
50 
51 
49 
57 
55 
34 
51 
63 
47 
32 
42 
61 
43 
42 
43 
39 
49 
41 
37 
43 
55 
36 
44 
30 
39 
36 
35 
46 
37 
45 
30 
48 
35 
31 
31 
29 
42 
27 
41 
36 
31 
32 
29 
25 
33 
26 
23 
29 
27 
23 
21 
25 
26 
21 
21 
34 
25 
23 
30 
36 
25 
33 
33 
21 
24 
28 
25 
21 
23 
21 
19 
18 
30 
19 
19 
24 
28 
18 
22 
21 
15 
15 
19 
18 
26 
19 
20 
23 
18 
17 
17 
21 
11 
12 
18 
11 
11 
16 
13 
13 
16 
10 
12 
8 
14 
13 
13 
16 
15 
11 
17 
17 
11 
10 
7 
23 
13 
7 
8 
8 
14 
12 
11 
13 
17 
8 
10 
7 
11 
8 
8 
10 
6 
6 
8 
8 
3 
8 
6 
7 
10 
8 
6 
7 
8 
4 
5 
7 
2 
6 
4 
8 
2 
8 
7 
2 
5 
6 
5 
6 
4 
4 
5 
5 
4 
1 
3 
3 
3 
2 
3 
3 
2 
1 
2 
2 
2 
5 
3 
1 
4 
1 
2 
1 
1 
0 
2 
0 
0 
2 
4 
0 
1 
2 
1 
0 
0 
0 
0 
1 
1 
2 
1 
1 
0 
2 
1 
0 
0 
0 
2 
0 
3 
0 
2 
0 
1 
0 
0 
0 
0 
0 
0 
1 
0 
0 
1 
0 
0 
0 
0 
1 
0 
0 
0 
0 
1 
0 
0 
1 
0 
0 
0 
0 
0 
1 
0 
0 
0 
0 
0 
0 
0 
1 
1 
1 
0 
0 
0 
0 
0 
0 
0 
0 
0 
0 
0 
0 
0 
0 
0 
0 
1 
0 
0 
0 
0 
0 
0 
0 
1 
0 
0 
0 
0 
0 
0 
0 
0 
0 
0 
0 
0 
0 
0 
0 
0 
0 
0 
0 
0 
0 
0 
0 
0 
0 
0 
0 
0 
0 
0 
0 
0 
0 
0 
0 
0 
0 
0 
0 
0 
0 
0 
0 
0 
0 
0 
0 
0 
0 
0 
0 
0 
0 
0 
0 
0 
0 
0 
0 
0 
0 
0 
0 
0 
0 
0 
0 
0 
0 
0 
0 
0 
0 
0 
0 
0 
0 
0 
0 
0 
0 
0 
0 
0 
0 
0 
0 
0 
0 
0 
0 
0 
0 
0 
0 
0 
0 
0 
0 
0 
0 
0 
0 
0 
0 
0 
0 
0 
0 
0 
0 
0 
0 
0 
0 
0 
0 
0 
0 
0 
0 
0 
0 
0 
0 
0 
0 
0 
0 
0 
0 
0 
0 
0 
0 
0 
0 
0 
0 
0 
0 
0 
0 
0 
0 
0 
0 
0 
0 
0 
0 
0 
0 
0 
0 
0 
0 
0 
0 
0 
0 
0 
0 
0 
0 
0 
0 
0 
0 
0 
0 
0 
0 
0 
0 
0 
0 
0 
0 
0 
0 
0 
0 
0 
0 
0 
0 
0 
0 
0 
0 
0 
0 
0 
0 
0 
0 
0 
0 
0 
0 
0 
0 
0 
0 
0 
0 
0 
0 
0 
0 
0 
0 
0 
0 
0 
0 
0 
0 
0 
0 
0 
0 
0 
0 
0 
0 
0 
0 
0 
0 
0 
0 
0 
0 
0 
0 
0 
0 
0 
0 
0 
0 
0 
0 
0 
0 
0 
0 
0 
0 
0 
0 
0 
0 
0 
0 
0 
0 
0 
0 
0 
0 
0 
0 
0 
0 
0 
0 
0 
0 
0 
0 
0 
0 
0 
0 
0 
0 
0 
0 
0 
0 
0 
0 
0 
0 
0 
0 
0 
0 
0 
0 
0 
0 
0 
0 
0 
0 
0 
0 
0 
0 
0 
0 
0 
0 
0 
0 
0 
0 
0 
0 
0 
0 
0 
0 
0 
0 
0 
0 
0 
0 
0 
0 
0 
0 
0 
0 
0 
0 
0 
0 
0 
0 
0 
0 
0 
0 
0 
0 
0 
0 
0 
0 
0 
0 
0 
0 
0 
0 
0 
0 
0 
0 
0 
0 
0 
0 
0 
0 
0 
0 
0 
0 
0 
0 
0 
0 
0 
0 
0 
0 
0 
0 
0 
0 
0 
0 
0 
0 
0 
0 
0 
0 
0 
0 
0 
0 
0 
0 
0 
0 
0 
0 
0 
0 
0 
0 
0 
0 
0 
0 
0 
0 
0 
0 
0 
0 
0 
0 
0 
0 
0 
0 
0 
0 
0 
0 
0 
0 
0 
0 
0 
0 
0 
0 
0 
0 
0 
0 
0 
0 
0 
0 
0 
0 
0 
0 
0 
0 
0 
0 
0 
0 
0 
0 
0 
0 
0 
0 
0 
0 
0 
0 
0 
0 
0 
0 
0 
0 
0 
0 
0 
0 
0 
0 
0 
0 
0 
0 
0 
0 
!IDEND=

