!FILE=Disk 
!KIND=Matrix 
!LABORATORY=Oslo Cyclotron Laboratory (OCL) 
!EXPERIMENT=SuN simulations 
!COMMENT=background
!TIME=2021-11-11 11:51:06
!CALIBRATION EkeV=6, 5.000000E+00, 1.000000E+01, 0.000000E+00
!PRECISION=16
!DIMENSION=1,0:1399
!CHANNEL=(0:1399)
27 
0 
0 
0 
1 
0 
1 
0 
0 
2 
0 
0 
1 
2 
2 
1 
0 
3 
2 
1 
6 
2 
3 
1 
2 
6 
5 
4 
4 
3 
2 
4 
2 
2 
2 
5 
3 
3 
2 
2 
7 
3 
5 
6 
8 
2 
7 
4 
7 
13 
17 
12 
12 
10 
6 
11 
12 
7 
6 
5 
13 
4 
17 
20 
18 
13 
19 
17 
22 
18 
28 
30 
19 
18 
29 
23 
30 
22 
19 
24 
24 
29 
32 
29 
35 
34 
34 
34 
35 
30 
32 
37 
35 
33 
51 
67 
78 
124 
114 
188 
195 
201 
167 
137 
119 
119 
86 
82 
71 
64 
86 
86 
78 
90 
101 
92 
91 
95 
90 
117 
104 
124 
142 
147 
138 
143 
126 
147 
121 
130 
126 
129 
113 
138 
121 
144 
117 
137 
155 
137 
146 
163 
139 
148 
169 
186 
190 
215 
239 
237 
271 
260 
227 
254 
201 
187 
183 
204 
212 
217 
224 
245 
275 
259 
246 
319 
323 
333 
361 
405 
415 
404 
406 
376 
414 
380 
340 
382.998 
359.995 
388.987 
385.963 
359.902 
347.753 
343.407 
389.642 
370.029 
378.798 
405.649 
368.527 
355.435 
376.346 
328.385 
276.388 
235.927 
249.735 
209.281 
208.044 
214.951 
250.55 
270.778 
340.673 
323.772 
316.196 
443.281 
338.176 
302.229 
266.429 
251.932 
199.785 
191.316 
226.172 
222.309 
267.477 
265.696 
264.05 
249.942 
262.785 
265.989 
238.132 
264.17 
246.648 
208.857 
240.945 
215.98 
208.993 
214.998 
218.999 
214 
206 
207 
200 
197 
211 
183 
186 
177 
172 
177 
189 
182 
178 
192 
169 
165 
182 
157 
164 
180 
179 
165 
158 
166 
153 
166 
169 
142 
162 
153 
151 
192 
152 
167 
166 
160 
164 
140 
139 
147 
142 
171 
144 
157 
157 
164 
157 
149 
142 
156 
164 
157 
137 
123 
160 
143 
130 
138 
146 
137 
145 
165 
154 
153 
127 
157 
145 
114 
124 
126 
137 
132 
128 
124 
153 
124 
139 
146 
139 
128 
134 
135 
141 
125 
136 
143 
139 
145 
146 
134 
132 
134 
141 
145 
145 
127 
113 
116 
114 
138 
133 
136 
122 
131 
137 
128 
132 
94 
140 
124 
138 
131 
120 
136 
139 
117 
156 
120 
125 
137 
129 
132 
116 
125 
131 
127 
117 
141 
112 
124 
121 
129 
119 
113 
138 
112 
148 
126 
123 
112 
116 
121 
114 
113 
119 
128 
134 
130 
132 
110 
115 
117 
93 
139 
104 
109 
118 
111 
107 
122 
114 
119 
108 
109 
125 
102 
117 
123 
102 
119 
110 
107 
121 
98 
140 
127 
110 
103 
100 
113 
111 
128 
120 
113 
111 
121 
120 
126 
95 
130 
103 
130 
130 
102 
117 
115 
104 
117 
115 
116 
122 
133 
114 
137 
96 
129 
103 
115 
109 
109 
116 
115 
124 
111 
98 
119 
116 
103 
88 
117 
95 
114 
108 
94 
107 
101 
118 
111 
98 
106 
106 
104 
108 
120 
111 
90 
103 
98 
104 
110 
109 
100 
103 
108 
97 
117 
108 
98 
123 
107 
106 
98 
97 
116 
100 
106 
96 
117 
97 
105 
107 
92 
96 
111 
109 
100 
99 
107 
83 
93 
79 
95 
93 
76 
94 
110 
92 
100 
109 
115 
93 
82 
101 
105 
92 
94 
90 
96 
106 
82 
86 
87 
84 
72 
113 
104 
85 
99 
94 
93 
92 
87 
91 
75 
83 
102 
76 
112 
87 
91 
86 
112 
90 
77 
90 
92 
103 
96 
83 
86 
78 
69 
94 
77 
61 
71 
83 
80 
87 
107 
85 
86 
105 
91 
92 
76 
81 
79 
96 
92 
76 
78 
68 
81 
81 
75 
83 
73 
63 
84 
74 
71 
79 
74 
86 
59 
76 
73 
98 
73 
93 
75 
87 
81 
73 
78 
72 
62 
84 
71 
67 
75 
66 
76 
46 
73 
67 
69 
86 
73 
68 
61 
66 
78 
66 
57 
80 
66 
67 
51 
69 
61 
69 
53 
52 
71 
73 
60 
61 
58 
62 
74 
47 
71 
71 
63 
61 
55 
61 
68 
65 
55 
58 
67 
78 
50 
58 
62 
57 
61 
70 
52 
52 
58 
57 
59 
68 
48 
46 
45 
52 
64 
63 
50 
56 
53 
38 
51 
48 
49 
57 
54 
55 
42 
49 
55 
41 
55 
53 
54 
43 
47 
45 
57 
55 
55 
49 
41 
51 
57 
38 
44 
50 
42 
38 
37 
43 
46 
41 
33 
46 
48 
38 
46 
40 
45 
35 
38 
44 
38 
30 
36 
32 
33 
44 
52 
42 
42 
40 
42 
47 
46 
33 
41 
37 
28 
40 
29 
43 
35 
33 
31 
35 
31 
28 
43 
41 
33 
26 
30 
30 
33 
32 
24 
33 
39 
19 
26 
40 
28 
30 
23 
23 
28 
26 
23 
31 
28 
24 
22 
23 
24 
18 
28 
32 
17 
18 
23 
18 
30 
30 
24 
20 
14 
20 
19 
18 
20 
19 
24 
22 
20 
13 
19 
17 
16 
27 
25 
22 
29 
19 
6 
17 
15 
21 
20 
13 
13 
11 
15 
18 
11 
10 
20 
19 
13 
16 
25 
13 
18 
12 
16 
11 
7 
9 
15 
14 
14 
13 
14 
7 
10 
9 
8 
16 
13 
9 
9 
8 
9 
9 
7 
9 
10 
6 
5 
9 
9 
12 
9 
11 
5 
5 
6 
7 
6 
5 
8 
4 
7 
4 
6 
4 
4 
3 
6 
9 
3 
6 
6 
9 
8 
1 
7 
8 
3 
5 
2 
5 
8 
5 
2 
5 
4 
4 
5 
6 
5 
1 
3 
1 
3 
1 
3 
2 
3 
2 
1 
2 
4 
2 
6 
4 
1 
3 
1 
2 
1 
2 
1 
0 
1 
2 
0 
2 
1 
3 
2 
3 
1 
2 
1 
0 
1 
2 
2 
4 
2 
1 
1 
2 
1 
1 
0 
2 
1 
0 
1 
0 
0 
1 
0 
1 
0 
1 
0 
1 
0 
1 
1 
0 
2 
0 
1 
1 
1 
0 
0 
1 
0 
0 
0 
0 
0 
0 
2 
0 
0 
0 
1 
0 
0 
0 
0 
0 
0 
0 
0 
0 
0 
0 
0 
0 
1 
0 
0 
0 
0 
0 
0 
0 
0 
0 
0 
0 
0 
0 
0 
0 
0 
0 
0 
0 
1 
1 
1 
0 
0 
0 
0 
0 
0 
0 
0 
0 
0 
0 
0 
0 
0 
0 
0 
0 
0 
0 
0 
0 
0 
0 
0 
0 
0 
0 
0 
0 
0 
0 
0 
0 
0 
0 
0 
0 
0 
0 
0 
0 
0 
0 
0 
0 
0 
0 
0 
0 
0 
0 
0 
0 
0 
0 
0 
0 
0 
0 
0 
0 
0 
0 
0 
0 
0 
0 
0 
0 
0 
0 
0 
0 
0 
0 
0 
0 
0 
0 
0 
0 
0 
0 
0 
0 
0 
0 
0 
0 
0 
0 
0 
0 
0 
0 
0 
0 
0 
0 
0 
0 
0 
0 
0 
0 
0 
0 
0 
0 
0 
0 
0 
0 
0 
0 
0 
0 
0 
0 
0 
0 
0 
0 
0 
0 
0 
0 
0 
0 
0 
0 
0 
0 
0 
0 
0 
0 
0 
0 
0 
0 
0 
0 
0 
0 
0 
0 
0 
0 
0 
0 
0 
0 
0 
0 
0 
0 
0 
0 
0 
0 
0 
0 
0 
0 
0 
0 
0 
0 
0 
0 
0 
0 
0 
0 
0 
0 
0 
0 
0 
0 
0 
0 
0 
0 
0 
0 
0 
0 
0 
0 
0 
0 
0 
0 
0 
0 
0 
0 
0 
0 
0 
0 
0 
0 
0 
0 
0 
0 
0 
0 
0 
0 
0 
0 
0 
0 
0 
0 
0 
0 
0 
0 
0 
0 
0 
0 
0 
0 
0 
0 
0 
0 
0 
0 
0 
0 
0 
0 
0 
0 
0 
0 
0 
0 
0 
0 
0 
0 
0 
0 
0 
0 
0 
0 
0 
0 
0 
0 
0 
0 
0 
0 
0 
0 
0 
0 
0 
0 
0 
0 
0 
0 
0 
0 
0 
0 
0 
0 
0 
0 
0 
0 
0 
0 
0 
0 
0 
0 
0 
0 
0 
0 
0 
0 
0 
0 
0 
0 
0 
0 
0 
0 
0 
0 
0 
0 
0 
0 
0 
0 
0 
0 
0 
0 
0 
0 
0 
0 
0 
0 
0 
0 
0 
0 
0 
0 
0 
0 
0 
0 
0 
0 
0 
0 
0 
0 
0 
0 
0 
0 
0 
0 
0 
0 
0 
0 
0 
0 
0 
0 
0 
0 
0 
0 
0 
0 
0 
0 
0 
0 
0 
0 
0 
0 
0 
0 
0 
0 
0 
0 
0 
0 
0 
0 
0 
0 
0 
0 
0 
0 
0 
0 
0 
0 
0 
0 
0 
0 
0 
0 
0 
0 
0 
0 
0 
0 
0 
0 
0 
0 
0 
0 
0 
0 
0 
!IDEND=

