!FILE=Disk 
!KIND=Matrix 
!LABORATORY=Oslo Cyclotron Laboratory (OCL) 
!EXPERIMENT=SuN simulations 
!COMMENT=background
!TIME=2021-11-11 11:51:16
!CALIBRATION EkeV=6, 5.000000E+00, 1.000000E+01, 0.000000E+00
!PRECISION=16
!DIMENSION=1,0:1399
!CHANNEL=(0:1399)
4 
0 
0 
0 
0 
0 
0 
0 
0 
0 
1 
0 
2 
0 
0 
0 
0 
0 
0 
0 
0 
0 
1 
0 
0 
1 
0 
1 
0 
0 
1 
0 
0 
0 
2 
0 
1 
0 
1 
0 
1 
0 
0 
0 
1 
1 
0 
2 
1 
2 
3 
0 
3 
1 
3 
0 
1 
2 
1 
1 
5 
2 
1 
3 
6 
4 
2 
4 
6 
4 
3 
1 
3 
3 
3 
8 
4 
5 
2 
6 
4 
11 
8 
6 
6 
6 
5 
7 
3 
7 
8 
11 
13 
11 
11 
8 
9 
13 
15 
18 
14 
12 
17 
22 
20 
17 
18 
17 
13 
19 
30 
19 
26 
17 
22 
22 
19 
21 
16 
19 
18 
17 
19 
17 
31 
20 
28 
24 
19 
31 
24 
18 
21 
27 
23 
23 
25 
29 
27 
17 
18 
30 
25 
24 
24 
25 
22 
28 
27 
24 
30 
32 
36 
37 
39 
24 
34 
33 
26 
32 
30 
28 
26 
28 
21 
32 
37 
31 
44 
43 
34 
34 
32 
32 
44 
34 
35 
42 
36 
30 
34 
42 
34 
34 
46 
41 
42 
37 
45 
40 
40 
36 
52 
53 
55 
45 
52 
51 
36 
51 
49 
48 
36 
45 
38 
41 
42 
41 
43 
31 
40 
45 
57 
47 
62 
48 
55 
54 
58 
41 
61 
55 
45 
58 
53 
64 
54 
50 
58 
69 
74 
60 
48 
52 
65 
39 
48 
67 
68 
71 
73 
58 
60 
66 
60 
74 
65 
58 
57 
70 
72 
78 
70 
72 
58 
69 
68 
57 
62 
74 
66 
59 
68 
70 
75 
69 
61 
65 
74 
65 
73 
71 
78 
72 
77 
82 
75 
64 
66 
70 
68 
88 
83 
78 
72 
80 
96 
99 
74 
79 
79 
74 
85 
102 
85 
74 
79 
89 
102 
68 
85 
83 
98 
94 
80 
103 
95 
91 
83 
93 
99 
91 
99 
116 
99 
92 
90 
91 
85 
111 
101 
108 
103 
91 
97 
118 
94 
95 
92 
90 
78 
108 
104 
99 
115 
118 
121 
131 
90 
102 
120 
108 
117 
108 
139 
122 
132 
128 
128 
122 
116 
145 
105 
120 
115 
141 
123 
108 
136 
123 
136 
130 
108 
156 
144 
130 
142 
143 
137 
149 
146 
140 
125 
152 
140 
154 
153 
160 
148 
148 
188 
155 
155 
150 
178 
167 
128 
167 
186 
175 
190 
177 
213 
178 
164 
168 
197 
204 
170 
206 
201 
194 
197 
208 
206 
193 
174 
179 
185 
227 
159 
188 
217 
194 
187 
201 
214 
196 
205 
217 
211 
216 
222 
212 
229 
252 
235 
244 
255 
238 
236 
273 
216 
241 
250 
238 
276 
277 
286 
287 
283 
267 
301 
301 
310 
302 
302 
313 
349 
347 
395 
351 
362 
358 
375 
399 
350 
387 
386 
391 
391 
422 
433 
441 
469 
436 
502 
490 
439.999 
483.998 
483.995 
467.99 
490.979 
502.958 
491.918 
533.842 
525.704 
549.458 
475.031 
563.309 
546.122 
509.22 
612.254 
598.75 
602.098 
604.537 
609.18 
645.041 
580.117 
655.488 
652.459 
633.72 
632.508 
630.737 
583.088 
545.003 
549.585 
466.391 
414.134 
456.317 
343.868 
288.804 
270 
275.077 
241.453 
236.531 
239.992 
220.163 
259.385 
250.342 
250.31 
283.297 
267.089 
248.192 
227.715 
225.221 
256.555 
225.704 
204.67 
205.386 
182.668 
225.185 
210.464 
197.902 
211.786 
183.314 
183.622 
178.797 
173.893 
180.945 
176.973 
147.987 
154.994 
145.997 
144.999 
150.999 
143 
148 
128 
144 
139 
139 
132 
148 
140 
142 
139 
139 
142 
122 
125 
132 
126 
143 
138 
134 
111 
112 
127 
108 
122 
118 
124 
126 
105 
124 
110 
117 
120 
120 
126 
128 
112 
115 
106 
112 
110 
97 
132 
128 
112 
111 
124 
111 
114 
87 
98 
116 
87 
116 
109 
102 
105 
97 
93 
128 
91 
107 
105 
109 
115 
100 
95 
85 
101 
104 
107 
86 
93 
121 
99 
92 
81 
98 
93 
90 
104 
77 
86 
94 
90 
84 
91 
77 
108 
98 
87 
95 
81 
94 
106 
102 
100 
105 
63 
86 
89 
93 
83 
74 
95 
73 
85 
85 
99 
86 
86 
56 
71 
87 
89 
92 
76 
89 
83 
86 
72 
86 
80 
74 
59 
75 
71 
83 
78 
72 
78 
63 
87 
59 
74 
79 
55 
80 
73 
64 
74 
79 
61 
75 
84 
79 
81 
79 
77 
84 
60 
75 
62 
58 
80 
56 
78 
63 
87 
63 
62 
61 
61 
40 
64 
61 
62 
67 
55 
57 
54 
62 
62 
63 
56 
59 
63 
54 
58 
50 
53 
40 
48 
57 
57 
48 
46 
54 
51 
55 
51 
55 
63 
44 
54 
54 
47 
38 
46 
45 
36 
40 
49 
38 
44 
52 
59 
48 
47 
40 
33 
47 
47 
36 
41 
54 
46 
39 
39 
43 
42 
50 
37 
37 
43 
37 
40 
40 
36 
37 
41 
28 
34 
35 
42 
29 
26 
33 
42 
29 
28 
37 
40 
33 
26 
28 
35 
37 
32 
42 
23 
33 
25 
25 
36 
20 
23 
34 
22 
30 
22 
24 
28 
19 
27 
20 
22 
31 
23 
19 
23 
18 
26 
25 
23 
24 
23 
18 
16 
21 
24 
25 
21 
22 
16 
15 
25 
19 
18 
16 
15 
17 
19 
16 
19 
15 
16 
21 
19 
19 
16 
11 
11 
14 
9 
18 
9 
17 
14 
9 
12 
6 
14 
14 
10 
11 
13 
13 
12 
7 
12 
11 
10 
8 
15 
9 
9 
7 
12 
9 
7 
11 
7 
7 
5 
9 
11 
6 
9 
8 
6 
5 
6 
10 
4 
4 
2 
6 
4 
5 
4 
5 
7 
4 
7 
4 
4 
2 
5 
8 
4 
1 
7 
5 
9 
3 
3 
3 
1 
2 
3 
2 
1 
6 
5 
7 
2 
4 
3 
5 
0 
2 
4 
3 
1 
2 
3 
3 
1 
1 
3 
1 
0 
0 
0 
1 
3 
0 
1 
4 
1 
0 
1 
1 
1 
1 
0 
0 
2 
3 
0 
1 
0 
0 
0 
0 
0 
1 
0 
2 
1 
0 
0 
0 
0 
0 
0 
0 
1 
0 
0 
0 
0 
0 
0 
0 
0 
1 
0 
0 
0 
0 
0 
0 
0 
0 
0 
0 
0 
2 
0 
0 
0 
0 
0 
0 
0 
0 
0 
0 
0 
0 
0 
0 
0 
0 
0 
0 
0 
0 
0 
0 
0 
1 
0 
0 
0 
0 
0 
0 
0 
0 
0 
0 
0 
0 
0 
0 
0 
0 
0 
0 
0 
0 
0 
0 
0 
0 
0 
1 
0 
0 
0 
0 
1 
0 
0 
0 
0 
0 
0 
0 
0 
0 
0 
0 
0 
0 
0 
0 
0 
0 
0 
0 
0 
0 
0 
0 
0 
0 
0 
0 
0 
0 
0 
0 
0 
0 
0 
0 
0 
0 
0 
0 
0 
0 
0 
0 
0 
0 
0 
0 
0 
0 
0 
0 
0 
0 
0 
0 
0 
0 
0 
0 
0 
0 
0 
0 
0 
0 
0 
0 
0 
0 
0 
0 
0 
0 
0 
0 
0 
0 
0 
0 
0 
0 
0 
0 
0 
0 
0 
0 
0 
0 
0 
0 
0 
0 
0 
0 
0 
0 
0 
0 
0 
0 
0 
0 
0 
0 
0 
0 
0 
0 
0 
0 
0 
0 
0 
0 
0 
0 
0 
0 
0 
0 
0 
0 
0 
0 
0 
0 
0 
0 
0 
0 
0 
0 
0 
0 
0 
0 
0 
0 
0 
0 
0 
0 
0 
0 
0 
0 
0 
0 
0 
0 
0 
0 
0 
0 
0 
0 
0 
0 
0 
0 
0 
0 
0 
0 
0 
0 
0 
0 
0 
0 
0 
0 
0 
0 
0 
0 
0 
0 
0 
0 
0 
0 
0 
0 
0 
0 
0 
0 
0 
0 
0 
0 
0 
0 
0 
0 
0 
0 
0 
0 
0 
0 
0 
0 
0 
0 
0 
0 
0 
0 
0 
0 
0 
0 
0 
0 
0 
0 
0 
0 
0 
0 
0 
0 
0 
0 
0 
0 
0 
0 
0 
0 
0 
0 
0 
0 
0 
0 
0 
0 
0 
0 
0 
0 
0 
0 
0 
0 
0 
0 
0 
0 
0 
0 
0 
0 
0 
0 
0 
0 
0 
0 
0 
0 
0 
0 
0 
0 
0 
0 
0 
0 
0 
0 
0 
0 
0 
0 
0 
0 
0 
0 
0 
0 
0 
0 
0 
0 
0 
0 
0 
0 
0 
0 
0 
0 
0 
0 
0 
0 
0 
0 
0 
0 
0 
0 
0 
0 
0 
0 
0 
0 
0 
0 
0 
0 
0 
0 
0 
0 
0 
0 
0 
0 
0 
0 
0 
0 
0 
0 
0 
0 
0 
0 
0 
0 
0 
0 
0 
0 
0 
0 
0 
0 
0 
0 
0 
0 
0 
0 
0 
0 
0 
0 
0 
0 
0 
0 
!IDEND=

