!FILE=Disk 
!KIND=Matrix 
!LABORATORY=Oslo Cyclotron Laboratory (OCL) 
!EXPERIMENT=SuN simulations 
!COMMENT=background
!TIME=2021-11-11 11:51:09
!CALIBRATION EkeV=6, 5.000000E+00, 1.000000E+01, 0.000000E+00
!PRECISION=16
!DIMENSION=1,0:1399
!CHANNEL=(0:1399)
6 
0 
0 
0 
0 
0 
0 
0 
0 
0 
1 
0 
2 
1 
1 
0 
0 
1 
2 
1 
1 
3 
0 
0 
0 
0 
2 
0 
1 
1 
3 
2 
1 
0 
0 
2 
0 
0 
1 
0 
2 
2 
2 
1 
1 
1 
0 
4 
3 
1 
2 
2 
2 
1 
5 
2 
2 
1 
2 
3 
1 
6 
3 
4 
4 
9 
3 
3 
8 
7 
9 
7 
6 
11 
6 
6 
5 
8 
12 
6 
6 
8 
17 
11 
14 
10 
12 
11 
17 
12 
15 
11 
7 
10 
21 
15 
11 
23 
25 
28 
33 
47 
43 
38 
29 
36 
40 
32 
40 
37 
35 
31 
31 
53 
46 
53 
48 
44 
45 
41 
50 
39 
52 
39 
44 
38 
52 
35 
50 
50 
43 
56 
47 
54 
37 
61 
47 
57 
56 
54 
64 
66 
51 
55 
61 
48 
53 
51 
63 
56 
45 
41 
59 
57 
66 
58 
56 
64 
56 
59 
47 
49 
60 
54 
60 
74 
67 
74 
62 
58 
65 
61 
57 
63 
66 
74 
76 
74 
62 
66 
69 
71 
74 
69 
78 
67 
50 
79 
69 
61 
70 
63 
83 
76 
73 
57 
80 
63 
86 
83 
75 
65 
86 
67 
76 
98 
87 
84 
84 
86 
73 
84 
75 
78 
84 
81 
86 
92 
88 
78 
81 
83 
95 
80 
92 
86 
85 
97 
89 
91 
90 
98 
95 
89 
77 
107 
91 
105 
102 
114 
87 
116 
83 
105 
111 
84 
103 
94 
96 
97 
101 
113 
116 
99 
105 
112 
117 
111 
104 
108 
116 
121 
133 
98 
106 
106 
114 
97 
131 
99 
115 
108 
124 
136 
115 
116 
142 
114 
123 
126 
122 
131 
137 
114 
149 
110 
132 
132 
153 
137 
137 
133 
126 
161 
152 
172 
167 
140 
161 
156 
176 
161 
186 
183 
152 
135 
129 
125 
159 
167 
162 
129 
147 
173 
158 
166 
148 
174 
154 
177 
147 
157 
168 
176 
181 
163 
173 
143 
200 
179 
168 
198 
187 
169 
189 
196 
192 
198 
210 
209 
236 
224 
255 
224 
254 
241 
282 
276 
278 
244 
273 
288 
262 
280 
305 
280 
267 
320 
329 
328 
346 
327 
350 
362 
337 
374 
350 
399 
376 
387 
413.999 
402.999 
457.997 
446.992 
430.982 
442.96 
454.915 
447.824 
416.647 
446.31 
396.692 
438.591 
445.694 
465.526 
471.405 
447.391 
466.259 
488.495 
468.357 
451.999 
473.682 
447.068 
487.565 
456.679 
438.312 
358.907 
356.4 
295.908 
303.177 
270.838 
240.59 
330.436 
278.125 
234.899 
265.605 
285.142 
264.151 
256.836 
319.749 
272.432 
311.824 
331.413 
333.166 
301.274 
268.823 
252.428 
238.923 
258.111 
236.609 
231.759 
228.612 
219.95 
223.324 
225.106 
231.537 
198.767 
216.886 
205.946 
199.975 
204.989 
196.995 
198.998 
181.999 
201 
174 
161 
203 
178 
166 
153 
145 
168 
148 
162 
157 
149 
167 
146 
145 
153 
138 
170 
156 
147 
154 
145 
125 
135 
164 
152 
148 
151 
137 
143 
133 
149 
147 
121 
128 
153 
142 
149 
128 
125 
135 
133 
144 
133 
119 
123 
138 
115 
127 
137 
134 
132 
120 
110 
140 
140 
142 
136 
115 
127 
128 
97 
117 
123 
152 
121 
124 
123 
108 
127 
127 
136 
109 
119 
117 
117 
103 
129 
123 
115 
121 
116 
113 
111 
132 
114 
102 
121 
117 
134 
109 
113 
109 
125 
110 
122 
104 
101 
107 
97 
104 
101 
108 
98 
104 
113 
114 
119 
120 
113 
108 
97 
81 
106 
109 
98 
107 
109 
100 
74 
117 
103 
116 
94 
97 
89 
103 
87 
103 
137 
104 
105 
88 
110 
100 
128 
108 
109 
102 
94 
85 
88 
94 
88 
97 
105 
98 
96 
101 
96 
87 
101 
112 
86 
92 
95 
94 
93 
99 
80 
98 
102 
80 
72 
73 
86 
87 
88 
114 
97 
84 
85 
68 
84 
88 
81 
75 
106 
79 
86 
77 
85 
88 
70 
69 
86 
70 
69 
88 
100 
69 
89 
85 
70 
76 
81 
79 
70 
61 
90 
87 
68 
86 
62 
79 
80 
84 
69 
87 
83 
61 
74 
75 
58 
84 
73 
73 
66 
46 
73 
70 
70 
70 
64 
60 
64 
72 
51 
67 
64 
67 
56 
66 
62 
74 
64 
65 
79 
41 
64 
67 
63 
78 
52 
69 
53 
61 
69 
69 
59 
64 
66 
55 
56 
71 
50 
56 
54 
54 
48 
56 
49 
54 
65 
54 
50 
72 
59 
60 
56 
44 
55 
47 
38 
48 
55 
46 
38 
49 
38 
42 
45 
45 
37 
44 
40 
61 
45 
42 
45 
47 
50 
33 
51 
57 
42 
42 
45 
32 
33 
35 
32 
38 
33 
36 
39 
44 
33 
37 
32 
41 
60 
33 
37 
35 
47 
39 
50 
36 
35 
36 
38 
36 
34 
34 
38 
33 
29 
35 
31 
33 
24 
28 
21 
37 
27 
30 
25 
30 
32 
29 
25 
29 
26 
28 
25 
34 
18 
31 
20 
22 
21 
24 
29 
27 
25 
18 
32 
17 
26 
30 
25 
23 
27 
17 
18 
25 
23 
26 
15 
14 
25 
13 
14 
19 
19 
23 
14 
12 
18 
21 
32 
15 
19 
11 
20 
19 
20 
16 
14 
27 
17 
6 
16 
10 
7 
13 
15 
13 
13 
11 
10 
12 
12 
13 
15 
10 
7 
14 
10 
7 
10 
11 
13 
9 
12 
8 
10 
12 
9 
9 
14 
12 
5 
8 
5 
10 
6 
8 
6 
9 
9 
9 
12 
8 
8 
4 
8 
3 
5 
10 
8 
3 
7 
8 
2 
6 
4 
8 
5 
5 
1 
3 
3 
3 
6 
6 
2 
2 
5 
3 
5 
0 
3 
3 
1 
1 
6 
2 
3 
3 
3 
2 
3 
3 
2 
1 
3 
3 
3 
2 
2 
2 
2 
2 
8 
3 
1 
1 
5 
1 
1 
2 
0 
0 
1 
0 
2 
1 
1 
1 
1 
1 
1 
0 
0 
0 
3 
1 
0 
1 
1 
0 
1 
1 
0 
0 
1 
2 
1 
2 
0 
0 
0 
0 
0 
1 
0 
0 
0 
0 
0 
0 
0 
0 
0 
0 
0 
0 
0 
1 
0 
0 
0 
1 
0 
0 
0 
0 
0 
0 
0 
0 
1 
0 
0 
0 
0 
0 
0 
0 
0 
0 
0 
0 
0 
0 
1 
0 
0 
0 
0 
0 
0 
0 
0 
0 
0 
0 
0 
0 
0 
0 
0 
0 
0 
0 
0 
0 
0 
0 
0 
0 
0 
0 
0 
0 
0 
0 
0 
0 
0 
0 
0 
0 
0 
0 
0 
0 
0 
0 
0 
0 
0 
0 
0 
0 
0 
0 
0 
0 
0 
0 
0 
0 
0 
0 
0 
0 
0 
0 
0 
0 
0 
0 
0 
0 
0 
0 
0 
0 
0 
0 
0 
0 
0 
0 
0 
0 
0 
0 
0 
0 
0 
0 
0 
0 
0 
0 
0 
0 
0 
0 
0 
0 
0 
0 
0 
0 
0 
0 
0 
0 
0 
0 
0 
0 
0 
0 
0 
0 
0 
0 
0 
0 
0 
0 
0 
0 
0 
0 
0 
0 
0 
0 
0 
0 
0 
0 
0 
0 
0 
0 
0 
0 
0 
0 
0 
0 
0 
0 
0 
0 
0 
0 
0 
0 
0 
0 
0 
0 
0 
0 
0 
0 
0 
0 
0 
0 
0 
0 
0 
0 
0 
0 
0 
0 
0 
0 
0 
0 
0 
0 
0 
0 
0 
0 
0 
0 
0 
0 
0 
0 
0 
0 
0 
0 
0 
0 
0 
0 
0 
0 
0 
0 
0 
0 
0 
0 
0 
0 
0 
0 
0 
0 
0 
0 
0 
0 
0 
0 
0 
0 
0 
0 
0 
0 
0 
0 
0 
0 
0 
0 
0 
0 
0 
0 
0 
0 
0 
0 
0 
0 
0 
0 
0 
0 
0 
0 
0 
0 
0 
0 
0 
0 
0 
0 
0 
0 
0 
0 
0 
0 
0 
0 
0 
0 
0 
0 
0 
0 
0 
0 
0 
0 
0 
0 
0 
0 
0 
0 
0 
0 
0 
0 
0 
0 
0 
0 
0 
0 
0 
0 
0 
0 
0 
0 
0 
0 
0 
0 
0 
0 
0 
0 
0 
0 
0 
0 
0 
0 
0 
0 
0 
0 
0 
0 
0 
0 
0 
0 
0 
0 
0 
0 
0 
0 
0 
0 
0 
0 
0 
0 
0 
0 
0 
0 
0 
0 
0 
0 
0 
0 
0 
0 
0 
0 
0 
0 
0 
0 
0 
0 
0 
0 
0 
0 
0 
0 
0 
0 
0 
0 
0 
0 
0 
0 
0 
0 
0 
0 
0 
0 
0 
0 
0 
0 
0 
0 
0 
0 
0 
0 
0 
0 
0 
0 
0 
0 
0 
0 
0 
0 
0 
0 
0 
0 
0 
0 
0 
0 
0 
0 
0 
0 
0 
!IDEND=

