!FILE=Disk 
!KIND=Matrix 
!LABORATORY=Oslo Cyclotron Laboratory (OCL) 
!EXPERIMENT=SuN simulations 
!COMMENT=background
!TIME=2021-11-11 11:51:09
!CALIBRATION EkeV=6, 5.000000E+00, 1.000000E+01, 0.000000E+00
!PRECISION=16
!DIMENSION=1,0:1399
!CHANNEL=(0:1399)
4 
0 
0 
0 
1 
1 
0 
1 
0 
1 
1 
0 
2 
0 
2 
1 
1 
0 
1 
1 
0 
1 
1 
2 
2 
2 
0 
0 
1 
3 
2 
1 
2 
2 
1 
0 
6 
4 
1 
2 
3 
2 
2 
3 
1 
1 
3 
3 
0 
3 
1 
6 
4 
1 
3 
8 
2 
4 
3 
9 
5 
8 
5 
4 
10 
5 
6 
9 
7 
11 
8 
12 
12 
12 
8 
15 
12 
11 
12 
16 
9 
17 
24 
13 
14 
24 
24 
19 
16 
24 
20 
26 
39 
45 
48 
44 
56 
99 
101 
101 
97 
78 
83 
67 
59 
58 
50 
56 
50 
60 
69 
57 
74 
60 
62 
82 
82 
61 
84 
80 
91 
71 
89 
99 
83 
93 
94 
105 
110 
100 
100 
124 
136 
145 
105 
115 
130 
166 
151 
147 
155 
160 
184 
183 
164 
207 
215 
204 
242 
253 
229 
282 
245 
253 
238 
265 
239 
242 
260 
227 
292 
264 
319 
309 
335 
341 
351 
396 
438 
419 
422 
446 
465 
444 
442 
479 
415 
489 
467 
480 
446.999 
469.997 
480.989 
491.964 
460.888 
469.678 
523.131 
507.798 
531.759 
526.293 
512.452 
543.685 
598.737 
552.197 
561 
519.93 
458.674 
378.352 
419.156 
344.036 
293.397 
252.16 
265.567 
257.136 
275.005 
227.112 
301.152 
285.771 
243.147 
288.449 
280.898 
261.767 
296.571 
250.137 
278.717 
244.861 
270.73 
261.518 
227.828 
264.942 
234.982 
244.995 
248.999 
244 
218 
221 
199 
212 
221 
201 
224 
202 
183 
194 
179 
190 
194 
158 
200 
189 
174 
180 
181 
169 
164 
162 
183 
176 
156 
174 
179 
172 
162 
163 
179 
183 
147 
173 
159 
163 
158 
161 
143 
158 
143 
156 
142 
151 
144 
163 
154 
143 
137 
146 
131 
143 
148 
141 
143 
154 
161 
154 
147 
153 
143 
147 
136 
167 
146 
168 
152 
165 
135 
144 
141 
132 
133 
135 
141 
117 
148 
130 
132 
156 
121 
133 
133 
131 
143 
140 
117 
130 
128 
154 
118 
120 
126 
136 
123 
131 
124 
113 
142 
123 
134 
127 
127 
132 
144 
123 
120 
118 
129 
126 
128 
128 
143 
129 
123 
113 
111 
132 
114 
114 
126 
116 
152 
138 
125 
122 
144 
123 
111 
127 
134 
119 
122 
133 
155 
126 
115 
124 
102 
129 
116 
115 
115 
125 
127 
130 
119 
120 
124 
87 
110 
120 
100 
132 
122 
124 
128 
108 
111 
129 
106 
126 
114 
115 
106 
121 
126 
118 
108 
123 
93 
102 
116 
121 
108 
114 
97 
126 
113 
111 
120 
140 
137 
118 
116 
119 
108 
105 
117 
109 
101 
108 
116 
119 
113 
113 
113 
117 
119 
108 
106 
120 
124 
105 
112 
111 
119 
107 
120 
92 
119 
116 
93 
103 
112 
114 
113 
111 
124 
100 
117 
113 
118 
98 
103 
98 
107 
115 
117 
106 
96 
105 
107 
121 
121 
104 
90 
107 
95 
104 
94 
100 
104 
98 
109 
109 
115 
93 
110 
98 
104 
110 
115 
102 
110 
99 
95 
101 
104 
109 
109 
80 
123 
118 
112 
104 
105 
100 
116 
94 
93 
128 
113 
100 
88 
89 
98 
92 
111 
114 
101 
94 
87 
94 
95 
94 
106 
104 
97 
101 
102 
90 
91 
95 
90 
81 
99 
88 
100 
106 
100 
87 
90 
97 
89 
95 
88 
83 
88 
82 
87 
70 
88 
100 
83 
94 
78 
102 
73 
90 
111 
93 
87 
80 
87 
104 
91 
91 
89 
105 
89 
79 
89 
82 
85 
84 
98 
84 
86 
88 
82 
80 
79 
99 
75 
78 
79 
94 
67 
87 
92 
90 
85 
88 
72 
60 
68 
88 
73 
84 
80 
81 
70 
83 
62 
88 
84 
93 
74 
83 
76 
82 
84 
68 
80 
80 
64 
76 
80 
62 
61 
74 
86 
71 
65 
67 
73 
63 
93 
72 
67 
67 
74 
70 
74 
82 
73 
73 
66 
78 
61 
58 
67 
78 
57 
52 
55 
54 
69 
72 
60 
67 
54 
63 
56 
52 
57 
56 
63 
60 
53 
64 
51 
45 
52 
54 
57 
61 
47 
53 
66 
48 
53 
52 
49 
41 
55 
44 
51 
60 
51 
51 
50 
40 
56 
56 
55 
58 
43 
55 
42 
61 
47 
53 
51 
53 
52 
57 
41 
44 
49 
42 
43 
42 
36 
41 
42 
43 
32 
44 
42 
30 
46 
51 
48 
32 
38 
34 
48 
47 
45 
39 
47 
41 
42 
39 
34 
39 
43 
39 
47 
35 
29 
41 
42 
27 
33 
34 
25 
33 
33 
30 
37 
31 
32 
34 
33 
31 
26 
35 
29 
33 
42 
31 
34 
35 
33 
28 
32 
21 
29 
30 
42 
36 
35 
25 
31 
26 
32 
30 
22 
25 
26 
25 
27 
25 
26 
26 
22 
26 
31 
20 
26 
18 
24 
34 
24 
18 
16 
18 
11 
18 
27 
19 
31 
16 
28 
18 
16 
12 
14 
12 
20 
16 
16 
16 
17 
12 
15 
12 
17 
19 
16 
24 
15 
11 
13 
15 
10 
12 
12 
15 
13 
21 
15 
17 
13 
14 
18 
9 
14 
8 
11 
12 
13 
9 
17 
6 
8 
14 
15 
8 
8 
4 
10 
12 
14 
14 
7 
7 
8 
14 
7 
9 
10 
12 
8 
7 
13 
5 
7 
5 
4 
11 
6 
6 
9 
7 
2 
10 
4 
2 
5 
5 
5 
10 
6 
6 
6 
2 
4 
9 
5 
2 
6 
11 
7 
6 
6 
5 
9 
8 
1 
4 
6 
2 
4 
7 
2 
1 
1 
3 
8 
3 
6 
3 
4 
1 
2 
1 
5 
0 
4 
2 
0 
3 
2 
3 
2 
3 
0 
2 
0 
1 
1 
0 
1 
2 
1 
0 
1 
1 
2 
2 
0 
0 
0 
1 
2 
0 
0 
2 
0 
0 
1 
1 
2 
1 
1 
1 
0 
1 
0 
0 
0 
3 
0 
0 
0 
1 
1 
1 
0 
1 
0 
0 
0 
1 
0 
0 
0 
0 
1 
0 
0 
0 
0 
0 
0 
0 
0 
0 
0 
0 
0 
0 
0 
1 
0 
0 
0 
0 
0 
0 
0 
0 
0 
0 
0 
0 
0 
0 
0 
0 
0 
0 
0 
0 
0 
0 
0 
0 
0 
0 
0 
0 
0 
0 
0 
0 
0 
0 
0 
0 
0 
0 
0 
0 
0 
0 
0 
0 
0 
0 
0 
0 
0 
0 
0 
0 
0 
0 
0 
0 
0 
0 
0 
0 
0 
0 
0 
0 
0 
0 
0 
0 
0 
0 
0 
0 
0 
0 
0 
0 
0 
0 
0 
0 
0 
0 
0 
0 
0 
0 
0 
0 
0 
0 
0 
0 
0 
0 
0 
0 
0 
0 
0 
0 
0 
0 
0 
0 
0 
0 
0 
0 
0 
0 
0 
0 
0 
0 
0 
0 
0 
0 
0 
0 
0 
0 
0 
0 
0 
0 
0 
0 
0 
0 
0 
0 
0 
0 
0 
0 
0 
0 
0 
0 
0 
0 
0 
0 
0 
0 
0 
0 
0 
0 
0 
0 
0 
0 
0 
0 
0 
0 
0 
0 
0 
0 
0 
0 
0 
0 
0 
0 
0 
0 
0 
0 
0 
0 
0 
0 
0 
0 
0 
0 
0 
0 
0 
0 
0 
0 
0 
0 
0 
0 
0 
0 
0 
0 
0 
0 
0 
0 
0 
0 
0 
0 
0 
0 
0 
0 
0 
0 
0 
0 
0 
0 
0 
0 
0 
0 
0 
0 
0 
0 
0 
0 
0 
0 
0 
0 
0 
0 
0 
0 
0 
0 
0 
0 
0 
0 
0 
0 
0 
0 
0 
0 
0 
0 
0 
0 
0 
0 
0 
0 
0 
0 
0 
0 
0 
0 
0 
0 
0 
0 
0 
0 
0 
0 
0 
0 
0 
0 
0 
0 
0 
0 
0 
0 
0 
0 
0 
0 
0 
0 
0 
0 
0 
0 
0 
0 
0 
0 
0 
0 
0 
0 
0 
0 
0 
0 
0 
0 
0 
0 
0 
0 
0 
0 
0 
0 
0 
0 
0 
0 
0 
0 
0 
0 
0 
0 
0 
0 
0 
0 
0 
0 
0 
0 
0 
0 
0 
0 
0 
0 
0 
0 
0 
0 
0 
0 
0 
0 
0 
0 
0 
0 
0 
0 
0 
0 
0 
0 
0 
0 
0 
0 
0 
0 
0 
0 
0 
0 
0 
0 
0 
0 
0 
0 
0 
0 
0 
0 
0 
0 
0 
0 
0 
0 
0 
0 
0 
0 
0 
0 
0 
0 
0 
0 
0 
0 
0 
0 
0 
0 
0 
0 
0 
0 
0 
0 
0 
0 
0 
0 
0 
0 
0 
0 
0 
0 
0 
0 
0 
0 
0 
0 
0 
0 
0 
0 
0 
0 
0 
0 
0 
0 
0 
0 
0 
0 
0 
0 
!IDEND=

