!FILE=Disk 
!KIND=Matrix 
!LABORATORY=Oslo Cyclotron Laboratory (OCL) 
!EXPERIMENT=SuN simulations 
!COMMENT=background
!TIME=2021-11-11 11:51:30
!CALIBRATION EkeV=6, 5.000000E+00, 1.000000E+01, 0.000000E+00
!PRECISION=16
!DIMENSION=1,0:1399
!CHANNEL=(0:1399)
1 
0 
0 
0 
0 
0 
1 
0 
0 
1 
0 
0 
2 
1 
0 
1 
0 
0 
0 
0 
1 
0 
1 
0 
0 
0 
3 
0 
0 
2 
0 
1 
1 
0 
0 
0 
0 
2 
0 
0 
1 
0 
0 
0 
2 
0 
1 
1 
2 
5 
1 
3 
2 
0 
0 
3 
1 
4 
1 
3 
2 
2 
3 
3 
0 
2 
2 
4 
4 
4 
3 
5 
5 
5 
4 
5 
4 
5 
5 
5 
4 
6 
4 
5 
4 
5 
5 
11 
5 
9 
12 
7 
11 
7 
8 
5 
10 
17 
13 
19 
24 
20 
23 
20 
20 
19 
13 
8 
11 
25 
21 
19 
22 
20 
14 
10 
20 
14 
25 
21 
25 
19 
27 
17 
23 
30 
29 
20 
28 
27 
27 
25 
19 
24 
24 
24 
25 
36 
41 
32 
31 
29 
33 
37 
30 
47 
36 
36 
38 
31 
33 
38 
28 
44 
36 
28 
31 
36 
28 
43 
37 
39 
38 
45 
45 
35 
44 
39 
45 
47 
42 
39 
47 
40 
40 
54 
52 
47 
39 
54 
35 
71 
55 
47 
55 
53 
49 
47 
48 
60 
46 
54 
56 
49 
47 
51 
46 
66 
57 
59 
61 
64 
57 
59 
60 
63 
51 
65 
63 
73 
63 
56 
70 
64 
68 
76 
65 
62 
48 
72 
81 
58 
77 
91 
80 
72 
77 
88 
82 
65 
86 
70 
93 
82 
78 
88 
100 
71 
84 
92 
78 
92 
76 
82 
86 
80 
102 
85 
98 
93 
82 
113 
101 
101 
87 
90 
109 
77 
100 
105 
94 
87 
105 
117 
98 
106 
91 
107 
110 
93 
99 
100 
115 
124 
123 
100 
93 
107 
97 
114 
104 
128 
121 
126 
136 
117 
133 
108 
138 
123 
127 
141 
142 
150 
139 
170 
162 
152 
161 
161 
149 
152 
156 
151 
150 
177 
169 
140 
133 
162 
143 
147 
156 
166 
145 
158 
164 
157 
173 
172 
181 
170 
177 
168 
171 
188 
181 
166 
176 
172 
209 
183 
189 
193 
187 
227 
173 
232 
213 
221 
211 
198 
232 
225 
255 
266 
233 
243 
265 
276 
267 
265 
270 
297 
252 
309 
265 
300 
319 
313 
323 
299 
320 
325 
328 
365 
364 
353 
396 
405 
386 
392 
398.999 
400.997 
427.993 
398.984 
431.965 
395.924 
441.84 
455.674 
390.356 
434.769 
467.719 
419.903 
456.869 
472.969 
487.33 
484.83 
509.13 
529.749 
517.218 
547.304 
512.299 
532.323 
487.601 
415.636 
423.199 
406.117 
330.827 
285.755 
261.614 
260.736 
267.583 
159.523 
248.924 
266.554 
251.187 
224.307 
245.78 
255.373 
275.064 
269.128 
264.033 
248.191 
240.663 
227.855 
243.263 
226.3 
232.176 
221.867 
220.106 
197.419 
218.163 
200.57 
234.786 
213.897 
177.952 
190.978 
193.99 
181.996 
171.998 
166.999 
175 
172 
203 
185 
180 
145 
176 
156 
172 
164 
157 
158 
167 
169 
168 
160 
167 
153 
152 
164 
157 
181 
158 
140 
182 
150 
151 
130 
153 
157 
140 
145 
125 
151 
130 
139 
153 
133 
145 
130 
154 
137 
136 
146 
135 
151 
151 
123 
157 
116 
139 
136 
151 
124 
142 
113 
152 
141 
131 
138 
124 
132 
147 
145 
146 
145 
140 
140 
127 
121 
135 
120 
101 
114 
154 
119 
119 
104 
120 
131 
118 
126 
113 
116 
130 
118 
122 
130 
124 
119 
137 
127 
116 
120 
135 
115 
110 
117 
122 
106 
130 
124 
124 
111 
137 
124 
114 
111 
129 
127 
117 
125 
112 
117 
117 
106 
111 
91 
125 
116 
109 
104 
118 
128 
100 
125 
110 
112 
115 
121 
112 
106 
120 
112 
102 
100 
117 
111 
105 
106 
110 
104 
114 
106 
101 
96 
102 
100 
109 
118 
103 
122 
108 
121 
106 
97 
113 
107 
106 
93 
90 
123 
93 
115 
109 
111 
104 
117 
115 
83 
80 
101 
104 
113 
80 
99 
97 
87 
106 
94 
93 
107 
112 
91 
87 
93 
109 
92 
91 
106 
100 
87 
101 
104 
88 
111 
91 
94 
79 
106 
94 
88 
107 
82 
97 
100 
98 
110 
95 
98 
98 
117 
99 
86 
96 
83 
87 
90 
98 
83 
90 
80 
84 
100 
95 
78 
82 
82 
88 
86 
90 
82 
98 
90 
85 
92 
100 
94 
84 
83 
84 
68 
73 
93 
80 
64 
82 
96 
74 
70 
70 
79 
94 
73 
78 
90 
78 
91 
84 
75 
75 
81 
92 
80 
74 
71 
73 
71 
57 
71 
87 
64 
72 
83 
79 
76 
82 
80 
66 
60 
66 
66 
99 
76 
86 
57 
69 
71 
71 
66 
73 
59 
74 
63 
57 
89 
59 
51 
60 
49 
58 
70 
69 
55 
69 
61 
44 
64 
62 
50 
74 
58 
67 
64 
65 
65 
56 
59 
61 
40 
76 
58 
53 
57 
48 
65 
52 
41 
56 
48 
55 
63 
57 
45 
50 
51 
55 
58 
68 
53 
49 
37 
55 
51 
43 
31 
57 
50 
49 
60 
46 
46 
50 
37 
55 
46 
50 
50 
55 
47 
55 
45 
64 
48 
54 
39 
50 
38 
32 
60 
40 
43 
41 
37 
41 
32 
51 
42 
36 
41 
35 
35 
48 
35 
31 
30 
30 
60 
41 
37 
41 
41 
27 
28 
35 
40 
33 
34 
31 
29 
28 
34 
30 
25 
26 
43 
33 
27 
27 
31 
16 
30 
35 
32 
27 
34 
25 
32 
28 
37 
28 
24 
26 
36 
23 
29 
23 
28 
20 
23 
15 
21 
20 
22 
25 
19 
18 
19 
12 
24 
20 
14 
23 
22 
15 
21 
19 
20 
15 
22 
30 
21 
20 
19 
13 
8 
20 
18 
23 
14 
23 
18 
25 
21 
15 
14 
11 
20 
18 
15 
21 
9 
19 
14 
8 
7 
12 
19 
15 
10 
11 
7 
17 
8 
7 
11 
17 
15 
7 
14 
11 
7 
9 
11 
15 
8 
11 
10 
13 
8 
7 
8 
7 
6 
3 
7 
18 
5 
9 
7 
11 
8 
12 
8 
7 
10 
6 
7 
7 
8 
10 
8 
10 
1 
6 
10 
4 
5 
2 
5 
7 
4 
4 
5 
3 
4 
7 
1 
5 
3 
5 
3 
6 
3 
4 
5 
4 
3 
4 
2 
4 
3 
1 
4 
2 
4 
4 
5 
5 
0 
5 
4 
1 
2 
1 
3 
2 
1 
1 
2 
1 
1 
2 
3 
2 
0 
0 
2 
1 
0 
1 
3 
0 
0 
0 
2 
0 
2 
1 
2 
1 
2 
3 
1 
1 
0 
1 
1 
3 
0 
0 
0 
0 
1 
2 
0 
0 
1 
1 
0 
1 
1 
0 
0 
0 
0 
0 
1 
0 
0 
0 
1 
0 
0 
0 
0 
0 
0 
0 
0 
1 
0 
0 
0 
1 
0 
0 
0 
0 
0 
0 
0 
0 
0 
1 
2 
0 
0 
1 
0 
0 
0 
0 
0 
1 
0 
1 
0 
0 
0 
1 
0 
0 
0 
0 
0 
0 
0 
1 
0 
0 
0 
0 
0 
1 
0 
1 
0 
0 
0 
0 
0 
0 
0 
0 
0 
0 
0 
0 
0 
0 
0 
0 
0 
0 
0 
0 
0 
0 
0 
0 
0 
0 
0 
0 
0 
0 
0 
0 
0 
0 
0 
0 
0 
0 
0 
0 
0 
0 
0 
0 
0 
0 
0 
0 
0 
0 
0 
0 
0 
0 
0 
0 
0 
0 
0 
0 
0 
0 
0 
0 
0 
0 
0 
0 
0 
0 
0 
0 
0 
0 
0 
0 
0 
0 
0 
0 
0 
0 
0 
0 
0 
0 
0 
0 
0 
0 
0 
0 
0 
0 
0 
0 
0 
0 
0 
0 
0 
0 
0 
0 
0 
0 
0 
0 
0 
0 
0 
0 
0 
0 
0 
0 
0 
0 
0 
0 
0 
0 
0 
0 
0 
0 
0 
0 
0 
0 
0 
0 
0 
0 
0 
0 
0 
0 
0 
0 
0 
0 
0 
0 
0 
0 
0 
0 
0 
0 
0 
0 
0 
0 
0 
0 
0 
0 
0 
0 
0 
0 
0 
0 
0 
0 
0 
0 
0 
0 
0 
0 
0 
0 
0 
0 
0 
0 
0 
0 
0 
0 
0 
0 
0 
0 
0 
0 
0 
0 
0 
0 
0 
0 
0 
0 
0 
0 
0 
0 
0 
0 
0 
0 
0 
0 
0 
0 
0 
0 
0 
0 
0 
0 
0 
0 
0 
0 
0 
0 
0 
0 
0 
0 
0 
0 
0 
0 
0 
0 
0 
0 
0 
0 
0 
0 
0 
0 
0 
0 
0 
0 
0 
0 
0 
0 
0 
0 
0 
0 
0 
0 
0 
0 
0 
0 
0 
0 
0 
0 
0 
0 
0 
0 
0 
0 
0 
0 
0 
0 
0 
0 
0 
0 
0 
0 
0 
0 
0 
0 
0 
0 
0 
0 
0 
0 
0 
0 
0 
0 
0 
!IDEND=

