!FILE=Disk 
!KIND=Matrix 
!LABORATORY=Oslo Cyclotron Laboratory (OCL) 
!EXPERIMENT=SuN simulations 
!COMMENT=background
!TIME=2021-11-11 11:51:35
!CALIBRATION EkeV=6, 5.000000E+00, 1.000000E+01, 0.000000E+00
!PRECISION=16
!DIMENSION=1,0:1399
!CHANNEL=(0:1399)
0 
0 
0 
0 
0 
0 
0 
1 
0 
0 
1 
0 
0 
0 
1 
0 
0 
0 
0 
0 
0 
0 
0 
1 
0 
0 
0 
0 
1 
0 
0 
3 
0 
0 
1 
1 
0 
2 
0 
0 
1 
1 
1 
1 
2 
1 
1 
0 
0 
0 
0 
1 
3 
1 
3 
1 
3 
2 
1 
0 
2 
0 
2 
1 
3 
3 
3 
1 
0 
2 
2 
2 
2 
3 
5 
5 
0 
6 
4 
4 
4 
1 
3 
2 
2 
6 
4 
3 
1 
6 
8 
5 
7 
6 
7 
6 
5 
4 
8 
7 
9 
9 
7 
12 
8 
14 
15 
12 
15 
15 
10 
23 
14 
19 
16 
7 
20 
13 
14 
12 
16 
8 
12 
16 
19 
16 
13 
16 
19 
27 
19 
24 
19 
22 
20 
19 
19 
23 
26 
22 
16 
17 
18 
27 
20 
19 
23 
23 
26 
27 
20 
27 
24 
22 
28 
22 
20 
21 
31 
33 
29 
21 
26 
20 
22 
26 
22 
23 
17 
27 
35 
28 
32 
30 
27 
26 
27 
38 
24 
38 
30 
38 
29 
31 
28 
34 
31 
22 
25 
35 
29 
36 
27 
26 
28 
42 
39 
44 
36 
37 
48 
42 
27 
34 
39 
36 
31 
42 
30 
27 
48 
21 
45 
39 
38 
36 
29 
35 
32 
25 
33 
33 
36 
40 
30 
45 
33 
46 
40 
48 
33 
36 
34 
43 
43 
36 
43 
40 
29 
53 
50 
48 
40 
50 
40 
36 
51 
43 
51 
42 
44 
50 
48 
49 
65 
43 
49 
44 
54 
42 
48 
44 
35 
43 
45 
60 
54 
51 
55 
57 
54 
48 
46 
59 
43 
42 
47 
62 
56 
55 
56 
37 
50 
38 
62 
56 
71 
55 
54 
54 
51 
53 
50 
64 
72 
51 
53 
68 
56 
65 
65 
59 
59 
61 
60 
68 
62 
56 
65 
64 
75 
72 
52 
63 
58 
68 
56 
67 
51 
85 
55 
66 
71 
70 
70 
75 
67 
69 
72 
61 
76 
60 
58 
62 
71 
74 
59 
69 
80 
75 
80 
69 
64 
61 
79 
77 
72 
82 
75 
59 
85 
72 
75 
79 
80 
74 
80 
73 
84 
71 
77 
92 
89 
87 
64 
98 
87 
80 
93 
81 
88 
81 
96 
68 
91 
100 
85 
81 
90 
88 
84 
97 
87 
112 
76 
86 
100 
85 
89 
92 
94 
96 
86 
88 
98 
79 
108 
102 
88 
92 
87 
83 
104 
95 
95 
101 
98 
88 
76 
101 
118 
106 
91 
112 
108 
101 
104 
100 
109 
99 
92 
129 
114 
113 
95 
111 
88 
99 
120 
104 
106 
110 
142 
111 
128 
104 
114 
114 
119 
128 
126 
109 
126 
126 
106 
131 
123 
138 
117 
122 
116 
128 
111 
139 
128 
144 
120 
121 
138 
115 
128 
137 
151 
154 
126 
156 
127 
168 
159 
144 
145 
133 
155 
149 
144 
154 
164 
139 
170 
155 
152 
166 
148 
161 
163 
159 
150 
178 
169 
192 
150 
169 
197 
193 
179 
189 
175 
167 
208 
182 
184 
180 
189 
200 
177 
173 
189 
179 
174 
184 
177 
189 
194 
179 
197 
202 
201 
223 
211 
215 
206 
187 
216 
231 
215 
222 
236 
223 
222 
213 
238 
240 
252 
253 
239 
251 
266 
273 
243 
275 
273 
289 
294 
294 
321 
298 
300 
309 
345 
314 
316 
347 
325 
341 
366 
343 
371 
403 
383 
400 
395 
393 
391 
376 
387 
461 
461 
411 
456 
414.999 
461.999 
447.997 
439.993 
475.984 
487.967 
495.933 
504.867 
502.743 
513.518 
516.12 
519.435 
542.29 
591.429 
572.492 
607.99 
591.293 
571.623 
647.083 
629.705 
672.539 
634.786 
599.953 
581.02 
519.602 
568.059 
514.525 
455.84 
362.36 
397.668 
349.199 
313.858 
260.661 
217.485 
229.951 
246.475 
245.469 
252.664 
249.49 
268.459 
278.498 
326.172 
190.813 
298.516 
279.065 
287.782 
267.367 
251.725 
212.829 
202.615 
219.911 
206.407 
200.649 
196.045 
176.889 
182.385 
199.669 
148.826 
155.911 
178.956 
154.979 
139.99 
134.995 
161.998 
142.999 
142 
149 
153 
139 
151 
128 
129 
122 
110 
130 
139 
115 
122 
124 
113 
120 
122 
127 
134 
117 
133 
119 
145 
117 
124 
103 
103 
114 
112 
116 
119 
98 
93 
105 
105 
115 
112 
99 
124 
112 
98 
109 
105 
113 
96 
107 
94 
102 
100 
102 
106 
98 
95 
94 
91 
92 
81 
102 
109 
100 
115 
87 
107 
90 
107 
86 
81 
100 
100 
108 
83 
96 
84 
79 
90 
77 
73 
96 
89 
88 
92 
80 
108 
106 
71 
97 
82 
102 
78 
72 
87 
100 
82 
97 
85 
91 
80 
86 
85 
72 
72 
76 
74 
79 
87 
80 
82 
78 
75 
86 
75 
92 
73 
56 
77 
68 
63 
69 
91 
79 
83 
79 
88 
72 
72 
74 
58 
61 
83 
76 
75 
79 
69 
61 
66 
69 
73 
73 
74 
77 
68 
69 
71 
58 
60 
74 
51 
69 
58 
73 
64 
54 
92 
59 
60 
55 
49 
66 
58 
56 
69 
51 
57 
69 
59 
58 
61 
66 
67 
56 
37 
45 
47 
61 
41 
43 
58 
47 
50 
63 
57 
56 
59 
48 
69 
56 
58 
56 
59 
35 
60 
56 
54 
53 
43 
46 
43 
57 
51 
39 
44 
53 
33 
40 
44 
48 
40 
48 
38 
45 
40 
42 
40 
43 
36 
51 
38 
53 
29 
42 
35 
41 
31 
44 
39 
43 
36 
44 
32 
35 
31 
30 
35 
36 
32 
33 
25 
28 
26 
33 
33 
26 
27 
27 
30 
24 
28 
21 
28 
44 
27 
15 
26 
25 
32 
20 
25 
21 
19 
27 
40 
18 
24 
22 
24 
19 
23 
25 
20 
23 
30 
14 
20 
22 
23 
22 
22 
14 
15 
20 
25 
18 
19 
15 
18 
15 
22 
21 
18 
14 
10 
18 
23 
25 
8 
19 
14 
15 
13 
16 
13 
11 
16 
16 
9 
10 
16 
11 
2 
8 
12 
11 
15 
8 
12 
12 
11 
9 
13 
8 
11 
13 
10 
6 
10 
17 
5 
10 
9 
5 
4 
8 
7 
6 
3 
3 
11 
7 
9 
3 
7 
12 
3 
10 
5 
9 
3 
9 
5 
6 
10 
4 
4 
7 
4 
10 
0 
1 
3 
6 
2 
4 
3 
1 
4 
3 
2 
0 
3 
5 
5 
1 
4 
2 
3 
5 
7 
0 
0 
0 
2 
0 
1 
4 
0 
3 
3 
0 
1 
2 
0 
1 
3 
3 
1 
0 
0 
1 
4 
0 
0 
0 
1 
0 
0 
1 
0 
1 
1 
0 
0 
0 
1 
0 
0 
1 
0 
0 
0 
1 
1 
0 
1 
0 
1 
0 
0 
0 
0 
0 
0 
0 
0 
0 
1 
0 
0 
0 
0 
0 
0 
0 
0 
0 
0 
0 
1 
0 
1 
0 
0 
0 
0 
0 
0 
0 
0 
0 
0 
0 
0 
0 
0 
1 
1 
0 
0 
0 
0 
0 
0 
0 
0 
0 
0 
0 
0 
0 
0 
0 
0 
0 
0 
0 
0 
0 
0 
0 
0 
0 
0 
0 
0 
0 
0 
0 
0 
0 
0 
0 
0 
0 
0 
0 
0 
0 
0 
0 
0 
0 
0 
0 
0 
0 
0 
0 
0 
0 
0 
0 
0 
0 
0 
0 
0 
0 
0 
0 
0 
0 
0 
0 
0 
0 
0 
0 
0 
1 
0 
0 
0 
0 
0 
0 
0 
0 
0 
0 
0 
0 
0 
0 
0 
0 
0 
0 
0 
0 
0 
0 
0 
0 
0 
0 
0 
0 
0 
0 
0 
0 
0 
0 
0 
0 
0 
0 
0 
0 
0 
0 
0 
0 
0 
0 
0 
0 
0 
0 
0 
0 
0 
0 
0 
0 
0 
0 
0 
0 
0 
0 
0 
0 
0 
0 
0 
0 
0 
0 
0 
0 
0 
0 
0 
0 
0 
0 
0 
0 
0 
0 
0 
0 
0 
0 
0 
0 
0 
0 
0 
0 
0 
0 
0 
0 
0 
0 
0 
0 
0 
0 
0 
0 
0 
0 
0 
0 
0 
0 
0 
0 
0 
0 
0 
0 
0 
0 
0 
0 
0 
0 
0 
0 
0 
0 
0 
0 
0 
0 
0 
0 
0 
0 
0 
0 
0 
0 
0 
0 
0 
0 
0 
0 
0 
0 
0 
0 
0 
0 
0 
0 
0 
0 
0 
0 
0 
0 
0 
0 
0 
0 
0 
0 
0 
0 
0 
0 
0 
0 
0 
0 
0 
0 
0 
0 
0 
0 
0 
0 
0 
0 
0 
0 
0 
0 
0 
0 
0 
0 
0 
0 
0 
0 
0 
0 
0 
0 
0 
0 
0 
0 
0 
0 
0 
0 
0 
0 
0 
0 
0 
0 
0 
0 
0 
0 
0 
0 
0 
0 
0 
0 
0 
0 
0 
0 
0 
0 
!IDEND=

