!FILE=Disk 
!KIND=Matrix 
!LABORATORY=Oslo Cyclotron Laboratory (OCL) 
!EXPERIMENT=SuN simulations 
!COMMENT=background
!TIME=2021-11-11 11:51:26
!CALIBRATION EkeV=6, 5.000000E+00, 1.000000E+01, 0.000000E+00
!PRECISION=16
!DIMENSION=1,0:1399
!CHANNEL=(0:1399)
3 
0 
0 
0 
0 
0 
0 
0 
0 
0 
0 
2 
3 
2 
0 
0 
1 
0 
3 
1 
0 
0 
0 
1 
0 
1 
0 
0 
0 
1 
1 
1 
1 
1 
1 
1 
0 
4 
3 
1 
0 
0 
1 
1 
0 
1 
1 
1 
3 
1 
2 
2 
4 
3 
4 
6 
5 
2 
4 
3 
9 
2 
6 
4 
8 
4 
1 
2 
6 
8 
7 
7 
11 
7 
9 
7 
12 
11 
11 
14 
12 
9 
6 
17 
10 
10 
9 
7 
14 
11 
6 
12 
5 
16 
14 
13 
15 
20 
21 
21 
33 
31 
35 
29 
32 
30 
27 
41 
22 
30 
33 
28 
30 
32 
32 
30 
49 
43 
33 
36 
35 
47 
36 
39 
36 
41 
41 
36 
39 
39 
41 
36 
36 
39 
52 
41 
40 
45 
43 
41 
39 
40 
41 
41 
52 
49 
43 
41 
42 
41 
42 
42 
47 
50 
49 
49 
57 
50 
57 
43 
54 
49 
45 
70 
59 
49 
48 
63 
52 
42 
64 
65 
52 
65 
42 
48 
58 
76 
58 
44 
64 
58 
50 
57 
75 
67 
64 
64 
65 
76 
60 
62 
61 
61 
59 
71 
67 
66 
61 
64 
77 
63 
76 
59 
53 
79 
57 
54 
74 
80 
80 
76 
76 
84 
73 
66 
90 
94 
70 
81 
64 
68 
74 
85 
95 
95 
79 
71 
73 
81 
91 
78 
89 
73 
80 
90 
82 
83 
78 
82 
106 
77 
102 
78 
93 
87 
86 
109 
88 
93 
95 
91 
106 
96 
117 
94 
96 
101 
109 
105 
88 
101 
104 
101 
88 
105 
117 
82 
118 
92 
105 
102 
93 
88 
94 
105 
107 
100 
106 
103 
113 
114 
124 
114 
104 
121 
113 
115 
108 
126 
125 
128 
139 
122 
147 
132 
157 
129 
158 
156 
175 
178 
147 
149 
152 
145 
146 
141 
143 
147 
126 
128 
133 
142 
130 
159 
137 
133 
172 
167 
145 
155 
150 
143 
147 
165 
176 
163 
162 
169 
146 
168 
160 
166 
175 
167 
200 
167 
193 
173 
198 
186 
222 
178 
184 
225 
212 
250 
220 
253 
241 
215 
233 
252 
237 
257 
271 
256 
290 
264 
292 
290 
288 
304 
296 
313 
353.999 
325.998 
363.996 
361.992 
360.984 
384.968 
388.939 
398.885 
381.788 
397.617 
397.323 
385.831 
407.025 
392.736 
381.724 
374.659 
387.102 
382.491 
390.137 
356.234 
368.885 
332.161 
396.18 
350.222 
331.85 
302.052 
362.367 
330.97 
307.72 
311.118 
308.19 
320.286 
340.817 
317.942 
259.263 
311.56 
319.597 
315.046 
260.514 
307.701 
208.632 
237.963 
239.282 
233.406 
234.604 
265.754 
260.405 
265.774 
225.667 
232.365 
214.492 
219.88 
207.451 
238.121 
228.739 
218.044 
223.646 
215.034 
218.579 
207.554 
215.155 
178.518 
179.73 
186.853 
164.921 
183.959 
168.979 
154.989 
184.995 
171.998 
199.999 
181.999 
152 
193 
158 
170 
178 
163 
156 
167 
163 
172 
171 
136 
148 
173 
151 
168 
151 
157 
142 
153 
149 
159 
131 
137 
151 
143 
150 
157 
129 
149 
139 
152 
142 
157 
152 
146 
149 
131 
137 
160 
155 
131 
134 
138 
136 
146 
140 
116 
115 
129 
122 
128 
134 
127 
117 
128 
129 
156 
117 
123 
136 
120 
127 
142 
124 
121 
111 
132 
133 
132 
119 
141 
141 
106 
113 
116 
121 
119 
139 
144 
128 
116 
134 
117 
120 
146 
133 
146 
117 
129 
91 
127 
123 
118 
117 
127 
121 
119 
143 
120 
105 
100 
126 
104 
125 
99 
117 
104 
129 
121 
112 
118 
92 
124 
137 
102 
122 
100 
121 
101 
115 
94 
99 
112 
121 
110 
116 
95 
113 
117 
106 
124 
110 
121 
107 
99 
114 
112 
101 
108 
105 
125 
103 
109 
97 
102 
109 
119 
122 
120 
113 
90 
107 
120 
105 
104 
113 
110 
114 
100 
89 
115 
104 
98 
96 
105 
89 
73 
121 
140 
93 
113 
108 
84 
88 
95 
91 
100 
97 
92 
90 
99 
99 
91 
105 
102 
95 
87 
119 
93 
111 
72 
96 
86 
82 
107 
88 
77 
101 
77 
96 
79 
92 
69 
94 
81 
75 
78 
92 
103 
101 
75 
92 
100 
102 
97 
76 
101 
70 
85 
82 
82 
94 
87 
87 
81 
82 
78 
93 
96 
86 
67 
86 
82 
89 
84 
80 
85 
62 
71 
71 
90 
81 
85 
78 
79 
72 
76 
80 
91 
92 
71 
82 
64 
75 
74 
65 
97 
70 
75 
85 
84 
85 
56 
56 
66 
71 
67 
60 
77 
62 
75 
76 
75 
70 
74 
64 
82 
63 
86 
68 
74 
79 
60 
63 
65 
69 
64 
61 
49 
55 
65 
65 
68 
58 
71 
79 
72 
64 
54 
66 
58 
64 
66 
53 
62 
62 
62 
76 
65 
45 
61 
53 
60 
51 
69 
53 
55 
56 
53 
59 
49 
46 
58 
55 
65 
60 
50 
48 
59 
30 
59 
51 
42 
60 
49 
48 
50 
56 
49 
45 
42 
44 
49 
47 
42 
43 
56 
45 
50 
53 
46 
43 
53 
48 
35 
34 
31 
32 
33 
49 
48 
59 
47 
43 
57 
40 
33 
34 
50 
41 
43 
50 
34 
46 
35 
35 
38 
29 
42 
33 
44 
36 
41 
32 
37 
27 
38 
29 
33 
31 
32 
33 
29 
33 
36 
34 
30 
35 
21 
38 
38 
28 
29 
35 
36 
35 
29 
18 
32 
30 
28 
34 
29 
22 
30 
19 
32 
22 
26 
33 
24 
25 
27 
15 
16 
23 
26 
24 
22 
27 
22 
29 
18 
25 
17 
23 
30 
25 
22 
22 
22 
19 
26 
17 
18 
23 
12 
15 
23 
20 
15 
23 
25 
19 
20 
23 
11 
19 
14 
12 
16 
14 
6 
14 
10 
11 
20 
15 
20 
13 
17 
17 
18 
12 
15 
13 
8 
16 
12 
7 
9 
15 
13 
12 
14 
13 
10 
12 
6 
4 
9 
12 
12 
9 
11 
9 
7 
11 
8 
10 
7 
7 
10 
6 
7 
8 
4 
7 
6 
5 
9 
8 
12 
1 
5 
4 
6 
5 
9 
8 
8 
3 
4 
8 
1 
2 
7 
4 
5 
5 
7 
3 
6 
3 
6 
1 
8 
5 
7 
4 
3 
7 
6 
2 
2 
4 
5 
4 
3 
5 
2 
2 
5 
1 
1 
5 
3 
3 
5 
3 
3 
3 
3 
2 
4 
1 
0 
2 
1 
0 
0 
1 
2 
1 
0 
2 
2 
0 
0 
1 
1 
2 
0 
1 
1 
1 
0 
1 
2 
0 
0 
1 
1 
1 
0 
0 
0 
1 
0 
1 
0 
1 
2 
0 
0 
0 
0 
0 
1 
0 
1 
1 
0 
0 
0 
0 
1 
0 
1 
0 
1 
0 
0 
0 
0 
0 
1 
0 
0 
0 
0 
0 
0 
0 
0 
0 
0 
0 
0 
0 
0 
0 
0 
0 
0 
0 
0 
1 
0 
0 
0 
0 
0 
0 
0 
0 
0 
0 
0 
0 
0 
0 
0 
0 
0 
0 
0 
0 
0 
0 
0 
0 
0 
0 
0 
0 
0 
0 
0 
0 
0 
0 
0 
0 
0 
0 
0 
0 
1 
0 
0 
0 
0 
0 
0 
0 
0 
0 
0 
0 
0 
0 
0 
0 
0 
0 
0 
0 
0 
0 
0 
0 
0 
0 
0 
0 
0 
0 
0 
0 
0 
0 
0 
0 
0 
0 
0 
0 
0 
0 
0 
0 
0 
0 
0 
0 
0 
0 
0 
0 
0 
0 
0 
0 
0 
0 
0 
0 
0 
0 
0 
0 
0 
0 
0 
0 
0 
0 
0 
0 
0 
0 
0 
0 
0 
0 
0 
0 
0 
0 
0 
0 
0 
0 
0 
0 
0 
0 
0 
0 
0 
0 
0 
0 
0 
0 
0 
0 
0 
0 
0 
0 
0 
0 
0 
0 
0 
0 
0 
0 
0 
0 
0 
0 
0 
0 
0 
0 
0 
0 
0 
0 
0 
0 
0 
0 
0 
0 
0 
0 
0 
0 
0 
0 
0 
0 
0 
0 
0 
0 
0 
0 
0 
0 
0 
0 
0 
0 
0 
0 
0 
0 
0 
0 
0 
0 
0 
0 
0 
0 
0 
0 
0 
0 
0 
0 
0 
0 
0 
0 
0 
0 
0 
0 
0 
0 
0 
0 
0 
0 
0 
0 
0 
0 
0 
0 
0 
0 
0 
0 
0 
0 
0 
0 
0 
0 
0 
0 
0 
0 
0 
0 
0 
0 
0 
0 
0 
0 
0 
0 
0 
0 
0 
0 
0 
0 
0 
0 
0 
0 
0 
0 
0 
0 
0 
0 
0 
0 
0 
0 
0 
0 
0 
0 
0 
0 
0 
0 
0 
0 
0 
0 
0 
0 
0 
0 
0 
0 
0 
0 
0 
0 
0 
0 
0 
0 
0 
0 
0 
0 
0 
0 
0 
0 
0 
0 
0 
0 
0 
0 
0 
!IDEND=

