!FILE=Disk 
!KIND=Matrix 
!LABORATORY=Oslo Cyclotron Laboratory (OCL) 
!EXPERIMENT=SuN simulations 
!COMMENT=background
!TIME=2021-11-11 11:51:40
!CALIBRATION EkeV=6, 5.000000E+00, 1.000000E+01, 0.000000E+00
!PRECISION=16
!DIMENSION=1,0:1399
!CHANNEL=(0:1399)
0 
0 
0 
0 
0 
0 
0 
0 
0 
0 
0 
0 
0 
0 
0 
0 
0 
1 
0 
0 
1 
0 
1 
0 
1 
0 
0 
0 
0 
0 
0 
2 
0 
0 
0 
1 
0 
1 
0 
0 
0 
0 
0 
0 
0 
0 
0 
0 
0 
0 
2 
0 
2 
0 
3 
1 
0 
1 
2 
0 
0 
0 
1 
1 
0 
0 
3 
2 
1 
2 
0 
1 
1 
0 
2 
2 
1 
4 
1 
2 
5 
1 
2 
4 
3 
7 
3 
1 
1 
2 
2 
4 
6 
1 
6 
2 
7 
5 
3 
9 
5 
9 
15 
4 
10 
10 
11 
9 
11 
10 
5 
9 
13 
8 
5 
12 
6 
14 
9 
13 
4 
15 
10 
8 
8 
10 
14 
12 
7 
15 
18 
12 
13 
14 
10 
15 
14 
8 
13 
11 
13 
15 
10 
13 
9 
13 
5 
13 
14 
11 
15 
14 
12 
18 
7 
10 
10 
14 
17 
13 
13 
11 
13 
13 
10 
12 
11 
15 
9 
11 
8 
16 
16 
14 
15 
10 
9 
11 
17 
15 
12 
11 
13 
18 
11 
9 
17 
15 
12 
8 
15 
16 
13 
7 
16 
12 
14 
9 
11 
9 
7 
13 
12 
12 
16 
4 
9 
13 
12 
10 
14 
13 
12 
13 
14 
16 
15 
17 
17 
15 
13 
9 
18 
14 
17 
10 
15 
13 
15 
12 
15 
19 
18 
18 
9 
14 
14 
14 
13 
14 
13 
13 
17 
16 
13 
17 
13 
12 
11 
11 
18 
16 
12 
23 
13 
23 
14 
25 
15 
17 
17 
19 
14 
12 
12 
18 
15 
13 
13 
8 
9 
18 
15 
17 
20 
13 
14 
19 
12 
8 
18 
12 
17 
15 
8 
10 
12 
15 
20 
8 
21 
14 
11 
17 
16 
19 
12 
16 
18 
10 
12 
18 
17 
22 
21 
23 
30 
19 
13 
13 
8 
11 
15 
17 
16 
15 
18 
13 
12 
21 
15 
20 
16 
15 
19 
25 
22 
13 
16 
17 
17 
21 
22 
20 
21 
20 
23 
21 
13 
11 
18 
12 
20 
19 
21 
13 
13 
13 
21 
11 
28 
17 
16 
20 
12 
17 
14 
26 
15 
17 
23 
20 
18 
17 
26 
18 
16 
20 
14 
19 
14 
26 
12 
11 
19 
22 
21 
21 
21 
20 
18 
15 
20 
12 
27 
24 
15 
18 
14 
15 
26 
13 
26 
24 
22 
27 
14 
25 
22 
19 
22 
22 
14 
18 
17 
23 
16 
14 
17 
24 
24 
17 
22 
28 
18 
21 
25 
23 
20 
23 
24 
15 
30 
18 
15 
22 
22 
24 
31 
20 
12 
21 
30 
23 
18 
20 
29 
26 
16 
15 
13 
28 
27 
22 
27 
19 
20 
20 
16 
18 
28 
26 
23 
15 
30 
22 
31 
24 
19 
34 
29 
31 
24 
17 
19 
18 
29 
25 
18 
20 
26 
21 
27 
23 
21 
33 
19 
23 
26 
24 
21 
24 
26 
30 
28 
28 
18 
27 
27 
21 
19 
25 
28 
34 
32 
25 
21 
30 
37 
21 
26 
29 
32 
24 
25 
21 
24 
22 
26 
24 
27 
29 
27 
19 
18 
25 
15 
19 
31 
24 
23 
26 
24 
25 
39 
26 
21 
19 
31 
22 
24 
23 
26 
29 
22 
22 
32 
25 
36 
25 
26 
30 
34 
25 
28 
23 
33 
38 
32 
33 
29 
37 
28 
32 
35 
36 
33 
24 
30 
33 
21 
33 
19 
34 
35 
29 
33 
33 
29 
25 
32 
29 
23 
28 
35 
29 
33 
31 
26 
29 
34 
28 
34 
25 
23 
34 
24 
29 
39 
32 
40 
42 
38 
31 
26 
31 
26 
33 
25 
28 
34 
21 
33 
39 
26 
35 
28 
31 
39 
36 
32 
28 
36 
36 
20 
32 
23 
36 
33 
27 
35 
31 
40 
41 
36 
36 
46 
41 
38 
37 
42 
25 
37 
39 
36 
39 
28 
34 
47 
39 
39 
45 
34 
31 
35 
33 
46 
46 
42 
37 
30 
40 
29 
38 
46 
37 
29 
31 
40 
40 
46 
39 
32 
33 
39 
34 
31 
30 
41 
38 
42 
39 
38 
44 
56 
39 
33 
49 
45 
52 
35 
48 
28 
49 
40 
40 
49 
23 
48 
41 
44 
34 
40 
37 
35 
49 
32 
40 
42 
47 
33 
35 
39 
35 
41 
37 
35 
41 
51 
50 
42 
54 
46 
38 
40 
54 
44 
42 
38 
32 
43 
60 
43 
43 
54 
34 
51 
51 
51 
37 
42 
50 
41 
51 
45 
61 
51 
54 
44 
52 
49 
46 
36 
40 
47 
42 
46 
66 
66 
45 
46 
51 
52 
56 
56 
47 
46 
58 
56 
53 
54 
48 
46 
51 
35 
59 
52 
43 
54 
59 
43 
51 
56 
44 
57 
52 
47 
54 
43 
48 
55 
43 
52 
63 
56 
54 
57 
51 
51 
47 
49 
57 
51 
65 
63 
69 
48 
42 
68 
61 
57 
52 
52 
59 
64 
53 
64 
50 
60 
66 
61 
59 
59 
59 
56 
59 
52 
52 
60 
56 
63 
57 
54 
70 
84 
65 
66 
61 
53 
43 
62 
53 
65 
82 
57 
49 
78 
69 
53 
70 
57 
69 
64 
75 
53 
65 
65 
62 
58 
79 
60 
61 
45 
66 
57 
78 
65 
67 
54 
79 
76 
79 
68 
74 
75 
69 
66 
75 
79 
72 
65 
64 
57 
68 
63 
59 
69 
84 
84 
55 
80 
77 
62 
62 
76 
72 
78 
85 
99 
75 
75 
75 
79 
79 
81 
70 
78 
72 
89 
78 
69 
74 
88 
79 
85 
79 
91 
76 
77 
82 
74 
73 
74 
78 
84 
88 
93 
88 
92 
73 
75 
81 
89 
93 
91 
101 
84 
79 
102 
82 
111 
87 
90 
91 
92 
75 
108 
96 
98 
85 
96 
91 
97 
80 
92 
106 
108 
73 
90 
103 
98 
97 
89 
109 
99 
92 
90 
95 
83 
95 
92 
100 
108 
93 
99 
121 
103 
103 
99 
110 
107 
108 
110 
120 
106 
115 
114 
101 
103 
127 
112 
122 
111 
118 
108 
113 
117 
120 
108 
109 
95 
118 
117 
123 
115 
125 
131 
129 
111 
118 
92 
100 
127 
119 
131 
124 
150 
127 
149 
107 
137 
119 
148 
107 
142 
131 
127 
129 
122 
138 
131 
133 
120 
118 
132 
115 
140 
137 
133 
109 
127 
155 
140 
162 
133 
135 
140 
129 
146 
148 
154 
143 
141 
129 
161 
166 
154 
137 
159 
130 
149 
144 
139 
150 
162 
136 
161 
161 
167 
156 
160 
160 
157 
157 
170 
192 
176 
170 
158 
154 
193 
166 
176 
167 
163 
180 
169 
152 
178 
171 
195 
185 
171 
166 
201 
183 
183 
204 
179 
175 
193 
200 
177 
211 
197 
167 
192 
198 
199 
189 
229 
202 
190 
197 
233 
209 
221 
220 
231 
182 
211 
218 
240 
234 
228 
230 
231 
256 
216 
264 
242 
234 
238 
229 
269 
226 
244 
236 
271 
255 
279 
269 
265 
271 
259 
257 
281 
312 
281 
319 
298 
309 
314 
317 
354 
360 
364 
317 
329 
346 
368 
380 
360 
358 
375 
374 
392 
390 
443.999 
395.999 
432.998 
441.997 
387.994 
404.99 
456.982 
452.969 
486.949 
458.915 
423.861 
477.777 
492.647 
531.449 
495.152 
480.714 
503.077 
528.166 
510.885 
563.11 
566.691 
513.448 
557.17 
602.622 
614.544 
594.668 
588.73 
522.487 
579.741 
582.362 
589.318 
613.694 
626.719 
549.776 
499.406 
537.305 
462.301 
376.32 
408.346 
397.362 
323.295 
262.956 
227.986 
264.808 
208.604 
211.295 
255.552 
153.816 
150.339 
200.234 
204.531 
176.242 
222.41 
235.164 
196.751 
182.568 
141.168 
181.262 
185.71 
154.498 
143.722 
100.555 
98.2242 
111.989 
107.118 
98.8739 
68.504 
61.2292 
63.2419 
50.7045 
40.7504 
31.4865 
23.9964 
16.3441 
25.5775 
11.7318 
14.8322 
14.8965 
12.9371 
11.9623 
2.97776 
1.98706 
2.99258 
4.9958 
1 
1 
1 
1 
1 
0 
1 
0 
0 
0 
0 
0 
0 
0 
0 
0 
0 
0 
0 
0 
0 
0 
0 
0 
0 
0 
0 
0 
0 
0 
0 
0 
0 
0 
0 
0 
0 
0 
0 
0 
0 
0 
0 
0 
0 
0 
0 
0 
0 
0 
0 
0 
0 
0 
0 
0 
0 
0 
0 
0 
0 
0 
0 
0 
0 
0 
0 
0 
0 
0 
0 
0 
0 
0 
0 
0 
0 
0 
0 
0 
0 
0 
0 
0 
0 
0 
0 
0 
0 
0 
0 
0 
0 
0 
0 
0 
0 
0 
0 
0 
0 
0 
0 
0 
0 
0 
0 
0 
0 
0 
0 
0 
0 
0 
0 
0 
0 
0 
0 
0 
0 
0 
0 
0 
0 
0 
0 
0 
0 
0 
0 
0 
0 
0 
0 
0 
0 
0 
0 
0 
0 
0 
0 
0 
0 
0 
0 
0 
0 
0 
0 
0 
0 
0 
0 
0 
0 
0 
!IDEND=

