!FILE=Disk 
!KIND=Matrix 
!LABORATORY=Oslo Cyclotron Laboratory (OCL) 
!EXPERIMENT=SuN simulations 
!COMMENT=background
!TIME=2021-11-11 11:51:55
!CALIBRATION EkeV=6, 5.000000E+00, 1.000000E+01, 0.000000E+00
!PRECISION=16
!DIMENSION=1,0:1399
!CHANNEL=(0:1399)
2 
0 
0 
0 
0 
1 
0 
0 
0 
0 
0 
0 
0 
0 
0 
0 
0 
0 
0 
0 
1 
0 
1 
0 
0 
1 
0 
0 
0 
0 
0 
1 
0 
0 
0 
0 
1 
1 
0 
1 
0 
1 
0 
0 
0 
2 
0 
1 
0 
1 
2 
1 
1 
1 
0 
0 
1 
0 
0 
3 
1 
0 
3 
3 
0 
1 
0 
1 
2 
3 
2 
2 
4 
1 
0 
0 
3 
4 
5 
0 
7 
2 
5 
3 
4 
4 
5 
5 
4 
1 
4 
2 
6 
4 
7 
4 
5 
10 
10 
11 
10 
15 
13 
8 
11 
12 
9 
9 
7 
9 
10 
13 
7 
11 
7 
9 
7 
13 
10 
13 
8 
18 
20 
10 
13 
14 
15 
9 
12 
15 
6 
15 
15 
16 
11 
7 
14 
13 
21 
15 
18 
12 
13 
14 
12 
13 
22 
14 
6 
16 
22 
17 
12 
17 
16 
21 
29 
6 
14 
14 
13 
19 
11 
11 
14 
20 
14 
13 
22 
14 
16 
16 
16 
15 
17 
15 
17 
13 
10 
20 
18 
22 
17 
18 
17 
14 
17 
22 
27 
15 
29 
23 
18 
17 
11 
17 
17 
8 
21 
14 
16 
17 
10 
21 
15 
18 
13 
11 
22 
20 
24 
24 
21 
23 
25 
25 
29 
26 
21 
20 
20 
19 
10 
22 
16 
22 
22 
21 
22 
17 
16 
19 
17 
17 
20 
19 
23 
20 
16 
14 
19 
19 
20 
24 
15 
35 
22 
20 
30 
28 
19 
17 
30 
22 
35 
20 
25 
22 
22 
23 
22 
27 
21 
25 
28 
22 
23 
18 
24 
17 
19 
30 
24 
28 
22 
26 
26 
22 
28 
22 
27 
24 
24 
29 
24 
29 
23 
24 
23 
18 
24 
19 
24 
26 
27 
22 
34 
29 
24 
23 
21 
22 
28 
25 
17 
22 
29 
33 
26 
23 
22 
27 
31 
20 
34 
27 
27 
27 
28 
31 
21 
21 
28 
36 
25 
20 
25 
25 
37 
22 
29 
22 
25 
28 
23 
24 
31 
30 
36 
21 
27 
30 
32 
23 
29 
27 
32 
22 
30 
24 
13 
27 
34 
24 
24 
29 
36 
27 
21 
22 
32 
38 
31 
32 
27 
31 
26 
29 
31 
30 
32 
30 
22 
24 
34 
43 
32 
41 
22 
28 
32 
41 
21 
31 
29 
30 
34 
33 
27 
27 
34 
42 
31 
23 
28 
29 
24 
24 
35 
34 
36 
24 
32 
29 
34 
30 
28 
23 
47 
31 
31 
41 
22 
27 
25 
35 
29 
37 
25 
28 
30 
23 
38 
35 
41 
40 
23 
35 
27 
49 
36 
25 
46 
45 
38 
43 
36 
29 
36 
31 
25 
38 
42 
33 
33 
40 
26 
37 
35 
40 
39 
32 
42 
32 
37 
30 
37 
40 
40 
30 
39 
34 
56 
50 
31 
39 
35 
45 
46 
31 
24 
34 
43 
33 
47 
41 
31 
35 
42 
38 
42 
42 
39 
45 
32 
47 
33 
41 
38 
38 
35 
43 
35 
27 
39 
40 
33 
49 
34 
54 
38 
41 
52 
44 
37 
42 
44 
55 
40 
33 
34 
37 
42 
36 
29 
44 
39 
38 
45 
52 
38 
42 
48 
49 
38 
36 
38 
39 
46 
41 
36 
46 
48 
44 
54 
40 
40 
45 
37 
48 
39 
49 
48 
43 
45 
41 
42 
52 
55 
45 
48 
45 
39 
42 
34 
36 
57 
40 
43 
40 
39 
47 
37 
60 
59 
35 
42 
44 
50 
51 
42 
53 
58 
44 
43 
58 
60 
44 
52 
44 
58 
69 
61 
44 
39 
46 
48 
63 
54 
50 
48 
48 
45 
38 
57 
59 
66 
38 
38 
59 
52 
67 
46 
57 
60 
60 
62 
42 
68 
58 
65 
37 
50 
55 
49 
52 
69 
54 
62 
61 
63 
42 
56 
81 
63 
49 
52 
61 
63 
79 
64 
60 
53 
60 
53 
68 
68 
49 
68 
61 
51 
69 
66 
75 
66 
85 
60 
53 
65 
47 
62 
75 
58 
70 
67 
51 
62 
66 
49 
65 
64 
59 
53 
69 
71 
64 
66 
64 
74 
73 
61 
79 
79 
70 
75 
75 
65 
71 
86 
79 
93 
77 
69 
79 
75 
52 
64 
78 
65 
56 
71 
60 
68 
69 
61 
77 
73 
77 
65 
71 
72 
79 
58 
77 
71 
101 
76 
64 
67 
86 
70 
77 
101 
75 
90 
98 
78 
76 
70 
78 
91 
79 
91 
71 
70 
84 
66 
99 
88 
82 
89 
82 
85 
92 
90 
99 
93 
85 
105 
93 
102 
97 
99 
102 
87 
89 
89 
79 
97 
107 
99 
93 
93 
97 
85 
97 
98 
99 
111 
100 
92 
92 
101 
109 
114 
103 
88 
112 
90 
108 
95 
112 
111 
96 
101 
101 
98 
97 
111 
111 
106 
101 
107 
103 
129 
100 
114 
95 
104 
114 
105 
91 
113 
120 
121 
128 
119 
111 
115 
114 
104 
116 
126 
123 
121 
109 
118 
124 
112 
114 
123 
138 
125 
127 
108 
109 
136 
123 
131 
127 
126 
158 
131 
130 
128 
144 
109 
148 
141 
125 
126 
127 
129 
133 
124 
129 
134 
128 
142 
137 
133 
147 
127 
124 
134 
125 
137 
156 
133 
147 
156 
156 
150 
134 
138 
146 
157 
159 
167 
149 
159 
137 
153 
173 
157 
159 
145 
157 
171 
157 
175 
189 
168 
169 
156 
173 
167 
159 
196 
157 
178 
168 
208 
183 
173 
162 
188 
196 
172 
194 
187 
184 
206 
182 
171 
186 
182 
192 
211 
241 
204 
211 
207 
207 
184 
223 
207 
190 
226 
217 
198 
197 
215 
214 
217 
220 
228 
210 
255 
239 
246 
260 
263 
234 
241 
256 
246 
272 
238 
255 
291 
270 
256 
246 
296 
287 
297 
269 
316 
320 
305 
321 
308 
322 
330 
343 
352 
288 
342 
324 
373 
341 
353 
356 
345 
380 
384 
417 
416.999 
402.999 
406.998 
410.996 
414.993 
437.987 
426.978 
427.963 
420.937 
458.896 
498.83 
447.727 
524.568 
440.324 
489.96 
503.421 
533.639 
503.519 
567.943 
533.759 
556.781 
561.787 
594.518 
576.679 
591.953 
587.008 
549.516 
571.175 
585.741 
573.051 
537.065 
529.887 
538.8 
554.273 
455.979 
484.775 
426.686 
453.857 
417.506 
370.849 
313.035 
283.066 
258.735 
192.568 
245.789 
250.301 
226.696 
277.282 
206.133 
211.15 
231.136 
217.864 
233.153 
209.924 
235.249 
191.38 
216.765 
210.05 
173.061 
159.784 
161.337 
173.935 
153.86 
149.434 
115.988 
116.848 
101.319 
95.6748 
68.1519 
88.9513 
64.2374 
64.1422 
71.7687 
60.1957 
49.4822 
39.6714 
41.7945 
41.8734 
45.9231 
45.9539 
56.9728 
38.9842 
37.9909 
40.9949 
40.9972 
29.9984 
32.9992 
39.9995 
22 
35 
29 
27 
28 
38 
25 
30 
31 
30 
17 
21 
28 
14 
18 
24 
24 
18 
26 
24 
17 
23 
20 
19 
25 
26 
18 
15 
15 
17 
15 
22 
18 
25 
15 
19 
14 
24 
10 
10 
13 
19 
17 
16 
18 
13 
16 
12 
8 
15 
13 
14 
12 
12 
15 
12 
11 
14 
15 
11 
13 
13 
9 
9 
8 
12 
12 
7 
8 
5 
5 
9 
6 
9 
9 
8 
13 
5 
7 
6 
8 
8 
6 
1 
2 
3 
8 
6 
4 
5 
6 
4 
8 
10 
1 
5 
8 
5 
8 
3 
5 
3 
2 
6 
4 
3 
5 
4 
3 
3 
4 
2 
1 
5 
1 
7 
2 
1 
2 
1 
3 
3 
1 
2 
0 
2 
0 
2 
3 
1 
1 
1 
2 
4 
0 
2 
1 
0 
1 
2 
1 
2 
0 
2 
1 
0 
0 
1 
1 
0 
0 
0 
3 
2 
0 
0 
1 
1 
0 
0 
1 
2 
0 
0 
2 
0 
2 
0 
0 
2 
0 
2 
0 
0 
0 
0 
0 
0 
1 
1 
3 
0 
0 
0 
1 
0 
0 
0 
0 
0 
0 
0 
0 
0 
0 
0 
0 
1 
0 
0 
0 
0 
1 
0 
0 
0 
1 
0 
0 
0 
0 
0 
0 
0 
0 
0 
0 
0 
0 
0 
0 
0 
0 
0 
0 
0 
0 
0 
0 
0 
0 
0 
0 
0 
0 
0 
0 
0 
0 
0 
0 
0 
0 
0 
0 
0 
0 
0 
0 
0 
0 
0 
0 
0 
0 
0 
0 
0 
0 
0 
0 
0 
0 
0 
0 
0 
0 
0 
0 
0 
0 
0 
0 
0 
0 
0 
0 
0 
0 
0 
0 
0 
0 
0 
0 
0 
0 
0 
0 
0 
0 
0 
0 
0 
0 
0 
0 
0 
0 
0 
0 
0 
0 
0 
0 
0 
0 
0 
0 
0 
0 
0 
0 
0 
0 
0 
0 
0 
0 
0 
0 
0 
0 
0 
0 
0 
0 
0 
0 
0 
0 
0 
0 
0 
0 
0 
0 
0 
0 
0 
0 
0 
0 
0 
0 
0 
0 
0 
0 
0 
0 
0 
0 
0 
!IDEND=

