!FILE=Disk 
!KIND=Matrix 
!LABORATORY=Oslo Cyclotron Laboratory (OCL) 
!EXPERIMENT=SuN simulations 
!COMMENT=background
!TIME=2021-11-11 11:51:49
!CALIBRATION EkeV=6, 5.000000E+00, 1.000000E+01, 0.000000E+00
!PRECISION=16
!DIMENSION=1,0:1399
!CHANNEL=(0:1399)
0 
0 
0 
0 
0 
0 
0 
0 
1 
0 
0 
0 
1 
0 
0 
2 
0 
1 
2 
3 
0 
1 
0 
1 
0 
0 
0 
1 
0 
0 
0 
1 
1 
1 
0 
0 
0 
1 
2 
0 
1 
1 
0 
1 
0 
0 
1 
1 
1 
2 
2 
1 
1 
4 
3 
0 
1 
0 
3 
1 
2 
2 
1 
1 
0 
4 
2 
5 
1 
1 
2 
4 
6 
4 
2 
3 
3 
6 
0 
2 
3 
5 
8 
7 
6 
5 
6 
5 
3 
10 
8 
6 
11 
10 
11 
6 
12 
6 
9 
14 
20 
21 
23 
19 
21 
19 
13 
14 
17 
17 
14 
11 
17 
20 
17 
13 
14 
13 
11 
21 
22 
26 
17 
17 
25 
17 
18 
30 
26 
24 
28 
24 
21 
18 
30 
30 
28 
28 
30 
36 
27 
27 
24 
37 
20 
29 
20 
34 
36 
36 
27 
23 
39 
34 
40 
35 
43 
39 
24 
38 
30 
39 
39 
38 
33 
41 
41 
32 
37 
46 
36 
46 
43 
40 
41 
42 
51 
48 
36 
48 
38 
53 
46 
35 
45 
52 
44 
36 
39 
53 
48 
49 
39 
50 
52 
41 
57 
47 
54 
60 
44 
58 
53 
54 
51 
62 
49 
46 
52 
56 
61 
53 
64 
60 
62 
39 
65 
59 
68 
59 
63 
51 
77 
72 
59 
93 
66 
78 
57 
74 
85 
60 
66 
63 
75 
58 
74 
76 
73 
69 
74 
62 
82 
75 
58 
69 
90 
93 
77 
73 
79 
84 
72 
80 
89 
90 
62 
70 
82 
78 
81 
99 
97 
101 
89 
90 
76 
99 
75 
85 
97 
107 
104 
96 
103 
110 
97 
104 
105 
105 
100 
108 
103 
110 
107 
122 
103 
116 
113 
104 
132 
107 
128 
138 
129 
151 
111 
138 
141 
120 
137 
131 
129 
145 
139 
134 
129 
132 
114 
134 
143 
131 
132 
140 
144 
160 
149 
151 
154 
134 
130 
137 
145 
149 
141 
156 
146 
173 
165 
162 
163 
175 
166 
180 
187 
159 
185 
187 
203 
193 
187 
187 
201 
214 
180 
213 
227 
237 
242 
236 
238 
234 
226 
260 
256 
208 
256 
244 
276 
261 
292 
299 
290 
271 
318 
303 
336 
306 
325.999 
331.998 
386.997 
351.993 
365.985 
349.97 
346.94 
363.884 
361.78 
384.595 
417.272 
367.723 
409.815 
351.353 
395.062 
411.568 
386.385 
407.907 
408.418 
410.124 
401.208 
362.916 
408.668 
366.192 
456.654 
379.77 
380.878 
378.94 
366.46 
352.321 
307.536 
356.958 
272.971 
256.222 
271.421 
270.261 
224.453 
247.878 
220.835 
198.338 
213.419 
198.398 
210.081 
215.877 
239.827 
208.555 
222.174 
240.157 
211.203 
215.116 
223.707 
213.729 
197.834 
198.555 
184.31 
203.412 
216.085 
211.486 
197.718 
190.849 
214.921 
190.96 
184.98 
168.99 
158.995 
170.998 
176.999 
192 
162 
192 
144 
180 
167 
168 
167 
144 
171 
160 
170 
153 
146 
153 
137 
159 
126 
149 
163 
155 
131 
166 
150 
133 
156 
150 
134 
166 
150 
145 
132 
140 
137 
137 
155 
153 
133 
148 
116 
139 
147 
137 
119 
164 
138 
150 
126 
119 
147 
129 
140 
146 
154 
143 
114 
150 
111 
129 
129 
142 
149 
106 
150 
122 
122 
140 
124 
131 
152 
130 
137 
135 
122 
130 
113 
113 
136 
121 
130 
121 
131 
124 
119 
132 
131 
122 
127 
122 
142 
131 
136 
116 
129 
126 
107 
131 
124 
125 
124 
117 
124 
133 
120 
120 
128 
114 
127 
111 
132 
128 
119 
108 
123 
108 
128 
120 
115 
108 
121 
116 
120 
129 
106 
94 
118 
119 
120 
128 
118 
109 
127 
116 
116 
119 
112 
113 
115 
123 
118 
114 
111 
137 
103 
117 
131 
108 
126 
115 
121 
108 
104 
131 
122 
104 
118 
96 
111 
115 
116 
113 
110 
106 
110 
112 
132 
121 
110 
112 
110 
106 
108 
114 
94 
87 
110 
128 
106 
112 
99 
112 
92 
98 
93 
111 
116 
108 
86 
106 
109 
103 
94 
92 
99 
112 
84 
95 
89 
86 
108 
80 
94 
115 
115 
121 
84 
98 
87 
104 
111 
111 
98 
99 
100 
103 
100 
102 
104 
91 
93 
95 
100 
103 
107 
105 
91 
103 
87 
88 
95 
97 
104 
85 
81 
106 
92 
100 
73 
88 
90 
81 
97 
97 
80 
123 
98 
72 
105 
82 
107 
77 
95 
95 
101 
100 
98 
88 
67 
104 
76 
85 
80 
89 
89 
78 
76 
91 
113 
95 
92 
83 
93 
85 
96 
97 
86 
74 
88 
89 
115 
94 
69 
85 
75 
94 
77 
105 
100 
90 
96 
92 
85 
76 
79 
80 
88 
78 
75 
81 
73 
86 
88 
76 
84 
64 
88 
84 
88 
99 
70 
96 
67 
62 
76 
79 
64 
59 
78 
91 
89 
74 
81 
68 
70 
88 
89 
61 
77 
84 
68 
60 
95 
76 
72 
64 
46 
66 
66 
56 
69 
63 
59 
66 
68 
66 
57 
85 
70 
55 
58 
60 
61 
71 
66 
66 
65 
62 
65 
76 
72 
61 
69 
53 
68 
73 
71 
49 
53 
54 
53 
53 
61 
54 
55 
52 
63 
65 
63 
64 
70 
50 
70 
69 
64 
57 
58 
45 
58 
60 
63 
42 
53 
58 
53 
42 
57 
55 
61 
48 
58 
47 
61 
42 
55 
49 
50 
55 
40 
45 
44 
50 
44 
58 
50 
47 
37 
47 
37 
37 
38 
60 
46 
36 
34 
41 
58 
42 
49 
37 
38 
42 
39 
45 
47 
43 
46 
36 
44 
40 
44 
38 
35 
41 
37 
40 
32 
43 
43 
41 
40 
44 
37 
40 
37 
35 
36 
37 
39 
39 
46 
28 
37 
34 
33 
24 
40 
29 
22 
35 
38 
30 
27 
26 
35 
37 
27 
40 
45 
30 
33 
20 
29 
36 
20 
31 
29 
32 
21 
23 
33 
16 
41 
18 
27 
19 
22 
28 
21 
20 
26 
23 
27 
27 
21 
29 
26 
20 
21 
26 
14 
17 
32 
19 
25 
26 
22 
19 
24 
15 
30 
15 
19 
20 
11 
17 
10 
19 
19 
28 
14 
19 
16 
22 
17 
20 
16 
12 
21 
14 
14 
9 
14 
17 
23 
17 
15 
16 
12 
13 
12 
19 
20 
16 
15 
13 
13 
10 
16 
14 
15 
12 
13 
10 
14 
9 
15 
10 
15 
16 
12 
9 
17 
11 
10 
7 
7 
16 
6 
7 
11 
7 
11 
14 
10 
5 
7 
3 
11 
7 
15 
7 
7 
9 
9 
3 
11 
8 
8 
6 
9 
11 
6 
10 
7 
8 
8 
7 
4 
6 
6 
1 
9 
4 
9 
3 
6 
4 
4 
8 
6 
1 
1 
4 
1 
9 
5 
2 
5 
3 
4 
4 
2 
3 
3 
4 
3 
5 
3 
2 
6 
6 
4 
2 
2 
0 
3 
0 
1 
4 
2 
7 
3 
2 
3 
1 
3 
4 
4 
1 
3 
3 
1 
3 
0 
0 
2 
0 
1 
0 
1 
1 
1 
1 
1 
1 
0 
1 
0 
3 
0 
1 
0 
0 
0 
0 
0 
0 
1 
0 
0 
1 
0 
0 
0 
0 
0 
0 
0 
1 
0 
0 
1 
0 
1 
0 
0 
0 
0 
0 
1 
0 
1 
0 
0 
0 
1 
0 
0 
0 
0 
0 
0 
0 
0 
0 
0 
0 
0 
1 
0 
0 
1 
0 
0 
0 
0 
0 
0 
0 
0 
0 
0 
0 
0 
0 
0 
0 
0 
0 
0 
0 
0 
0 
0 
0 
0 
0 
0 
0 
0 
0 
0 
0 
0 
0 
0 
0 
0 
0 
0 
0 
0 
0 
0 
0 
0 
0 
0 
0 
0 
0 
0 
0 
0 
0 
0 
0 
0 
0 
0 
0 
0 
0 
0 
0 
0 
0 
0 
0 
0 
0 
0 
0 
0 
0 
0 
0 
0 
0 
0 
0 
0 
0 
0 
0 
0 
0 
0 
0 
0 
0 
0 
0 
0 
0 
0 
0 
0 
0 
0 
0 
0 
0 
0 
0 
0 
0 
0 
0 
0 
0 
0 
0 
0 
0 
0 
0 
0 
0 
0 
0 
0 
0 
0 
0 
0 
0 
0 
0 
0 
0 
0 
0 
0 
0 
0 
0 
0 
0 
0 
0 
0 
0 
0 
0 
0 
0 
0 
0 
0 
0 
0 
0 
0 
0 
0 
0 
0 
0 
0 
0 
0 
0 
0 
0 
0 
0 
0 
0 
0 
0 
0 
0 
0 
0 
0 
0 
0 
0 
0 
0 
0 
0 
0 
0 
0 
0 
0 
0 
0 
0 
0 
0 
0 
0 
0 
0 
0 
0 
0 
0 
0 
0 
0 
0 
0 
0 
0 
0 
0 
0 
0 
0 
0 
0 
0 
0 
0 
0 
0 
0 
0 
0 
0 
0 
0 
0 
0 
0 
0 
0 
0 
0 
0 
0 
!IDEND=

