!FILE=Disk 
!KIND=Matrix 
!LABORATORY=Oslo Cyclotron Laboratory (OCL) 
!EXPERIMENT=SuN simulations 
!COMMENT=background
!TIME=2021-11-11 11:51:48
!CALIBRATION EkeV=6, 5.000000E+00, 1.000000E+01, 0.000000E+00
!PRECISION=16
!DIMENSION=1,0:1399
!CHANNEL=(0:1399)
0 
0 
0 
0 
0 
0 
0 
1 
0 
0 
0 
1 
0 
0 
0 
0 
0 
0 
0 
0 
0 
1 
1 
0 
0 
0 
0 
1 
0 
0 
0 
1 
0 
1 
0 
0 
0 
1 
0 
2 
1 
0 
1 
0 
1 
0 
0 
2 
2 
2 
1 
3 
3 
6 
0 
2 
3 
2 
2 
2 
6 
3 
4 
1 
2 
6 
8 
4 
5 
6 
8 
9 
9 
7 
6 
5 
14 
10 
4 
6 
7 
6 
6 
5 
8 
11 
7 
6 
6 
11 
6 
8 
11 
12 
16 
12 
15 
20 
35 
54 
67 
79 
60 
66 
53 
35 
24 
22 
21 
12 
15 
14 
18 
9 
19 
19 
27 
18 
25 
11 
15 
28 
22 
18 
24 
19 
17 
25 
22 
29 
27 
24 
26 
22 
25 
24 
16 
18 
18 
25 
20 
19 
21 
11 
22 
12 
21 
23 
18 
25 
25 
22 
19 
22 
17 
17 
25 
24 
25 
14 
13 
22 
23 
20 
21 
22 
16 
21 
23 
25 
20 
23 
21 
15 
22 
12 
16 
16 
24 
24 
14 
20 
19 
15 
21 
18 
19 
16 
23 
18 
23 
20 
21 
21 
19 
23 
14 
13 
18 
20 
21 
17 
18 
32 
15 
20 
21 
24 
24 
16 
17 
16 
15 
16 
12 
19 
23 
20 
18 
17 
19 
17 
17 
25 
20 
18 
20 
19 
23 
16 
22 
28 
22 
12 
16 
16 
26 
9 
20 
15 
24 
15 
16 
17 
23 
15 
14 
23 
23 
15 
21 
15 
16 
14 
16 
17 
23 
16 
21 
15 
21 
22 
15 
23 
13 
17 
23 
15 
4 
14 
17 
17 
11 
17 
10 
14 
24 
24 
13 
15 
16 
16 
22 
22 
17 
10 
24 
10 
15 
20 
17 
19 
18 
13 
16 
22 
14 
24 
13 
15 
11 
9 
22 
19 
12 
17 
15 
18 
19 
14 
23 
20 
15 
18 
17 
18 
13 
16 
13 
24 
26 
16 
11 
13 
11 
17 
14 
22 
15 
16 
20 
20 
19 
17 
16 
20 
24 
16 
16 
16 
19 
16 
20 
16 
18 
18 
14 
14 
11 
21 
17 
19 
18 
14 
14 
11 
24 
16 
20 
18 
17 
27 
21 
19 
19 
15 
19 
10 
20 
25 
21 
26 
21 
14 
19 
17 
17 
19 
15 
22 
29 
19 
17 
17 
25 
11 
21 
15 
27 
17 
23 
19 
13 
22 
23 
19 
17 
16 
20 
14 
21 
19 
23 
16 
22 
19 
25 
14 
13 
12 
17 
15 
16 
19 
21 
27 
15 
18 
15 
18 
22 
21 
22 
14 
16 
20 
30 
16 
22 
16 
18 
15 
16 
22 
15 
19 
17 
13 
16 
18 
8 
17 
25 
21 
17 
18 
30 
16 
24 
13 
14 
23 
18 
23 
12 
23 
18 
19 
23 
17 
22 
24 
19 
17 
15 
22 
21 
30 
15 
20 
19 
15 
21 
19 
17 
23 
19 
30 
12 
20 
19 
20 
19 
16 
18 
27 
17 
17 
24 
20 
30 
22 
19 
31 
13 
15 
29 
24 
21 
16 
23 
22 
20 
14 
26 
9 
19 
13 
30 
15 
16 
28 
24 
19 
30 
20 
12 
30 
26 
24 
34 
26 
25 
21 
16 
16 
27 
17 
30 
30 
23 
25 
17 
12 
21 
28 
20 
23 
21 
33 
20 
17 
25 
17 
20 
19 
24 
24 
22 
24 
17 
24 
30 
16 
26 
27 
34 
31 
23 
25 
19 
18 
18 
22 
26 
25 
33 
28 
32 
27 
26 
22 
21 
31 
22 
26 
18 
21 
19 
29 
20 
20 
18 
27 
26 
22 
17 
27 
22 
17 
20 
23 
19 
21 
24 
23 
23 
28 
21 
18 
17 
31 
22 
24 
20 
22 
24 
13 
28 
27 
21 
24 
22 
30 
19 
29 
26 
33 
27 
23 
19 
25 
28 
23 
23 
33 
26 
31 
19 
23 
20 
25 
27 
23 
33 
19 
29 
30 
29 
26 
28 
37 
31 
22 
26 
22 
25 
31 
34 
30 
21 
31 
27 
39 
27 
25 
28 
36 
29 
22 
25 
21 
33 
24 
31 
32 
24 
31 
28 
26 
30 
38 
34 
31 
27 
22 
25 
34 
19 
24 
30 
21 
30 
24 
39 
37 
22 
26 
33 
38 
25 
32 
27 
27 
32 
30 
33 
37 
36 
43 
34 
41 
31 
33 
33 
26 
34 
31 
41 
36 
25 
27 
28 
26 
31 
22 
32 
39 
33 
34 
37 
27 
43 
25 
40 
43 
31 
29 
33 
23 
29 
30 
26 
32 
35 
21 
30 
45 
40 
32 
31 
18 
29 
26 
33 
25 
30 
33 
35 
33 
42 
33 
36 
42 
29 
34 
30 
46 
40 
33 
32 
36 
36 
29 
36 
33 
28 
26 
20 
25 
35 
29 
26 
27 
39 
42 
32 
37 
34 
38 
26 
37 
36 
28 
28 
34 
38 
44 
32 
37 
26 
37 
33 
28 
38 
36 
29 
29 
42 
41 
30 
34 
38 
35 
34 
40 
33 
43 
33 
38 
35 
41 
32 
38 
38 
35 
36 
42 
35 
44 
49 
47 
39 
36 
39 
35 
46 
39 
49 
33 
40 
34 
42 
49 
39 
32 
39 
45 
33 
33 
34 
51 
43 
39 
29 
39 
44 
36 
51 
47 
40 
38 
31 
43 
44 
48 
41 
33 
42 
47 
32 
42 
51 
37 
39 
32 
45 
39 
56 
41 
49 
44 
45 
43 
33 
42 
32 
46 
42 
38 
35 
51 
35 
57 
56 
50 
43 
43 
39 
46 
43 
53 
56 
43 
54 
57 
44 
39 
55 
48 
52 
42 
42 
48 
35 
44 
54 
55 
58 
48 
51 
56 
56 
68 
49 
52 
55 
49 
47 
53 
26 
49 
38 
55 
45 
60 
40 
56 
59 
49 
42 
54 
50 
43 
42 
60 
49 
47 
51 
36 
62 
59 
46 
46 
42 
59 
61 
49 
45 
45 
43 
50 
53 
63 
60 
52 
50 
48 
57 
62 
60 
48 
54 
52 
54 
48 
54 
61 
54 
63 
52 
66 
53 
49 
63 
58 
57 
58 
55 
58 
70 
41 
69 
53 
54 
57 
55 
58 
60 
54 
61 
60 
55 
60 
64 
63 
58 
65 
67 
64 
66 
60 
69 
87 
70 
65 
55 
69 
54 
60 
74 
58 
55 
74 
65 
61 
51 
76 
64 
71 
69 
63 
75 
61 
63 
51 
56 
67 
76 
66 
59 
52 
74 
70 
84 
63 
86 
55 
64 
69 
69 
66 
72 
76 
65 
61 
61 
74 
67 
85 
86 
75 
63 
74 
62 
77 
85 
72 
74 
87 
70 
72 
72 
83 
80 
77 
68 
71 
80 
79 
76 
78 
82 
82 
75 
87 
90 
77 
83 
78 
87 
73 
66 
80 
90 
100 
73 
92 
76 
84 
77 
93 
91 
90 
86 
93 
87 
90 
102 
106 
108 
89 
75 
102 
97 
86 
84 
93 
91 
92 
102 
82 
98 
87 
110 
85 
102 
94 
79 
112 
106 
107 
101 
102 
113 
92 
107 
107 
101 
113 
114 
101 
95 
107 
103 
105 
98 
105 
97 
107 
133 
113 
94 
109 
111 
110 
103 
101 
110 
107 
111 
111 
123 
114 
121 
122 
135 
107 
125 
120 
97 
116 
110 
125 
127 
122 
130 
125 
109 
113 
106 
121 
128 
118 
121 
142 
139 
131 
132 
135 
129 
147 
150 
144 
154 
138 
154 
146 
131 
138 
125 
155 
147 
154 
165 
144 
146 
164 
163 
147 
155 
171 
161 
149 
159 
198 
162 
168 
162 
183 
180 
134 
169 
169 
185 
187 
192 
201 
189 
183 
218 
179 
194 
207 
202 
172 
187 
228 
248 
194 
247 
246 
225 
236 
212 
227 
238 
245 
233 
269 
248 
260 
268 
274 
287 
292 
290 
293 
315 
309.998 
302.996 
308.994 
326.991 
359.986 
335.978 
353.966 
370.949 
392.923 
411.885 
383.83 
366.751 
420.639 
410.481 
420.259 
403.954 
435.535 
404.968 
454.207 
401.196 
470.867 
451.135 
491.904 
449.058 
457.463 
499.972 
484.417 
466.62 
528.392 
482.537 
529.863 
544.186 
554.343 
514.201 
593.668 
530.707 
539.346 
546.689 
495.926 
472.333 
542.282 
496.234 
484.731 
530.389 
415.879 
430.908 
435.192 
331.433 
359.293 
355.361 
361.136 
306.996 
248.191 
338.825 
316.852 
231.082 
236.185 
266.708 
243.095 
288.711 
332.866 
211.847 
280.938 
260.454 
261.754 
224.264 
214.489 
215.023 
225.55 
177.846 
193.775 
175.278 
145.368 
169.117 
153.642 
117.096 
108.656 
118.512 
99.8579 
99.8871 
67.7832 
79.7176 
52.8464 
33.309 
42.2275 
43.707 
31.8364 
24.69 
16.3286 
8.80174 
10.1488 
10.4008 
8.58209 
2.71118 
3.80221 
3.86579 
3.90976 
1.93988 
0.960313 
3.97404 
0.983174 
2 
2 
0 
0 
0 
0 
0 
0 
0 
0 
0 
0 
1 
0 
0 
0 
0 
0 
0 
0 
0 
0 
0 
0 
0 
0 
0 
0 
0 
0 
0 
0 
0 
0 
0 
0 
0 
0 
0 
0 
0 
0 
0 
0 
0 
0 
0 
0 
0 
0 
!IDEND=

