!FILE=Disk 
!KIND=Matrix 
!LABORATORY=Oslo Cyclotron Laboratory (OCL) 
!EXPERIMENT=SuN simulations 
!COMMENT=background
!TIME=2021-11-11 11:51:52
!CALIBRATION EkeV=6, 5.000000E+00, 1.000000E+01, 0.000000E+00
!PRECISION=16
!DIMENSION=1,0:1399
!CHANNEL=(0:1399)
1 
0 
0 
0 
0 
0 
0 
0 
0 
0 
0 
0 
1 
0 
0 
0 
0 
0 
0 
0 
0 
0 
0 
0 
0 
0 
0 
0 
0 
0 
0 
0 
1 
0 
0 
0 
1 
0 
0 
0 
0 
0 
0 
0 
0 
0 
1 
0 
1 
0 
2 
1 
1 
3 
0 
0 
1 
1 
0 
0 
2 
0 
1 
1 
2 
0 
3 
2 
2 
1 
1 
0 
3 
3 
7 
6 
1 
1 
4 
3 
4 
1 
5 
3 
3 
4 
2 
2 
2 
3 
2 
4 
4 
6 
4 
7 
7 
8 
10 
6 
15 
14 
13 
25 
12 
12 
10 
14 
15 
15 
12 
18 
14 
6 
14 
12 
14 
8 
14 
6 
10 
9 
13 
14 
6 
12 
7 
17 
15 
17 
12 
9 
14 
15 
11 
4 
14 
19 
16 
8 
7 
13 
10 
10 
17 
17 
24 
17 
14 
16 
13 
17 
11 
19 
13 
18 
8 
18 
24 
8 
13 
17 
15 
19 
17 
23 
17 
11 
15 
17 
20 
14 
20 
13 
12 
17 
16 
21 
14 
21 
14 
12 
21 
12 
16 
20 
17 
13 
14 
17 
14 
19 
20 
16 
16 
16 
19 
18 
9 
23 
26 
14 
17 
16 
23 
16 
17 
13 
15 
17 
21 
19 
14 
20 
11 
16 
15 
14 
16 
14 
12 
17 
22 
20 
21 
15 
25 
20 
20 
19 
23 
18 
19 
19 
24 
16 
11 
15 
17 
21 
16 
18 
15 
28 
17 
10 
16 
18 
23 
14 
23 
19 
23 
23 
15 
12 
18 
9 
23 
14 
15 
29 
18 
17 
17 
21 
16 
21 
18 
18 
25 
18 
26 
17 
17 
15 
23 
17 
21 
28 
26 
17 
20 
13 
27 
20 
19 
16 
10 
10 
26 
18 
21 
18 
20 
12 
23 
23 
13 
17 
16 
25 
26 
15 
24 
22 
13 
15 
17 
25 
23 
16 
17 
13 
13 
10 
24 
18 
13 
20 
13 
17 
18 
22 
23 
25 
25 
23 
18 
20 
21 
19 
23 
14 
21 
14 
21 
19 
27 
19 
19 
14 
24 
23 
24 
21 
25 
16 
20 
19 
25 
17 
21 
27 
22 
24 
32 
22 
27 
21 
26 
23 
32 
23 
21 
16 
22 
16 
21 
15 
29 
19 
17 
21 
18 
29 
23 
24 
18 
22 
26 
16 
21 
30 
20 
14 
20 
14 
19 
21 
23 
18 
30 
18 
23 
10 
18 
21 
25 
28 
27 
19 
16 
18 
27 
25 
22 
18 
19 
23 
22 
26 
17 
29 
15 
19 
25 
15 
32 
20 
28 
19 
14 
23 
28 
24 
28 
20 
18 
18 
17 
23 
24 
18 
28 
24 
23 
14 
16 
24 
26 
26 
24 
27 
24 
22 
19 
26 
26 
22 
24 
29 
27 
28 
16 
19 
25 
27 
28 
22 
28 
25 
22 
29 
28 
36 
23 
26 
18 
19 
24 
27 
21 
23 
27 
25 
21 
26 
24 
10 
26 
30 
26 
29 
36 
28 
22 
24 
25 
19 
22 
27 
24 
24 
14 
23 
27 
36 
25 
16 
20 
24 
30 
33 
21 
31 
25 
24 
29 
22 
25 
25 
26 
26 
32 
20 
26 
24 
28 
39 
27 
28 
31 
19 
23 
25 
30 
20 
30 
28 
25 
21 
36 
32 
30 
28 
21 
32 
29 
28 
25 
31 
29 
29 
38 
39 
19 
29 
23 
41 
29 
34 
30 
27 
40 
24 
30 
33 
46 
27 
20 
33 
26 
29 
30 
33 
33 
31 
32 
38 
35 
24 
39 
37 
32 
45 
31 
27 
33 
36 
41 
28 
30 
30 
45 
34 
26 
29 
35 
37 
37 
35 
32 
39 
38 
31 
38 
38 
41 
39 
42 
30 
37 
24 
33 
35 
25 
28 
29 
34 
23 
32 
36 
27 
28 
31 
35 
26 
27 
28 
30 
35 
34 
43 
32 
25 
35 
37 
34 
37 
33 
22 
29 
33 
32 
38 
30 
37 
34 
33 
30 
33 
29 
32 
38 
18 
38 
36 
37 
29 
35 
46 
35 
31 
36 
40 
36 
36 
41 
24 
26 
39 
29 
32 
38 
31 
36 
38 
27 
28 
38 
32 
35 
36 
43 
36 
37 
42 
37 
36 
38 
33 
49 
46 
42 
38 
43 
53 
24 
36 
40 
32 
34 
38 
39 
24 
35 
34 
54 
41 
48 
33 
40 
39 
48 
41 
45 
48 
46 
41 
36 
32 
45 
37 
40 
37 
43 
47 
57 
38 
50 
54 
51 
46 
49 
54 
56 
35 
38 
45 
51 
42 
30 
54 
33 
47 
47 
42 
59 
41 
40 
41 
41 
51 
51 
51 
52 
67 
43 
56 
71 
38 
44 
53 
59 
55 
47 
59 
51 
45 
66 
37 
40 
54 
46 
43 
44 
53 
53 
40 
46 
55 
55 
48 
49 
39 
46 
41 
56 
54 
60 
56 
38 
51 
48 
46 
53 
45 
44 
72 
50 
56 
63 
55 
44 
62 
53 
61 
52 
59 
50 
63 
49 
50 
62 
52 
61 
61 
52 
69 
50 
60 
46 
67 
56 
61 
45 
71 
62 
48 
52 
65 
70 
47 
62 
64 
56 
58 
64 
63 
57 
64 
60 
60 
65 
53 
68 
59 
63 
71 
63 
61 
56 
56 
70 
63 
55 
69 
69 
47 
66 
63 
53 
72 
65 
72 
74 
64 
67 
63 
57 
67 
65 
77 
49 
79 
70 
67 
71 
59 
60 
95 
55 
76 
68 
79 
56 
65 
62 
88 
64 
75 
81 
75 
74 
52 
69 
72 
56 
65 
54 
70 
88 
97 
75 
73 
85 
80 
63 
71 
68 
71 
86 
69 
71 
72 
69 
82 
78 
85 
98 
78 
78 
80 
74 
79 
72 
72 
70 
89 
70 
98 
73 
69 
79 
81 
92 
68 
81 
74 
90 
102 
65 
97 
86 
75 
94 
85 
74 
85 
99 
103 
84 
98 
119 
92 
82 
78 
72 
81 
75 
84 
94 
101 
94 
85 
90 
85 
74 
89 
85 
85 
90 
98 
98 
109 
88 
90 
91 
96 
104 
111 
90 
96 
91 
106 
104 
91 
94 
94 
82 
95 
97 
100 
105 
79 
103 
106 
107 
103 
91 
95 
120 
101 
111 
109 
124 
105 
118 
92 
121 
111 
123 
107 
111 
130 
114 
105 
109 
106 
115 
114 
127 
110 
129 
107 
125 
97 
134 
95 
99 
118 
108 
115 
139 
133 
133 
112 
119 
119 
107 
116 
121 
120 
101 
121 
129 
133 
109 
125 
136 
113 
139 
137 
116 
139 
163 
143 
124 
130 
136 
147 
123 
147 
133 
129 
144 
115 
144 
137 
138 
130 
167 
137 
142 
167 
141 
129 
161 
150 
161 
171 
141 
149 
153 
158 
147 
152 
154 
163 
145 
150 
175 
136 
136 
166 
174 
159 
179 
173 
192 
164 
152 
160 
175 
178 
188 
165 
162 
170 
186 
168 
181 
206 
170 
177 
185 
181 
184 
204 
194 
204 
212 
216 
193 
205 
205 
204 
188 
203 
213 
216 
225 
208 
241 
217 
232 
208 
222 
233 
253 
238 
247 
244 
242 
282 
267 
275 
264 
290 
295 
289 
286 
316 
303 
288 
297 
303 
334 
338 
326 
339 
333 
351 
357.999 
369.999 
343.998 
359.996 
409.994 
376.99 
388.983 
396.972 
391.955 
411.928 
420.885 
441.82 
416.722 
425.575 
417.358 
402.042 
491.589 
465.946 
427.046 
470.804 
511.112 
519.839 
480.824 
482.883 
508.8 
525.337 
508.233 
557.217 
559.016 
512.374 
604.063 
560.91 
560.818 
517.784 
500.925 
475.49 
478.876 
458.627 
489.431 
442.105 
390.567 
447.8 
395.813 
304.586 
255.024 
259.903 
318.829 
194.202 
218.19 
286.72 
245.484 
198.955 
264.418 
224.016 
207.791 
219.741 
229.867 
248.219 
175.937 
212.279 
254.641 
221.569 
236.754 
183.029 
220.35 
181.781 
137.466 
163.614 
140.471 
134.307 
106.395 
92.9998 
77.3705 
69.7315 
71.2808 
69.1881 
58.5959 
44.6211 
31.3577 
24.88 
26.2455 
25.4979 
23.6699 
16.7857 
15.8625 
7.91287 
9.94545 
10.9663 
9.9794 
5.98757 
4.99259 
3.99564 
4 
3 
4 
3 
4 
7 
4 
2 
3 
2 
2 
3 
3 
0 
1 
2 
2 
0 
1 
1 
1 
4 
1 
1 
1 
2 
1 
0 
1 
0 
2 
3 
0 
0 
0 
2 
0 
0 
0 
0 
0 
0 
1 
0 
0 
0 
0 
0 
0 
0 
0 
0 
0 
0 
0 
0 
0 
0 
0 
0 
0 
1 
0 
0 
0 
0 
0 
0 
0 
0 
0 
0 
0 
0 
0 
0 
0 
0 
0 
0 
0 
0 
0 
0 
0 
0 
0 
0 
0 
0 
0 
0 
0 
0 
0 
0 
0 
0 
0 
0 
0 
0 
0 
0 
0 
0 
0 
0 
0 
0 
0 
0 
0 
0 
0 
0 
0 
0 
0 
0 
0 
0 
0 
0 
0 
0 
0 
0 
0 
0 
0 
0 
0 
0 
0 
0 
0 
0 
0 
0 
0 
0 
0 
0 
0 
0 
0 
0 
0 
0 
0 
0 
0 
0 
!IDEND=

