!FILE=Disk 
!KIND=Matrix 
!LABORATORY=Oslo Cyclotron Laboratory (OCL) 
!EXPERIMENT=siri2root 
!COMMENT=none
!TIME=2016-12-26 12:29:20
!CALIBRATION EkeV=6, 1.000000E+00, 1.000000E+01, 0.000000E+00
!PRECISION=16
!DIMENSION=1,0:1499
!CHANNEL=(0:1499)
0 
0 
0 
4 
14 
22 
5 
10 
23 
12 
11 
10 
16 
14 
16 
18 
26 
26 
20 
21 
14 
23 
24 
21 
25 
11 
21 
19 
16 
20 
16 
14 
15 
32 
20 
16 
30 
23 
30 
27 
23 
22 
18 
29 
18 
22 
10 
32 
18 
21 
24 
19 
23 
25 
32 
17 
22 
20 
38 
30 
24 
24 
28 
25 
23 
25 
14 
28 
21 
26 
27 
35 
26 
28 
35 
38 
35 
20 
33 
27 
28 
31 
34 
30 
33 
47 
34 
34 
25 
24 
38 
25 
23 
32 
38 
28 
40 
45 
41 
43 
35 
33 
26 
35 
36 
39 
36 
41 
33 
47 
38 
42 
33 
36 
24 
30 
45 
29 
44 
28 
30 
36 
42 
27 
29 
39 
56 
42 
27 
45 
30 
41 
42 
34 
34 
26 
39 
33 
34 
41 
41 
32 
50 
49 
42 
39 
45 
54 
45 
33 
37 
47 
41 
60 
39 
32 
44 
39 
34 
49 
45 
49 
50 
49 
53 
64 
44 
37 
46 
53 
48 
53 
63 
50 
42 
51 
47 
57 
51 
60 
50 
48 
63 
57 
65 
62 
49 
53 
50 
48 
56 
53 
70 
51 
55 
62 
60 
55 
50 
54 
67 
55 
58 
59 
63 
61 
46 
67 
51 
65 
67 
52 
52 
71 
52 
62 
55 
64 
66 
56 
70 
63 
77 
82 
79 
81 
64 
68 
61 
77 
59 
77 
78 
79 
72 
69 
68 
76 
95 
83 
86 
89 
74 
83 
86 
80 
81 
71 
93 
78 
87 
79 
88 
98 
80 
88 
93 
88 
104 
93 
89 
102 
76 
85 
73 
62 
86 
88 
96 
73 
103 
94 
81 
93 
87 
100 
82 
95 
91 
94 
81 
87 
93 
108 
96 
80 
94 
98 
106 
94 
114 
96 
91 
92 
108 
95 
81 
92 
88 
101 
116 
112 
101 
82 
102 
101 
114 
105 
106 
96 
107 
105 
109 
118 
103 
118 
122 
110 
110 
107 
131 
122 
118 
115 
122 
103 
114 
110 
134 
127 
104 
119 
115 
119 
135 
115 
129 
120 
140 
112 
118 
138 
103 
137 
129 
139 
127 
138 
119 
122 
132 
130 
108 
129 
149 
144 
127 
110 
120 
149 
140 
132 
139 
136 
132 
155 
126 
168 
140 
150 
136 
138 
136 
159 
139 
137 
147 
148 
136 
149 
168 
152 
148 
165 
135 
144 
144 
147 
156 
136 
176 
173 
189 
171 
161 
151 
164 
154 
161 
150 
156 
162 
155 
158 
165 
143 
154 
167 
173 
187 
154 
150 
170 
169 
187 
182 
159 
175 
177 
156 
200 
185 
161 
172 
188 
176 
169 
177 
181 
185 
176 
189 
196 
179 
174 
187 
183 
170 
165 
205 
199 
180 
173 
166 
192 
194 
198 
180 
186 
201 
194 
208 
188 
198 
197 
173 
186 
202 
193 
178 
204 
188 
184 
208 
193 
210 
211 
191 
189 
220 
203 
192 
202 
198 
162 
193 
205 
209 
188 
198 
211 
183 
205 
214 
216 
192 
202 
181 
194 
206 
200 
220 
220 
200 
214 
206 
219 
227 
210 
204 
212 
210 
238 
212 
205 
222 
227 
227 
201 
214 
214 
214 
241 
206 
205 
217 
218 
215 
225 
228 
238 
222 
202 
238 
245 
248 
220 
196 
228 
216 
201 
240 
247 
221 
220 
210 
222 
211 
219 
219 
197 
228 
209 
189 
239 
238 
221 
237 
263 
180 
223 
205 
228 
231 
222 
255 
243 
218 
214 
216 
217 
232 
203 
209 
220 
224 
216 
229 
255 
237 
205 
217 
239 
232 
247 
252 
233 
216 
272 
270 
303 
296 
299 
375 
341 
380 
424 
442 
492 
557 
568 
598 
641 
645 
658 
736 
698 
809 
831 
814 
748 
814 
707 
691 
626 
624 
603 
524 
505 
449 
431 
376 
337 
307 
273 
241 
269 
208 
198 
164 
162 
157 
157 
145 
115 
115 
126 
132 
105 
111 
119 
108 
112 
124 
93 
112 
98 
96 
102 
99 
103 
98 
103 
86 
98 
90 
95 
78 
94 
92 
101 
95 
87 
83 
89 
79 
110 
84 
85 
77 
95 
62 
74 
71 
79 
67 
69 
80 
89 
74 
79 
82 
75 
81 
67 
70 
86 
75 
90 
76 
66 
65 
82 
73 
67 
67 
65 
59 
60 
68 
53 
58 
47 
85 
77 
74 
62 
75 
70 
64 
59 
62 
68 
55 
67 
51 
56 
60 
63 
49 
63 
70 
57 
60 
61 
51 
60 
60 
71 
71 
64 
63 
51 
53 
45 
40 
53 
47 
56 
52 
59 
52 
48 
41 
55 
61 
60 
58 
59 
51 
52 
55 
52 
45 
49 
49 
58 
61 
53 
52 
49 
52 
32 
32 
41 
43 
54 
64 
33 
51 
46 
53 
35 
51 
40 
49 
40 
37 
51 
45 
35 
57 
46 
47 
56 
43 
33 
42 
44 
32 
40 
41 
35 
37 
39 
31 
43 
40 
47 
42 
36 
31 
39 
38 
43 
40 
38 
39 
40 
30 
39 
37 
34 
38 
33 
42 
42 
41 
30 
33 
39 
42 
27 
35 
24 
26 
32 
36 
29 
33 
31 
29 
23 
40 
27 
35 
22 
23 
33 
21 
32 
29 
23 
18 
24 
30 
27 
24 
31 
26 
21 
22 
33 
29 
34 
27 
19 
24 
27 
26 
28 
19 
15 
22 
20 
25 
14 
20 
23 
19 
24 
20 
16 
24 
22 
26 
19 
19 
18 
23 
13 
21 
19 
18 
23 
19 
20 
20 
16 
20 
13 
16 
11 
23 
15 
27 
21 
17 
15 
15 
17 
13 
9 
20 
22 
13 
12 
20 
14 
14 
18 
15 
21 
10 
15 
6 
7 
15 
14 
11 
12 
12 
19 
14 
11 
14 
16 
17 
17 
14 
9 
13 
8 
13 
6 
11 
9 
11 
9 
4 
5 
8 
9 
14 
8 
8 
6 
3 
11 
6 
12 
8 
9 
6 
4 
13 
9 
6 
7 
7 
3 
10 
4 
6 
13 
3 
7 
3 
4 
9 
4 
3 
4 
8 
6 
6 
6 
4 
4 
7 
9 
3 
9 
2 
3 
3 
4 
6 
5 
1 
4 
1 
3 
3 
2 
6 
6 
5 
9 
4 
4 
3 
3 
9 
4 
5 
1 
0 
3 
2 
4 
6 
4 
2 
3 
2 
2 
2 
4 
1 
2 
1 
0 
3 
1 
2 
1 
1 
3 
1 
0 
2 
1 
3 
0 
2 
1 
1 
0 
1 
0 
1 
0 
1 
1 
0 
5 
0 
0 
0 
1 
0 
1 
1 
1 
0 
3 
1 
0 
1 
1 
2 
1 
1 
0 
0 
0 
0 
1 
1 
0 
0 
1 
1 
0 
0 
0 
1 
0 
1 
1 
0 
0 
0 
0 
0 
0 
0 
0 
0 
0 
0 
0 
0 
0 
0 
0 
0 
0 
0 
0 
0 
0 
0 
0 
1 
0 
0 
0 
0 
0 
0 
0 
0 
0 
0 
0 
0 
0 
0 
0 
0 
0 
0 
0 
0 
0 
0 
0 
0 
0 
0 
0 
0 
0 
0 
0 
0 
0 
0 
0 
0 
0 
0 
0 
0 
0 
0 
0 
0 
0 
0 
0 
0 
0 
0 
0 
0 
0 
0 
0 
0 
0 
0 
0 
0 
0 
0 
0 
0 
0 
0 
0 
0 
0 
0 
0 
0 
0 
0 
0 
0 
0 
0 
0 
0 
0 
0 
0 
0 
0 
0 
0 
0 
0 
0 
0 
0 
0 
0 
0 
0 
0 
0 
0 
0 
0 
0 
0 
0 
0 
0 
0 
0 
0 
0 
0 
0 
0 
0 
0 
0 
0 
0 
0 
0 
0 
0 
0 
0 
0 
0 
0 
0 
0 
0 
0 
0 
0 
0 
0 
0 
0 
0 
0 
0 
0 
0 
0 
0 
0 
0 
0 
0 
0 
0 
0 
0 
0 
0 
0 
0 
0 
0 
0 
0 
0 
0 
0 
0 
0 
0 
0 
0 
0 
0 
0 
0 
0 
0 
0 
0 
0 
0 
0 
0 
0 
0 
0 
0 
0 
0 
0 
0 
0 
0 
0 
0 
0 
0 
0 
0 
0 
0 
0 
0 
0 
0 
0 
0 
0 
0 
0 
0 
0 
0 
0 
0 
0 
0 
0 
0 
0 
0 
0 
0 
0 
0 
0 
0 
0 
0 
0 
0 
0 
0 
0 
0 
0 
0 
0 
0 
0 
0 
0 
0 
0 
0 
0 
0 
0 
0 
0 
0 
0 
0 
0 
0 
0 
0 
0 
0 
0 
0 
0 
0 
0 
0 
0 
0 
0 
0 
0 
0 
0 
0 
0 
0 
0 
0 
0 
0 
0 
0 
0 
0 
0 
0 
0 
0 
0 
0 
0 
0 
0 
0 
0 
0 
0 
0 
0 
0 
0 
0 
0 
0 
0 
0 
0 
0 
0 
0 
0 
0 
0 
0 
0 
0 
0 
0 
0 
0 
0 
0 
0 
0 
0 
0 
0 
0 
0 
0 
0 
0 
0 
0 
0 
0 
0 
0 
0 
0 
0 
0 
0 
0 
0 
0 
0 
0 
0 
0 
0 
0 
0 
0 
0 
0 
0 
0 
0 
0 
0 
0 
0 
0 
0 
0 
0 
0 
0 
0 
0 
0 
0 
0 
0 
0 
0 
0 
0 
0 
0 
0 
0 
0 
0 
0 
0 
0 
0 
0 
0 
0 
0 
0 
0 
0 
0 
0 
0 
0 
0 
0 
0 
0 
0 
0 
0 
0 
!IDEND=

