!FILE=Disk 
!KIND=Matrix 
!LABORATORY=Oslo Cyclotron Laboratory (OCL) 
!EXPERIMENT=siri2root 
!COMMENT=none
!TIME=2016-12-26 14:13:00
!CALIBRATION EkeV=6, 1.000000E+00, 1.000000E+01, 0.000000E+00
!PRECISION=16
!DIMENSION=1,0:1499
!CHANNEL=(0:1499)
0 
0 
1 
2 
7 
10 
7 
8 
8 
10 
12 
8 
9 
6 
7 
23 
17 
8 
13 
7 
16 
14 
6 
14 
9 
15 
13 
11 
9 
6 
10 
4 
18 
12 
9 
18 
18 
17 
17 
12 
23 
14 
16 
21 
18 
9 
10 
10 
17 
10 
10 
10 
9 
10 
9 
14 
13 
12 
18 
18 
18 
18 
15 
16 
13 
7 
6 
12 
17 
13 
20 
11 
14 
18 
18 
20 
21 
18 
21 
26 
16 
8 
17 
11 
18 
23 
21 
19 
14 
16 
23 
17 
15 
18 
15 
19 
18 
24 
18 
14 
16 
12 
17 
24 
15 
25 
21 
20 
23 
16 
20 
16 
22 
21 
23 
27 
13 
25 
20 
31 
24 
26 
19 
21 
13 
16 
22 
17 
20 
23 
16 
21 
21 
13 
23 
23 
28 
18 
27 
27 
26 
27 
29 
19 
23 
23 
24 
22 
21 
18 
27 
20 
28 
34 
17 
21 
24 
22 
25 
28 
25 
26 
27 
20 
29 
30 
24 
26 
24 
22 
31 
19 
29 
32 
29 
36 
23 
30 
29 
34 
27 
34 
25 
31 
33 
18 
26 
24 
23 
36 
41 
28 
27 
29 
26 
25 
20 
29 
35 
27 
32 
29 
28 
29 
31 
31 
24 
24 
25 
30 
27 
26 
40 
23 
30 
41 
34 
33 
35 
29 
27 
32 
28 
39 
37 
32 
43 
34 
38 
39 
37 
46 
36 
45 
35 
44 
49 
35 
44 
41 
42 
34 
34 
21 
32 
37 
40 
38 
39 
32 
41 
42 
33 
38 
36 
37 
35 
45 
35 
42 
43 
46 
55 
35 
47 
42 
44 
45 
37 
43 
34 
48 
39 
50 
51 
35 
38 
39 
35 
38 
46 
36 
63 
41 
44 
48 
58 
51 
55 
53 
52 
51 
34 
51 
57 
37 
47 
27 
44 
58 
51 
53 
53 
50 
46 
35 
74 
51 
68 
49 
44 
53 
60 
38 
50 
51 
47 
42 
49 
56 
52 
48 
48 
68 
52 
48 
59 
54 
54 
44 
59 
69 
61 
50 
51 
52 
69 
67 
57 
50 
56 
67 
77 
62 
76 
55 
71 
61 
68 
56 
58 
50 
56 
53 
69 
52 
83 
52 
44 
53 
69 
59 
61 
74 
73 
61 
55 
72 
66 
62 
67 
73 
56 
60 
73 
73 
73 
64 
82 
75 
74 
78 
71 
60 
65 
70 
66 
77 
58 
73 
89 
73 
97 
70 
82 
53 
87 
84 
76 
76 
89 
68 
78 
65 
73 
75 
78 
98 
75 
87 
95 
87 
90 
70 
91 
95 
69 
79 
86 
84 
98 
93 
110 
85 
96 
84 
70 
93 
98 
87 
78 
102 
82 
90 
87 
107 
86 
83 
92 
95 
115 
96 
95 
102 
85 
87 
87 
86 
101 
95 
92 
106 
79 
88 
100 
102 
99 
96 
112 
85 
90 
95 
91 
90 
116 
92 
99 
98 
97 
93 
105 
109 
96 
117 
112 
95 
121 
111 
108 
86 
103 
116 
115 
102 
106 
105 
100 
100 
113 
113 
116 
109 
103 
105 
114 
102 
104 
115 
124 
117 
111 
97 
117 
134 
114 
116 
119 
111 
92 
133 
116 
125 
137 
107 
130 
116 
127 
110 
106 
129 
116 
115 
124 
133 
116 
101 
109 
124 
127 
129 
124 
134 
104 
133 
113 
146 
138 
126 
125 
125 
145 
125 
143 
129 
108 
136 
130 
142 
131 
118 
128 
130 
130 
120 
151 
120 
140 
125 
103 
142 
150 
129 
131 
137 
132 
149 
136 
132 
131 
148 
132 
136 
129 
118 
132 
162 
116 
149 
154 
123 
145 
133 
144 
155 
152 
131 
151 
148 
153 
143 
151 
145 
136 
159 
143 
140 
168 
156 
162 
163 
148 
147 
156 
154 
150 
165 
154 
149 
153 
145 
150 
150 
169 
131 
170 
150 
157 
144 
165 
131 
138 
145 
159 
159 
152 
150 
150 
151 
163 
167 
154 
157 
155 
159 
174 
145 
157 
159 
163 
160 
187 
176 
153 
152 
186 
178 
166 
161 
191 
154 
154 
148 
162 
168 
165 
165 
179 
165 
174 
174 
147 
142 
165 
180 
162 
167 
175 
167 
188 
138 
165 
168 
163 
158 
160 
181 
158 
178 
167 
186 
190 
179 
155 
187 
141 
195 
187 
170 
167 
162 
189 
163 
190 
173 
166 
166 
180 
199 
182 
176 
179 
177 
172 
194 
159 
168 
192 
193 
181 
168 
180 
181 
173 
179 
185 
184 
187 
207 
174 
194 
189 
184 
184 
202 
174 
176 
181 
169 
164 
180 
166 
168 
195 
168 
184 
196 
173 
213 
194 
182 
220 
185 
178 
180 
215 
178 
207 
193 
188 
178 
228 
190 
168 
200 
170 
194 
177 
190 
194 
182 
199 
183 
191 
182 
179 
202 
180 
204 
189 
190 
186 
180 
172 
218 
199 
211 
189 
223 
217 
193 
190 
197 
199 
185 
223 
157 
180 
198 
158 
188 
177 
183 
166 
173 
194 
171 
182 
189 
194 
168 
180 
200 
203 
192 
184 
191 
187 
176 
190 
193 
184 
164 
181 
174 
197 
188 
171 
172 
177 
181 
196 
203 
189 
213 
196 
186 
188 
198 
167 
181 
181 
208 
192 
193 
185 
180 
168 
189 
185 
194 
153 
183 
191 
165 
187 
181 
191 
187 
211 
175 
183 
174 
173 
164 
194 
175 
196 
181 
176 
170 
180 
195 
187 
155 
199 
201 
184 
200 
208 
213 
176 
205 
205 
208 
199 
227 
222 
237 
255 
239 
266 
278 
336 
333 
326 
331 
377 
357 
385 
384 
401 
447 
406 
459 
415 
472 
420 
415 
419 
377 
400 
388 
375 
336 
350 
318 
316 
303 
282 
256 
206 
195 
163 
153 
116 
115 
112 
93 
83 
71 
65 
44 
47 
40 
46 
34 
31 
22 
28 
22 
23 
16 
28 
13 
16 
12 
10 
15 
10 
12 
15 
9 
9 
6 
10 
8 
7 
15 
12 
8 
7 
9 
3 
7 
9 
10 
8 
10 
9 
13 
4 
9 
7 
3 
7 
8 
7 
6 
5 
8 
5 
7 
7 
7 
5 
6 
4 
6 
1 
5 
9 
9 
8 
7 
4 
5 
2 
7 
6 
4 
3 
4 
1 
4 
5 
3 
3 
1 
2 
3 
2 
3 
3 
2 
2 
3 
3 
2 
3 
2 
5 
5 
2 
2 
1 
1 
4 
2 
0 
1 
1 
2 
1 
3 
1 
2 
0 
0 
2 
0 
3 
0 
1 
0 
1 
2 
2 
0 
1 
0 
0 
3 
2 
1 
0 
1 
1 
0 
0 
1 
1 
1 
2 
2 
0 
0 
0 
0 
0 
0 
1 
2 
2 
1 
0 
1 
0 
0 
0 
0 
0 
0 
0 
1 
1 
0 
1 
0 
0 
2 
1 
0 
0 
1 
0 
0 
0 
0 
0 
0 
1 
0 
0 
0 
0 
0 
0 
0 
0 
0 
0 
0 
0 
0 
0 
0 
0 
0 
0 
0 
0 
0 
1 
0 
0 
0 
0 
0 
0 
0 
0 
0 
0 
0 
0 
0 
0 
0 
0 
0 
0 
0 
0 
0 
0 
0 
0 
0 
0 
0 
0 
0 
0 
0 
0 
0 
0 
0 
0 
0 
0 
0 
0 
0 
0 
0 
0 
0 
0 
0 
0 
0 
0 
0 
0 
0 
0 
0 
0 
0 
0 
0 
0 
0 
0 
0 
0 
0 
0 
0 
0 
0 
0 
0 
0 
0 
0 
0 
0 
0 
0 
0 
0 
0 
0 
0 
0 
0 
0 
0 
0 
0 
0 
0 
0 
0 
0 
0 
0 
0 
0 
0 
0 
0 
0 
0 
0 
0 
0 
0 
0 
0 
0 
0 
0 
0 
0 
0 
0 
0 
0 
0 
0 
0 
0 
0 
0 
0 
0 
0 
0 
0 
0 
0 
0 
0 
0 
0 
0 
0 
0 
0 
0 
0 
0 
0 
0 
0 
0 
0 
0 
0 
0 
0 
0 
0 
0 
0 
0 
0 
0 
0 
0 
0 
0 
0 
0 
0 
0 
0 
0 
0 
0 
0 
0 
0 
0 
0 
0 
0 
0 
0 
0 
0 
0 
0 
0 
0 
0 
0 
0 
0 
0 
0 
0 
0 
0 
0 
0 
0 
0 
0 
0 
0 
0 
0 
0 
0 
0 
0 
0 
0 
0 
0 
0 
0 
0 
0 
0 
0 
0 
0 
0 
0 
0 
0 
0 
0 
0 
0 
0 
0 
0 
0 
0 
0 
0 
0 
0 
0 
0 
0 
0 
0 
0 
0 
0 
0 
0 
0 
0 
0 
0 
0 
0 
0 
0 
0 
0 
0 
0 
0 
0 
0 
0 
0 
0 
0 
0 
0 
0 
0 
0 
0 
0 
0 
0 
0 
0 
0 
0 
0 
0 
0 
0 
0 
0 
0 
0 
0 
0 
0 
0 
0 
0 
0 
0 
0 
0 
0 
0 
0 
0 
0 
0 
0 
0 
0 
0 
0 
0 
0 
0 
0 
0 
0 
0 
0 
0 
0 
0 
0 
0 
0 
0 
0 
0 
0 
0 
0 
0 
0 
0 
0 
0 
0 
0 
0 
0 
0 
0 
0 
0 
0 
0 
0 
0 
0 
0 
0 
0 
0 
0 
0 
0 
0 
0 
0 
0 
0 
0 
0 
0 
0 
0 
0 
0 
0 
0 
0 
0 
0 
0 
0 
0 
0 
0 
0 
0 
0 
0 
0 
0 
0 
0 
0 
0 
0 
0 
0 
!IDEND=

