!FILE=Disk 
!KIND=Matrix 
!LABORATORY=Oslo Cyclotron Laboratory (OCL) 
!EXPERIMENT=siri2root 
!COMMENT=none
!TIME=2018-02-21 22:37:35
!CALIBRATION EkeV=6, 0.000000E+00, 5.000000E+00, 0.000000E+00
!PRECISION=16
!DIMENSION=1,0:2047
!CHANNEL=(0:2047)
249.413 
270.983 
293.77 
319.128 
348.634 
384.066 
427.269 
479.938 
543.261 
617.529 
701.984 
794.808 
893.185 
993.488 
1091.64 
1183.6 
1265.92 
1336.24 
1393.6 
1438.5 
1472.7 
1498.67 
1518.84 
1535.17 
1548.88 
1560.49 
1570.14 
1577.89 
1584.08 
1589.4 
1594.6 
1598.99 
1600.51 
1598.06 
1590.95 
1577.55 
1556.38 
1527.33 
1491.8 
1452.66 
1413.83 
1379.82 
1354.92 
1341.51 
1339.43 
1348.2 
1366.52 
1390.17 
1413.04 
1429.19 
1434.54 
1427.82 
1409.88 
1383.48 
1352.64 
1321.12 
1291.49 
1264.95 
1241.72 
1221.29 
1202.61 
1184.3 
1164.95 
1143.27 
1118.34 
1089.67 
1057.38 
1022.21 
985.554 
949.199 
914.895 
883.948 
857.009 
834.03 
814.404 
797.276 
781.804 
767.241 
752.932 
738.282 
722.809 
706.241 
688.578 
670.134 
651.563 
633.73 
617.478 
603.433 
591.875 
582.693 
575.381 
569.041 
562.496 
554.506 
544.089 
530.786 
514.776 
496.892 
478.469 
460.858 
444.894 
430.652 
417.434 
403.982 
389.103 
372.29 
353.941 
335.317 
318.212 
304.263 
294.366 
288.535 
285.944 
285.137 
284.51 
282.847 
279.547 
274.554 
268.272 
261.476 
255.068 
249.773 
245.95 
243.59 
242.363 
241.702 
241.004 
239.809 
237.892 
235.28 
232.215 
229.046 
226.116 
223.668 
221.803 
220.461 
219.444 
218.476 
217.26 
215.545 
213.167 
210.086 
206.403 
202.351 
198.266 
194.522 
191.427 
189.136 
187.612 
186.605 
185.652 
184.201 
181.819 
178.377 
174.114 
169.592 
165.539 
162.613 
161.198 
161.394 
162.974 
165.287 
167.567 
169.256 
170.149 
170.324 
169.859 
168.842 
167.474 
165.952 
164.383 
162.807 
161.21 
159.559 
157.833 
156.035 
154.177 
152.281 
150.383 
148.538 
146.814 
145.292 
144.061 
143.26 
143.033 
143.442 
144.467 
146.007 
147.838 
149.625 
150.994 
151.671 
151.568 
150.721 
149.325 
147.803 
146.623 
146.055 
146.199 
146.736 
147.052 
146.979 
146.282 
144.412 
141.474 
138.228 
135.504 
133.832 
133.346 
134.031 
135.718 
137.866 
139.729 
140.757 
140.779 
139.715 
137.523 
134.508 
131.256 
128.37 
126.326 
125.263 
125.034 
125.525 
126.626 
128.063 
129.554 
130.932 
132.136 
133.209 
134.258 
135.311 
136.156 
136.428 
135.943 
134.665 
132.595 
129.885 
126.86 
123.927 
121.428 
119.552 
118.35 
117.792 
117.847 
118.38 
119.132 
119.935 
120.751 
121.533 
122.211 
122.689 
122.895 
122.806 
122.439 
121.866 
121.316 
121.109 
121.398 
122.194 
123.465 
125.051 
126.636 
127.852 
128.45 
128.357 
127.649 
126.565 
125.426 
124.49 
123.883 
123.588 
123.472 
123.371 
123.162 
122.789 
122.248 
121.58 
120.86 
120.187 
119.674 
119.414 
119.439 
119.779 
120.461 
121.422 
122.501 
123.493 
124.198 
124.525 
124.52 
124.233 
123.723 
123.131 
122.575 
122.084 
121.591 
120.95 
119.964 
118.455 
116.359 
113.772 
110.958 
108.347 
106.512 
105.957 
106.862 
109.153 
112.529 
116.429 
120.186 
123.267 
125.42 
126.654 
127.179 
127.326 
127.353 
127.341 
127.265 
127.03 
126.495 
125.585 
124.349 
122.956 
121.666 
120.733 
120.246 
120.128 
120.32 
120.754 
121.254 
121.636 
121.825 
121.849 
121.736 
121.519 
121.248 
120.95 
120.623 
120.258 
119.847 
119.399 
118.942 
118.529 
118.251 
118.223 
118.499 
119.094 
120.02 
121.249 
122.689 
124.166 
125.447 
126.293 
126.546 
126.158 
125.176 
123.759 
122.163 
120.678 
119.573 
118.984 
118.887 
119.244 
119.971 
120.811 
121.457 
121.734 
121.584 
121.201 
120.962 
121.016 
121.569 
122.996 
125.197 
127.576 
129.44 
130.398 
130.496 
129.837 
128.634 
127.484 
126.968 
127.277 
128.382 
130.052 
131.757 
132.962 
133.393 
132.99 
131.854 
130.275 
128.593 
127.04 
125.719 
124.649 
123.917 
123.709 
124.131 
125.224 
127.012 
129.406 
132.169 
134.983 
137.586 
139.872 
141.836 
143.496 
144.855 
145.735 
145.793 
144.841 
142.886 
140.043 
136.633 
133.227 
130.511 
128.979 
128.785 
129.92 
132.249 
135.408 
138.952 
142.521 
145.858 
148.768 
151.071 
152.593 
153.218 
152.91 
151.756 
150.016 
148.011 
146.02 
144.238 
142.763 
141.635 
140.887 
140.557 
140.665 
141.24 
142.319 
143.828 
145.51 
146.983 
147.923 
148.194 
147.78 
146.785 
145.541 
144.571 
144.335 
144.999 
146.534 
148.815 
151.599 
154.574 
157.44 
159.96 
161.985 
163.455 
164.4 
164.924 
165.157 
165.23 
165.24 
165.218 
165.176 
165.14 
165.119 
165.096 
165.029 
164.841 
164.417 
163.649 
162.483 
160.95 
159.194 
157.509 
156.312 
155.961 
156.58 
158.107 
160.286 
162.654 
164.647 
165.809 
165.933 
164.981 
163.078 
160.629 
158.236 
156.544 
156.057 
156.947 
159.152 
162.453 
166.49 
170.863 
175.215 
179.261 
182.795 
185.676 
187.814 
189.177 
189.771 
189.604 
188.804 
187.667 
186.421 
185.136 
183.815 
182.438 
180.982 
179.451 
177.956 
176.758 
176.13 
176.182 
176.967 
178.485 
180.487 
182.594 
184.535 
186.237 
187.835 
189.623 
191.897 
194.775 
198.13 
201.622 
204.805 
207.293 
208.877 
209.5 
209.165 
208.104 
206.845 
205.804 
205.122 
204.74 
204.401 
203.768 
202.636 
201.072 
199.527 
198.632 
198.713 
200.368 
204.619 
211.66 
220.715 
230.693 
240.443 
249.041 
256.001 
261.353 
265.608 
269.551 
273.901 
279.049 
285.007 
291.446 
297.777 
303.363 
307.733 
310.71 
312.439 
313.359 
314.1 
315.314 
317.49 
320.808 
325.095 
329.866 
334.453 
338.215 
340.719 
341.791 
341.406 
339.934 
338.431 
337.943 
338.828 
341.076 
344.561 
348.942 
353.67 
358.118 
361.758 
364.306 
365.774 
366.482 
367.006 
367.982 
369.852 
372.695 
376.199 
379.715 
382.37 
383.614 
383.559 
382.405 
380.499 
378.669 
377.592 
377.446 
378.213 
379.738 
381.662 
383.601 
385.353 
386.942 
388.56 
390.428 
392.659 
395.203 
397.891 
400.31 
401.806 
401.959 
400.332 
396.402 
390.214 
382.163 
372.872 
363.258 
354.31 
346.963 
341.929 
339.329 
338.75 
339.919 
342.64 
346.397 
350.538 
354.493 
357.848 
360.377 
362.033 
362.928 
363.304 
363.438 
363.546 
363.742 
364.066 
364.594 
365.545 
367.334 
370.497 
375.521 
382.66 
391.873 
402.827 
414.999 
427.922 
441.38 
455.483 
470.539 
486.64 
503.436 
520.148 
535.735 
549.278 
560.264 
568.645 
574.815 
579.48 
583.315 
586.652 
589.376 
591.021 
591.122 
589.515 
586.358 
582.212 
578.012 
574.785 
573.247 
573.619 
575.851 
579.661 
584.473 
589.751 
595.317 
601.452 
608.76 
617.748 
628.477 
640.351 
652.055 
661.91 
668.477 
670.981 
669.231 
664.05 
657.708 
652.684 
650.476 
651.536 
655.427 
660.706 
665.255 
667.427 
666.683 
662.414 
653.337 
638.733 
618.544 
592.82 
561.909 
526.812 
489.355 
451.98 
417.268 
387.296 
363.143 
344.785 
331.184 
320.569 
310.973 
300.737 
288.763 
274.598 
258.421 
240.896 
222.866 
205.131 
188.367 
173.091 
159.64 
148.151 
138.55 
130.552 
123.688 
117.404 
111.214 
104.818 
98.1307 
91.2739 
84.5246 
78.1963 
72.5165 
67.569 
63.2859 
59.4889 
55.9765 
52.5915 
49.2383 
45.8635 
42.4203 
38.8436 
35.0689 
31.083 
26.9515 
22.8175 
18.8782 
15.334 
12.3294 
9.91513 
8.0391 
6.56687 
5.33659 
4.21977 
3.15636 
2.16285 
1.3087 
0.662981 
0.252945 
0.0544581 
0 
0 
0 
0 
0 
0 
0 
0 
0 
0 
0 
0 
0 
0 
0 
0 
0 
0 
0 
0 
0 
0 
0 
0 
0 
0 
0 
0 
0 
0 
0 
0 
0 
0 
0 
0 
0 
0 
0 
0 
0 
0 
0 
0 
0 
0 
0 
0 
0 
0 
0 
0 
0 
0 
0 
0 
0 
0 
0 
0 
0 
0 
0 
0 
0 
0 
0 
0 
0 
0 
0 
0 
0 
0 
0 
0 
0 
0 
0 
0 
0 
0 
0 
0 
0 
0 
0 
0 
0 
0 
0 
0 
0 
0 
0 
0 
0 
0 
0 
0 
0 
0 
0 
0 
0 
0 
0 
0 
0 
0 
0 
0 
0 
0 
0 
0 
0 
0 
0 
0 
0 
0 
0 
0 
0 
0 
0 
0 
0 
0 
0 
0 
0 
0 
0 
0 
0 
0 
0 
0 
0 
0 
0 
0 
0 
0 
0 
0 
0 
0 
0 
0 
0 
0 
0 
0 
0 
0 
0 
0 
0 
0 
0 
0 
0 
0 
0 
0 
0 
0 
0 
0 
0 
0 
0 
0 
0 
0 
0 
0 
0 
0 
0 
0 
0 
0 
0 
0 
0 
0 
0 
0 
0 
0 
0 
0 
0 
0 
0 
0 
0 
0 
0 
0 
0 
0 
0 
0 
0 
0 
0 
0 
0 
0 
0 
0 
0 
0 
0 
0 
0 
0 
0 
0 
0 
0 
0 
0 
0 
0 
0 
0 
0 
0 
0 
0 
0 
0 
0 
0 
0 
0 
0 
0 
0 
0 
0 
0 
0 
0 
0 
0 
0 
0 
0 
0 
0 
0 
0 
0 
0 
0 
0 
0 
0 
0 
0 
0 
0 
0 
0 
0 
0 
0 
0 
0 
0 
0 
0 
0 
0 
0 
0 
0 
0 
0 
0 
0 
0 
0 
0 
0 
0 
0 
0 
0 
0 
0 
0 
0 
0 
0 
0 
0 
0 
0 
0 
0 
0 
0 
0 
0 
0 
0 
0 
0 
0 
0 
0 
0 
0 
0 
0 
0 
0 
0 
0 
0 
0 
0 
0 
0 
0 
0 
0 
0 
0 
0 
0 
0 
0 
0 
0 
0 
0 
0 
0 
0 
0 
0 
0 
0 
0 
0 
0 
0 
0 
0 
0 
0 
0 
0 
0 
0 
0 
0 
0 
0 
0 
0 
0 
0 
0 
0 
0 
0 
0 
0 
0 
0 
0 
0 
0 
0 
0 
0 
0 
0 
0 
0 
0 
0 
0 
0 
0 
0 
0 
0 
0 
0 
0 
0 
0 
0 
0 
0 
0 
0 
0 
0 
0 
0 
0 
0 
0 
0 
0 
0 
0 
0 
0 
0 
0 
0 
0 
0 
0 
0 
0 
0 
0 
0 
0 
0 
0 
0 
0 
0 
0 
0 
0 
0 
0 
0 
0 
0 
0 
0 
0 
0 
0 
0 
0 
0 
0 
0 
0 
0 
0 
0 
0 
0 
0 
0 
0 
0 
0 
0 
0 
0 
0 
0 
0 
0 
0 
0 
0 
0 
0 
0 
0 
0 
0 
0 
0 
0 
0 
0 
0 
0 
0 
0 
0 
0 
0 
0 
0 
0 
0 
0 
0 
0 
0 
0 
0 
0 
0 
0 
0 
0 
0 
0 
0 
0 
0 
0 
0 
0 
0 
0 
0 
0 
0 
0 
0 
0 
0 
0 
0 
0 
0 
0 
0 
0 
0 
0 
0 
0 
0 
0 
0 
0 
0 
0 
0 
0 
0 
0 
0 
0 
0 
0 
0 
0 
0 
0 
0 
0 
0 
0 
0 
0 
0 
0 
0 
0 
0 
0 
0 
0 
0 
0 
0 
0 
0 
0 
0 
0 
0 
0 
0 
0 
0 
0 
0 
0 
0 
0 
0 
0 
0 
0 
0 
0 
0 
0 
0 
0 
0 
0 
0 
0 
0 
0 
0 
0 
0 
0 
0 
0 
0 
0 
0 
0 
0 
0 
0 
0 
0 
0 
0 
0 
0 
0 
0 
0 
0 
0 
0 
0 
0 
0 
0 
0 
0 
0 
0 
0 
0 
0 
0 
0 
0 
0 
0 
0 
0 
0 
0 
0 
0 
0 
0 
0 
0 
0 
0 
0 
0 
0 
0 
0 
0 
0 
0 
0 
0 
0 
0 
0 
0 
0 
0 
0 
0 
0 
0 
0 
0 
0 
0 
0 
0 
0 
0 
0 
0 
0 
0 
0 
0 
0 
0 
0 
0 
0 
0 
0 
0 
0 
0 
0 
0 
0 
0 
0 
0 
0 
0 
0 
0 
0 
0 
0 
0 
0 
0 
0 
0 
0 
0 
0 
0 
0 
0 
0 
0 
0 
0 
0 
0 
0 
0 
0 
0 
0 
0 
0 
0 
0 
0 
0 
0 
0 
0 
0 
0 
0 
0 
0 
0 
0 
0 
0 
0 
0 
0 
0 
0 
0 
0 
0 
0 
0 
0 
0 
0 
0 
0 
0 
0 
0 
0 
0 
0 
0 
0 
0 
0 
0 
0 
0 
0 
0 
0 
0 
0 
0 
0 
0 
0 
0 
0 
0 
0 
0 
0 
0 
0 
0 
0 
0 
0 
0 
0 
0 
0 
0 
0 
0 
0 
0 
0 
0 
0 
0 
0 
0 
0 
0 
0 
0 
0 
0 
0 
0 
0 
0 
0 
0 
0 
0 
0 
0 
0 
0 
0 
0 
0 
0 
0 
0 
0 
0 
0 
0 
0 
0 
0 
0 
0 
0 
0 
0 
0 
0 
0 
0 
0 
0 
0 
0 
0 
0 
0 
0 
0 
0 
0 
0 
0 
0 
0 
0 
0 
0 
0 
0 
0 
0 
0 
0 
0 
0 
0 
0 
0 
0 
0 
0 
0 
0 
0 
0 
0 
0 
0 
0 
0 
0 
0 
0 
0 
0 
0 
0 
0 
0 
0 
0 
0 
0 
0 
0 
0 
0 
0 
0 
0 
0 
0 
0 
0 
0 
0 
0 
0 
0 
0 
0 
0 
0 
0 
0 
0 
0 
0 
0 
0 
0 
0 
0 
0 
0 
0 
0 
0 
0 
0 
0 
0 
0 
0 
0 
0 
0 
0 
0 
0 
0 
0 
0 
0 
0 
0 
0 
0 
0 
0 
0 
0 
0 
0 
0 
0 
0 
0 
0 
0 
0 
0 
0 
0 
0 
0 
0 
0 
0 
0 
0 
0 
0 
0 
0 
0 
0 
0 
0 
0 
0 
0 
0 
0 
0 
0 
0 
0 
0 
0 
0 
0 
0 
0 
0 
0 
0 
0 
0 
0 
0 
0 
0 
0 
0 
0 
0 
0 
0 
0 
0 
0 
0 
0 
0 
0 
0 
0 
0 
0 
0 
0 
0 
0 
0 
0 
0 
0 
0 
0 
0 
0 
0 
0 
0 
0 
0 
0 
0 
0 
0 
0 
0 
0 
0 
0 
0 
0 
0 
0 
0 
0 
0 
0 
0 
0 
0 
0 
0 
0 
0 
0 
0 
0 
0 
0 
0 
0 
0 
0 
0 
0 
0 
0 
0 
0 
0 
0 
0 
0 
0 
0 
0 
0 
0 
0 
0 
0 
0 
0 
0 
0 
0 
0 
0 
0 
0 
0 
0 
0 
0 
0 
0 
0 
0 
0 
0 
0 
0 
0 
0 
0 
0 
0 
0 
0 
0 
0 
0 
0 
0 
0 
0 
0 
0 
0 
0 
0 
0 
0 
0 
0 
0 
0 
0 
0 
0 
0 
0 
0 
0 
0 
0 
0 
0 
0 
0 
0 
0 
0 
0 
0 
0 
0 
0 
0 
0 
0 
0 
0 
0 
0 
0 
0 
0 
0 
0 
0 
0 
0 
0 
0 
0 
0 
0 
0 
0 
0 
0 
0 
0 
0 
0 
0 
0 
0 
0 
0 
0 
0 
0 
0 
0 
0 
0 
0 
0 
0 
0 
0 
0 
0 
0 
0 
0 
0 
0 
0 
0 
0 
0 
0 
0 
0 
0 
0 
0 
0 
0 
0 
0 
0 
0 
0 
0 
0 
0 
0 
0 
0 
0 
0 
0 
0 
0 
0 
0 
0 
0 
0 
0 
0 
0 
0 
0 
0 
0 
0 
0 
0 
0 
0 
0 
0 
0 
0 
0 
0 
0 
!IDEND=

