!FILE=Disk 
!KIND=Spectrum 
!LABORATORY=Oslo Cyclotron Laboratory (OCL) 
!EXPERIMENT= oslo_method_python 
!COMMENT=Made by OMpy 
!TIME=DATE:08-Sep-20 09:56:55   
!CALIBRATION EkeV=6, 0.000000E+00, 2.000400E+00, 0.000000E+00 
!PRECISION=16 
!DIMENSION=1,0:4999 
!CHANNEL=(0:4999) 
1.23520604E+02   
2.20540608E+02   
2.52581816E+02   
2.62032006E+02   
3.01598620E+02   
2.90571814E+02   
3.13565413E+02   
3.75620224E+02   
3.51057211E+02   
3.59038808E+02   
3.67124825E+02   
3.90145229E+02   
4.13673035E+02   
4.05085617E+02   
4.21143629E+02   
4.83188838E+02   
4.65096019E+02   
4.72110022E+02   
4.93304061E+02   
5.18936387E+02   
5.27902681E+02   
4.97752751E+02   
5.31403281E+02   
6.12657832E+02   
6.55524505E+02   
6.94211142E+02   
7.61450990E+02   
7.90831866E+02   
8.65076915E+02   
8.57792859E+02   
9.18976195E+02   
9.91247650E+02   
1.07084897E+03   
1.08083947E+03   
1.14558132E+03   
1.20125835E+03   
1.26740478E+03   
1.29520564E+03   
1.23500930E+03   
1.25056051E+03   
1.32651400E+03   
1.39768444E+03   
1.46611632E+03   
1.51157932E+03   
1.50667964E+03   
1.50975285E+03   
1.52926375E+03   
1.52191288E+03   
1.51821374E+03   
1.56657522E+03   
1.62148520E+03   
1.67533167E+03   
1.69168464E+03   
1.58017303E+03   
1.59213583E+03   
1.68425505E+03   
1.65736457E+03   
1.63618064E+03   
1.63602150E+03   
1.60974305E+03   
1.62652350E+03   
1.62893959E+03   
1.66930216E+03   
1.64919914E+03   
1.65393409E+03   
1.69444859E+03   
1.72865493E+03   
1.66828646E+03   
1.63048340E+03   
1.64361252E+03   
1.67469744E+03   
1.63040738E+03   
1.62180146E+03   
1.58556541E+03   
1.61981676E+03   
1.67789658E+03   
1.61267423E+03   
1.61738728E+03   
1.63286247E+03   
1.60921714E+03   
1.58972224E+03   
1.61168714E+03   
1.61594819E+03   
1.51171744E+03   
1.61311362E+03   
1.59286137E+03   
1.63804361E+03   
1.56689718E+03   
1.59750770E+03   
1.64472725E+03   
1.58541278E+03   
1.58265213E+03   
1.63998370E+03   
1.59657752E+03   
1.52635167E+03   
1.54629686E+03   
1.49067914E+03   
1.48239688E+03   
1.45681956E+03   
1.43623935E+03   
1.45460292E+03   
1.37882256E+03   
1.39948450E+03   
1.45866123E+03   
1.40024635E+03   
1.38619464E+03   
1.29353921E+03   
1.37847279E+03   
1.37248780E+03   
1.32337297E+03   
1.30544049E+03   
1.37206821E+03   
1.32029696E+03   
1.31215813E+03   
1.32417514E+03   
1.35997259E+03   
1.32370864E+03   
1.25323775E+03   
1.32670694E+03   
1.43427015E+03   
1.45446849E+03   
1.44538248E+03   
1.40895289E+03   
1.43057572E+03   
1.42932957E+03   
1.37263543E+03   
1.40612693E+03   
1.37040188E+03   
1.36657782E+03   
1.37516763E+03   
1.42334477E+03   
1.32372224E+03   
1.39246359E+03   
1.34610462E+03   
1.34570134E+03   
1.34773195E+03   
1.28164873E+03   
1.29026065E+03   
1.25801940E+03   
1.27124465E+03   
1.19233677E+03   
1.18739278E+03   
1.29063223E+03   
1.23765443E+03   
1.18896279E+03   
1.22856581E+03   
1.20399760E+03   
1.22195299E+03   
1.13191538E+03   
1.17861252E+03   
1.12162863E+03   
1.08555511E+03   
1.09991278E+03   
1.07065423E+03   
1.07415893E+03   
1.07876925E+03   
1.08459052E+03   
1.00333407E+03   
1.04956011E+03   
9.99421384E+02   
1.00669554E+03   
1.00285217E+03   
1.00395469E+03   
9.73666933E+02   
9.61625525E+02   
9.67172835E+02   
9.35899880E+02   
8.99383477E+02   
9.31688338E+02   
9.31109522E+02   
9.07181036E+02   
8.67850970E+02   
8.46064613E+02   
8.04425985E+02   
8.26038508E+02   
8.09899380E+02   
8.46827966E+02   
8.36614523E+02   
8.16739648E+02   
8.26160132E+02   
8.30176535E+02   
7.84989998E+02   
7.37651730E+02   
7.39353571E+02   
7.04970994E+02   
7.49422985E+02   
7.51547510E+02   
7.37366573E+02   
7.64820864E+02   
7.29238148E+02   
7.24410682E+02   
7.26599720E+02   
6.87025105E+02   
6.82937287E+02   
6.87420184E+02   
6.77452490E+02   
6.84612923E+02   
6.48666933E+02   
6.52284857E+02   
6.55302961E+02   
6.67640628E+02   
6.70243049E+02   
6.40862372E+02   
6.26817864E+02   
6.09984997E+02   
6.21542609E+02   
5.86115823E+02   
6.26553811E+02   
5.72866473E+02   
5.76030906E+02   
6.03470894E+02   
6.19277856E+02   
5.76099820E+02   
5.94456891E+02   
5.81986297E+02   
5.70074915E+02   
5.92663233E+02   
5.88350570E+02   
5.50572014E+02   
5.67871174E+02   
5.46534907E+02   
5.71463593E+02   
5.78945689E+02   
5.49612723E+02   
5.19976495E+02   
5.27921984E+02   
5.27323365E+02   
5.77655331E+02   
5.19326165E+02   
5.14775255E+02   
5.20825665E+02   
5.62371074E+02   
4.84946189E+02   
5.03216243E+02   
4.68786557E+02   
4.78065513E+02   
5.37691938E+02   
5.24765653E+02   
4.96213343E+02   
4.88331466E+02   
4.84902380E+02   
4.93304161E+02   
4.71063013E+02   
4.64707141E+02   
4.30954091E+02   
4.38843469E+02   
4.36501900E+02   
4.62482396E+02   
4.76910482E+02   
4.39680236E+02   
4.62290658E+02   
4.57296659E+02   
4.49871574E+02   
3.98220504E+02   
3.91278256E+02   
3.91278256E+02   
3.91278256E+02   
3.91278256E+02   
3.61952010E+02   
3.21719944E+02   
3.44065213E+02   
3.27879076E+02   
2.96226245E+02   
3.05614423E+02   
2.96358572E+02   
3.22335767E+02   
2.97304361E+02   
2.96095919E+02   
3.02922184E+02   
2.82674935E+02   
2.58210442E+02   
2.89791958E+02   
2.80887477E+02   
2.99576815E+02   
2.91716943E+02   
2.81958192E+02   
2.99277656E+02   
2.88613123E+02   
2.82272855E+02   
2.63720144E+02   
2.64908282E+02   
2.76321164E+02   
2.80281656E+02   
2.94123525E+02   
2.61375475E+02   
2.82741348E+02   
2.75370674E+02   
2.74215643E+02   
2.70742649E+02   
2.93136327E+02   
2.92513203E+02   
2.47806261E+02   
2.61517704E+02   
2.49198940E+02   
2.51317363E+02   
2.69255551E+02   
2.55381976E+02   
2.54388078E+02   
2.51526505E+02   
2.53248650E+02   
2.43751050E+02   
2.63943389E+02   
2.41669334E+02   
2.24211142E+02   
2.57966193E+02   
2.45474195E+02   
2.43535707E+02   
2.10423785E+02   
2.48176135E+02   
2.18173735E+02   
2.39540908E+02   
2.44550110E+02   
2.32791158E+02   
2.49304061E+02   
2.48911282E+02   
2.27186137E+02   
2.18157532E+02   
2.35689238E+02   
2.11873675E+02   
2.14669034E+02   
2.31298060E+02   
2.29643929E+02   
2.32731146E+02   
2.40340668E+02   
2.42122324E+02   
2.24238948E+02   
2.51465593E+02   
2.22385277E+02   
2.30148530E+02   
2.07459692E+02   
2.03416883E+02   
2.19880876E+02   
2.04675035E+02   
2.08708142E+02   
1.98081116E+02   
2.40046009E+02   
2.13334367E+02   
2.07152030E+02   
1.94849370E+02   
2.14033307E+02   
2.41497199E+02   
2.57776055E+02   
2.36405681E+02   
2.15483797E+02   
2.00677035E+02   
1.98039608E+02   
2.03896279E+02   
2.08100020E+02   
2.05237948E+02   
1.87644529E+02   
2.03800860E+02   
2.02354871E+02   
2.07165833E+02   
1.91267954E+02   
1.97111722E+02   
2.08027205E+02   
1.92185837E+02   
1.79682236E+02   
1.85605321E+02   
1.97035607E+02   
2.12275955E+02   
2.04018404E+02   
2.00297259E+02   
1.67650530E+02   
1.90456691E+02   
1.68161032E+02   
1.83148930E+02   
1.75687938E+02   
1.87860872E+02   
1.82615823E+02   
1.99348770E+02   
1.86391378E+02   
1.64900280E+02   
1.95569814E+02   
2.05948390E+02   
2.00789258E+02   
1.98483997E+02   
1.78592819E+02   
1.92341268E+02   
1.61002601E+02   
1.61292358E+02   
1.85517403E+02   
1.64671734E+02   
1.65910482E+02   
1.87956191E+02   
1.78269454E+02   
1.64837868E+02   
1.82519004E+02   
1.89894379E+02   
1.57787357E+02   
1.75811662E+02   
1.63027005E+02   
1.55625625E+02   
1.67862973E+02   
1.75458092E+02   
1.52348870E+02   
1.57398680E+02   
1.54372575E+02   
1.49074615E+02   
1.65245949E+02   
1.74336767E+02   
1.73146229E+02   
1.51691438E+02   
1.78503801E+02   
1.77528806E+02   
1.59073115E+02   
1.70932787E+02   
1.59397980E+02   
1.78026705E+02   
1.56424785E+02   
1.46730746E+02   
1.47646329E+02   
1.55712943E+02   
1.52349770E+02   
1.60381076E+02   
1.46024105E+02   
1.60698240E+02   
1.59033107E+02   
1.53361172E+02   
1.35687738E+02   
1.46036607E+02   
1.50698240E+02   
1.73720344E+02   
1.69347970E+02   
1.35323365E+02   
1.41047409E+02   
1.42016503E+02   
1.69829266E+02   
1.66282356E+02   
1.34938988E+02   
1.47058212E+02   
1.53116723E+02   
1.69033207E+02   
1.68666033E+02   
1.48576015E+02   
1.57228746E+02   
1.42566413E+02   
1.50728546E+02   
1.51328266E+02   
1.42083417E+02   
1.51297159E+02   
1.58147630E+02   
1.39585417E+02   
1.50093019E+02   
1.46453491E+02   
1.53825765E+02   
1.32384077E+02   
1.46348570E+02   
1.38783257E+02   
1.45670334E+02   
1.32668734E+02   
1.57154131E+02   
1.47497499E+02   
1.34796459E+02   
1.47165733E+02   
1.73126225E+02   
1.25825565E+02   
1.44365373E+02   
1.61814063E+02   
1.61032807E+02   
1.37137728E+02   
1.34712242E+02   
1.33657932E+02   
1.33285457E+02   
1.25339768E+02   
1.41436187E+02   
1.35047409E+02   
1.54080916E+02   
1.27410682E+02   
1.50526505E+02   
1.32026005E+02   
1.40978296E+02   
1.38250450E+02   
1.24743649E+02   
1.35062112E+02   
1.34644329E+02   
1.28858472E+02   
1.40701340E+02   
1.32586517E+02   
1.48327265E+02   
1.44337768E+02   
1.47722244E+02   
1.28792659E+02   
1.36559212E+02   
1.40044309E+02   
1.34723845E+02   
1.33305061E+02   
1.29769054E+02   
1.35061512E+02   
1.32896879E+02   
1.46851370E+02   
1.45689438E+02   
1.38151530E+02   
1.35633127E+02   
1.31350970E+02   
1.29324565E+02   
1.23214243E+02   
1.31607522E+02   
1.37037608E+02   
1.23129126E+02   
1.47324965E+02   
1.34426085E+02   
1.45747449E+02   
1.48213843E+02   
1.42432086E+02   
1.37709042E+02   
1.30565213E+02   
1.35298160E+02   
1.26137528E+02   
1.43989998E+02   
1.32954091E+02   
1.31094719E+02   
1.24959692E+02   
1.30794559E+02   
1.48553311E+02   
1.45146229E+02   
1.25254951E+02   
1.27629226E+02   
1.35907281E+02   
1.48736247E+02   
1.30320564E+02   
1.41028406E+02   
1.32864573E+02   
1.35935587E+02   
1.24896479E+02   
1.27024805E+02   
1.20603521E+02   
1.18468794E+02   
1.24982196E+02   
1.45146029E+02   
1.20103121E+02   
1.13006101E+02   
1.26716043E+02   
1.37166733E+02   
1.30606121E+02   
1.23163933E+02   
1.11305261E+02   
1.34180236E+02   
1.33443489E+02   
1.28614123E+02   
1.11541508E+02   
1.30382677E+02   
1.33577015E+02   
9.95477095E+01   
1.16352370E+02   
1.18688438E+02   
1.25800060E+02   
1.34869274E+02   
1.41061312E+02   
1.24670034E+02   
1.35826465E+02   
1.23984297E+02   
1.17931386E+02   
1.27284957E+02   
1.27305361E+02   
1.30638028E+02   
1.33247650E+02   
1.23902981E+02   
1.32659232E+02   
1.32686137E+02   
1.21475295E+02   
1.21157932E+02   
1.12396379E+02   
1.22274055E+02   
1.09216843E+02   
1.20902781E+02   
1.20864673E+02   
1.18561712E+02   
1.32666033E+02   
1.17296659E+02   
1.40938988E+02   
1.32012503E+02   
1.19855571E+02   
1.18543609E+02   
1.12779356E+02   
1.17026005E+02   
1.23719544E+02   
1.15753051E+02   
1.40577115E+02   
1.12858772E+02   
1.24544009E+02   
1.15703541E+02   
1.10894679E+02   
1.18223545E+02   
1.25629026E+02   
1.25496499E+02   
1.14662633E+02   
1.06164133E+02   
1.09963393E+02   
1.17494899E+02   
1.33079016E+02   
1.19968994E+02   
1.17179436E+02   
1.09968994E+02   
1.08331566E+02   
1.22307261E+02   
1.18116823E+02   
1.25588518E+02   
9.39781956E+01   
1.16680636E+02   
9.99608922E+01   
1.05905781E+02   
1.07389178E+02   
1.26105121E+02   
1.31574115E+02   
1.11280556E+02   
1.11735647E+02   
1.14225745E+02   
1.32158232E+02   
1.21713843E+02   
1.10301560E+02   
1.19211942E+02   
1.10809862E+02   
1.32495099E+02   
1.20566313E+02   
1.18244549E+02   
1.28263553E+02   
1.27289558E+02   
1.17507502E+02   
1.20008002E+02   
1.28552911E+02   
1.18028206E+02   
1.25017403E+02   
1.23268954E+02   
1.26274555E+02   
1.30776655E+02   
1.26773655E+02   
1.14007602E+02   
1.19301360E+02   
1.14516103E+02   
1.27529306E+02   
1.10993799E+02   
1.17328766E+02   
1.14480096E+02   
1.16822865E+02   
1.27485497E+02   
1.27778656E+02   
1.33350170E+02   
1.19720444E+02   
1.27270154E+02   
1.16538108E+02   
1.24026405E+02   
1.11727045E+02   
1.16781056E+02   
1.34086817E+02   
1.15895179E+02   
1.23124625E+02   
1.25579916E+02   
1.24192939E+02   
1.14744849E+02   
1.15783457E+02   
1.23869474E+02   
1.12460892E+02   
1.19740448E+02   
1.17356571E+02   
1.35313163E+02   
1.31603521E+02   
1.26873375E+02   
1.17734847E+02   
1.29551710E+02   
1.22553311E+02   
1.18437688E+02   
1.18848470E+02   
1.05667033E+02   
1.16022404E+02   
1.10892378E+02   
1.15718844E+02   
1.16154831E+02   
1.22393379E+02   
1.18952591E+02   
1.11949390E+02   
1.36550610E+02   
1.16950590E+02   
1.24872474E+02   
1.21328666E+02   
1.30955491E+02   
1.16008302E+02   
1.23045309E+02   
1.13540808E+02   
1.17109822E+02   
1.32657532E+02   
1.07617824E+02   
1.05888878E+02   
1.06705241E+02   
1.24285857E+02   
1.12665933E+02   
1.20572114E+02   
1.15373275E+02   
1.34183037E+02   
1.29617924E+02   
1.21472695E+02   
1.12034507E+02   
1.11237247E+02   
1.28685837E+02   
1.17028606E+02   
1.21244549E+02   
9.73504701E+01   
1.01578116E+02   
1.22830466E+02   
1.12569414E+02   
1.03640228E+02   
1.16288358E+02   
1.12680836E+02   
1.39181736E+02   
1.38464293E+02   
1.20938488E+02   
1.24072014E+02   
1.31505001E+02   
1.20242949E+02   
1.18755151E+02   
1.07964493E+02   
1.26496999E+02   
1.31737948E+02   
1.15033607E+02   
1.24095119E+02   
1.18098720E+02   
1.18599320E+02   
1.14433887E+02   
1.07832266E+02   
1.10632827E+02   
1.08784757E+02   
1.09043109E+02   
1.38113623E+02   
1.23399880E+02   
1.23872675E+02   
1.25386677E+02   
1.28652430E+02   
1.13694739E+02   
9.84370874E+01   
1.12562212E+02   
1.20437487E+02   
9.48138628E+01   
1.15331366E+02   
1.21679136E+02   
1.19260452E+02   
1.32581016E+02   
1.18845369E+02   
9.98174635E+01   
1.25954691E+02   
1.30845369E+02   
1.24045909E+02   
1.19245249E+02   
1.21631626E+02   
1.22211442E+02   
1.28810362E+02   
1.13253451E+02   
1.23596419E+02   
1.14839168E+02   
9.68198640E+01   
1.06220244E+02   
1.18626825E+02   
1.28016003E+02   
1.07419084E+02   
1.15432086E+02   
1.20834767E+02   
1.35223745E+02   
1.14196339E+02   
1.25854871E+02   
1.26649830E+02   
1.32793659E+02   
1.14786457E+02   
1.47379676E+02   
1.23493099E+02   
1.23245449E+02   
1.32025205E+02   
1.26312863E+02   
1.26124225E+02   
1.08603221E+02   
1.13948590E+02   
1.23944989E+02   
1.14751250E+02   
1.08639328E+02   
1.18595619E+02   
1.31735147E+02   
1.25406681E+02   
1.24922985E+02   
1.08400280E+02   
1.14619924E+02   
1.02987297E+02   
1.26385677E+02   
1.22212943E+02   
1.21710842E+02   
1.20647329E+02   
1.47104721E+02   
1.24333367E+02   
1.21256451E+02   
1.39428086E+02   
1.08987397E+02   
1.16914783E+02   
1.20392679E+02   
1.19574815E+02   
1.16122424E+02   
1.08837067E+02   
1.40099820E+02   
1.28666033E+02   
1.06477996E+02   
1.22749750E+02   
1.13384677E+02   
1.28758252E+02   
1.23583717E+02   
1.12724045E+02   
1.19022004E+02   
1.16200940E+02   
1.34236247E+02   
1.26697640E+02   
1.20753951E+02   
1.36447890E+02   
1.04618424E+02   
1.18610122E+02   
9.33153631E+01   
1.12263053E+02   
1.18446389E+02   
1.27902681E+02   
1.28327866E+02   
1.11813763E+02   
1.19847469E+02   
1.32114923E+02   
1.02792959E+02   
1.09984397E+02   
1.11677736E+02   
1.29507602E+02   
1.21338668E+02   
1.21170934E+02   
1.24539208E+02   
1.23238148E+02   
1.10172535E+02   
1.19023205E+02   
1.21671734E+02   
1.22532006E+02   
1.12202140E+02   
1.07525605E+02   
1.39335867E+02   
1.28038808E+02   
1.26691338E+02   
1.29188138E+02   
1.23520404E+02   
1.16030006E+02   
1.27869874E+02   
1.29685337E+02   
1.52563613E+02   
1.34177736E+02   
1.14498800E+02   
1.13654531E+02   
1.37720944E+02   
1.14348670E+02   
1.05802661E+02   
1.34083217E+02   
1.19506801E+02   
1.25541208E+02   
1.29863873E+02   
1.08142529E+02   
1.15109622E+02   
1.31867473E+02   
1.11819464E+02   
1.34866673E+02   
1.13182937E+02   
1.40608822E+02   
1.27126925E+02   
1.27338668E+02   
1.20586117E+02   
1.26152030E+02   
1.21646929E+02   
1.27714143E+02   
1.10406681E+02   
1.34567714E+02   
1.18407481E+02   
1.15323965E+02   
1.32653531E+02   
1.26009702E+02   
1.20131126E+02   
1.35001700E+02   
1.12267353E+02   
1.05535307E+02   
1.14817764E+02   
1.29025205E+02   
1.00821964E+02   
1.36585817E+02   
1.33284957E+02   
1.24071314E+02   
1.34028806E+02   
1.09244749E+02   
1.22402180E+02   
1.15349570E+02   
1.25170134E+02   
1.25123525E+02   
1.30611322E+02   
1.20933387E+02   
1.16279656E+02   
1.28156431E+02   
1.26179036E+02   
1.21304161E+02   
1.25588218E+02   
1.26460892E+02   
1.25600020E+02   
1.17592218E+02   
1.34890578E+02   
1.20712843E+02   
1.04456291E+02   
1.40211042E+02   
1.30169734E+02   
1.39029206E+02   
1.39701140E+02   
1.20302260E+02   
1.23885077E+02   
1.19300260E+02   
1.23747750E+02   
1.25886677E+02   
1.26655131E+02   
1.12349370E+02   
1.33435187E+02   
1.21793659E+02   
1.27482697E+02   
1.29565313E+02   
1.28947790E+02   
1.04636727E+02   
1.23818864E+02   
1.13892579E+02   
1.41697239E+02   
1.26488198E+02   
1.34968994E+02   
1.16663733E+02   
1.34919984E+02   
1.21813163E+02   
1.28938888E+02   
1.19330766E+02   
1.32508702E+02   
1.46063813E+02   
1.27639228E+02   
1.25669834E+02   
1.36256451E+02   
1.56367173E+02   
1.37070014E+02   
1.37645629E+02   
1.23394979E+02   
1.09056611E+02   
1.31876875E+02   
1.41035207E+02   
1.30024205E+02   
1.27645629E+02   
1.30276855E+02   
1.41157932E+02   
1.57423585E+02   
1.33261252E+02   
1.33518104E+02   
1.07614023E+02   
1.19560512E+02   
1.46448790E+02   
1.29570614E+02   
1.31299660E+02   
1.27905081E+02   
1.34983397E+02   
1.29351870E+02   
1.51671234E+02   
1.39910682E+02   
1.22919584E+02   
1.26787758E+02   
1.52856271E+02   
1.42437888E+02   
1.32496099E+02   
1.35376775E+02   
1.28217143E+02   
1.48606621E+02   
1.36177235E+02   
1.32336867E+02   
1.34254651E+02   
1.29911882E+02   
1.22139328E+02   
1.07606521E+02   
1.25557211E+02   
1.27922184E+02   
1.47675835E+02   
1.34032306E+02   
1.30917584E+02   
1.36136027E+02   
1.32577415E+02   
1.39488698E+02   
1.30451590E+02   
1.17441188E+02   
1.28934787E+02   
1.18321464E+02   
1.28511102E+02   
1.23454091E+02   
1.49847069E+02   
1.16814563E+02   
1.31771254E+02   
1.41699740E+02   
1.49140828E+02   
1.46032907E+02   
1.42706341E+02   
1.32485297E+02   
1.28125725E+02   
1.17781756E+02   
1.42717644E+02   
1.42309962E+02   
1.45030406E+02   
1.34657932E+02   
1.21226645E+02   
1.40812162E+02   
1.47625925E+02   
1.41929486E+02   
1.45232246E+02   
1.31615523E+02   
1.29945489E+02   
1.14607522E+02   
1.49571814E+02   
1.29086917E+02   
1.28955891E+02   
1.41903081E+02   
1.42123725E+02   
1.52392779E+02   
1.40895079E+02   
1.37983197E+02   
1.49886977E+02   
1.48786957E+02   
1.51027606E+02   
1.55996699E+02   
1.38032006E+02   
1.34054111E+02   
1.23490198E+02   
1.26301960E+02   
1.34840968E+02   
1.37659932E+02   
1.42117624E+02   
1.25841168E+02   
1.40409382E+02   
1.44828766E+02   
1.27937087E+02   
1.44226545E+02   
1.38827065E+02   
1.35586217E+02   
1.30730546E+02   
1.38850970E+02   
1.38070314E+02   
1.52511702E+02   
1.62205441E+02   
1.42975295E+02   
1.24881176E+02   
1.37769254E+02   
1.50180036E+02   
1.48608622E+02   
1.52780056E+02   
1.76282557E+02   
1.62865173E+02   
1.32187237E+02   
1.68137728E+02   
1.32833367E+02   
1.29433387E+02   
1.61649230E+02   
1.52112122E+02   
1.44072715E+02   
1.52909982E+02   
1.46221344E+02   
1.52709942E+02   
1.68399080E+02   
1.46124025E+02   
1.65092218E+02   
1.40493499E+02   
1.42411882E+02   
1.54106921E+02   
1.67334467E+02   
1.47801260E+02   
1.33008702E+02   
1.26249150E+02   
1.37725145E+02   
1.53764853E+02   
1.37621324E+02   
1.44101720E+02   
1.50444689E+02   
1.45756351E+02   
1.44387778E+02   
1.41451490E+02   
1.67457892E+02   
1.60315263E+02   
1.60818464E+02   
1.46592118E+02   
1.30097720E+02   
1.57027606E+02   
1.39338468E+02   
1.51757552E+02   
1.64352070E+02   
1.45662332E+02   
1.61950590E+02   
1.62502400E+02   
1.58164233E+02   
1.57435387E+02   
1.59231146E+02   
1.54032807E+02   
1.65902981E+02   
1.47743249E+02   
1.65029206E+02   
1.66519504E+02   
1.61045409E+02   
1.43585617E+02   
1.43528906E+02   
1.37025605E+02   
1.32334167E+02   
1.61349170E+02   
1.28210742E+02   
1.45966293E+02   
1.49967093E+02   
1.47729046E+02   
1.46555111E+02   
1.64504101E+02   
1.62678536E+02   
1.66322565E+02   
1.59337467E+02   
1.75633627E+02   
1.51663633E+02   
1.46163433E+02   
1.37351870E+02   
1.56308562E+02   
1.49530206E+02   
1.67251250E+02   
1.37466093E+02   
1.73539808E+02   
1.54030406E+02   
1.28616823E+02   
1.61179436E+02   
1.66192238E+02   
1.78351470E+02   
1.58501800E+02   
1.41545909E+02   
1.59214243E+02   
1.66732146E+02   
1.60638928E+02   
1.55778456E+02   
1.57026805E+02   
1.69706241E+02   
1.64104821E+02   
1.63451490E+02   
1.71508802E+02   
1.55558412E+02   
1.61174335E+02   
1.63171934E+02   
1.59431786E+02   
1.55539208E+02   
1.83216443E+02   
1.67353571E+02   
1.55392478E+02   
1.70253751E+02   
1.47943789E+02   
1.65335167E+02   
1.69342669E+02   
1.43800760E+02   
1.70649430E+02   
1.57740048E+02   
1.77365273E+02   
1.60622525E+02   
1.71157131E+02   
1.63392679E+02   
1.86112923E+02   
1.45187237E+02   
1.67561512E+02   
1.66033207E+02   
1.75652130E+02   
1.60150330E+02   
1.85700240E+02   
1.71667033E+02   
1.71558212E+02   
1.47193439E+02   
1.51311062E+02   
1.63245049E+02   
1.74856271E+02   
1.85894779E+02   
1.73863873E+02   
1.69373475E+02   
1.64232246E+02   
1.48997099E+02   
1.62932887E+02   
1.68031606E+02   
1.73873075E+02   
1.81657932E+02   
1.66656531E+02   
2.03237247E+02   
1.63402080E+02   
1.68036007E+02   
1.84153231E+02   
1.73832066E+02   
1.83094219E+02   
1.64064513E+02   
1.59202240E+02   
1.72705941E+02   
1.92038408E+02   
1.92038408E+02   
1.92038408E+02   
1.92038408E+02   
1.92038408E+02   
2.19615023E+02   
1.98388278E+02   
2.19039608E+02   
2.17731446E+02   
2.16301160E+02   
2.12017504E+02   
2.47388178E+02   
2.51273455E+02   
2.48831366E+02   
2.44457191E+02   
2.10982096E+02   
2.21148530E+02   
2.37903281E+02   
2.32987698E+02   
2.46758452E+02   
2.04564413E+02   
2.21043209E+02   
2.31844069E+02   
2.08277756E+02   
2.08146229E+02   
2.55549810E+02   
2.12315663E+02   
2.33045209E+02   
2.43029506E+02   
2.28122124E+02   
2.45939288E+02   
2.45756351E+02   
2.33364673E+02   
2.65744149E+02   
2.30280556E+02   
2.46150830E+02   
2.48844369E+02   
2.13292859E+02   
2.43797059E+02   
2.36152931E+02   
2.55993099E+02   
2.48007602E+02   
2.43041108E+02   
2.39158332E+02   
2.56842569E+02   
2.39287457E+02   
2.28054111E+02   
2.48964193E+02   
2.39103121E+02   
2.46914983E+02   
2.17315863E+02   
2.47771854E+02   
2.53054811E+02   
2.33214443E+02   
2.55969394E+02   
2.31049210E+02   
2.51977195E+02   
2.43125325E+02   
2.54093219E+02   
2.67944989E+02   
2.84053111E+02   
2.51086417E+02   
2.17099920E+02   
2.27052611E+02   
2.62993199E+02   
2.55060712E+02   
2.54053611E+02   
2.68049510E+02   
2.65051410E+02   
2.62049810E+02   
2.62054811E+02   
2.61065513E+02   
2.39042308E+02   
2.56029806E+02   
2.47121724E+02   
2.63031706E+02   
2.76056011E+02   
2.65997499E+02   
2.39088718E+02   
2.50171134E+02   
2.88890178E+02   
2.49154531E+02   
2.79081216E+02   
2.64046609E+02   
2.66112022E+02   
2.98947990E+02   
2.82092719E+02   
2.79954491E+02   
2.85076915E+02   
2.80322965E+02   
3.16947289E+02   
3.02851370E+02   
2.65071414E+02   
2.79279056E+02   
2.96975595E+02   
2.78213443E+02   
2.99684037E+02   
2.47395579E+02   
2.86717544E+02   
2.62254051E+02   
2.73004801E+02   
2.82866573E+02   
2.84924885E+02   
2.65589918E+02   
3.08841068E+02   
2.82889478E+02   
2.78252751E+02   
2.76849670E+02   
2.68246849E+02   
2.66139528E+02   
3.08989598E+02   
3.19266453E+02   
2.83097019E+02   
2.79549510E+02   
2.61293959E+02   
2.88807662E+02   
2.51557912E+02   
3.12200540E+02   
2.95251850E+02   
2.61255051E+02   
2.79474095E+02   
2.93844969E+02   
2.99428386E+02   
3.08728246E+02   
2.82442789E+02   
3.14601520E+02   
2.74878276E+02   
3.06424185E+02   
2.89864373E+02   
2.74277956E+02   
2.72034107E+02   
2.78778256E+02   
2.75391178E+02   
2.81270054E+02   
3.14635527E+02   
2.72568514E+02   
2.79764353E+02   
2.83808462E+02   
2.84791958E+02   
3.23664533E+02   
2.94711542E+02   
2.88937988E+02   
2.94891778E+02   
3.16883777E+02   
3.07633327E+02   
2.92399780E+02   
2.98809962E+02   
2.90388778E+02   
2.67536507E+02   
3.19447389E+02   
3.02061212E+02   
3.13061212E+02   
2.88518704E+02   
2.80740948E+02   
2.92681036E+02   
2.96339268E+02   
3.24629726E+02   
3.34493499E+02   
3.06625925E+02   
3.19231446E+02   
3.15882176E+02   
2.77681736E+02   
2.97152130E+02   
3.34643029E+02   
2.86634227E+02   
2.85251150E+02   
3.05808262E+02   
3.01107421E+02   
2.90337768E+02   
3.01750450E+02   
3.13749750E+02   
2.69259952E+02   
2.58222044E+02   
2.58759852E+02   
2.57608422E+02   
2.95842869E+02   
2.76186937E+02   
2.86101520E+02   
2.89038908E+02   
2.78182937E+02   
2.90591318E+02   
2.63418884E+02   
2.71287558E+02   
3.13133827E+02   
2.56285557E+02   
2.87996199E+02   
3.07159332E+02   
2.66820964E+02   
2.87384477E+02   
2.85029406E+02   
2.79491698E+02   
2.54495999E+02   
2.67301760E+02   
2.92057812E+02   
2.74410982E+02   
3.09905481E+02   
2.73315163E+02   
2.78644329E+02   
3.18050310E+02   
3.05588118E+02   
2.62858572E+02   
3.21263753E+02   
3.12683037E+02   
2.86591218E+02   
2.74648630E+02   
2.65484097E+02   
2.79228946E+02   
2.81062012E+02   
3.10936587E+02   
2.77147429E+02   
2.38991298E+02   
2.63945889E+02   
2.76265953E+02   
2.58331666E+02   
2.80353071E+02   
2.93579916E+02   
2.65585217E+02   
2.66472595E+02   
2.95840068E+02   
2.91575515E+02   
2.74424685E+02   
2.99183437E+02   
3.00080016E+02   
2.57356971E+02   
2.63304261E+02   
2.65304461E+02   
2.68752250E+02   
2.71610622E+02   
2.71605021E+02   
2.67764253E+02   
3.06666133E+02   
2.91019804E+02   
3.15352671E+02   
2.78453891E+02   
2.87325265E+02   
2.93596919E+02   
2.88793159E+02   
2.81907081E+02   
2.85011202E+02   
3.20335267E+02   
3.03960492E+02   
3.33259852E+02   
2.92546209E+02   
2.98762753E+02   
3.01568614E+02   
2.99700840E+02   
3.00778356E+02   
2.99624525E+02   
2.76910182E+02   
2.75417584E+02   
2.89494699E+02   
2.88528706E+02   
3.08553311E+02   
2.96721644E+02   
2.86402460E+02   
3.44868974E+02   
3.44868974E+02   
3.44868974E+02   
3.44868974E+02   
3.44868974E+02   
3.76288898E+02   
4.07993199E+02   
4.07618224E+02   
3.77057512E+02   
4.06959592E+02   
4.33662332E+02   
4.23907381E+02   
4.14987898E+02   
4.28726245E+02   
4.34214843E+02   
4.27711442E+02   
4.34246649E+02   
4.13002501E+02   
4.17766953E+02   
4.26303561E+02   
4.56176335E+02   
4.46254051E+02   
4.02331766E+02   
3.79875475E+02   
4.34896579E+02   
4.32726945E+02   
4.31681036E+02   
4.27195039E+02   
3.91148030E+02   
4.05086017E+02   
4.34173135E+02   
4.43386277E+02   
4.15522805E+02   
4.39204841E+02   
4.40651230E+02   
4.87488698E+02   
4.08085617E+02   
4.68984797E+02   
4.17089618E+02   
4.54273155E+02   
4.35270554E+02   
4.53443889E+02   
4.48727445E+02   
4.72041008E+02   
4.85688938E+02   
4.50785557E+02   
4.62831766E+02   
4.40898980E+02   
4.54011002E+02   
4.18634627E+02   
4.72946589E+02   
4.39757752E+02   
4.63559712E+02   
4.72413783E+02   
4.43406481E+02   
4.68134327E+02   
4.84080116E+02   
4.54405381E+02   
4.69399780E+02   
4.40909682E+02   
4.82639628E+02   
4.61298660E+02   
4.34592018E+02   
4.70992498E+02   
4.75697540E+02   
4.74118024E+02   
4.88159532E+02   
4.63945789E+02   
4.92386977E+02   
5.02121524E+02   
4.57460592E+02   
4.78686037E+02   
4.96731546E+02   
5.16459192E+02   
4.60049210E+02   
4.82564113E+02   
5.05786357E+02   
4.91528106E+02   
4.98447990E+02   
4.65056511E+02   
5.11777656E+02   
5.39056111E+02   
4.61954191E+02   
5.02127025E+02   
5.15105221E+02   
5.03742048E+02   
5.34620824E+02   
5.62271854E+02   
5.56440988E+02   
5.46889778E+02   
5.23443889E+02   
5.23550210E+02   
5.09874875E+02   
5.39000200E+02   
5.75246549E+02   
5.56338668E+02   
5.78253451E+02   
5.19061612E+02   
5.14822264E+02   
5.05365273E+02   
5.31300560E+02   
5.21908682E+02   
5.27805561E+02   
5.56131326E+02   
5.04218744E+02   
5.06625025E+02   
5.39402480E+02   
5.25586317E+02   
5.46204241E+02   
4.99844669E+02   
5.09092819E+02   
4.94559012E+02   
5.00425485E+02   
4.86053311E+02   
4.81438088E+02   
5.24500800E+02   
5.15132226E+02   
5.21393179E+02   
5.88096719E+02   
5.19354571E+02   
5.40929786E+02   
5.27114223E+02   
4.97701640E+02   
5.32740048E+02   
5.15357071E+02   
4.99849370E+02   
4.81864773E+02   
5.80208342E+02   
4.81057211E+02   
4.74142028E+02   
4.87192739E+02   
4.72476195E+02   
4.80316363E+02   
4.95258252E+02   
4.96868374E+02   
4.80260552E+02   
4.97583917E+02   
4.71281456E+02   
4.52576015E+02   
3.71900780E+02   
3.72759952E+02   
3.66407582E+02   
3.60088318E+02   
3.21764353E+02   
3.45017704E+02   
3.16061212E+02   
3.21396479E+02   
3.05922384E+02   
2.94193139E+02   
3.05463393E+02   
2.95087317E+02   
3.32762452E+02   
2.73690738E+02   
2.82746849E+02   
2.63280156E+02   
2.62149430E+02   
2.87918084E+02   
2.69262152E+02   
2.52018304E+02   
2.46220444E+02   
2.81293959E+02   
2.04109222E+02   
2.36307762E+02   
2.61911682E+02   
2.54940688E+02   
2.24763353E+02   
2.11469394E+02   
2.18065513E+02   
2.07457191E+02   
2.45331666E+02   
1.77753351E+02   
1.77895279E+02   
1.83606621E+02   
1.91758852E+02   
1.84315563E+02   
1.85731046E+02   
1.56779956E+02   
1.81162833E+02   
1.85450690E+02   
1.59686737E+02   
1.56499300E+02   
1.69114123E+02   
1.26470594E+02   
1.50434687E+02   
1.35282757E+02   
1.35515703E+02   
1.32383577E+02   
1.25024005E+02   
1.23422685E+02   
1.09283357E+02   
1.26517103E+02   
1.14842769E+02   
1.29509902E+02   
1.04482196E+02   
1.13179136E+02   
1.41108022E+02   
1.20410282E+02   
1.03330666E+02   
1.18949590E+02   
1.30240848E+02   
7.47085417E+01   
9.57069414E+01   
8.78239648E+01   
1.07366773E+02   
8.57041408E+01   
7.54454891E+01   
7.11634327E+01   
9.53883777E+01   
6.42282456E+01   
9.38584717E+01   
7.93350670E+01   
7.50604121E+01   
6.75758152E+01   
6.59355871E+01   
6.48556711E+01   
6.14378876E+01   
6.84325865E+01   
6.68536707E+01   
7.32295459E+01   
5.66853371E+01   
5.46625325E+01   
6.01563313E+01   
6.33586717E+01   
6.08344669E+01   
6.53558712E+01   
6.36921384E+01   
4.68444689E+01   
6.35118024E+01   
5.25094019E+01   
4.95078016E+01   
4.80080016E+01   
5.00084017E+01   
4.38480696E+01   
4.71787357E+01   
4.69983997E+01   
4.16701340E+01   
4.04989998E+01   
3.83462693E+01   
4.52215443E+01   
4.81343269E+01   
5.45008002E+01   
9.93436687E+01   
3.36321264E+01   
2.01427285E+01   
2.45206041E+01   
2.10036007E+01   
2.43918784E+01   
2.77892579E+01   
2.15270054E+01   
2.06073215E+01   
1.44030806E+01   
2.46541308E+01   
2.00044009E+01   
1.84753951E+01   
1.36497299E+01   
1.15315463E+01   
1.12022404E+01   
1.12022404E+01   
1.12022404E+01   
1.12022404E+01   
1.01990798E+01   
0.00000000E+00   
0.00000000E+00   
0.00000000E+00   
0.00000000E+00   
0.00000000E+00   
0.00000000E+00   
0.00000000E+00   
0.00000000E+00   
0.00000000E+00   
0.00000000E+00   
0.00000000E+00   
0.00000000E+00   
0.00000000E+00   
0.00000000E+00   
0.00000000E+00   
3.00000000E+00   
0.00000000E+00   
0.00000000E+00   
0.00000000E+00   
0.00000000E+00   
0.00000000E+00   
0.00000000E+00   
0.00000000E+00   
0.00000000E+00   
0.00000000E+00   
1.00000000E+00   
0.00000000E+00   
0.00000000E+00   
1.90738148E-01   
8.09261852E-01   
0.00000000E+00   
0.00000000E+00   
0.00000000E+00   
0.00000000E+00   
0.00000000E+00   
0.00000000E+00   
0.00000000E+00   
0.00000000E+00   
0.00000000E+00   
0.00000000E+00   
0.00000000E+00   
0.00000000E+00   
0.00000000E+00   
0.00000000E+00   
0.00000000E+00   
0.00000000E+00   
0.00000000E+00   
0.00000000E+00   
0.00000000E+00   
0.00000000E+00   
0.00000000E+00   
0.00000000E+00   
0.00000000E+00   
0.00000000E+00   
0.00000000E+00   
0.00000000E+00   
0.00000000E+00   
0.00000000E+00   
0.00000000E+00   
0.00000000E+00   
0.00000000E+00   
0.00000000E+00   
0.00000000E+00   
0.00000000E+00   
0.00000000E+00   
0.00000000E+00   
0.00000000E+00   
0.00000000E+00   
0.00000000E+00   
0.00000000E+00   
0.00000000E+00   
0.00000000E+00   
0.00000000E+00   
0.00000000E+00   
0.00000000E+00   
0.00000000E+00   
0.00000000E+00   
0.00000000E+00   
0.00000000E+00   
0.00000000E+00   
0.00000000E+00   
0.00000000E+00   
0.00000000E+00   
0.00000000E+00   
0.00000000E+00   
0.00000000E+00   
0.00000000E+00   
0.00000000E+00   
0.00000000E+00   
0.00000000E+00   
0.00000000E+00   
0.00000000E+00   
0.00000000E+00   
1.00000000E+00   
1.21714343E+00   
7.82856571E-01   
0.00000000E+00   
0.00000000E+00   
0.00000000E+00   
0.00000000E+00   
0.00000000E+00   
0.00000000E+00   
0.00000000E+00   
0.00000000E+00   
0.00000000E+00   
0.00000000E+00   
0.00000000E+00   
0.00000000E+00   
0.00000000E+00   
0.00000000E+00   
0.00000000E+00   
0.00000000E+00   
0.00000000E+00   
0.00000000E+00   
0.00000000E+00   
0.00000000E+00   
0.00000000E+00   
0.00000000E+00   
0.00000000E+00   
0.00000000E+00   
0.00000000E+00   
0.00000000E+00   
0.00000000E+00   
0.00000000E+00   
0.00000000E+00   
0.00000000E+00   
0.00000000E+00   
0.00000000E+00   
0.00000000E+00   
0.00000000E+00   
0.00000000E+00   
0.00000000E+00   
0.00000000E+00   
0.00000000E+00   
0.00000000E+00   
0.00000000E+00   
0.00000000E+00   
0.00000000E+00   
0.00000000E+00   
0.00000000E+00   
0.00000000E+00   
0.00000000E+00   
0.00000000E+00   
0.00000000E+00   
0.00000000E+00   
0.00000000E+00   
0.00000000E+00   
0.00000000E+00   
0.00000000E+00   
0.00000000E+00   
0.00000000E+00   
0.00000000E+00   
0.00000000E+00   
0.00000000E+00   
0.00000000E+00   
0.00000000E+00   
0.00000000E+00   
0.00000000E+00   
0.00000000E+00   
0.00000000E+00   
0.00000000E+00   
0.00000000E+00   
0.00000000E+00   
0.00000000E+00   
0.00000000E+00   
0.00000000E+00   
0.00000000E+00   
0.00000000E+00   
0.00000000E+00   
0.00000000E+00   
0.00000000E+00   
0.00000000E+00   
0.00000000E+00   
0.00000000E+00   
0.00000000E+00   
0.00000000E+00   
0.00000000E+00   
0.00000000E+00   
0.00000000E+00   
0.00000000E+00   
0.00000000E+00   
0.00000000E+00   
0.00000000E+00   
0.00000000E+00   
0.00000000E+00   
0.00000000E+00   
0.00000000E+00   
0.00000000E+00   
0.00000000E+00   
0.00000000E+00   
0.00000000E+00   
0.00000000E+00   
0.00000000E+00   
0.00000000E+00   
0.00000000E+00   
0.00000000E+00   
0.00000000E+00   
0.00000000E+00   
0.00000000E+00   
0.00000000E+00   
0.00000000E+00   
0.00000000E+00   
0.00000000E+00   
0.00000000E+00   
0.00000000E+00   
2.61552310E-01   
7.38447690E-01   
0.00000000E+00   
0.00000000E+00   
0.00000000E+00   
0.00000000E+00   
0.00000000E+00   
0.00000000E+00   
0.00000000E+00   
0.00000000E+00   
0.00000000E+00   
0.00000000E+00   
0.00000000E+00   
0.00000000E+00   
0.00000000E+00   
0.00000000E+00   
0.00000000E+00   
0.00000000E+00   
0.00000000E+00   
0.00000000E+00   
0.00000000E+00   
0.00000000E+00   
1.00000000E+00   
0.00000000E+00   
0.00000000E+00   
0.00000000E+00   
0.00000000E+00   
0.00000000E+00   
0.00000000E+00   
0.00000000E+00   
0.00000000E+00   
0.00000000E+00   
0.00000000E+00   
0.00000000E+00   
0.00000000E+00   
2.75555111E-01   
7.24444889E-01   
0.00000000E+00   
0.00000000E+00   
0.00000000E+00   
0.00000000E+00   
0.00000000E+00   
0.00000000E+00   
0.00000000E+00   
0.00000000E+00   
0.00000000E+00   
0.00000000E+00   
0.00000000E+00   
0.00000000E+00   
0.00000000E+00   
0.00000000E+00   
0.00000000E+00   
0.00000000E+00   
0.00000000E+00   
0.00000000E+00   
0.00000000E+00   
0.00000000E+00   
0.00000000E+00   
1.00000000E+00   
0.00000000E+00   
0.00000000E+00   
0.00000000E+00   
0.00000000E+00   
0.00000000E+00   
0.00000000E+00   
0.00000000E+00   
0.00000000E+00   
0.00000000E+00   
0.00000000E+00   
0.00000000E+00   
0.00000000E+00   
2.89957992E-01   
7.10042008E-01   
0.00000000E+00   
0.00000000E+00   
0.00000000E+00   
0.00000000E+00   
0.00000000E+00   
0.00000000E+00   
0.00000000E+00   
0.00000000E+00   
0.00000000E+00   
0.00000000E+00   
0.00000000E+00   
0.00000000E+00   
0.00000000E+00   
0.00000000E+00   
0.00000000E+00   
0.00000000E+00   
0.00000000E+00   
0.00000000E+00   
0.00000000E+00   
0.00000000E+00   
0.00000000E+00   
0.00000000E+00   
0.00000000E+00   
0.00000000E+00   
0.00000000E+00   
0.00000000E+00   
0.00000000E+00   
0.00000000E+00   
0.00000000E+00   
0.00000000E+00   
0.00000000E+00   
0.00000000E+00   
0.00000000E+00   
0.00000000E+00   
0.00000000E+00   
0.00000000E+00   
0.00000000E+00   
0.00000000E+00   
0.00000000E+00   
0.00000000E+00   
0.00000000E+00   
0.00000000E+00   
0.00000000E+00   
0.00000000E+00   
0.00000000E+00   
0.00000000E+00   
0.00000000E+00   
0.00000000E+00   
0.00000000E+00   
0.00000000E+00   
0.00000000E+00   
0.00000000E+00   
0.00000000E+00   
0.00000000E+00   
0.00000000E+00   
0.00000000E+00   
0.00000000E+00   
0.00000000E+00   
0.00000000E+00   
0.00000000E+00   
0.00000000E+00   
0.00000000E+00   
0.00000000E+00   
0.00000000E+00   
0.00000000E+00   
0.00000000E+00   
0.00000000E+00   
0.00000000E+00   
0.00000000E+00   
0.00000000E+00   
0.00000000E+00   
0.00000000E+00   
0.00000000E+00   
0.00000000E+00   
0.00000000E+00   
0.00000000E+00   
0.00000000E+00   
0.00000000E+00   
0.00000000E+00   
0.00000000E+00   
0.00000000E+00   
0.00000000E+00   
0.00000000E+00   
0.00000000E+00   
0.00000000E+00   
0.00000000E+00   
0.00000000E+00   
0.00000000E+00   
0.00000000E+00   
0.00000000E+00   
0.00000000E+00   
0.00000000E+00   
0.00000000E+00   
0.00000000E+00   
0.00000000E+00   
0.00000000E+00   
0.00000000E+00   
0.00000000E+00   
0.00000000E+00   
0.00000000E+00   
0.00000000E+00   
0.00000000E+00   
0.00000000E+00   
0.00000000E+00   
0.00000000E+00   
0.00000000E+00   
0.00000000E+00   
0.00000000E+00   
0.00000000E+00   
0.00000000E+00   
0.00000000E+00   
0.00000000E+00   
0.00000000E+00   
0.00000000E+00   
0.00000000E+00   
0.00000000E+00   
0.00000000E+00   
0.00000000E+00   
0.00000000E+00   
0.00000000E+00   
0.00000000E+00   
0.00000000E+00   
0.00000000E+00   
0.00000000E+00   
0.00000000E+00   
0.00000000E+00   
0.00000000E+00   
0.00000000E+00   
0.00000000E+00   
0.00000000E+00   
0.00000000E+00   
0.00000000E+00   
0.00000000E+00   
0.00000000E+00   
0.00000000E+00   
0.00000000E+00   
0.00000000E+00   
0.00000000E+00   
0.00000000E+00   
0.00000000E+00   
0.00000000E+00   
0.00000000E+00   
0.00000000E+00   
0.00000000E+00   
0.00000000E+00   
0.00000000E+00   
0.00000000E+00   
0.00000000E+00   
0.00000000E+00   
0.00000000E+00   
0.00000000E+00   
0.00000000E+00   
0.00000000E+00   
0.00000000E+00   
0.00000000E+00   
0.00000000E+00   
0.00000000E+00   
0.00000000E+00   
0.00000000E+00   
0.00000000E+00   
0.00000000E+00   
0.00000000E+00   
0.00000000E+00   
0.00000000E+00   
0.00000000E+00   
0.00000000E+00   
0.00000000E+00   
0.00000000E+00   
0.00000000E+00   
0.00000000E+00   
0.00000000E+00   
0.00000000E+00   
0.00000000E+00   
0.00000000E+00   
0.00000000E+00   
0.00000000E+00   
0.00000000E+00   
0.00000000E+00   
0.00000000E+00   
0.00000000E+00   
0.00000000E+00   
3.63172635E-01   
6.36827365E-01   
3.63972795E-01   
6.36027205E-01   
0.00000000E+00   
0.00000000E+00   
0.00000000E+00   
0.00000000E+00   
0.00000000E+00   
0.00000000E+00   
0.00000000E+00   
0.00000000E+00   
0.00000000E+00   
0.00000000E+00   
0.00000000E+00   
0.00000000E+00   
0.00000000E+00   
0.00000000E+00   
1.11112222E+00   
1.88887778E+00   
0.00000000E+00   
1.00000000E+00   
0.00000000E+00   
0.00000000E+00   
0.00000000E+00   
0.00000000E+00   
0.00000000E+00   
0.00000000E+00   
0.00000000E+00   
0.00000000E+00   
0.00000000E+00   
0.00000000E+00   
0.00000000E+00   
0.00000000E+00   
0.00000000E+00   
0.00000000E+00   
0.00000000E+00   
0.00000000E+00   
0.00000000E+00   
0.00000000E+00   
0.00000000E+00   
0.00000000E+00   
0.00000000E+00   
0.00000000E+00   
0.00000000E+00   
0.00000000E+00   
0.00000000E+00   
0.00000000E+00   
0.00000000E+00   
0.00000000E+00   
0.00000000E+00   
0.00000000E+00   
0.00000000E+00   
0.00000000E+00   
0.00000000E+00   
0.00000000E+00   
0.00000000E+00   
0.00000000E+00   
0.00000000E+00   
0.00000000E+00   
0.00000000E+00   
0.00000000E+00   
0.00000000E+00   
0.00000000E+00   
0.00000000E+00   
0.00000000E+00   
0.00000000E+00   
0.00000000E+00   
0.00000000E+00   
0.00000000E+00   
0.00000000E+00   
0.00000000E+00   
0.00000000E+00   
0.00000000E+00   
3.92778556E-01   
6.07221444E-01   
0.00000000E+00   
0.00000000E+00   
0.00000000E+00   
0.00000000E+00   
0.00000000E+00   
0.00000000E+00   
1.00000000E+00   
0.00000000E+00   
0.00000000E+00   
0.00000000E+00   
0.00000000E+00   
0.00000000E+00   
0.00000000E+00   
0.00000000E+00   
0.00000000E+00   
0.00000000E+00   
0.00000000E+00   
0.00000000E+00   
0.00000000E+00   
0.00000000E+00   
0.00000000E+00   
0.00000000E+00   
0.00000000E+00   
0.00000000E+00   
0.00000000E+00   
0.00000000E+00   
0.00000000E+00   
0.00000000E+00   
0.00000000E+00   
0.00000000E+00   
0.00000000E+00   
0.00000000E+00   
0.00000000E+00   
0.00000000E+00   
0.00000000E+00   
0.00000000E+00   
0.00000000E+00   
0.00000000E+00   
0.00000000E+00   
0.00000000E+00   
0.00000000E+00   
0.00000000E+00   
0.00000000E+00   
0.00000000E+00   
0.00000000E+00   
0.00000000E+00   
0.00000000E+00   
0.00000000E+00   
0.00000000E+00   
0.00000000E+00   
0.00000000E+00   
0.00000000E+00   
0.00000000E+00   
0.00000000E+00   
0.00000000E+00   
0.00000000E+00   
0.00000000E+00   
0.00000000E+00   
0.00000000E+00   
0.00000000E+00   
0.00000000E+00   
0.00000000E+00   
0.00000000E+00   
0.00000000E+00   
0.00000000E+00   
0.00000000E+00   
0.00000000E+00   
0.00000000E+00   
0.00000000E+00   
0.00000000E+00   
0.00000000E+00   
0.00000000E+00   
0.00000000E+00   
0.00000000E+00   
0.00000000E+00   
0.00000000E+00   
0.00000000E+00   
0.00000000E+00   
0.00000000E+00   
0.00000000E+00   
0.00000000E+00   
0.00000000E+00   
0.00000000E+00   
0.00000000E+00   
0.00000000E+00   
0.00000000E+00   
0.00000000E+00   
0.00000000E+00   
0.00000000E+00   
0.00000000E+00   
0.00000000E+00   
0.00000000E+00   
0.00000000E+00   
0.00000000E+00   
0.00000000E+00   
0.00000000E+00   
0.00000000E+00   
0.00000000E+00   
0.00000000E+00   
0.00000000E+00   
0.00000000E+00   
0.00000000E+00   
4.34386877E-01   
5.65613123E-01   
0.00000000E+00   
0.00000000E+00   
0.00000000E+00   
0.00000000E+00   
0.00000000E+00   
0.00000000E+00   
0.00000000E+00   
0.00000000E+00   
0.00000000E+00   
0.00000000E+00   
0.00000000E+00   
0.00000000E+00   
0.00000000E+00   
0.00000000E+00   
0.00000000E+00   
0.00000000E+00   
0.00000000E+00   
0.00000000E+00   
0.00000000E+00   
0.00000000E+00   
0.00000000E+00   
0.00000000E+00   
0.00000000E+00   
0.00000000E+00   
0.00000000E+00   
0.00000000E+00   
0.00000000E+00   
0.00000000E+00   
0.00000000E+00   
0.00000000E+00   
0.00000000E+00   
0.00000000E+00   
0.00000000E+00   
0.00000000E+00   
0.00000000E+00   
0.00000000E+00   
0.00000000E+00   
0.00000000E+00   
0.00000000E+00   
0.00000000E+00   
0.00000000E+00   
0.00000000E+00   
0.00000000E+00   
0.00000000E+00   
0.00000000E+00   
0.00000000E+00   
0.00000000E+00   
0.00000000E+00   
0.00000000E+00   
0.00000000E+00   
0.00000000E+00   
0.00000000E+00   
0.00000000E+00   
0.00000000E+00   
0.00000000E+00   
0.00000000E+00   
0.00000000E+00   
0.00000000E+00   
0.00000000E+00   
0.00000000E+00   
0.00000000E+00   
0.00000000E+00   
0.00000000E+00   
0.00000000E+00   
0.00000000E+00   
0.00000000E+00   
0.00000000E+00   
0.00000000E+00   
0.00000000E+00   
0.00000000E+00   
0.00000000E+00   
0.00000000E+00   
0.00000000E+00   
0.00000000E+00   
0.00000000E+00   
0.00000000E+00   
0.00000000E+00   
0.00000000E+00   
0.00000000E+00   
0.00000000E+00   
0.00000000E+00   
0.00000000E+00   
0.00000000E+00   
0.00000000E+00   
0.00000000E+00   
0.00000000E+00   
0.00000000E+00   
0.00000000E+00   
0.00000000E+00   
0.00000000E+00   
0.00000000E+00   
0.00000000E+00   
0.00000000E+00   
0.00000000E+00   
0.00000000E+00   
0.00000000E+00   
0.00000000E+00   
0.00000000E+00   
0.00000000E+00   
0.00000000E+00   
0.00000000E+00   
0.00000000E+00   
0.00000000E+00   
0.00000000E+00   
0.00000000E+00   
0.00000000E+00   
0.00000000E+00   
0.00000000E+00   
0.00000000E+00   
0.00000000E+00   
0.00000000E+00   
0.00000000E+00   
0.00000000E+00   
0.00000000E+00   
0.00000000E+00   
0.00000000E+00   
0.00000000E+00   
0.00000000E+00   
0.00000000E+00   
0.00000000E+00   
0.00000000E+00   
0.00000000E+00   
0.00000000E+00   
0.00000000E+00   
0.00000000E+00   
0.00000000E+00   
0.00000000E+00   
0.00000000E+00   
0.00000000E+00   
0.00000000E+00   
0.00000000E+00   
0.00000000E+00   
0.00000000E+00   
0.00000000E+00   
0.00000000E+00   
0.00000000E+00   
0.00000000E+00   
0.00000000E+00   
0.00000000E+00   
0.00000000E+00   
0.00000000E+00   
0.00000000E+00   
0.00000000E+00   
0.00000000E+00   
0.00000000E+00   
0.00000000E+00   
0.00000000E+00   
0.00000000E+00   
0.00000000E+00   
0.00000000E+00   
0.00000000E+00   
0.00000000E+00   
0.00000000E+00   
0.00000000E+00   
0.00000000E+00   
0.00000000E+00   
0.00000000E+00   
0.00000000E+00   
0.00000000E+00   
0.00000000E+00   
0.00000000E+00   
0.00000000E+00   
0.00000000E+00   
0.00000000E+00   
0.00000000E+00   
0.00000000E+00   
0.00000000E+00   
0.00000000E+00   
0.00000000E+00   
0.00000000E+00   
0.00000000E+00   
0.00000000E+00   
0.00000000E+00   
0.00000000E+00   
0.00000000E+00   
0.00000000E+00   
0.00000000E+00   
0.00000000E+00   
0.00000000E+00   
0.00000000E+00   
0.00000000E+00   
0.00000000E+00   
0.00000000E+00   
0.00000000E+00   
0.00000000E+00   
0.00000000E+00   
0.00000000E+00   
0.00000000E+00   
0.00000000E+00   
0.00000000E+00   
0.00000000E+00   
0.00000000E+00   
0.00000000E+00   
0.00000000E+00   
0.00000000E+00   
0.00000000E+00   
0.00000000E+00   
0.00000000E+00   
0.00000000E+00   
0.00000000E+00   
0.00000000E+00   
0.00000000E+00   
0.00000000E+00   
0.00000000E+00   
0.00000000E+00   
0.00000000E+00   
0.00000000E+00   
0.00000000E+00   
0.00000000E+00   
0.00000000E+00   
0.00000000E+00   
0.00000000E+00   
0.00000000E+00   
0.00000000E+00   
0.00000000E+00   
0.00000000E+00   
0.00000000E+00   
0.00000000E+00   
0.00000000E+00   
0.00000000E+00   
0.00000000E+00   
0.00000000E+00   
0.00000000E+00   
0.00000000E+00   
0.00000000E+00   
0.00000000E+00   
0.00000000E+00   
0.00000000E+00   
0.00000000E+00   
0.00000000E+00   
0.00000000E+00   
0.00000000E+00   
0.00000000E+00   
0.00000000E+00   
0.00000000E+00   
0.00000000E+00   
0.00000000E+00   
0.00000000E+00   
0.00000000E+00   
0.00000000E+00   
0.00000000E+00   
0.00000000E+00   
0.00000000E+00   
0.00000000E+00   
0.00000000E+00   
0.00000000E+00   
0.00000000E+00   
0.00000000E+00   
0.00000000E+00   
0.00000000E+00   
0.00000000E+00   
0.00000000E+00   
0.00000000E+00   
0.00000000E+00   
0.00000000E+00   
0.00000000E+00   
0.00000000E+00   
0.00000000E+00   
0.00000000E+00   
0.00000000E+00   
0.00000000E+00   
0.00000000E+00   
0.00000000E+00   
0.00000000E+00   
0.00000000E+00   
0.00000000E+00   
0.00000000E+00   
0.00000000E+00   
0.00000000E+00   
0.00000000E+00   
0.00000000E+00   
0.00000000E+00   
0.00000000E+00   
0.00000000E+00   
0.00000000E+00   
0.00000000E+00   
0.00000000E+00   
0.00000000E+00   
0.00000000E+00   
0.00000000E+00   
0.00000000E+00   
0.00000000E+00   
0.00000000E+00   
0.00000000E+00   
0.00000000E+00   
0.00000000E+00   
0.00000000E+00   
0.00000000E+00   
0.00000000E+00   
0.00000000E+00   
0.00000000E+00   
0.00000000E+00   
0.00000000E+00   
0.00000000E+00   
0.00000000E+00   
0.00000000E+00   
0.00000000E+00   
0.00000000E+00   
0.00000000E+00   
0.00000000E+00   
0.00000000E+00   
0.00000000E+00   
0.00000000E+00   
0.00000000E+00   
0.00000000E+00   
0.00000000E+00   
0.00000000E+00   
0.00000000E+00   
0.00000000E+00   
0.00000000E+00   
0.00000000E+00   
0.00000000E+00   
0.00000000E+00   
0.00000000E+00   
0.00000000E+00   
0.00000000E+00   
0.00000000E+00   
0.00000000E+00   
0.00000000E+00   
0.00000000E+00   
0.00000000E+00   
0.00000000E+00   
0.00000000E+00   
0.00000000E+00   
0.00000000E+00   
0.00000000E+00   
0.00000000E+00   
0.00000000E+00   
0.00000000E+00   
0.00000000E+00   
0.00000000E+00   
0.00000000E+00   
0.00000000E+00   
0.00000000E+00   
0.00000000E+00   
0.00000000E+00   
0.00000000E+00   
0.00000000E+00   
0.00000000E+00   
0.00000000E+00   
0.00000000E+00   
0.00000000E+00   
0.00000000E+00   
0.00000000E+00   
0.00000000E+00   
0.00000000E+00   
0.00000000E+00   
0.00000000E+00   
0.00000000E+00   
0.00000000E+00   
0.00000000E+00   
0.00000000E+00   
0.00000000E+00   
0.00000000E+00   
0.00000000E+00   
0.00000000E+00   
0.00000000E+00   
0.00000000E+00   
0.00000000E+00   
0.00000000E+00   
0.00000000E+00   
0.00000000E+00   
0.00000000E+00   
0.00000000E+00   
0.00000000E+00   
0.00000000E+00   
0.00000000E+00   
0.00000000E+00   
0.00000000E+00   
0.00000000E+00   
0.00000000E+00   
0.00000000E+00   
0.00000000E+00   
0.00000000E+00   
0.00000000E+00   
0.00000000E+00   
0.00000000E+00   
0.00000000E+00   
0.00000000E+00   
0.00000000E+00   
0.00000000E+00   
0.00000000E+00   
0.00000000E+00   
0.00000000E+00   
0.00000000E+00   
0.00000000E+00   
0.00000000E+00   
0.00000000E+00   
0.00000000E+00   
0.00000000E+00   
0.00000000E+00   
0.00000000E+00   
0.00000000E+00   
0.00000000E+00   
0.00000000E+00   
0.00000000E+00   
0.00000000E+00   
0.00000000E+00   
0.00000000E+00   
0.00000000E+00   
0.00000000E+00   
0.00000000E+00   
0.00000000E+00   
0.00000000E+00   
0.00000000E+00   
0.00000000E+00   
0.00000000E+00   
0.00000000E+00   
0.00000000E+00   
0.00000000E+00   
0.00000000E+00   
0.00000000E+00   
0.00000000E+00   
0.00000000E+00   
0.00000000E+00   
0.00000000E+00   
0.00000000E+00   
0.00000000E+00   
0.00000000E+00   
0.00000000E+00   
0.00000000E+00   
0.00000000E+00   
0.00000000E+00   
0.00000000E+00   
0.00000000E+00   
0.00000000E+00   
0.00000000E+00   
0.00000000E+00   
0.00000000E+00   
0.00000000E+00   
0.00000000E+00   
0.00000000E+00   
0.00000000E+00   
0.00000000E+00   
0.00000000E+00   
0.00000000E+00   
0.00000000E+00   
0.00000000E+00   
0.00000000E+00   
0.00000000E+00   
0.00000000E+00   
0.00000000E+00   
0.00000000E+00   
0.00000000E+00   
0.00000000E+00   
0.00000000E+00   
0.00000000E+00   
0.00000000E+00   
0.00000000E+00   
0.00000000E+00   
0.00000000E+00   
0.00000000E+00   
0.00000000E+00   
0.00000000E+00   
0.00000000E+00   
0.00000000E+00   
0.00000000E+00   
0.00000000E+00   
0.00000000E+00   
0.00000000E+00   
0.00000000E+00   
0.00000000E+00   
0.00000000E+00   
0.00000000E+00   
0.00000000E+00   
0.00000000E+00   
0.00000000E+00   
0.00000000E+00   
0.00000000E+00   
0.00000000E+00   
0.00000000E+00   
0.00000000E+00   
0.00000000E+00   
0.00000000E+00   
0.00000000E+00   
0.00000000E+00   
0.00000000E+00   
0.00000000E+00   
0.00000000E+00   
0.00000000E+00   
0.00000000E+00   
0.00000000E+00   
0.00000000E+00   
0.00000000E+00   
0.00000000E+00   
0.00000000E+00   
0.00000000E+00   
0.00000000E+00   
0.00000000E+00   
0.00000000E+00   
0.00000000E+00   
0.00000000E+00   
0.00000000E+00   
0.00000000E+00   
0.00000000E+00   
0.00000000E+00   
0.00000000E+00   
0.00000000E+00   
0.00000000E+00   
0.00000000E+00   
0.00000000E+00   
0.00000000E+00   
0.00000000E+00   
0.00000000E+00   
0.00000000E+00   
0.00000000E+00   
0.00000000E+00   
0.00000000E+00   
0.00000000E+00   
0.00000000E+00   
0.00000000E+00   
0.00000000E+00   
0.00000000E+00   
0.00000000E+00   
0.00000000E+00   
0.00000000E+00   
0.00000000E+00   
0.00000000E+00   
0.00000000E+00   
0.00000000E+00   
0.00000000E+00   
0.00000000E+00   
0.00000000E+00   
0.00000000E+00   
0.00000000E+00   
0.00000000E+00   
0.00000000E+00   
0.00000000E+00   
0.00000000E+00   
0.00000000E+00   
0.00000000E+00   
0.00000000E+00   
0.00000000E+00   
0.00000000E+00   
0.00000000E+00   
0.00000000E+00   
0.00000000E+00   
0.00000000E+00   
0.00000000E+00   
0.00000000E+00   
0.00000000E+00   
0.00000000E+00   
0.00000000E+00   
0.00000000E+00   
0.00000000E+00   
0.00000000E+00   
0.00000000E+00   
0.00000000E+00   
0.00000000E+00   
0.00000000E+00   
0.00000000E+00   
0.00000000E+00   
0.00000000E+00   
0.00000000E+00   
0.00000000E+00   
0.00000000E+00   
0.00000000E+00   
0.00000000E+00   
0.00000000E+00   
0.00000000E+00   
0.00000000E+00   
0.00000000E+00   
0.00000000E+00   
0.00000000E+00   
0.00000000E+00   
0.00000000E+00   
0.00000000E+00   
0.00000000E+00   
0.00000000E+00   
0.00000000E+00   
0.00000000E+00   
0.00000000E+00   
0.00000000E+00   
0.00000000E+00   
0.00000000E+00   
0.00000000E+00   
0.00000000E+00   
0.00000000E+00   
0.00000000E+00   
0.00000000E+00   
0.00000000E+00   
0.00000000E+00   
0.00000000E+00   
0.00000000E+00   
0.00000000E+00   
0.00000000E+00   
0.00000000E+00   
0.00000000E+00   
0.00000000E+00   
0.00000000E+00   
0.00000000E+00   
0.00000000E+00   
0.00000000E+00   
0.00000000E+00   
0.00000000E+00   
0.00000000E+00   
0.00000000E+00   
0.00000000E+00   
0.00000000E+00   
0.00000000E+00   
0.00000000E+00   
0.00000000E+00   
0.00000000E+00   
0.00000000E+00   
0.00000000E+00   
0.00000000E+00   
0.00000000E+00   
0.00000000E+00   
0.00000000E+00   
0.00000000E+00   
0.00000000E+00   
0.00000000E+00   
0.00000000E+00   
0.00000000E+00   
0.00000000E+00   
0.00000000E+00   
0.00000000E+00   
0.00000000E+00   
0.00000000E+00   
0.00000000E+00   
0.00000000E+00   
0.00000000E+00   
0.00000000E+00   
0.00000000E+00   
0.00000000E+00   
0.00000000E+00   
0.00000000E+00   
0.00000000E+00   
0.00000000E+00   
0.00000000E+00   
0.00000000E+00   
0.00000000E+00   
0.00000000E+00   
0.00000000E+00   
0.00000000E+00   
0.00000000E+00   
0.00000000E+00   
0.00000000E+00   
0.00000000E+00   
0.00000000E+00   
0.00000000E+00   
0.00000000E+00   
0.00000000E+00   
0.00000000E+00   
0.00000000E+00   
0.00000000E+00   
0.00000000E+00   
0.00000000E+00   
0.00000000E+00   
0.00000000E+00   
0.00000000E+00   
0.00000000E+00   
0.00000000E+00   
0.00000000E+00   
0.00000000E+00   
0.00000000E+00   
0.00000000E+00   
0.00000000E+00   
0.00000000E+00   
0.00000000E+00   
0.00000000E+00   
0.00000000E+00   
0.00000000E+00   
0.00000000E+00   
0.00000000E+00   
0.00000000E+00   
0.00000000E+00   
0.00000000E+00   
0.00000000E+00   
0.00000000E+00   
0.00000000E+00   
0.00000000E+00   
0.00000000E+00   
0.00000000E+00   
0.00000000E+00   
0.00000000E+00   
0.00000000E+00   
0.00000000E+00   
0.00000000E+00   
0.00000000E+00   
0.00000000E+00   
0.00000000E+00   
0.00000000E+00   
0.00000000E+00   
0.00000000E+00   
0.00000000E+00   
0.00000000E+00   
0.00000000E+00   
0.00000000E+00   
0.00000000E+00   
0.00000000E+00   
0.00000000E+00   
0.00000000E+00   
0.00000000E+00   
0.00000000E+00   
0.00000000E+00   
0.00000000E+00   
0.00000000E+00   
0.00000000E+00   
0.00000000E+00   
0.00000000E+00   
0.00000000E+00   
0.00000000E+00   
0.00000000E+00   
0.00000000E+00   
0.00000000E+00   
0.00000000E+00   
0.00000000E+00   
0.00000000E+00   
0.00000000E+00   
0.00000000E+00   
0.00000000E+00   
0.00000000E+00   
0.00000000E+00   
0.00000000E+00   
0.00000000E+00   
0.00000000E+00   
0.00000000E+00   
0.00000000E+00   
0.00000000E+00   
0.00000000E+00   
0.00000000E+00   
0.00000000E+00   
0.00000000E+00   
0.00000000E+00   
0.00000000E+00   
0.00000000E+00   
0.00000000E+00   
0.00000000E+00   
0.00000000E+00   
0.00000000E+00   
0.00000000E+00   
0.00000000E+00   
0.00000000E+00   
0.00000000E+00   
0.00000000E+00   
0.00000000E+00   
0.00000000E+00   
0.00000000E+00   
0.00000000E+00   
0.00000000E+00   
0.00000000E+00   
0.00000000E+00   
0.00000000E+00   
0.00000000E+00   
0.00000000E+00   
0.00000000E+00   
0.00000000E+00   
0.00000000E+00   
0.00000000E+00   
0.00000000E+00   
0.00000000E+00   
0.00000000E+00   
0.00000000E+00   
0.00000000E+00   
0.00000000E+00   
0.00000000E+00   
0.00000000E+00   
0.00000000E+00   
0.00000000E+00   
0.00000000E+00   
0.00000000E+00   
0.00000000E+00   
0.00000000E+00   
0.00000000E+00   
0.00000000E+00   
0.00000000E+00   
0.00000000E+00   
0.00000000E+00   
0.00000000E+00   
0.00000000E+00   
0.00000000E+00   
0.00000000E+00   
0.00000000E+00   
0.00000000E+00   
0.00000000E+00   
0.00000000E+00   
0.00000000E+00   
0.00000000E+00   
0.00000000E+00   
0.00000000E+00   
0.00000000E+00   
0.00000000E+00   
0.00000000E+00   
0.00000000E+00   
0.00000000E+00   
0.00000000E+00   
0.00000000E+00   
0.00000000E+00   
0.00000000E+00   
0.00000000E+00   
0.00000000E+00   
0.00000000E+00   
0.00000000E+00   
0.00000000E+00   
0.00000000E+00   
0.00000000E+00   
0.00000000E+00   
0.00000000E+00   
0.00000000E+00   
0.00000000E+00   
0.00000000E+00   
0.00000000E+00   
0.00000000E+00   
0.00000000E+00   
0.00000000E+00   
0.00000000E+00   
0.00000000E+00   
0.00000000E+00   
0.00000000E+00   
0.00000000E+00   
0.00000000E+00   
0.00000000E+00   
0.00000000E+00   
0.00000000E+00   
0.00000000E+00   
0.00000000E+00   
0.00000000E+00   
0.00000000E+00   
0.00000000E+00   
0.00000000E+00   
0.00000000E+00   
0.00000000E+00   
0.00000000E+00   
0.00000000E+00   
0.00000000E+00   
0.00000000E+00   
0.00000000E+00   
0.00000000E+00   
0.00000000E+00   
0.00000000E+00   
0.00000000E+00   
0.00000000E+00   
0.00000000E+00   
0.00000000E+00   
0.00000000E+00   
0.00000000E+00   
0.00000000E+00   
0.00000000E+00   
0.00000000E+00   
0.00000000E+00   
0.00000000E+00   
0.00000000E+00   
0.00000000E+00   
0.00000000E+00   
0.00000000E+00   
0.00000000E+00   
0.00000000E+00   
0.00000000E+00   
0.00000000E+00   
0.00000000E+00   
0.00000000E+00   
0.00000000E+00   
0.00000000E+00   
0.00000000E+00   
0.00000000E+00   
0.00000000E+00   
0.00000000E+00   
0.00000000E+00   
0.00000000E+00   
0.00000000E+00   
0.00000000E+00   
0.00000000E+00   
0.00000000E+00   
0.00000000E+00   
0.00000000E+00   
0.00000000E+00   
0.00000000E+00   
0.00000000E+00   
0.00000000E+00   
0.00000000E+00   
0.00000000E+00   
0.00000000E+00   
0.00000000E+00   
0.00000000E+00   
0.00000000E+00   
0.00000000E+00   
0.00000000E+00   
0.00000000E+00   
0.00000000E+00   
0.00000000E+00   
0.00000000E+00   
0.00000000E+00   
0.00000000E+00   
0.00000000E+00   
0.00000000E+00   
0.00000000E+00   
0.00000000E+00   
0.00000000E+00   
0.00000000E+00   
0.00000000E+00   
0.00000000E+00   
0.00000000E+00   
0.00000000E+00   
0.00000000E+00   
0.00000000E+00   
0.00000000E+00   
0.00000000E+00   
0.00000000E+00   
0.00000000E+00   
0.00000000E+00   
0.00000000E+00   
0.00000000E+00   
0.00000000E+00   
0.00000000E+00   
0.00000000E+00   
0.00000000E+00   
0.00000000E+00   
0.00000000E+00   
0.00000000E+00   
0.00000000E+00   
0.00000000E+00   
0.00000000E+00   
0.00000000E+00   
0.00000000E+00   
0.00000000E+00   
0.00000000E+00   
0.00000000E+00   
0.00000000E+00   
0.00000000E+00   
0.00000000E+00   
0.00000000E+00   
0.00000000E+00   
0.00000000E+00   
0.00000000E+00   
0.00000000E+00   
0.00000000E+00   
0.00000000E+00   
0.00000000E+00   
0.00000000E+00   
0.00000000E+00   
0.00000000E+00   
0.00000000E+00   
0.00000000E+00   
0.00000000E+00   
0.00000000E+00   
0.00000000E+00   
0.00000000E+00   
0.00000000E+00   
0.00000000E+00   
0.00000000E+00   
0.00000000E+00   
0.00000000E+00   
0.00000000E+00   
0.00000000E+00   
0.00000000E+00   
0.00000000E+00   
0.00000000E+00   
0.00000000E+00   
0.00000000E+00   
0.00000000E+00   
0.00000000E+00   
0.00000000E+00   
0.00000000E+00   
0.00000000E+00   
0.00000000E+00   
0.00000000E+00   
0.00000000E+00   
0.00000000E+00   
0.00000000E+00   
0.00000000E+00   
0.00000000E+00   
0.00000000E+00   
0.00000000E+00   
0.00000000E+00   
0.00000000E+00   
0.00000000E+00   
0.00000000E+00   
0.00000000E+00   
0.00000000E+00   
0.00000000E+00   
0.00000000E+00   
0.00000000E+00   
0.00000000E+00   
0.00000000E+00   
0.00000000E+00   
0.00000000E+00   
0.00000000E+00   
0.00000000E+00   
0.00000000E+00   
0.00000000E+00   
0.00000000E+00   
0.00000000E+00   
0.00000000E+00   
0.00000000E+00   
0.00000000E+00   
0.00000000E+00   
0.00000000E+00   
0.00000000E+00   
0.00000000E+00   
0.00000000E+00   
0.00000000E+00   
0.00000000E+00   
0.00000000E+00   
0.00000000E+00   
0.00000000E+00   
0.00000000E+00   
0.00000000E+00   
0.00000000E+00   
0.00000000E+00   
0.00000000E+00   
0.00000000E+00   
0.00000000E+00   
0.00000000E+00   
0.00000000E+00   
0.00000000E+00   
0.00000000E+00   
0.00000000E+00   
0.00000000E+00   
0.00000000E+00   
0.00000000E+00   
0.00000000E+00   
0.00000000E+00   
0.00000000E+00   
0.00000000E+00   
0.00000000E+00   
0.00000000E+00   
0.00000000E+00   
0.00000000E+00   
0.00000000E+00   
0.00000000E+00   
0.00000000E+00   
0.00000000E+00   
0.00000000E+00   
0.00000000E+00   
0.00000000E+00   
0.00000000E+00   
0.00000000E+00   
0.00000000E+00   
0.00000000E+00   
0.00000000E+00   
0.00000000E+00   
0.00000000E+00   
0.00000000E+00   
0.00000000E+00   
0.00000000E+00   
0.00000000E+00   
0.00000000E+00   
0.00000000E+00   
0.00000000E+00   
0.00000000E+00   
0.00000000E+00   
0.00000000E+00   
0.00000000E+00   
0.00000000E+00   
0.00000000E+00   
0.00000000E+00   
0.00000000E+00   
0.00000000E+00   
0.00000000E+00   
0.00000000E+00   
0.00000000E+00   
0.00000000E+00   
0.00000000E+00   
0.00000000E+00   
0.00000000E+00   
0.00000000E+00   
0.00000000E+00   
0.00000000E+00   
0.00000000E+00   
0.00000000E+00   
0.00000000E+00   
0.00000000E+00   
0.00000000E+00   
0.00000000E+00   
0.00000000E+00   
0.00000000E+00   
0.00000000E+00   
0.00000000E+00   
0.00000000E+00   
0.00000000E+00   
0.00000000E+00   
0.00000000E+00   
0.00000000E+00   
0.00000000E+00   
0.00000000E+00   
0.00000000E+00   
0.00000000E+00   
0.00000000E+00   
0.00000000E+00   
0.00000000E+00   
0.00000000E+00   
0.00000000E+00   
0.00000000E+00   
0.00000000E+00   
0.00000000E+00   
0.00000000E+00   
0.00000000E+00   
0.00000000E+00   
0.00000000E+00   
0.00000000E+00   
0.00000000E+00   
0.00000000E+00   
0.00000000E+00   
0.00000000E+00   
0.00000000E+00   
0.00000000E+00   
0.00000000E+00   
0.00000000E+00   
0.00000000E+00   
0.00000000E+00   
0.00000000E+00   
0.00000000E+00   
0.00000000E+00   
0.00000000E+00   
0.00000000E+00   
0.00000000E+00   
0.00000000E+00   
0.00000000E+00   
0.00000000E+00   
0.00000000E+00   
0.00000000E+00   
0.00000000E+00   
0.00000000E+00   
0.00000000E+00   
0.00000000E+00   
0.00000000E+00   
0.00000000E+00   
0.00000000E+00   
0.00000000E+00   
0.00000000E+00   
0.00000000E+00   
0.00000000E+00   
0.00000000E+00   
0.00000000E+00   
0.00000000E+00   
0.00000000E+00   
0.00000000E+00   
0.00000000E+00   
0.00000000E+00   
0.00000000E+00   
0.00000000E+00   
0.00000000E+00   
0.00000000E+00   
0.00000000E+00   
0.00000000E+00   
0.00000000E+00   
0.00000000E+00   
0.00000000E+00   
0.00000000E+00   
0.00000000E+00   
0.00000000E+00   
0.00000000E+00   
0.00000000E+00   
0.00000000E+00   
0.00000000E+00   
0.00000000E+00   
0.00000000E+00   
0.00000000E+00   
0.00000000E+00   
0.00000000E+00   
0.00000000E+00   
0.00000000E+00   
0.00000000E+00   
0.00000000E+00   
0.00000000E+00   
0.00000000E+00   
0.00000000E+00   
0.00000000E+00   
0.00000000E+00   
0.00000000E+00   
0.00000000E+00   
0.00000000E+00   
0.00000000E+00   
0.00000000E+00   
0.00000000E+00   
0.00000000E+00   
0.00000000E+00   
0.00000000E+00   
0.00000000E+00   
0.00000000E+00   
0.00000000E+00   
0.00000000E+00   
0.00000000E+00   
0.00000000E+00   
0.00000000E+00   
0.00000000E+00   
0.00000000E+00   
0.00000000E+00   
0.00000000E+00   
0.00000000E+00   
0.00000000E+00   
0.00000000E+00   
0.00000000E+00   
0.00000000E+00   
0.00000000E+00   
0.00000000E+00   
0.00000000E+00   
0.00000000E+00   
0.00000000E+00   
0.00000000E+00   
0.00000000E+00   
0.00000000E+00   
0.00000000E+00   
0.00000000E+00   
0.00000000E+00   
0.00000000E+00   
0.00000000E+00   
0.00000000E+00   
0.00000000E+00   
0.00000000E+00   
0.00000000E+00   
0.00000000E+00   
0.00000000E+00   
0.00000000E+00   
0.00000000E+00   
0.00000000E+00   
0.00000000E+00   
0.00000000E+00   
0.00000000E+00   
0.00000000E+00   
0.00000000E+00   
0.00000000E+00   
0.00000000E+00   
0.00000000E+00   
0.00000000E+00   
0.00000000E+00   
0.00000000E+00   
0.00000000E+00   
0.00000000E+00   
0.00000000E+00   
0.00000000E+00   
0.00000000E+00   
0.00000000E+00   
0.00000000E+00   
0.00000000E+00   
0.00000000E+00   
0.00000000E+00   
0.00000000E+00   
0.00000000E+00   
0.00000000E+00   
0.00000000E+00   
0.00000000E+00   
0.00000000E+00   
0.00000000E+00   
0.00000000E+00   
0.00000000E+00   
0.00000000E+00   
0.00000000E+00   
0.00000000E+00   
0.00000000E+00   
0.00000000E+00   
0.00000000E+00   
0.00000000E+00   
0.00000000E+00   
0.00000000E+00   
0.00000000E+00   
0.00000000E+00   
0.00000000E+00   
0.00000000E+00   
0.00000000E+00   
0.00000000E+00   
0.00000000E+00   
0.00000000E+00   
0.00000000E+00   
0.00000000E+00   
0.00000000E+00   
0.00000000E+00   
0.00000000E+00   
0.00000000E+00   
0.00000000E+00   
0.00000000E+00   
0.00000000E+00   
0.00000000E+00   
0.00000000E+00   
0.00000000E+00   
0.00000000E+00   
0.00000000E+00   
0.00000000E+00   
0.00000000E+00   
0.00000000E+00   
0.00000000E+00   
0.00000000E+00   
0.00000000E+00   
0.00000000E+00   
0.00000000E+00   
0.00000000E+00   
0.00000000E+00   
0.00000000E+00   
0.00000000E+00   
0.00000000E+00   
0.00000000E+00   
0.00000000E+00   
0.00000000E+00   
0.00000000E+00   
0.00000000E+00   
0.00000000E+00   
0.00000000E+00   
0.00000000E+00   
0.00000000E+00   
0.00000000E+00   
0.00000000E+00   
0.00000000E+00   
0.00000000E+00   
0.00000000E+00   
0.00000000E+00   
0.00000000E+00   
0.00000000E+00   
0.00000000E+00   
0.00000000E+00   
0.00000000E+00   
0.00000000E+00   
0.00000000E+00   
0.00000000E+00   
0.00000000E+00   
0.00000000E+00   
0.00000000E+00   
0.00000000E+00   
0.00000000E+00   
0.00000000E+00   
0.00000000E+00   
0.00000000E+00   
0.00000000E+00   
0.00000000E+00   
0.00000000E+00   
0.00000000E+00   
0.00000000E+00   
0.00000000E+00   
0.00000000E+00   
0.00000000E+00   
0.00000000E+00   
0.00000000E+00   
0.00000000E+00   
0.00000000E+00   
0.00000000E+00   
0.00000000E+00   
0.00000000E+00   
0.00000000E+00   
0.00000000E+00   
0.00000000E+00   
0.00000000E+00   
0.00000000E+00   
0.00000000E+00   
0.00000000E+00   
0.00000000E+00   
0.00000000E+00   
0.00000000E+00   
0.00000000E+00   
0.00000000E+00   
0.00000000E+00   
0.00000000E+00   
0.00000000E+00   
0.00000000E+00   
0.00000000E+00   
0.00000000E+00   
0.00000000E+00   
0.00000000E+00   
0.00000000E+00   
0.00000000E+00   
0.00000000E+00   
0.00000000E+00   
0.00000000E+00   
0.00000000E+00   
0.00000000E+00   
0.00000000E+00   
0.00000000E+00   
0.00000000E+00   
0.00000000E+00   
0.00000000E+00   
0.00000000E+00   
0.00000000E+00   
0.00000000E+00   
0.00000000E+00   
0.00000000E+00   
0.00000000E+00   
0.00000000E+00   
0.00000000E+00   
0.00000000E+00   
0.00000000E+00   
0.00000000E+00   
0.00000000E+00   
0.00000000E+00   
0.00000000E+00   
0.00000000E+00   
0.00000000E+00   
0.00000000E+00   
0.00000000E+00   
0.00000000E+00   
0.00000000E+00   
0.00000000E+00   
0.00000000E+00   
0.00000000E+00   
0.00000000E+00   
0.00000000E+00   
0.00000000E+00   
0.00000000E+00   
0.00000000E+00   
0.00000000E+00   
0.00000000E+00   
0.00000000E+00   
0.00000000E+00   
0.00000000E+00   
0.00000000E+00   
0.00000000E+00   
0.00000000E+00   
0.00000000E+00   
0.00000000E+00   
0.00000000E+00   
0.00000000E+00   
0.00000000E+00   
0.00000000E+00   
0.00000000E+00   
0.00000000E+00   
0.00000000E+00   
0.00000000E+00   
0.00000000E+00   
0.00000000E+00   
0.00000000E+00   
0.00000000E+00   
0.00000000E+00   
0.00000000E+00   
0.00000000E+00   
0.00000000E+00   
0.00000000E+00   
0.00000000E+00   
0.00000000E+00   
0.00000000E+00   
0.00000000E+00   
0.00000000E+00   
0.00000000E+00   
0.00000000E+00   
0.00000000E+00   
0.00000000E+00   
0.00000000E+00   
0.00000000E+00   
0.00000000E+00   
0.00000000E+00   
0.00000000E+00   
0.00000000E+00   
0.00000000E+00   
0.00000000E+00   
0.00000000E+00   
0.00000000E+00   
0.00000000E+00   
0.00000000E+00   
0.00000000E+00   
0.00000000E+00   
0.00000000E+00   
0.00000000E+00   
0.00000000E+00   
0.00000000E+00   
0.00000000E+00   
0.00000000E+00   
0.00000000E+00   
0.00000000E+00   
0.00000000E+00   
0.00000000E+00   
0.00000000E+00   
0.00000000E+00   
0.00000000E+00   
0.00000000E+00   
0.00000000E+00   
0.00000000E+00   
0.00000000E+00   
0.00000000E+00   
0.00000000E+00   
0.00000000E+00   
0.00000000E+00   
0.00000000E+00   
0.00000000E+00   
0.00000000E+00   
0.00000000E+00   
0.00000000E+00   
0.00000000E+00   
0.00000000E+00   
0.00000000E+00   
0.00000000E+00   
0.00000000E+00   
0.00000000E+00   
0.00000000E+00   
0.00000000E+00   
0.00000000E+00   
0.00000000E+00   
0.00000000E+00   
0.00000000E+00   
0.00000000E+00   
0.00000000E+00   
0.00000000E+00   
0.00000000E+00   
0.00000000E+00   
0.00000000E+00   
0.00000000E+00   
0.00000000E+00   
0.00000000E+00   
0.00000000E+00   
0.00000000E+00   
0.00000000E+00   
0.00000000E+00   
0.00000000E+00   
0.00000000E+00   
0.00000000E+00   
0.00000000E+00   
0.00000000E+00   
0.00000000E+00   
0.00000000E+00   
0.00000000E+00   
0.00000000E+00   
0.00000000E+00   
0.00000000E+00   
0.00000000E+00   
0.00000000E+00   
0.00000000E+00   
0.00000000E+00   
0.00000000E+00   
0.00000000E+00   
0.00000000E+00   
0.00000000E+00   
0.00000000E+00   
0.00000000E+00   
0.00000000E+00   
0.00000000E+00   
0.00000000E+00   
0.00000000E+00   
0.00000000E+00   
0.00000000E+00   
0.00000000E+00   
0.00000000E+00   
0.00000000E+00   
0.00000000E+00   
0.00000000E+00   
0.00000000E+00   
0.00000000E+00   
0.00000000E+00   
0.00000000E+00   
0.00000000E+00   
0.00000000E+00   
0.00000000E+00   
0.00000000E+00   
0.00000000E+00   
0.00000000E+00   
0.00000000E+00   
0.00000000E+00   
0.00000000E+00   
0.00000000E+00   
0.00000000E+00   
0.00000000E+00   
0.00000000E+00   
0.00000000E+00   
0.00000000E+00   
0.00000000E+00   
0.00000000E+00   
0.00000000E+00   
0.00000000E+00   
0.00000000E+00   
0.00000000E+00   
0.00000000E+00   
0.00000000E+00   
0.00000000E+00   
0.00000000E+00   
0.00000000E+00   
0.00000000E+00   
0.00000000E+00   
0.00000000E+00   
0.00000000E+00   
0.00000000E+00   
0.00000000E+00   
0.00000000E+00   
0.00000000E+00   
0.00000000E+00   
0.00000000E+00   
0.00000000E+00   
0.00000000E+00   
0.00000000E+00   
0.00000000E+00   
0.00000000E+00   
0.00000000E+00   
0.00000000E+00   
0.00000000E+00   
0.00000000E+00   
0.00000000E+00   
0.00000000E+00   
0.00000000E+00   
0.00000000E+00   
0.00000000E+00   
0.00000000E+00   
0.00000000E+00   
0.00000000E+00   
0.00000000E+00   
0.00000000E+00   
0.00000000E+00   
0.00000000E+00   
0.00000000E+00   
0.00000000E+00   
0.00000000E+00   
0.00000000E+00   
0.00000000E+00   
0.00000000E+00   
0.00000000E+00   
0.00000000E+00   
0.00000000E+00   
0.00000000E+00   
0.00000000E+00   
0.00000000E+00   
0.00000000E+00   
0.00000000E+00   
0.00000000E+00   
0.00000000E+00   
0.00000000E+00   
0.00000000E+00   
0.00000000E+00   
0.00000000E+00   
0.00000000E+00   
0.00000000E+00   
0.00000000E+00   
0.00000000E+00   
0.00000000E+00   
0.00000000E+00   
0.00000000E+00   
0.00000000E+00   
0.00000000E+00   
0.00000000E+00   
0.00000000E+00   
0.00000000E+00   
0.00000000E+00   
0.00000000E+00   
0.00000000E+00   
0.00000000E+00   
0.00000000E+00   
0.00000000E+00   
0.00000000E+00   
0.00000000E+00   
0.00000000E+00   
0.00000000E+00   
0.00000000E+00   
0.00000000E+00   
0.00000000E+00   
0.00000000E+00   
0.00000000E+00   
0.00000000E+00   
0.00000000E+00   
0.00000000E+00   
0.00000000E+00   
0.00000000E+00   
0.00000000E+00   
0.00000000E+00   
0.00000000E+00   
0.00000000E+00   
0.00000000E+00   
0.00000000E+00   
0.00000000E+00   
0.00000000E+00   
0.00000000E+00   
0.00000000E+00   
0.00000000E+00   
0.00000000E+00   
0.00000000E+00   
0.00000000E+00   
0.00000000E+00   
0.00000000E+00   
0.00000000E+00   
0.00000000E+00   
0.00000000E+00   
0.00000000E+00   
0.00000000E+00   
0.00000000E+00   
0.00000000E+00   
0.00000000E+00   
0.00000000E+00   
0.00000000E+00   
0.00000000E+00   
0.00000000E+00   
0.00000000E+00   
0.00000000E+00   
0.00000000E+00   
0.00000000E+00   
0.00000000E+00   
0.00000000E+00   
0.00000000E+00   
0.00000000E+00   
0.00000000E+00   
0.00000000E+00   
0.00000000E+00   
0.00000000E+00   
0.00000000E+00   
0.00000000E+00   
0.00000000E+00   
0.00000000E+00   
0.00000000E+00   
0.00000000E+00   
0.00000000E+00   
0.00000000E+00   
0.00000000E+00   
0.00000000E+00   
0.00000000E+00   
0.00000000E+00   
0.00000000E+00   
0.00000000E+00   
0.00000000E+00   
0.00000000E+00   
0.00000000E+00   
0.00000000E+00   
0.00000000E+00   
0.00000000E+00   
0.00000000E+00   
0.00000000E+00   
0.00000000E+00   
0.00000000E+00   
0.00000000E+00   
0.00000000E+00   
0.00000000E+00   
0.00000000E+00   
0.00000000E+00   
0.00000000E+00   
0.00000000E+00   
0.00000000E+00   
0.00000000E+00   
0.00000000E+00   
0.00000000E+00   
0.00000000E+00   
0.00000000E+00   
0.00000000E+00   
0.00000000E+00   
0.00000000E+00   
0.00000000E+00   
0.00000000E+00   
0.00000000E+00   
0.00000000E+00   
0.00000000E+00   
0.00000000E+00   
0.00000000E+00   
0.00000000E+00   
0.00000000E+00   
0.00000000E+00   
0.00000000E+00   
0.00000000E+00   
0.00000000E+00   
0.00000000E+00   
0.00000000E+00   
0.00000000E+00   
0.00000000E+00   
0.00000000E+00   
0.00000000E+00   
0.00000000E+00   
0.00000000E+00   
0.00000000E+00   
0.00000000E+00   
0.00000000E+00   
0.00000000E+00   
0.00000000E+00   
0.00000000E+00   
0.00000000E+00   
0.00000000E+00   
0.00000000E+00   
0.00000000E+00   
0.00000000E+00   
0.00000000E+00   
0.00000000E+00   
0.00000000E+00   
0.00000000E+00   
0.00000000E+00   
0.00000000E+00   
0.00000000E+00   
0.00000000E+00   
0.00000000E+00   
0.00000000E+00   
0.00000000E+00   
0.00000000E+00   
0.00000000E+00   
0.00000000E+00   
0.00000000E+00   
0.00000000E+00   
0.00000000E+00   
0.00000000E+00   
0.00000000E+00   
0.00000000E+00   
0.00000000E+00   
0.00000000E+00   
0.00000000E+00   
0.00000000E+00   
0.00000000E+00   
0.00000000E+00   
0.00000000E+00   
0.00000000E+00   
0.00000000E+00   
0.00000000E+00   
0.00000000E+00   
0.00000000E+00   
0.00000000E+00   
0.00000000E+00   
0.00000000E+00   
0.00000000E+00   
0.00000000E+00   
0.00000000E+00   
0.00000000E+00   
0.00000000E+00   
0.00000000E+00   
0.00000000E+00   
0.00000000E+00   
0.00000000E+00   
0.00000000E+00   
0.00000000E+00   
0.00000000E+00   
0.00000000E+00   
0.00000000E+00   
0.00000000E+00   
0.00000000E+00   
0.00000000E+00   
0.00000000E+00   
0.00000000E+00   
0.00000000E+00   
0.00000000E+00   
0.00000000E+00   
0.00000000E+00   
0.00000000E+00   
0.00000000E+00   
0.00000000E+00   
0.00000000E+00   
0.00000000E+00   
0.00000000E+00   
0.00000000E+00   
0.00000000E+00   
0.00000000E+00   
0.00000000E+00   
0.00000000E+00   
0.00000000E+00   
0.00000000E+00   
0.00000000E+00   
0.00000000E+00   
0.00000000E+00   
0.00000000E+00   
0.00000000E+00   
0.00000000E+00   
0.00000000E+00   
0.00000000E+00   
0.00000000E+00   
0.00000000E+00   
0.00000000E+00   
0.00000000E+00   
0.00000000E+00   
0.00000000E+00   
0.00000000E+00   
0.00000000E+00   
0.00000000E+00   
0.00000000E+00   
0.00000000E+00   
0.00000000E+00   
0.00000000E+00   
0.00000000E+00   
0.00000000E+00   
0.00000000E+00   
0.00000000E+00   
0.00000000E+00   
0.00000000E+00   
0.00000000E+00   
0.00000000E+00   
0.00000000E+00   
0.00000000E+00   
0.00000000E+00   
0.00000000E+00   
0.00000000E+00   
0.00000000E+00   
0.00000000E+00   
0.00000000E+00   
0.00000000E+00   
0.00000000E+00   
0.00000000E+00   
0.00000000E+00   
0.00000000E+00   
0.00000000E+00   
0.00000000E+00   
0.00000000E+00   
0.00000000E+00   
0.00000000E+00   
0.00000000E+00   
0.00000000E+00   
0.00000000E+00   
0.00000000E+00   
0.00000000E+00   
0.00000000E+00   
0.00000000E+00   
0.00000000E+00   
0.00000000E+00   
0.00000000E+00   
0.00000000E+00   
0.00000000E+00   
0.00000000E+00   
0.00000000E+00   
0.00000000E+00   
0.00000000E+00   
0.00000000E+00   
0.00000000E+00   
0.00000000E+00   
0.00000000E+00   
0.00000000E+00   
0.00000000E+00   
0.00000000E+00   
0.00000000E+00   
0.00000000E+00   
0.00000000E+00   
0.00000000E+00   
0.00000000E+00   
0.00000000E+00   
0.00000000E+00   
0.00000000E+00   
0.00000000E+00   
0.00000000E+00   
0.00000000E+00   
0.00000000E+00   
0.00000000E+00   
0.00000000E+00   
0.00000000E+00   
0.00000000E+00   
0.00000000E+00   
0.00000000E+00   
0.00000000E+00   
0.00000000E+00   
0.00000000E+00   
0.00000000E+00   
0.00000000E+00   
0.00000000E+00   
0.00000000E+00   
0.00000000E+00   
0.00000000E+00   
0.00000000E+00   
0.00000000E+00   
0.00000000E+00   
0.00000000E+00   
0.00000000E+00   
0.00000000E+00   
0.00000000E+00   
0.00000000E+00   
0.00000000E+00   
0.00000000E+00   
0.00000000E+00   
0.00000000E+00   
0.00000000E+00   
0.00000000E+00   
0.00000000E+00   
0.00000000E+00   
0.00000000E+00   
0.00000000E+00   
0.00000000E+00   
0.00000000E+00   
0.00000000E+00   
0.00000000E+00   
0.00000000E+00   
0.00000000E+00   
0.00000000E+00   
0.00000000E+00   
0.00000000E+00   
0.00000000E+00   
0.00000000E+00   
0.00000000E+00   
0.00000000E+00   
0.00000000E+00   
0.00000000E+00   
0.00000000E+00   
0.00000000E+00   
0.00000000E+00   
0.00000000E+00   
0.00000000E+00   
0.00000000E+00   
0.00000000E+00   
0.00000000E+00   
0.00000000E+00   
0.00000000E+00   
0.00000000E+00   
0.00000000E+00   
0.00000000E+00   
0.00000000E+00   
0.00000000E+00   
0.00000000E+00   
0.00000000E+00   
0.00000000E+00   
0.00000000E+00   
0.00000000E+00   
0.00000000E+00   
0.00000000E+00   
0.00000000E+00   
0.00000000E+00   
0.00000000E+00   
0.00000000E+00   
0.00000000E+00   
0.00000000E+00   
0.00000000E+00   
0.00000000E+00   
0.00000000E+00   
0.00000000E+00   
0.00000000E+00   
0.00000000E+00   
0.00000000E+00   
0.00000000E+00   
0.00000000E+00   
0.00000000E+00   
0.00000000E+00   
0.00000000E+00   
0.00000000E+00   
0.00000000E+00   
0.00000000E+00   
0.00000000E+00   
0.00000000E+00   
0.00000000E+00   
0.00000000E+00   
0.00000000E+00   
0.00000000E+00   
0.00000000E+00   
0.00000000E+00   
0.00000000E+00   
0.00000000E+00   
0.00000000E+00   
0.00000000E+00   
0.00000000E+00   
0.00000000E+00   
0.00000000E+00   
0.00000000E+00   
0.00000000E+00   
0.00000000E+00   
0.00000000E+00   
0.00000000E+00   
0.00000000E+00   
0.00000000E+00   
0.00000000E+00   
0.00000000E+00   
0.00000000E+00   
0.00000000E+00   
0.00000000E+00   
0.00000000E+00   
0.00000000E+00   
0.00000000E+00   
0.00000000E+00   
0.00000000E+00   
0.00000000E+00   
0.00000000E+00   
0.00000000E+00   
0.00000000E+00   
0.00000000E+00   
0.00000000E+00   
0.00000000E+00   
0.00000000E+00   
0.00000000E+00   
0.00000000E+00   
0.00000000E+00   
0.00000000E+00   
0.00000000E+00   
0.00000000E+00   
0.00000000E+00   
0.00000000E+00   
0.00000000E+00   
0.00000000E+00   
0.00000000E+00   
0.00000000E+00   
0.00000000E+00   
0.00000000E+00   
0.00000000E+00   
0.00000000E+00   
0.00000000E+00   
0.00000000E+00   
0.00000000E+00   
0.00000000E+00   
0.00000000E+00   
0.00000000E+00   
0.00000000E+00   
0.00000000E+00   
0.00000000E+00   
0.00000000E+00   
0.00000000E+00   
0.00000000E+00   
0.00000000E+00   
0.00000000E+00   
0.00000000E+00   
0.00000000E+00   
0.00000000E+00   
0.00000000E+00   
0.00000000E+00   
0.00000000E+00   
0.00000000E+00   
0.00000000E+00   
0.00000000E+00   
0.00000000E+00   
0.00000000E+00   
0.00000000E+00   
0.00000000E+00   
0.00000000E+00   
0.00000000E+00   
0.00000000E+00   
0.00000000E+00   
0.00000000E+00   
0.00000000E+00   
0.00000000E+00   
0.00000000E+00   
0.00000000E+00   
0.00000000E+00   
0.00000000E+00   
0.00000000E+00   
0.00000000E+00   
0.00000000E+00   
0.00000000E+00   
0.00000000E+00   
0.00000000E+00   
0.00000000E+00   
0.00000000E+00   
0.00000000E+00   
0.00000000E+00   
0.00000000E+00   
0.00000000E+00   
0.00000000E+00   
0.00000000E+00   
0.00000000E+00   
0.00000000E+00   
0.00000000E+00   
0.00000000E+00   
0.00000000E+00   
0.00000000E+00   
0.00000000E+00   
0.00000000E+00   
0.00000000E+00   
0.00000000E+00   
0.00000000E+00   
0.00000000E+00   
0.00000000E+00   
0.00000000E+00   
0.00000000E+00   
0.00000000E+00   
0.00000000E+00   
0.00000000E+00   
0.00000000E+00   
0.00000000E+00   
0.00000000E+00   
0.00000000E+00   
0.00000000E+00   
0.00000000E+00   
0.00000000E+00   
0.00000000E+00   
0.00000000E+00   
0.00000000E+00   
0.00000000E+00   
0.00000000E+00   
0.00000000E+00   
0.00000000E+00   
0.00000000E+00   
0.00000000E+00   
0.00000000E+00   
0.00000000E+00   
0.00000000E+00   
0.00000000E+00   
0.00000000E+00   
0.00000000E+00   
0.00000000E+00   
0.00000000E+00   
0.00000000E+00   
0.00000000E+00   
0.00000000E+00   
0.00000000E+00   
0.00000000E+00   
0.00000000E+00   
0.00000000E+00   
0.00000000E+00   
0.00000000E+00   
0.00000000E+00   
0.00000000E+00   
0.00000000E+00   
0.00000000E+00   
0.00000000E+00   
0.00000000E+00   
0.00000000E+00   
0.00000000E+00   
0.00000000E+00   
0.00000000E+00   
0.00000000E+00   
0.00000000E+00   
0.00000000E+00   
0.00000000E+00   
0.00000000E+00   
0.00000000E+00   
0.00000000E+00   
0.00000000E+00   
0.00000000E+00   
0.00000000E+00   
0.00000000E+00   
0.00000000E+00   
0.00000000E+00   
0.00000000E+00   
0.00000000E+00   
0.00000000E+00   
0.00000000E+00   
0.00000000E+00   
0.00000000E+00   
0.00000000E+00   
0.00000000E+00   
0.00000000E+00   
0.00000000E+00   
0.00000000E+00   
0.00000000E+00   
0.00000000E+00   
0.00000000E+00   
0.00000000E+00   
0.00000000E+00   
0.00000000E+00   
0.00000000E+00   
0.00000000E+00   
0.00000000E+00   
0.00000000E+00   
0.00000000E+00   
0.00000000E+00   
0.00000000E+00   
0.00000000E+00   
0.00000000E+00   
0.00000000E+00   
0.00000000E+00   
0.00000000E+00   
0.00000000E+00   
0.00000000E+00   
0.00000000E+00   
0.00000000E+00   
0.00000000E+00   
0.00000000E+00   
0.00000000E+00   
0.00000000E+00   
0.00000000E+00   
0.00000000E+00   
0.00000000E+00   
0.00000000E+00   
0.00000000E+00   
0.00000000E+00   
0.00000000E+00   
0.00000000E+00   
0.00000000E+00   
0.00000000E+00   
0.00000000E+00   
0.00000000E+00   
0.00000000E+00   
0.00000000E+00   
0.00000000E+00   
0.00000000E+00   
0.00000000E+00   
0.00000000E+00   
0.00000000E+00   
0.00000000E+00   
0.00000000E+00   
0.00000000E+00   
0.00000000E+00   
0.00000000E+00   
0.00000000E+00   
0.00000000E+00   
0.00000000E+00   
0.00000000E+00   
0.00000000E+00   
0.00000000E+00   
0.00000000E+00   
0.00000000E+00   
0.00000000E+00   
0.00000000E+00   
0.00000000E+00   
0.00000000E+00   
0.00000000E+00   
0.00000000E+00   
0.00000000E+00   
0.00000000E+00   
0.00000000E+00   
0.00000000E+00   
0.00000000E+00   
0.00000000E+00   
0.00000000E+00   
0.00000000E+00   
0.00000000E+00   
0.00000000E+00   
0.00000000E+00   
0.00000000E+00   
0.00000000E+00   
0.00000000E+00   
0.00000000E+00   
0.00000000E+00   
0.00000000E+00   
0.00000000E+00   
0.00000000E+00   
0.00000000E+00   
0.00000000E+00   
0.00000000E+00   
0.00000000E+00   
0.00000000E+00   
0.00000000E+00   
0.00000000E+00   
0.00000000E+00   
0.00000000E+00   
0.00000000E+00   
0.00000000E+00   
0.00000000E+00   
0.00000000E+00   
0.00000000E+00   
0.00000000E+00   
0.00000000E+00   
0.00000000E+00   
0.00000000E+00   
0.00000000E+00   
0.00000000E+00   
0.00000000E+00   
0.00000000E+00   
0.00000000E+00   
0.00000000E+00   
0.00000000E+00   
0.00000000E+00   
0.00000000E+00   
0.00000000E+00   
0.00000000E+00   
0.00000000E+00   
0.00000000E+00   
0.00000000E+00   
0.00000000E+00   
0.00000000E+00   
0.00000000E+00   
0.00000000E+00   
0.00000000E+00   
0.00000000E+00   
0.00000000E+00   
0.00000000E+00   
0.00000000E+00   
0.00000000E+00   
0.00000000E+00   
0.00000000E+00   
0.00000000E+00   
0.00000000E+00   
0.00000000E+00   
0.00000000E+00   
0.00000000E+00   
0.00000000E+00   
0.00000000E+00   
0.00000000E+00   
0.00000000E+00   
0.00000000E+00   
0.00000000E+00   
0.00000000E+00   
0.00000000E+00   
0.00000000E+00   
0.00000000E+00   
0.00000000E+00   
0.00000000E+00   
0.00000000E+00   
0.00000000E+00   
0.00000000E+00   
0.00000000E+00   
0.00000000E+00   
0.00000000E+00   
0.00000000E+00   
0.00000000E+00   
0.00000000E+00   
0.00000000E+00   
0.00000000E+00   
0.00000000E+00   
0.00000000E+00   
0.00000000E+00   
0.00000000E+00   
0.00000000E+00   
0.00000000E+00   
0.00000000E+00   
0.00000000E+00   
0.00000000E+00   
0.00000000E+00   
0.00000000E+00   
0.00000000E+00   
0.00000000E+00   
0.00000000E+00   
0.00000000E+00   
0.00000000E+00   
0.00000000E+00   
0.00000000E+00   
0.00000000E+00   
0.00000000E+00   
0.00000000E+00   
0.00000000E+00   
0.00000000E+00   
0.00000000E+00   
0.00000000E+00   
0.00000000E+00   
0.00000000E+00   
0.00000000E+00   
0.00000000E+00   
0.00000000E+00   
0.00000000E+00   
0.00000000E+00   
0.00000000E+00   
0.00000000E+00   
0.00000000E+00   
0.00000000E+00   
0.00000000E+00   
0.00000000E+00   
0.00000000E+00   
0.00000000E+00   
0.00000000E+00   
0.00000000E+00   
0.00000000E+00   
0.00000000E+00   
0.00000000E+00   
0.00000000E+00   
0.00000000E+00   
0.00000000E+00   
0.00000000E+00   
0.00000000E+00   
0.00000000E+00   
0.00000000E+00   
0.00000000E+00   
0.00000000E+00   
0.00000000E+00   
0.00000000E+00   
0.00000000E+00   
0.00000000E+00   
0.00000000E+00   
0.00000000E+00   
0.00000000E+00   
0.00000000E+00   
0.00000000E+00   
0.00000000E+00   
0.00000000E+00   
0.00000000E+00   
0.00000000E+00   
0.00000000E+00   
0.00000000E+00   
0.00000000E+00   
0.00000000E+00   
0.00000000E+00   
0.00000000E+00   
0.00000000E+00   
0.00000000E+00   
0.00000000E+00   
0.00000000E+00   
0.00000000E+00   
0.00000000E+00   
0.00000000E+00   
0.00000000E+00   
0.00000000E+00   
0.00000000E+00   
0.00000000E+00   
0.00000000E+00   
0.00000000E+00   
0.00000000E+00   
0.00000000E+00   
0.00000000E+00   
0.00000000E+00   
0.00000000E+00   
0.00000000E+00   
0.00000000E+00   
0.00000000E+00   
0.00000000E+00   
0.00000000E+00   
0.00000000E+00   
0.00000000E+00   
0.00000000E+00   
0.00000000E+00   
0.00000000E+00   
0.00000000E+00   
0.00000000E+00   
0.00000000E+00   
0.00000000E+00   
0.00000000E+00   
0.00000000E+00   
0.00000000E+00   
0.00000000E+00   
0.00000000E+00   
0.00000000E+00   
0.00000000E+00   
0.00000000E+00   
0.00000000E+00   
0.00000000E+00   
0.00000000E+00   
0.00000000E+00   
0.00000000E+00   
0.00000000E+00   
0.00000000E+00   
0.00000000E+00   
0.00000000E+00   
0.00000000E+00   
0.00000000E+00   
0.00000000E+00   
0.00000000E+00   
0.00000000E+00   
0.00000000E+00   
0.00000000E+00   
0.00000000E+00   
0.00000000E+00   
0.00000000E+00   
0.00000000E+00   
0.00000000E+00   
0.00000000E+00   
0.00000000E+00   
0.00000000E+00   
0.00000000E+00   
0.00000000E+00   
0.00000000E+00   
0.00000000E+00   
0.00000000E+00   
0.00000000E+00   
0.00000000E+00   
0.00000000E+00   
0.00000000E+00   
0.00000000E+00   
0.00000000E+00   
0.00000000E+00   
0.00000000E+00   
0.00000000E+00   
0.00000000E+00   
0.00000000E+00   
0.00000000E+00   
0.00000000E+00   
0.00000000E+00   
0.00000000E+00   
0.00000000E+00   
0.00000000E+00   
0.00000000E+00   
0.00000000E+00   
0.00000000E+00   
0.00000000E+00   
0.00000000E+00   
0.00000000E+00   
0.00000000E+00   
0.00000000E+00   
0.00000000E+00   
0.00000000E+00   
0.00000000E+00   
0.00000000E+00   
0.00000000E+00   
0.00000000E+00   
0.00000000E+00   
0.00000000E+00   
0.00000000E+00   
0.00000000E+00   
0.00000000E+00   
0.00000000E+00   
0.00000000E+00   
0.00000000E+00   
0.00000000E+00   
0.00000000E+00   
0.00000000E+00   
0.00000000E+00   
0.00000000E+00   
0.00000000E+00   
0.00000000E+00   
0.00000000E+00   
0.00000000E+00   
0.00000000E+00   
0.00000000E+00   
0.00000000E+00   
0.00000000E+00   
0.00000000E+00   
0.00000000E+00   
0.00000000E+00   
0.00000000E+00   
0.00000000E+00   
0.00000000E+00   
0.00000000E+00   
0.00000000E+00   
0.00000000E+00   
0.00000000E+00   
0.00000000E+00   
0.00000000E+00   
0.00000000E+00   
0.00000000E+00   
0.00000000E+00   
0.00000000E+00   
0.00000000E+00   
0.00000000E+00   
0.00000000E+00   
0.00000000E+00   
0.00000000E+00   
0.00000000E+00   
0.00000000E+00   
0.00000000E+00   
0.00000000E+00   
0.00000000E+00   
0.00000000E+00   
0.00000000E+00   
0.00000000E+00   
0.00000000E+00   
0.00000000E+00   
0.00000000E+00   
0.00000000E+00   
0.00000000E+00   
0.00000000E+00   
0.00000000E+00   
0.00000000E+00   
0.00000000E+00   
0.00000000E+00   
0.00000000E+00   
0.00000000E+00   
0.00000000E+00   
0.00000000E+00   
0.00000000E+00   
0.00000000E+00   
0.00000000E+00   
0.00000000E+00   
0.00000000E+00   
0.00000000E+00   
0.00000000E+00   
0.00000000E+00   
0.00000000E+00   
0.00000000E+00   
0.00000000E+00   
0.00000000E+00   
0.00000000E+00   
0.00000000E+00   
0.00000000E+00   
0.00000000E+00   
0.00000000E+00   
0.00000000E+00   
0.00000000E+00   
0.00000000E+00   
0.00000000E+00   
0.00000000E+00   
0.00000000E+00   
0.00000000E+00   
0.00000000E+00   
0.00000000E+00   
0.00000000E+00   
0.00000000E+00   
0.00000000E+00   
0.00000000E+00   
0.00000000E+00   
0.00000000E+00   
0.00000000E+00   
0.00000000E+00   
0.00000000E+00   
0.00000000E+00   
0.00000000E+00   
0.00000000E+00   
0.00000000E+00   
0.00000000E+00   
0.00000000E+00   
0.00000000E+00   
0.00000000E+00   
0.00000000E+00   
0.00000000E+00   
0.00000000E+00   
0.00000000E+00   
0.00000000E+00   
0.00000000E+00   
0.00000000E+00   
0.00000000E+00   
0.00000000E+00   
0.00000000E+00   
0.00000000E+00   
0.00000000E+00   
0.00000000E+00   
0.00000000E+00   
0.00000000E+00   
0.00000000E+00   
0.00000000E+00   
0.00000000E+00   
0.00000000E+00   
0.00000000E+00   
0.00000000E+00   
0.00000000E+00   
0.00000000E+00   
0.00000000E+00   
0.00000000E+00   
0.00000000E+00   
0.00000000E+00   
0.00000000E+00   
0.00000000E+00   
0.00000000E+00   
0.00000000E+00   
0.00000000E+00   
0.00000000E+00   
0.00000000E+00   
0.00000000E+00   
0.00000000E+00   
0.00000000E+00   
0.00000000E+00   
0.00000000E+00   
0.00000000E+00   
0.00000000E+00   
0.00000000E+00   
0.00000000E+00   
0.00000000E+00   
0.00000000E+00   
0.00000000E+00   
!IDEND=

