!FILE=Disk 
!KIND=Spectrum 
!LABORATORY=Oslo Cyclotron Laboratory (OCL) 
!EXPERIMENT= oslo_method_python 
!COMMENT=Made by OMpy 
!TIME=DATE:08-Sep-20 09:56:57   
!CALIBRATION EkeV=6, 0.000000E+00, 2.000400E+00, 0.000000E+00 
!PRECISION=16 
!DIMENSION=1,0:4999 
!CHANNEL=(0:4999) 
1.40521004E+02   
2.57551010E+02   
2.57571014E+02   
3.03060012E+02   
2.88585017E+02   
3.05046409E+02   
3.06118024E+02   
3.58093619E+02   
3.48494599E+02   
3.42597820E+02   
3.61605021E+02   
3.83190438E+02   
3.90686237E+02   
4.08959992E+02   
4.42574215E+02   
4.65141628E+02   
4.56012703E+02   
5.07308562E+02   
4.94836667E+02   
4.78965193E+02   
5.18901880E+02   
5.89983097E+02   
5.98716343E+02   
6.05600920E+02   
6.57152430E+02   
6.49643829E+02   
7.84471594E+02   
8.77693739E+02   
9.41129526E+02   
9.50641428E+02   
9.87881176E+02   
1.00612062E+03   
1.03109472E+03   
1.14830966E+03   
1.17506601E+03   
1.19628076E+03   
1.22833007E+03   
1.34569004E+03   
1.37437077E+03   
1.37503281E+03   
1.39263343E+03   
1.42990658E+03   
1.49789608E+03   
1.59290388E+03   
1.64126395E+03   
1.60441868E+03   
1.55734377E+03   
1.59362913E+03   
1.53169694E+03   
1.58955581E+03   
1.67445519E+03   
1.68682066E+03   
1.66923995E+03   
1.76152741E+03   
1.76238458E+03   
1.69237848E+03   
1.66841988E+03   
1.70651370E+03   
1.68011782E+03   
1.67124055E+03   
1.69280976E+03   
1.74799010E+03   
1.65970214E+03   
1.68288498E+03   
1.72329296E+03   
1.67600780E+03   
1.73051850E+03   
1.69841218E+03   
1.71936127E+03   
1.76461162E+03   
1.72157562E+03   
1.71211412E+03   
1.73641668E+03   
1.73133177E+03   
1.70439198E+03   
1.68139328E+03   
1.68457852E+03   
1.72421284E+03   
1.69439808E+03   
1.66704091E+03   
1.65797019E+03   
1.66620364E+03   
1.68819064E+03   
1.65080286E+03   
1.55433487E+03   
1.62549350E+03   
1.71618654E+03   
1.71880146E+03   
1.63014083E+03   
1.62895839E+03   
1.66305381E+03   
1.62636087E+03   
1.60614913E+03   
1.59236707E+03   
1.65008702E+03   
1.56798320E+03   
1.51706921E+03   
1.60602090E+03   
1.58174775E+03   
1.49611382E+03   
1.51276625E+03   
1.51415073E+03   
1.49738128E+03   
1.49164373E+03   
1.49995979E+03   
1.43596869E+03   
1.41921064E+03   
1.41539498E+03   
1.42034277E+03   
1.41919894E+03   
1.35611682E+03   
1.38900920E+03   
1.32092909E+03   
1.40443869E+03   
1.34726845E+03   
1.33474715E+03   
1.38001860E+03   
1.32800540E+03   
1.35947079E+03   
1.44321194E+03   
1.50162793E+03   
1.49342919E+03   
1.46881236E+03   
1.50038548E+03   
1.47750650E+03   
1.48195109E+03   
1.47668674E+03   
1.41965693E+03   
1.38919274E+03   
1.44070974E+03   
1.43376225E+03   
1.42309812E+03   
1.45383147E+03   
1.38298720E+03   
1.33949270E+03   
1.36624585E+03   
1.34422755E+03   
1.34533187E+03   
1.31583427E+03   
1.30936667E+03   
1.31628276E+03   
1.31101630E+03   
1.22889058E+03   
1.29223465E+03   
1.24661072E+03   
1.21180986E+03   
1.20061812E+03   
1.19447610E+03   
1.19645369E+03   
1.16391458E+03   
1.14234737E+03   
1.17079306E+03   
1.10888908E+03   
1.07631306E+03   
1.13368734E+03   
1.07730456E+03   
1.11615353E+03   
1.15136047E+03   
1.12394879E+03   
1.07850480E+03   
1.08218654E+03   
1.05655281E+03   
9.96728746E+02   
9.75412583E+02   
1.01174705E+03   
1.01968954E+03   
1.03628506E+03   
1.02586857E+03   
9.34696939E+02   
9.25910382E+02   
9.12998600E+02   
9.43322064E+02   
9.23394079E+02   
8.99339468E+02   
8.64611922E+02   
8.44728946E+02   
8.48447189E+02   
8.60615423E+02   
8.11306261E+02   
8.14873875E+02   
8.07442989E+02   
7.99440588E+02   
8.14617524E+02   
7.96389378E+02   
7.74267053E+02   
7.74019104E+02   
7.43359272E+02   
7.57540908E+02   
6.98656231E+02   
7.17043709E+02   
7.77150030E+02   
7.21545109E+02   
7.04637628E+02   
7.28748150E+02   
6.89867874E+02   
7.33577115E+02   
7.27058912E+02   
7.11821364E+02   
6.60252851E+02   
6.72808262E+02   
6.62011802E+02   
6.47160932E+02   
6.41315163E+02   
6.24074415E+02   
6.53893679E+02   
6.35201940E+02   
6.08459692E+02   
6.61794959E+02   
6.33965193E+02   
6.17794159E+02   
6.40979596E+02   
6.36381776E+02   
6.51189138E+02   
6.32054711E+02   
6.15170734E+02   
6.60226345E+02   
5.85393279E+02   
5.86530606E+02   
6.07452991E+02   
5.91315463E+02   
5.50759952E+02   
5.88117724E+02   
6.13529006E+02   
5.72759952E+02   
5.60397479E+02   
5.54522605E+02   
5.48709442E+02   
5.24787257E+02   
5.44969294E+02   
5.51677335E+02   
5.18865473E+02   
5.25738848E+02   
5.14399880E+02   
5.46663733E+02   
5.32200540E+02   
5.39952891E+02   
5.21487197E+02   
5.09186837E+02   
5.26364773E+02   
5.01420584E+02   
5.32530306E+02   
4.78996499E+02   
5.10512302E+02   
4.88273955E+02   
4.74279556E+02   
4.75918984E+02   
4.83691438E+02   
4.65677536E+02   
4.88102521E+02   
4.40304461E+02   
4.27083517E+02   
4.75889378E+02   
4.43911082E+02   
4.06908362E+02   
3.87677536E+02   
3.87677536E+02   
3.87677536E+02   
3.87677536E+02   
3.66678496E+02   
3.17383377E+02   
2.89055211E+02   
3.12775355E+02   
2.78679836E+02   
2.85240548E+02   
3.06977495E+02   
3.04545909E+02   
2.76718744E+02   
2.77269654E+02   
3.05812262E+02   
2.97456991E+02   
3.03683537E+02   
3.06184937E+02   
2.99625525E+02   
2.88403481E+02   
2.86277255E+02   
2.80176635E+02   
3.09603921E+02   
2.95895479E+02   
2.61111922E+02   
2.54103121E+02   
2.94010502E+02   
2.78957792E+02   
2.95351170E+02   
2.65046709E+02   
2.79871574E+02   
2.79813263E+02   
2.68632426E+02   
2.66264653E+02   
2.49593519E+02   
2.67443489E+02   
2.73036607E+02   
2.75597620E+02   
2.69370774E+02   
2.53940788E+02   
2.49225445E+02   
2.72905881E+02   
2.39433787E+02   
2.66337367E+02   
2.59386077E+02   
2.73209242E+02   
2.56097820E+02   
2.48126425E+02   
2.62155131E+02   
2.57809162E+02   
2.35371074E+02   
2.37509102E+02   
2.53122324E+02   
2.44595119E+02   
2.26541308E+02   
2.67691838E+02   
2.54030806E+02   
2.40803361E+02   
2.56296259E+02   
2.46922084E+02   
2.42557512E+02   
2.40780356E+02   
2.12032206E+02   
2.14804161E+02   
2.40554111E+02   
2.13673835E+02   
2.39841568E+02   
2.48850870E+02   
2.33930686E+02   
2.21339068E+02   
2.03192639E+02   
1.98149330E+02   
2.14453191E+02   
2.08351870E+02   
2.25991298E+02   
2.36995399E+02   
2.21782356E+02   
2.08617624E+02   
2.00446889E+02   
2.01806661E+02   
1.95270154E+02   
2.12209542E+02   
2.09386677E+02   
2.14139328E+02   
2.00959792E+02   
2.14583317E+02   
2.05495199E+02   
2.08311862E+02   
2.06406681E+02   
2.17765553E+02   
2.18228746E+02   
2.15956291E+02   
2.00513203E+02   
2.12099220E+02   
1.91040008E+02   
2.18878976E+02   
1.97804461E+02   
1.88030306E+02   
1.98446289E+02   
2.04454291E+02   
1.95267554E+02   
1.92544809E+02   
1.98536007E+02   
1.76035607E+02   
1.81122925E+02   
1.96510802E+02   
1.84030806E+02   
1.91055611E+02   
1.89906581E+02   
1.99229946E+02   
1.82910182E+02   
1.86976295E+02   
1.88512402E+02   
1.72918184E+02   
1.90858972E+02   
1.87626525E+02   
1.69850970E+02   
1.53412382E+02   
1.65707742E+02   
1.64928986E+02   
1.83785657E+02   
1.81185337E+02   
1.87530906E+02   
1.84402781E+02   
1.96389378E+02   
1.90825765E+02   
1.60210442E+02   
1.79821864E+02   
2.10792959E+02   
1.65522104E+02   
1.77954191E+02   
1.59762452E+02   
1.71814963E+02   
1.70143529E+02   
1.74960292E+02   
1.63240148E+02   
1.67030406E+02   
1.75940088E+02   
1.68691038E+02   
1.72719544E+02   
1.76954091E+02   
1.67847269E+02   
1.60982196E+02   
1.55078616E+02   
1.81603021E+02   
1.66396279E+02   
1.67091918E+02   
1.70903681E+02   
1.60089518E+02   
1.61467994E+02   
1.58293259E+02   
1.65344369E+02   
1.64722044E+02   
1.72000500E+02   
1.58441288E+02   
1.65951490E+02   
1.61060712E+02   
1.55736447E+02   
1.49023505E+02   
1.43040708E+02   
1.61345169E+02   
1.80027606E+02   
1.66371174E+02   
1.45031506E+02   
1.53019704E+02   
1.39053211E+02   
1.51684237E+02   
1.57048110E+02   
1.61041108E+02   
1.61026905E+02   
1.51656331E+02   
1.62358172E+02   
1.55099420E+02   
1.58666933E+02   
1.61689138E+02   
1.68015703E+02   
1.46946489E+02   
1.45821964E+02   
1.54051910E+02   
1.41666833E+02   
1.47988998E+02   
1.51332667E+02   
1.60774355E+02   
1.52732146E+02   
1.60358172E+02   
1.46599020E+02   
1.49819864E+02   
1.42267654E+02   
1.48290758E+02   
1.58027205E+02   
1.60872575E+02   
1.35008302E+02   
1.35236647E+02   
1.30991298E+02   
1.52103821E+02   
1.42827966E+02   
1.44231246E+02   
1.39945789E+02   
1.36259952E+02   
1.30750150E+02   
1.39435187E+02   
1.33523405E+02   
1.37532607E+02   
1.60760152E+02   
1.37511802E+02   
1.24179736E+02   
1.50186937E+02   
1.32555311E+02   
1.21233947E+02   
1.20284657E+02   
1.26967293E+02   
1.32141028E+02   
1.35459192E+02   
1.31783557E+02   
1.38146829E+02   
1.47904981E+02   
1.29900180E+02   
1.22697640E+02   
1.28600620E+02   
1.25851670E+02   
1.26130026E+02   
1.24882977E+02   
1.23453491E+02   
1.55882977E+02   
1.24643929E+02   
1.36554611E+02   
1.34882777E+02   
1.29562713E+02   
1.38638728E+02   
1.28717443E+02   
1.35718244E+02   
1.41075015E+02   
1.38669234E+02   
1.44230946E+02   
1.27778756E+02   
1.28370074E+02   
1.49645829E+02   
1.35886977E+02   
1.47088318E+02   
1.40990898E+02   
1.21116323E+02   
1.28118724E+02   
1.40011602E+02   
1.30932086E+02   
1.35924085E+02   
1.15634327E+02   
1.27225845E+02   
1.43423285E+02   
1.51540808E+02   
1.24808162E+02   
1.31446889E+02   
1.32900480E+02   
1.28861372E+02   
1.37326965E+02   
1.52250250E+02   
1.30474395E+02   
1.21434487E+02   
1.22503601E+02   
1.29665133E+02   
1.33857271E+02   
1.16434487E+02   
1.19023605E+02   
1.25209942E+02   
1.32372474E+02   
1.09073515E+02   
1.32854171E+02   
1.33106821E+02   
1.17564213E+02   
1.27438888E+02   
1.37278256E+02   
1.27542108E+02   
1.35318564E+02   
1.29028406E+02   
1.22495899E+02   
1.30118124E+02   
1.38471194E+02   
1.25042709E+02   
1.17462392E+02   
1.31154031E+02   
1.12478096E+02   
1.17583317E+02   
1.24878676E+02   
1.11877475E+02   
1.33035507E+02   
1.24873575E+02   
1.30160632E+02   
1.15631026E+02   
1.29863573E+02   
1.28591918E+02   
1.16003101E+02   
1.23918684E+02   
1.28153831E+02   
1.28743849E+02   
1.15554211E+02   
1.25216443E+02   
1.41345069E+02   
1.15665233E+02   
1.22067714E+02   
1.24420784E+02   
1.26452891E+02   
1.18595119E+02   
1.10690538E+02   
1.13912182E+02   
1.34976695E+02   
1.21069714E+02   
1.22470894E+02   
1.11127025E+02   
1.20297760E+02   
1.09472094E+02   
1.09571914E+02   
1.09392779E+02   
1.19282456E+02   
1.40117423E+02   
1.12203541E+02   
1.18478496E+02   
1.21657331E+02   
1.34847970E+02   
1.20025205E+02   
1.18754251E+02   
1.45354471E+02   
1.21265353E+02   
1.32759452E+02   
1.41376375E+02   
1.27372374E+02   
1.08099820E+02   
1.19560312E+02   
1.35864873E+02   
1.21716243E+02   
1.13357171E+02   
1.12821764E+02   
1.18154431E+02   
1.15553511E+02   
1.21286557E+02   
1.24046509E+02   
1.19672334E+02   
9.78718744E+01   
1.16228746E+02   
1.05757852E+02   
1.17969794E+02   
9.92857572E+01   
1.23760652E+02   
1.17976195E+02   
1.21024805E+02   
1.31329566E+02   
1.14065013E+02   
1.24159532E+02   
1.15843869E+02   
1.19282156E+02   
1.05317163E+02   
1.29366473E+02   
1.17576515E+02   
1.31344969E+02   
1.15823065E+02   
1.13393679E+02   
1.21308762E+02   
1.20767854E+02   
1.12326165E+02   
1.20211942E+02   
1.27535107E+02   
1.06588118E+02   
1.01764653E+02   
1.20944189E+02   
1.14560712E+02   
1.13011402E+02   
1.17297760E+02   
1.04021204E+02   
1.16762452E+02   
9.67772555E+01   
1.06520104E+02   
1.25014003E+02   
1.14281156E+02   
1.30024005E+02   
1.12766853E+02   
1.14032206E+02   
1.21036007E+02   
1.10990598E+02   
1.22046609E+02   
1.15529706E+02   
1.19506901E+02   
1.08529706E+02   
1.13023605E+02   
1.24320364E+02   
1.25708242E+02   
1.03716443E+02   
1.07305761E+02   
9.80204041E+01   
1.03482897E+02   
1.07611122E+02   
9.52101420E+01   
1.28381776E+02   
1.06205341E+02   
1.11088418E+02   
9.84390878E+01   
1.17298760E+02   
9.67444489E+01   
1.06541308E+02   
1.10460892E+02   
1.19951090E+02   
1.17982597E+02   
1.24263753E+02   
1.20834067E+02   
1.19404281E+02   
1.25836067E+02   
1.12498700E+02   
1.24131626E+02   
1.24680236E+02   
1.07495899E+02   
1.14611522E+02   
1.09255051E+02   
1.18549710E+02   
1.11551310E+02   
1.23682937E+02   
1.18724445E+02   
1.20392579E+02   
1.12444389E+02   
1.12839768E+02   
1.11038308E+02   
1.07557712E+02   
1.14559312E+02   
1.16483097E+02   
1.05791058E+02   
1.15629826E+02   
1.12642729E+02   
1.13250150E+02   
1.16792258E+02   
9.96182236E+01   
8.87906581E+01   
1.08153931E+02   
1.06656731E+02   
8.25661132E+01   
1.04115423E+02   
1.16667133E+02   
1.27897279E+02   
1.39901280E+02   
1.05518904E+02   
1.06795859E+02   
1.11349170E+02   
1.15681536E+02   
1.16253451E+02   
1.16681836E+02   
1.24915283E+02   
1.23354171E+02   
1.11259152E+02   
1.21901080E+02   
9.77879576E+01   
1.01121124E+02   
9.49196839E+01   
1.08923685E+02   
9.88981796E+01   
1.01113523E+02   
1.20746649E+02   
1.12202240E+02   
1.17934087E+02   
1.01588918E+02   
1.11622124E+02   
1.20073515E+02   
1.14943689E+02   
1.15440288E+02   
1.19402781E+02   
1.04019204E+02   
1.03590918E+02   
1.12882577E+02   
1.14090718E+02   
1.26596119E+02   
1.12447890E+02   
9.91734347E+01   
1.17294059E+02   
1.28696439E+02   
1.26658432E+02   
9.66036207E+01   
1.10495899E+02   
1.07651630E+02   
1.22834367E+02   
1.07834867E+02   
1.36143129E+02   
1.14648030E+02   
1.14022404E+02   
1.16815063E+02   
1.12022805E+02   
1.11055511E+02   
1.17340968E+02   
1.23231746E+02   
1.11079016E+02   
9.68413683E+01   
1.13247249E+02   
1.16934787E+02   
9.16929386E+01   
1.11595019E+02   
9.42241448E+01   
1.06590318E+02   
1.03834167E+02   
1.12444889E+02   
1.05609822E+02   
1.25816363E+02   
1.04837367E+02   
1.06812563E+02   
1.16824065E+02   
1.15623625E+02   
1.12029706E+02   
1.27041008E+02   
1.12596919E+02   
1.04418684E+02   
1.15825065E+02   
1.10431986E+02   
1.11434387E+02   
1.20025205E+02   
1.04374075E+02   
1.25894979E+02   
1.03755951E+02   
1.13464893E+02   
1.13412683E+02   
9.93171634E+01   
8.82434487E+01   
1.16738448E+02   
9.84908982E+01   
1.03786557E+02   
9.24824965E+01   
1.10636927E+02   
1.02929786E+02   
1.05920484E+02   
1.24739148E+02   
1.07594819E+02   
1.15107121E+02   
1.08996999E+02   
9.46659332E+01   
1.22327566E+02   
1.28587618E+02   
1.03833267E+02   
1.22343769E+02   
1.24452190E+02   
1.05138828E+02   
1.17347970E+02   
1.25023205E+02   
1.25468394E+02   
1.15393479E+02   
1.17655331E+02   
1.40003301E+02   
1.23762152E+02   
1.05588318E+02   
1.29196239E+02   
1.02121924E+02   
1.23656231E+02   
1.02200040E+02   
1.15209842E+02   
1.07925885E+02   
1.14921884E+02   
1.17862372E+02   
1.17127325E+02   
1.18026005E+02   
9.70611122E+01   
1.19950390E+02   
1.22310662E+02   
1.22249850E+02   
1.08619624E+02   
1.09964393E+02   
1.16315763E+02   
1.09493599E+02   
1.10495999E+02   
1.23673335E+02   
1.11467493E+02   
1.27406381E+02   
1.03325365E+02   
1.34030106E+02   
1.07484697E+02   
1.18775055E+02   
9.53674735E+01   
1.09022404E+02   
1.22966393E+02   
1.18274955E+02   
1.18973195E+02   
1.15854271E+02   
1.15364273E+02   
1.17516003E+02   
1.24349470E+02   
1.19712142E+02   
1.16022805E+02   
1.24506801E+02   
1.27200140E+02   
1.08196139E+02   
1.04522805E+02   
1.12355871E+02   
1.10526405E+02   
9.86701340E+01   
1.20523605E+02   
1.06045209E+02   
1.15875475E+02   
1.20337067E+02   
1.20207341E+02   
9.33070614E+01   
1.07857872E+02   
1.12210142E+02   
1.07022805E+02   
1.30925485E+02   
1.18637327E+02   
1.00074115E+02   
9.99346869E+01   
1.11702140E+02   
1.16137728E+02   
1.19589218E+02   
1.05181736E+02   
1.17339068E+02   
9.49683937E+01   
9.50196039E+01   
1.16019604E+02   
1.19202040E+02   
1.09524905E+02   
1.11930286E+02   
1.14489198E+02   
1.31317764E+02   
1.10653431E+02   
1.05327866E+02   
1.08172535E+02   
1.14485097E+02   
1.11328266E+02   
1.08326665E+02   
1.16716543E+02   
1.24049110E+02   
1.10145429E+02   
1.16455391E+02   
1.33877475E+02   
1.18931786E+02   
1.02873675E+02   
1.29474395E+02   
1.23067714E+02   
1.26576815E+02   
1.13616123E+02   
9.57606521E+01   
1.23283357E+02   
1.07287357E+02   
1.24170534E+02   
1.04092318E+02   
1.00537808E+02   
1.01620624E+02   
1.20263953E+02   
1.22302561E+02   
1.22891978E+02   
1.14743449E+02   
1.22449490E+02   
1.09024905E+02   
1.39023905E+02   
1.24161432E+02   
1.18462192E+02   
1.20014903E+02   
1.37331666E+02   
1.11557111E+02   
1.24918484E+02   
1.35746949E+02   
1.22256451E+02   
1.30242248E+02   
1.31275555E+02   
9.52352470E+01   
1.07779256E+02   
1.08709042E+02   
1.06788058E+02   
1.53156931E+02   
1.30891078E+02   
1.20616823E+02   
1.01754551E+02   
1.20835567E+02   
1.21023605E+02   
1.21621224E+02   
1.24757351E+02   
1.29492298E+02   
1.17413783E+02   
1.22038208E+02   
1.20686637E+02   
1.19628826E+02   
1.03469794E+02   
1.43747650E+02   
1.15858172E+02   
1.21285457E+02   
1.05543309E+02   
1.28281456E+02   
1.11377375E+02   
1.15795159E+02   
1.18534107E+02   
1.27125925E+02   
1.15914083E+02   
1.25004601E+02   
1.23517103E+02   
1.26141928E+02   
1.16279056E+02   
1.11154731E+02   
1.01772755E+02   
1.21775555E+02   
1.20273055E+02   
1.14776555E+02   
1.14258052E+02   
1.31774955E+02   
1.18021604E+02   
1.15387978E+02   
1.05142128E+02   
1.22685437E+02   
1.11540708E+02   
1.25784957E+02   
1.38585317E+02   
1.23588018E+02   
1.15907081E+02   
1.10453891E+02   
1.19599720E+02   
1.22208042E+02   
1.08082316E+02   
1.23611322E+02   
1.30387077E+02   
1.20845269E+02   
1.21213943E+02   
1.41798160E+02   
1.13452190E+02   
1.06941388E+02   
1.19384777E+02   
1.10397479E+02   
1.17885977E+02   
1.52760752E+02   
1.25648730E+02   
1.28009702E+02   
1.18913883E+02   
1.27914683E+02   
1.23028706E+02   
1.22912282E+02   
1.14360472E+02   
1.48264053E+02   
1.24007401E+02   
1.24462492E+02   
1.27261152E+02   
1.24483797E+02   
1.06758352E+02   
1.26621624E+02   
1.24207742E+02   
1.22953591E+02   
1.24772454E+02   
1.31599520E+02   
1.48496999E+02   
1.20870174E+02   
1.24129326E+02   
1.38501400E+02   
1.23442488E+02   
1.13165333E+02   
1.26540308E+02   
1.38720844E+02   
1.34056011E+02   
1.20537407E+02   
1.19329966E+02   
1.34010402E+02   
1.13541408E+02   
1.23222645E+02   
1.30418884E+02   
1.39625525E+02   
1.14819364E+02   
1.24527005E+02   
1.26728046E+02   
1.21553011E+02   
1.24985197E+02   
1.32952290E+02   
1.24996399E+02   
1.10505801E+02   
1.38002701E+02   
1.33603921E+02   
1.27027205E+02   
1.27027205E+02   
1.22539508E+02   
1.27703141E+02   
1.14776155E+02   
1.33810062E+02   
1.32214243E+02   
1.38305161E+02   
1.19763353E+02   
1.20206641E+02   
1.21657131E+02   
1.24751350E+02   
1.33481996E+02   
1.26010202E+02   
1.38955291E+02   
1.27189138E+02   
1.26667133E+02   
1.45165533E+02   
1.39913983E+02   
1.55256851E+02   
1.47840268E+02   
1.23771554E+02   
1.19938688E+02   
1.21542308E+02   
1.17337467E+02   
1.14708942E+02   
1.04957291E+02   
1.24751050E+02   
1.32604221E+02   
1.21110522E+02   
1.52443189E+02   
1.23692539E+02   
1.36778456E+02   
1.41877576E+02   
1.31686537E+02   
1.42005401E+02   
1.10833967E+02   
1.29698740E+02   
1.36500200E+02   
1.22225745E+02   
1.28420584E+02   
1.45443689E+02   
1.38972194E+02   
1.46931586E+02   
1.17118824E+02   
1.32329366E+02   
1.43336467E+02   
1.63343869E+02   
1.43558312E+02   
1.49406581E+02   
1.39745649E+02   
1.43231446E+02   
1.42175435E+02   
1.22063213E+02   
1.27987998E+02   
1.20732346E+02   
1.28902180E+02   
1.36022404E+02   
1.19950290E+02   
1.52449090E+02   
1.45528406E+02   
1.51672635E+02   
1.47748750E+02   
1.36154231E+02   
1.48050010E+02   
1.39863373E+02   
1.24784857E+02   
1.19611322E+02   
1.20752350E+02   
1.24094119E+02   
1.28497199E+02   
1.07692338E+02   
1.40021504E+02   
1.22694639E+02   
1.48304361E+02   
1.33619424E+02   
1.33222745E+02   
1.22284857E+02   
1.27089318E+02   
1.22088518E+02   
1.41707842E+02   
1.64208542E+02   
1.33969294E+02   
1.08522505E+02   
1.31590418E+02   
1.24270454E+02   
1.55231746E+02   
1.40544709E+02   
1.34392679E+02   
1.23626725E+02   
1.20966293E+02   
1.39261652E+02   
1.43556311E+02   
1.30911382E+02   
1.44566713E+02   
1.65687738E+02   
1.30944589E+02   
1.45632026E+02   
1.37367073E+02   
1.45083717E+02   
1.51253251E+02   
1.35021604E+02   
1.38753451E+02   
1.42757451E+02   
1.44352270E+02   
1.41814363E+02   
1.40135027E+02   
1.50238448E+02   
1.88036707E+02   
1.45172034E+02   
1.44461192E+02   
1.52080916E+02   
1.37585217E+02   
1.29225645E+02   
1.37377375E+02   
1.46275355E+02   
1.36831166E+02   
1.43416483E+02   
1.27121424E+02   
1.22167534E+02   
1.55745849E+02   
1.44221644E+02   
1.40892879E+02   
1.51125825E+02   
1.57169934E+02   
1.32940988E+02   
1.48436587E+02   
1.23829966E+02   
1.49698340E+02   
1.40601820E+02   
1.51288258E+02   
1.37897279E+02   
1.64049510E+02   
1.46962793E+02   
1.55984897E+02   
1.31772555E+02   
1.33202641E+02   
1.51866773E+02   
1.44391378E+02   
1.55828266E+02   
1.31186037E+02   
1.45715943E+02   
1.44222945E+02   
1.49952190E+02   
1.80614423E+02   
1.40779756E+02   
1.53508902E+02   
1.59958192E+02   
1.31681936E+02   
1.66703441E+02   
1.33028406E+02   
1.45272755E+02   
1.60369974E+02   
1.60340168E+02   
1.58726245E+02   
1.65933287E+02   
1.63133127E+02   
1.70740648E+02   
1.36032106E+02   
1.37960992E+02   
1.51242549E+02   
1.44467894E+02   
1.51877075E+02   
1.55543409E+02   
1.67252450E+02   
1.43592018E+02   
1.56998700E+02   
1.47799960E+02   
1.58087417E+02   
1.57279756E+02   
1.49671834E+02   
1.48327966E+02   
1.71027606E+02   
1.59792659E+02   
1.50416783E+02   
1.55848070E+02   
1.77629526E+02   
1.35279456E+02   
1.47223245E+02   
1.41884977E+02   
1.57029606E+02   
1.59777656E+02   
1.62124025E+02   
1.59988198E+02   
1.49881276E+02   
1.70355571E+02   
1.53155431E+02   
1.53720044E+02   
1.71114023E+02   
1.42229046E+02   
1.48757752E+02   
1.54203741E+02   
1.58881976E+02   
1.85689238E+02   
1.54430286E+02   
1.72824365E+02   
1.61239648E+02   
1.56230046E+02   
1.64624625E+02   
1.76115723E+02   
1.64065813E+02   
1.48153631E+02   
1.72958692E+02   
1.54216543E+02   
1.38932086E+02   
1.73857872E+02   
1.56332767E+02   
1.37976795E+02   
1.47016303E+02   
1.52946889E+02   
1.42201140E+02   
1.62840268E+02   
1.64084917E+02   
1.55060712E+02   
1.75806061E+02   
1.68038408E+02   
1.56207542E+02   
1.66047810E+02   
1.73013803E+02   
1.46069314E+02   
1.81780556E+02   
1.53208042E+02   
1.79032807E+02   
1.54075515E+02   
1.73035707E+02   
1.79960692E+02   
1.66069114E+02   
1.64036507E+02   
1.88937287E+02   
1.59155531E+02   
1.54992098E+02   
1.67032807E+02   
1.84002801E+02   
1.71064913E+02   
1.77027305E+02   
1.39062212E+02   
1.52015803E+02   
1.87017303E+02   
1.97037608E+02   
1.87036607E+02   
1.74023705E+02   
1.43034307E+02   
1.48056311E+02   
1.85997700E+02   
1.65049910E+02   
1.90054411E+02   
1.75032907E+02   
1.77004101E+02   
1.75035907E+02   
1.74079716E+02   
1.68008602E+02   
1.83008902E+02   
1.68993899E+02   
1.61982396E+02   
1.67253251E+02   
1.84946989E+02   
1.83964193E+02   
1.65016203E+02   
1.69062012E+02   
1.64098420E+02   
1.72087417E+02   
1.84046709E+02   
1.72942989E+02   
1.76172635E+02   
1.76998400E+02   
1.97921484E+02   
2.05641128E+02   
2.05641128E+02   
2.05641128E+02   
2.05641128E+02   
2.05605561E+02   
2.10446189E+02   
2.40836367E+02   
2.45087718E+02   
2.08875575E+02   
2.24115923E+02   
2.35938688E+02   
2.37088118E+02   
2.29074615E+02   
2.31190338E+02   
2.20612923E+02   
2.32447289E+02   
2.36906381E+02   
2.21222244E+02   
2.30864173E+02   
2.15454691E+02   
2.46937387E+02   
2.48874075E+02   
2.31125625E+02   
2.29905481E+02   
2.38961992E+02   
2.27444189E+02   
2.68771254E+02   
2.38396079E+02   
2.73672835E+02   
2.54226845E+02   
2.45094619E+02   
2.38931686E+02   
2.53501400E+02   
2.54325665E+02   
2.20759252E+02   
2.55953991E+02   
2.48078316E+02   
2.48079116E+02   
2.66922084E+02   
2.43624325E+02   
2.42343369E+02   
2.39104621E+02   
2.47189938E+02   
2.56995799E+02   
2.32338668E+02   
2.64386177E+02   
2.38016903E+02   
2.26464693E+02   
2.60233447E+02   
2.72808362E+02   
2.52424085E+02   
2.62992599E+02   
2.72895279E+02   
2.63212843E+02   
2.51467594E+02   
2.49411782E+02   
2.53219544E+02   
2.71240248E+02   
2.47215943E+02   
2.24740548E+02   
2.56492699E+02   
2.62722645E+02   
2.73091518E+02   
2.51692939E+02   
2.67015303E+02   
2.52608222E+02   
2.70207642E+02   
2.86376875E+02   
2.57515703E+02   
2.40859272E+02   
2.64820164E+02   
2.74091918E+02   
2.86930786E+02   
2.96456991E+02   
2.76160032E+02   
2.46211242E+02   
2.62546509E+02   
2.45849470E+02   
3.00791558E+02   
2.44945689E+02   
2.48703841E+02   
2.97061812E+02   
2.38493799E+02   
2.58817363E+02   
2.55940988E+02   
2.65047209E+02   
3.02745049E+02   
2.85841268E+02   
3.28234047E+02   
2.92060412E+02   
3.26248850E+02   
2.86634427E+02   
3.03627225E+02   
2.59392979E+02   
2.81008902E+02   
2.86253651E+02   
2.96662733E+02   
2.89554711E+02   
2.87254651E+02   
3.01016703E+02   
2.87191938E+02   
2.89487397E+02   
2.59412983E+02   
2.72674035E+02   
3.01483497E+02   
2.54265253E+02   
3.01857071E+02   
2.77389178E+02   
2.68134227E+02   
2.93876675E+02   
3.12117123E+02   
2.96396279E+02   
2.81064013E+02   
3.01008502E+02   
2.99007702E+02   
3.22463793E+02   
3.41089118E+02   
2.84117924E+02   
3.07360672E+02   
3.01053711E+02   
3.19003301E+02   
3.02764453E+02   
3.02479396E+02   
3.14218444E+02   
2.70542909E+02   
2.85488198E+02   
2.91140528E+02   
2.89224145E+02   
3.02516403E+02   
2.94992098E+02   
2.80054411E+02   
2.66054411E+02   
2.72035707E+02   
3.22616623E+02   
3.11834467E+02   
2.97944689E+02   
3.18085317E+02   
3.12930186E+02   
3.19928586E+02   
3.11193139E+02   
2.76129026E+02   
3.11939288E+02   
3.24504801E+02   
2.99560512E+02   
3.20791558E+02   
3.13032406E+02   
3.28236247E+02   
3.26527506E+02   
2.86252150E+02   
3.28982897E+02   
3.30006501E+02   
2.91128726E+02   
3.03769954E+02   
2.93345269E+02   
2.90639328E+02   
3.09596219E+02   
3.25040008E+02   
3.26437487E+02   
3.01135627E+02   
3.38721144E+02   
2.88185537E+02   
3.12934387E+02   
3.57614123E+02   
2.83882777E+02   
3.02830666E+02   
3.23059612E+02   
2.97679736E+02   
3.02283657E+02   
2.98040708E+02   
3.01572515E+02   
2.84749950E+02   
3.00905781E+02   
3.15584517E+02   
3.00214343E+02   
2.75182436E+02   
3.06031406E+02   
2.93617323E+02   
2.77163633E+02   
3.15596519E+02   
2.78963893E+02   
3.23307762E+02   
2.88806861E+02   
2.87892779E+02   
2.87973295E+02   
2.81617023E+02   
2.85263453E+02   
3.17607021E+02   
2.40858272E+02   
3.07112923E+02   
3.03415883E+02   
2.46484197E+02   
3.08974095E+02   
3.15357872E+02   
2.65704741E+02   
2.84475895E+02   
2.80438988E+02   
2.95134227E+02   
3.02277355E+02   
2.63678136E+02   
2.86513203E+02   
2.80608322E+02   
3.11606421E+02   
3.14775155E+02   
3.03779456E+02   
2.83002300E+02   
3.01804461E+02   
2.79387578E+02   
3.13810962E+02   
2.79553711E+02   
2.89151130E+02   
2.80676335E+02   
2.87723845E+02   
2.76551910E+02   
3.12238348E+02   
2.90190338E+02   
2.86542809E+02   
2.89644329E+02   
3.01159532E+02   
3.24716643E+02   
3.27604821E+02   
3.02351370E+02   
3.05485297E+02   
2.89251850E+02   
3.03266253E+02   
3.06635527E+02   
2.82768654E+02   
2.91259452E+02   
3.00955291E+02   
2.86749850E+02   
2.96288258E+02   
2.93132326E+02   
3.08125125E+02   
2.84547309E+02   
3.15246149E+02   
3.00318964E+02   
2.54941388E+02   
3.04895679E+02   
2.86687538E+02   
2.94267053E+02   
2.96161932E+02   
3.19090918E+02   
2.95772955E+02   
3.14461392E+02   
3.18738648E+02   
3.03887978E+02   
2.90564213E+02   
3.06516003E+02   
3.06951690E+02   
2.87281856E+02   
2.74733347E+02   
3.05390778E+02   
3.35849970E+02   
3.19378576E+02   
2.95149330E+02   
2.82361242E+02   
3.54270854E+02   
3.54270854E+02   
3.54270854E+02   
3.54270854E+02   
3.54270854E+02   
4.09152541E+02   
4.08388078E+02   
4.19324665E+02   
4.15857371E+02   
4.35338368E+02   
4.17966093E+02   
4.47608522E+02   
4.51618424E+02   
4.36021504E+02   
4.50238148E+02   
4.48237848E+02   
4.52629126E+02   
4.62945689E+02   
4.32815263E+02   
4.91992999E+02   
4.33053011E+02   
4.28993499E+02   
4.20302861E+02   
4.39332266E+02   
4.12806561E+02   
4.60877776E+02   
4.42592719E+02   
4.36696239E+02   
5.06971494E+02   
4.51331866E+02   
4.71963893E+02   
4.34851770E+02   
4.73495999E+02   
4.89674835E+02   
4.63568914E+02   
4.62534207E+02   
4.53481396E+02   
4.56157732E+02   
4.47679236E+02   
4.42136527E+02   
4.97069314E+02   
4.75887678E+02   
4.53161632E+02   
4.61916283E+02   
4.76745949E+02   
4.57080916E+02   
4.26482196E+02   
4.47276155E+02   
4.67563113E+02   
4.59816263E+02   
4.68102220E+02   
4.38024505E+02   
4.73027405E+02   
4.64871774E+02   
4.68070914E+02   
4.88425185E+02   
4.65981696E+02   
4.51536307E+02   
5.02051910E+02   
4.82329366E+02   
4.89206741E+02   
4.54836567E+02   
4.80714743E+02   
4.55919984E+02   
4.79456591E+02   
4.64815163E+02   
5.03075115E+02   
5.01323165E+02   
4.54862873E+02   
4.38725245E+02   
4.51118624E+02   
4.66654931E+02   
4.50367774E+02   
4.66386077E+02   
4.99082016E+02   
5.48819664E+02   
4.96384777E+02   
4.84539708E+02   
5.07228146E+02   
4.71112322E+02   
4.96972795E+02   
5.04559712E+02   
5.23752050E+02   
5.15733147E+02   
5.15226045E+02   
5.27722444E+02   
5.58223245E+02   
5.57360472E+02   
5.90746449E+02   
5.76657331E+02   
5.77449390E+02   
5.21821164E+02   
5.53500900E+02   
5.54317664E+02   
5.75899180E+02   
5.66597119E+02   
5.32377375E+02   
5.64414283E+02   
5.47568214E+02   
5.58057812E+02   
5.44248250E+02   
5.12425285E+02   
5.17179036E+02   
5.22732046E+02   
5.51688138E+02   
5.55819164E+02   
4.92993899E+02   
5.61254651E+02   
5.28380976E+02   
5.57598720E+02   
5.44314363E+02   
5.08988398E+02   
5.24313863E+02   
5.19108422E+02   
5.27076715E+02   
5.56002701E+02   
4.95650530E+02   
5.34665033E+02   
5.13674435E+02   
5.66045009E+02   
4.92033207E+02   
5.38489098E+02   
5.11776555E+02   
4.97586617E+02   
5.01216343E+02   
5.20822164E+02   
4.87609822E+02   
4.95312362E+02   
4.91900080E+02   
4.75050410E+02   
5.04069614E+02   
5.22315563E+02   
5.11615423E+02   
4.68603421E+02   
4.56260352E+02   
4.94097219E+02   
4.76919684E+02   
4.62748950E+02   
4.23742549E+02   
4.23555011E+02   
3.82667734E+02   
3.54814163E+02   
3.47751650E+02   
3.31916183E+02   
3.89786857E+02   
3.33896079E+02   
3.23096019E+02   
3.28146329E+02   
3.01441088E+02   
3.13129126E+02   
3.00867774E+02   
3.18688038E+02   
2.92795059E+02   
3.25371074E+02   
2.98426885E+02   
2.45554311E+02   
2.98884077E+02   
2.77947990E+02   
2.55233047E+02   
2.50285157E+02   
2.55113623E+02   
2.56857572E+02   
2.07622525E+02   
2.53577816E+02   
2.29976195E+02   
2.43290958E+02   
2.23121624E+02   
2.12787257E+02   
2.14503001E+02   
2.07139128E+02   
1.93410582E+02   
1.93581816E+02   
2.01948090E+02   
1.87211342E+02   
1.51483797E+02   
1.68777856E+02   
1.67549610E+02   
1.58500700E+02   
1.49903481E+02   
1.73791858E+02   
1.65401880E+02   
1.62434887E+02   
1.61886177E+02   
1.66540108E+02   
1.42280656E+02   
1.29774555E+02   
1.41590218E+02   
1.38021804E+02   
1.23964093E+02   
1.46213143E+02   
1.23835667E+02   
1.21024405E+02   
1.03543909E+02   
1.33456591E+02   
1.34974595E+02   
1.17593419E+02   
1.18553511E+02   
1.16913083E+02   
1.03250650E+02   
8.82474495E+01   
9.73344669E+01   
1.02892679E+02   
9.85990198E+01   
9.29900980E+01   
8.52677536E+01   
8.68216643E+01   
8.91673335E+01   
8.72573515E+01   
8.66062212E+01   
7.46412282E+01   
8.95784157E+01   
8.54527906E+01   
8.18176635E+01   
7.68085617E+01   
7.42218444E+01   
7.68203641E+01   
6.38109622E+01   
6.84145829E+01   
6.76125225E+01   
6.62131426E+01   
6.52139428E+01   
5.50055011E+01   
6.12228446E+01   
5.70019004E+01   
5.17814563E+01   
3.96480296E+01   
5.88088618E+01   
6.01568314E+01   
4.76411282E+01   
4.50570114E+01   
5.55519104E+01   
4.44198840E+01   
4.51858372E+01   
3.61826365E+01   
4.50738148E+01   
4.79389878E+01   
3.40441088E+01   
4.53845769E+01   
4.10074015E+01   
4.44244849E+01   
4.74387878E+01   
9.67867574E+01   
4.07487497E+01   
2.81646329E+01   
2.37936587E+01   
2.09482897E+01   
1.90597119E+01   
1.52159432E+01   
1.75797159E+01   
2.16418284E+01   
2.30048010E+01   
1.80048010E+01   
1.41490298E+01   
1.34318864E+01   
1.55745149E+01   
1.12641428E+01   
8.20164033E+00   
8.20164033E+00   
8.20164033E+00   
8.20164033E+00   
7.31135227E+00   
0.00000000E+00   
0.00000000E+00   
0.00000000E+00   
0.00000000E+00   
0.00000000E+00   
0.00000000E+00   
0.00000000E+00   
0.00000000E+00   
0.00000000E+00   
0.00000000E+00   
0.00000000E+00   
0.00000000E+00   
0.00000000E+00   
0.00000000E+00   
0.00000000E+00   
0.00000000E+00   
0.00000000E+00   
0.00000000E+00   
0.00000000E+00   
0.00000000E+00   
0.00000000E+00   
0.00000000E+00   
0.00000000E+00   
0.00000000E+00   
0.00000000E+00   
0.00000000E+00   
0.00000000E+00   
0.00000000E+00   
0.00000000E+00   
0.00000000E+00   
0.00000000E+00   
0.00000000E+00   
0.00000000E+00   
0.00000000E+00   
0.00000000E+00   
0.00000000E+00   
0.00000000E+00   
0.00000000E+00   
0.00000000E+00   
0.00000000E+00   
0.00000000E+00   
0.00000000E+00   
0.00000000E+00   
0.00000000E+00   
0.00000000E+00   
0.00000000E+00   
0.00000000E+00   
0.00000000E+00   
0.00000000E+00   
0.00000000E+00   
0.00000000E+00   
0.00000000E+00   
0.00000000E+00   
0.00000000E+00   
0.00000000E+00   
0.00000000E+00   
0.00000000E+00   
0.00000000E+00   
0.00000000E+00   
0.00000000E+00   
0.00000000E+00   
0.00000000E+00   
0.00000000E+00   
0.00000000E+00   
0.00000000E+00   
0.00000000E+00   
0.00000000E+00   
0.00000000E+00   
0.00000000E+00   
0.00000000E+00   
0.00000000E+00   
0.00000000E+00   
0.00000000E+00   
0.00000000E+00   
0.00000000E+00   
0.00000000E+00   
0.00000000E+00   
0.00000000E+00   
0.00000000E+00   
0.00000000E+00   
0.00000000E+00   
0.00000000E+00   
0.00000000E+00   
0.00000000E+00   
0.00000000E+00   
0.00000000E+00   
0.00000000E+00   
0.00000000E+00   
0.00000000E+00   
0.00000000E+00   
0.00000000E+00   
0.00000000E+00   
0.00000000E+00   
0.00000000E+00   
0.00000000E+00   
0.00000000E+00   
0.00000000E+00   
0.00000000E+00   
0.00000000E+00   
0.00000000E+00   
0.00000000E+00   
0.00000000E+00   
0.00000000E+00   
0.00000000E+00   
0.00000000E+00   
0.00000000E+00   
0.00000000E+00   
0.00000000E+00   
0.00000000E+00   
0.00000000E+00   
0.00000000E+00   
0.00000000E+00   
0.00000000E+00   
0.00000000E+00   
0.00000000E+00   
0.00000000E+00   
0.00000000E+00   
0.00000000E+00   
0.00000000E+00   
0.00000000E+00   
0.00000000E+00   
0.00000000E+00   
0.00000000E+00   
0.00000000E+00   
0.00000000E+00   
0.00000000E+00   
0.00000000E+00   
0.00000000E+00   
0.00000000E+00   
0.00000000E+00   
0.00000000E+00   
0.00000000E+00   
0.00000000E+00   
0.00000000E+00   
0.00000000E+00   
0.00000000E+00   
2.71954391E-01   
7.28045609E-01   
0.00000000E+00   
0.00000000E+00   
0.00000000E+00   
0.00000000E+00   
0.00000000E+00   
0.00000000E+00   
0.00000000E+00   
0.00000000E+00   
0.00000000E+00   
0.00000000E+00   
0.00000000E+00   
0.00000000E+00   
0.00000000E+00   
0.00000000E+00   
0.00000000E+00   
0.00000000E+00   
0.00000000E+00   
0.00000000E+00   
0.00000000E+00   
0.00000000E+00   
0.00000000E+00   
0.00000000E+00   
0.00000000E+00   
0.00000000E+00   
0.00000000E+00   
2.82756551E-01   
7.17243449E-01   
0.00000000E+00   
0.00000000E+00   
0.00000000E+00   
0.00000000E+00   
0.00000000E+00   
0.00000000E+00   
0.00000000E+00   
0.00000000E+00   
0.00000000E+00   
0.00000000E+00   
0.00000000E+00   
0.00000000E+00   
0.00000000E+00   
0.00000000E+00   
0.00000000E+00   
0.00000000E+00   
0.00000000E+00   
0.00000000E+00   
0.00000000E+00   
0.00000000E+00   
0.00000000E+00   
0.00000000E+00   
0.00000000E+00   
0.00000000E+00   
0.00000000E+00   
0.00000000E+00   
0.00000000E+00   
0.00000000E+00   
0.00000000E+00   
0.00000000E+00   
0.00000000E+00   
0.00000000E+00   
0.00000000E+00   
0.00000000E+00   
0.00000000E+00   
0.00000000E+00   
0.00000000E+00   
0.00000000E+00   
0.00000000E+00   
0.00000000E+00   
0.00000000E+00   
0.00000000E+00   
0.00000000E+00   
0.00000000E+00   
0.00000000E+00   
0.00000000E+00   
0.00000000E+00   
0.00000000E+00   
0.00000000E+00   
0.00000000E+00   
0.00000000E+00   
0.00000000E+00   
0.00000000E+00   
0.00000000E+00   
0.00000000E+00   
0.00000000E+00   
0.00000000E+00   
0.00000000E+00   
0.00000000E+00   
0.00000000E+00   
0.00000000E+00   
0.00000000E+00   
0.00000000E+00   
0.00000000E+00   
0.00000000E+00   
0.00000000E+00   
0.00000000E+00   
0.00000000E+00   
0.00000000E+00   
0.00000000E+00   
0.00000000E+00   
0.00000000E+00   
0.00000000E+00   
0.00000000E+00   
0.00000000E+00   
0.00000000E+00   
0.00000000E+00   
0.00000000E+00   
0.00000000E+00   
0.00000000E+00   
0.00000000E+00   
0.00000000E+00   
0.00000000E+00   
0.00000000E+00   
3.17163433E-01   
6.82836567E-01   
0.00000000E+00   
0.00000000E+00   
0.00000000E+00   
0.00000000E+00   
0.00000000E+00   
0.00000000E+00   
0.00000000E+00   
0.00000000E+00   
0.00000000E+00   
0.00000000E+00   
0.00000000E+00   
0.00000000E+00   
0.00000000E+00   
0.00000000E+00   
0.00000000E+00   
0.00000000E+00   
0.00000000E+00   
0.00000000E+00   
0.00000000E+00   
0.00000000E+00   
0.00000000E+00   
0.00000000E+00   
0.00000000E+00   
0.00000000E+00   
3.27565513E-01   
6.72434487E-01   
0.00000000E+00   
0.00000000E+00   
0.00000000E+00   
0.00000000E+00   
0.00000000E+00   
0.00000000E+00   
0.00000000E+00   
0.00000000E+00   
0.00000000E+00   
0.00000000E+00   
0.00000000E+00   
0.00000000E+00   
0.00000000E+00   
0.00000000E+00   
0.00000000E+00   
0.00000000E+00   
0.00000000E+00   
0.00000000E+00   
0.00000000E+00   
0.00000000E+00   
0.00000000E+00   
1.00000000E+00   
0.00000000E+00   
0.00000000E+00   
0.00000000E+00   
0.00000000E+00   
0.00000000E+00   
0.00000000E+00   
0.00000000E+00   
0.00000000E+00   
0.00000000E+00   
0.00000000E+00   
0.00000000E+00   
0.00000000E+00   
0.00000000E+00   
0.00000000E+00   
0.00000000E+00   
0.00000000E+00   
0.00000000E+00   
0.00000000E+00   
0.00000000E+00   
0.00000000E+00   
0.00000000E+00   
0.00000000E+00   
0.00000000E+00   
0.00000000E+00   
0.00000000E+00   
0.00000000E+00   
0.00000000E+00   
0.00000000E+00   
0.00000000E+00   
0.00000000E+00   
0.00000000E+00   
0.00000000E+00   
0.00000000E+00   
1.00000000E+00   
0.00000000E+00   
0.00000000E+00   
0.00000000E+00   
0.00000000E+00   
0.00000000E+00   
0.00000000E+00   
0.00000000E+00   
0.00000000E+00   
0.00000000E+00   
0.00000000E+00   
0.00000000E+00   
0.00000000E+00   
0.00000000E+00   
0.00000000E+00   
3.56371274E-01   
6.43628726E-01   
0.00000000E+00   
0.00000000E+00   
0.00000000E+00   
0.00000000E+00   
0.00000000E+00   
0.00000000E+00   
0.00000000E+00   
0.00000000E+00   
0.00000000E+00   
0.00000000E+00   
0.00000000E+00   
0.00000000E+00   
3.61972394E-01   
6.38027606E-01   
0.00000000E+00   
0.00000000E+00   
0.00000000E+00   
0.00000000E+00   
0.00000000E+00   
0.00000000E+00   
0.00000000E+00   
0.00000000E+00   
3.65973195E-01   
6.34026805E-01   
0.00000000E+00   
0.00000000E+00   
0.00000000E+00   
0.00000000E+00   
0.00000000E+00   
0.00000000E+00   
0.00000000E+00   
0.00000000E+00   
0.00000000E+00   
0.00000000E+00   
0.00000000E+00   
0.00000000E+00   
0.00000000E+00   
0.00000000E+00   
0.00000000E+00   
0.00000000E+00   
0.00000000E+00   
0.00000000E+00   
0.00000000E+00   
0.00000000E+00   
0.00000000E+00   
0.00000000E+00   
0.00000000E+00   
0.00000000E+00   
0.00000000E+00   
0.00000000E+00   
3.77175435E-01   
6.22824565E-01   
0.00000000E+00   
0.00000000E+00   
0.00000000E+00   
0.00000000E+00   
0.00000000E+00   
0.00000000E+00   
0.00000000E+00   
0.00000000E+00   
0.00000000E+00   
0.00000000E+00   
0.00000000E+00   
0.00000000E+00   
0.00000000E+00   
0.00000000E+00   
0.00000000E+00   
0.00000000E+00   
1.00000000E+00   
0.00000000E+00   
0.00000000E+00   
0.00000000E+00   
0.00000000E+00   
0.00000000E+00   
0.00000000E+00   
0.00000000E+00   
0.00000000E+00   
0.00000000E+00   
0.00000000E+00   
0.00000000E+00   
0.00000000E+00   
0.00000000E+00   
0.00000000E+00   
0.00000000E+00   
0.00000000E+00   
0.00000000E+00   
0.00000000E+00   
0.00000000E+00   
0.00000000E+00   
0.00000000E+00   
0.00000000E+00   
0.00000000E+00   
0.00000000E+00   
0.00000000E+00   
0.00000000E+00   
0.00000000E+00   
0.00000000E+00   
0.00000000E+00   
0.00000000E+00   
0.00000000E+00   
0.00000000E+00   
0.00000000E+00   
0.00000000E+00   
0.00000000E+00   
0.00000000E+00   
0.00000000E+00   
0.00000000E+00   
0.00000000E+00   
0.00000000E+00   
0.00000000E+00   
0.00000000E+00   
0.00000000E+00   
0.00000000E+00   
0.00000000E+00   
0.00000000E+00   
0.00000000E+00   
0.00000000E+00   
0.00000000E+00   
0.00000000E+00   
0.00000000E+00   
0.00000000E+00   
0.00000000E+00   
0.00000000E+00   
0.00000000E+00   
0.00000000E+00   
0.00000000E+00   
0.00000000E+00   
0.00000000E+00   
4.08381676E-01   
5.91618324E-01   
0.00000000E+00   
0.00000000E+00   
0.00000000E+00   
0.00000000E+00   
0.00000000E+00   
0.00000000E+00   
0.00000000E+00   
0.00000000E+00   
4.12382476E-01   
5.87617524E-01   
0.00000000E+00   
0.00000000E+00   
0.00000000E+00   
1.00000000E+00   
0.00000000E+00   
0.00000000E+00   
0.00000000E+00   
0.00000000E+00   
0.00000000E+00   
0.00000000E+00   
0.00000000E+00   
0.00000000E+00   
0.00000000E+00   
0.00000000E+00   
0.00000000E+00   
0.00000000E+00   
0.00000000E+00   
0.00000000E+00   
0.00000000E+00   
0.00000000E+00   
0.00000000E+00   
0.00000000E+00   
0.00000000E+00   
0.00000000E+00   
0.00000000E+00   
0.00000000E+00   
0.00000000E+00   
0.00000000E+00   
0.00000000E+00   
0.00000000E+00   
0.00000000E+00   
0.00000000E+00   
0.00000000E+00   
0.00000000E+00   
0.00000000E+00   
0.00000000E+00   
0.00000000E+00   
0.00000000E+00   
0.00000000E+00   
0.00000000E+00   
0.00000000E+00   
0.00000000E+00   
0.00000000E+00   
0.00000000E+00   
0.00000000E+00   
0.00000000E+00   
0.00000000E+00   
0.00000000E+00   
0.00000000E+00   
0.00000000E+00   
0.00000000E+00   
0.00000000E+00   
0.00000000E+00   
0.00000000E+00   
0.00000000E+00   
0.00000000E+00   
0.00000000E+00   
0.00000000E+00   
0.00000000E+00   
0.00000000E+00   
0.00000000E+00   
0.00000000E+00   
0.00000000E+00   
0.00000000E+00   
0.00000000E+00   
0.00000000E+00   
0.00000000E+00   
0.00000000E+00   
0.00000000E+00   
0.00000000E+00   
0.00000000E+00   
0.00000000E+00   
0.00000000E+00   
0.00000000E+00   
0.00000000E+00   
0.00000000E+00   
0.00000000E+00   
0.00000000E+00   
0.00000000E+00   
0.00000000E+00   
0.00000000E+00   
0.00000000E+00   
0.00000000E+00   
0.00000000E+00   
0.00000000E+00   
0.00000000E+00   
0.00000000E+00   
0.00000000E+00   
0.00000000E+00   
0.00000000E+00   
0.00000000E+00   
0.00000000E+00   
0.00000000E+00   
0.00000000E+00   
0.00000000E+00   
0.00000000E+00   
0.00000000E+00   
0.00000000E+00   
0.00000000E+00   
0.00000000E+00   
0.00000000E+00   
0.00000000E+00   
0.00000000E+00   
0.00000000E+00   
0.00000000E+00   
0.00000000E+00   
0.00000000E+00   
0.00000000E+00   
0.00000000E+00   
0.00000000E+00   
0.00000000E+00   
0.00000000E+00   
0.00000000E+00   
0.00000000E+00   
0.00000000E+00   
0.00000000E+00   
0.00000000E+00   
0.00000000E+00   
0.00000000E+00   
0.00000000E+00   
0.00000000E+00   
0.00000000E+00   
0.00000000E+00   
0.00000000E+00   
0.00000000E+00   
0.00000000E+00   
0.00000000E+00   
0.00000000E+00   
0.00000000E+00   
0.00000000E+00   
0.00000000E+00   
0.00000000E+00   
0.00000000E+00   
0.00000000E+00   
0.00000000E+00   
0.00000000E+00   
0.00000000E+00   
0.00000000E+00   
0.00000000E+00   
0.00000000E+00   
0.00000000E+00   
0.00000000E+00   
0.00000000E+00   
0.00000000E+00   
0.00000000E+00   
0.00000000E+00   
0.00000000E+00   
0.00000000E+00   
0.00000000E+00   
0.00000000E+00   
0.00000000E+00   
0.00000000E+00   
0.00000000E+00   
0.00000000E+00   
0.00000000E+00   
0.00000000E+00   
0.00000000E+00   
0.00000000E+00   
0.00000000E+00   
0.00000000E+00   
0.00000000E+00   
0.00000000E+00   
0.00000000E+00   
0.00000000E+00   
0.00000000E+00   
0.00000000E+00   
0.00000000E+00   
0.00000000E+00   
0.00000000E+00   
0.00000000E+00   
0.00000000E+00   
0.00000000E+00   
0.00000000E+00   
0.00000000E+00   
0.00000000E+00   
0.00000000E+00   
0.00000000E+00   
0.00000000E+00   
0.00000000E+00   
0.00000000E+00   
0.00000000E+00   
0.00000000E+00   
0.00000000E+00   
0.00000000E+00   
0.00000000E+00   
0.00000000E+00   
0.00000000E+00   
0.00000000E+00   
0.00000000E+00   
0.00000000E+00   
0.00000000E+00   
0.00000000E+00   
0.00000000E+00   
0.00000000E+00   
0.00000000E+00   
0.00000000E+00   
0.00000000E+00   
0.00000000E+00   
0.00000000E+00   
0.00000000E+00   
0.00000000E+00   
0.00000000E+00   
0.00000000E+00   
0.00000000E+00   
0.00000000E+00   
0.00000000E+00   
0.00000000E+00   
0.00000000E+00   
0.00000000E+00   
0.00000000E+00   
0.00000000E+00   
0.00000000E+00   
0.00000000E+00   
0.00000000E+00   
0.00000000E+00   
0.00000000E+00   
0.00000000E+00   
0.00000000E+00   
0.00000000E+00   
0.00000000E+00   
0.00000000E+00   
0.00000000E+00   
0.00000000E+00   
0.00000000E+00   
0.00000000E+00   
0.00000000E+00   
0.00000000E+00   
0.00000000E+00   
1.00000000E+00   
0.00000000E+00   
0.00000000E+00   
0.00000000E+00   
0.00000000E+00   
0.00000000E+00   
0.00000000E+00   
0.00000000E+00   
0.00000000E+00   
0.00000000E+00   
0.00000000E+00   
0.00000000E+00   
0.00000000E+00   
0.00000000E+00   
0.00000000E+00   
0.00000000E+00   
1.00000000E+00   
0.00000000E+00   
0.00000000E+00   
0.00000000E+00   
0.00000000E+00   
0.00000000E+00   
0.00000000E+00   
0.00000000E+00   
0.00000000E+00   
0.00000000E+00   
0.00000000E+00   
0.00000000E+00   
0.00000000E+00   
0.00000000E+00   
0.00000000E+00   
0.00000000E+00   
0.00000000E+00   
0.00000000E+00   
0.00000000E+00   
0.00000000E+00   
0.00000000E+00   
0.00000000E+00   
0.00000000E+00   
0.00000000E+00   
0.00000000E+00   
0.00000000E+00   
0.00000000E+00   
0.00000000E+00   
0.00000000E+00   
0.00000000E+00   
0.00000000E+00   
0.00000000E+00   
0.00000000E+00   
0.00000000E+00   
0.00000000E+00   
0.00000000E+00   
0.00000000E+00   
0.00000000E+00   
0.00000000E+00   
0.00000000E+00   
0.00000000E+00   
0.00000000E+00   
0.00000000E+00   
0.00000000E+00   
0.00000000E+00   
0.00000000E+00   
0.00000000E+00   
0.00000000E+00   
0.00000000E+00   
0.00000000E+00   
0.00000000E+00   
0.00000000E+00   
0.00000000E+00   
0.00000000E+00   
0.00000000E+00   
0.00000000E+00   
0.00000000E+00   
0.00000000E+00   
0.00000000E+00   
0.00000000E+00   
0.00000000E+00   
0.00000000E+00   
0.00000000E+00   
0.00000000E+00   
0.00000000E+00   
0.00000000E+00   
0.00000000E+00   
0.00000000E+00   
0.00000000E+00   
0.00000000E+00   
0.00000000E+00   
0.00000000E+00   
0.00000000E+00   
0.00000000E+00   
0.00000000E+00   
0.00000000E+00   
0.00000000E+00   
0.00000000E+00   
0.00000000E+00   
0.00000000E+00   
0.00000000E+00   
0.00000000E+00   
0.00000000E+00   
0.00000000E+00   
0.00000000E+00   
0.00000000E+00   
0.00000000E+00   
0.00000000E+00   
0.00000000E+00   
0.00000000E+00   
0.00000000E+00   
0.00000000E+00   
0.00000000E+00   
0.00000000E+00   
0.00000000E+00   
0.00000000E+00   
0.00000000E+00   
0.00000000E+00   
0.00000000E+00   
0.00000000E+00   
0.00000000E+00   
0.00000000E+00   
0.00000000E+00   
0.00000000E+00   
0.00000000E+00   
0.00000000E+00   
0.00000000E+00   
0.00000000E+00   
0.00000000E+00   
0.00000000E+00   
0.00000000E+00   
0.00000000E+00   
0.00000000E+00   
0.00000000E+00   
0.00000000E+00   
0.00000000E+00   
0.00000000E+00   
0.00000000E+00   
0.00000000E+00   
0.00000000E+00   
0.00000000E+00   
0.00000000E+00   
0.00000000E+00   
0.00000000E+00   
0.00000000E+00   
0.00000000E+00   
0.00000000E+00   
0.00000000E+00   
0.00000000E+00   
0.00000000E+00   
0.00000000E+00   
0.00000000E+00   
0.00000000E+00   
0.00000000E+00   
0.00000000E+00   
0.00000000E+00   
0.00000000E+00   
0.00000000E+00   
0.00000000E+00   
0.00000000E+00   
0.00000000E+00   
0.00000000E+00   
0.00000000E+00   
0.00000000E+00   
0.00000000E+00   
0.00000000E+00   
0.00000000E+00   
0.00000000E+00   
0.00000000E+00   
0.00000000E+00   
0.00000000E+00   
0.00000000E+00   
0.00000000E+00   
0.00000000E+00   
0.00000000E+00   
0.00000000E+00   
0.00000000E+00   
0.00000000E+00   
0.00000000E+00   
0.00000000E+00   
0.00000000E+00   
0.00000000E+00   
0.00000000E+00   
0.00000000E+00   
0.00000000E+00   
0.00000000E+00   
0.00000000E+00   
0.00000000E+00   
0.00000000E+00   
0.00000000E+00   
0.00000000E+00   
0.00000000E+00   
0.00000000E+00   
0.00000000E+00   
0.00000000E+00   
0.00000000E+00   
0.00000000E+00   
0.00000000E+00   
0.00000000E+00   
0.00000000E+00   
0.00000000E+00   
0.00000000E+00   
0.00000000E+00   
0.00000000E+00   
0.00000000E+00   
0.00000000E+00   
0.00000000E+00   
0.00000000E+00   
0.00000000E+00   
0.00000000E+00   
0.00000000E+00   
0.00000000E+00   
0.00000000E+00   
0.00000000E+00   
0.00000000E+00   
0.00000000E+00   
0.00000000E+00   
0.00000000E+00   
0.00000000E+00   
0.00000000E+00   
0.00000000E+00   
0.00000000E+00   
0.00000000E+00   
0.00000000E+00   
0.00000000E+00   
0.00000000E+00   
0.00000000E+00   
0.00000000E+00   
0.00000000E+00   
0.00000000E+00   
0.00000000E+00   
0.00000000E+00   
0.00000000E+00   
0.00000000E+00   
0.00000000E+00   
0.00000000E+00   
0.00000000E+00   
0.00000000E+00   
0.00000000E+00   
0.00000000E+00   
0.00000000E+00   
0.00000000E+00   
0.00000000E+00   
0.00000000E+00   
0.00000000E+00   
0.00000000E+00   
0.00000000E+00   
0.00000000E+00   
0.00000000E+00   
0.00000000E+00   
0.00000000E+00   
0.00000000E+00   
0.00000000E+00   
0.00000000E+00   
0.00000000E+00   
0.00000000E+00   
0.00000000E+00   
0.00000000E+00   
0.00000000E+00   
0.00000000E+00   
0.00000000E+00   
0.00000000E+00   
0.00000000E+00   
0.00000000E+00   
0.00000000E+00   
0.00000000E+00   
0.00000000E+00   
0.00000000E+00   
0.00000000E+00   
0.00000000E+00   
0.00000000E+00   
0.00000000E+00   
0.00000000E+00   
0.00000000E+00   
0.00000000E+00   
0.00000000E+00   
0.00000000E+00   
0.00000000E+00   
0.00000000E+00   
0.00000000E+00   
0.00000000E+00   
0.00000000E+00   
0.00000000E+00   
0.00000000E+00   
0.00000000E+00   
0.00000000E+00   
0.00000000E+00   
0.00000000E+00   
0.00000000E+00   
0.00000000E+00   
0.00000000E+00   
0.00000000E+00   
0.00000000E+00   
0.00000000E+00   
0.00000000E+00   
0.00000000E+00   
0.00000000E+00   
0.00000000E+00   
0.00000000E+00   
0.00000000E+00   
0.00000000E+00   
0.00000000E+00   
0.00000000E+00   
0.00000000E+00   
0.00000000E+00   
0.00000000E+00   
0.00000000E+00   
0.00000000E+00   
0.00000000E+00   
0.00000000E+00   
0.00000000E+00   
0.00000000E+00   
0.00000000E+00   
0.00000000E+00   
0.00000000E+00   
0.00000000E+00   
0.00000000E+00   
0.00000000E+00   
0.00000000E+00   
0.00000000E+00   
0.00000000E+00   
0.00000000E+00   
0.00000000E+00   
0.00000000E+00   
0.00000000E+00   
0.00000000E+00   
0.00000000E+00   
0.00000000E+00   
0.00000000E+00   
0.00000000E+00   
0.00000000E+00   
0.00000000E+00   
0.00000000E+00   
0.00000000E+00   
0.00000000E+00   
0.00000000E+00   
0.00000000E+00   
0.00000000E+00   
0.00000000E+00   
0.00000000E+00   
0.00000000E+00   
0.00000000E+00   
0.00000000E+00   
0.00000000E+00   
0.00000000E+00   
0.00000000E+00   
0.00000000E+00   
0.00000000E+00   
0.00000000E+00   
0.00000000E+00   
0.00000000E+00   
0.00000000E+00   
0.00000000E+00   
0.00000000E+00   
0.00000000E+00   
0.00000000E+00   
0.00000000E+00   
0.00000000E+00   
0.00000000E+00   
0.00000000E+00   
0.00000000E+00   
0.00000000E+00   
0.00000000E+00   
0.00000000E+00   
0.00000000E+00   
0.00000000E+00   
0.00000000E+00   
0.00000000E+00   
0.00000000E+00   
0.00000000E+00   
0.00000000E+00   
0.00000000E+00   
0.00000000E+00   
0.00000000E+00   
0.00000000E+00   
0.00000000E+00   
0.00000000E+00   
0.00000000E+00   
0.00000000E+00   
0.00000000E+00   
0.00000000E+00   
0.00000000E+00   
0.00000000E+00   
0.00000000E+00   
0.00000000E+00   
0.00000000E+00   
0.00000000E+00   
0.00000000E+00   
0.00000000E+00   
0.00000000E+00   
0.00000000E+00   
0.00000000E+00   
0.00000000E+00   
0.00000000E+00   
0.00000000E+00   
0.00000000E+00   
0.00000000E+00   
0.00000000E+00   
0.00000000E+00   
0.00000000E+00   
0.00000000E+00   
0.00000000E+00   
0.00000000E+00   
0.00000000E+00   
0.00000000E+00   
0.00000000E+00   
0.00000000E+00   
0.00000000E+00   
0.00000000E+00   
0.00000000E+00   
0.00000000E+00   
0.00000000E+00   
0.00000000E+00   
0.00000000E+00   
0.00000000E+00   
0.00000000E+00   
0.00000000E+00   
0.00000000E+00   
0.00000000E+00   
0.00000000E+00   
0.00000000E+00   
0.00000000E+00   
0.00000000E+00   
0.00000000E+00   
0.00000000E+00   
0.00000000E+00   
0.00000000E+00   
0.00000000E+00   
0.00000000E+00   
0.00000000E+00   
0.00000000E+00   
0.00000000E+00   
0.00000000E+00   
0.00000000E+00   
0.00000000E+00   
0.00000000E+00   
0.00000000E+00   
0.00000000E+00   
0.00000000E+00   
0.00000000E+00   
0.00000000E+00   
0.00000000E+00   
0.00000000E+00   
0.00000000E+00   
0.00000000E+00   
0.00000000E+00   
0.00000000E+00   
0.00000000E+00   
0.00000000E+00   
0.00000000E+00   
0.00000000E+00   
0.00000000E+00   
0.00000000E+00   
0.00000000E+00   
0.00000000E+00   
0.00000000E+00   
0.00000000E+00   
0.00000000E+00   
0.00000000E+00   
0.00000000E+00   
0.00000000E+00   
0.00000000E+00   
0.00000000E+00   
0.00000000E+00   
0.00000000E+00   
0.00000000E+00   
0.00000000E+00   
0.00000000E+00   
0.00000000E+00   
0.00000000E+00   
0.00000000E+00   
0.00000000E+00   
0.00000000E+00   
0.00000000E+00   
0.00000000E+00   
0.00000000E+00   
0.00000000E+00   
0.00000000E+00   
0.00000000E+00   
0.00000000E+00   
0.00000000E+00   
0.00000000E+00   
0.00000000E+00   
0.00000000E+00   
0.00000000E+00   
0.00000000E+00   
0.00000000E+00   
0.00000000E+00   
0.00000000E+00   
0.00000000E+00   
0.00000000E+00   
0.00000000E+00   
0.00000000E+00   
0.00000000E+00   
0.00000000E+00   
0.00000000E+00   
0.00000000E+00   
0.00000000E+00   
0.00000000E+00   
0.00000000E+00   
0.00000000E+00   
0.00000000E+00   
0.00000000E+00   
0.00000000E+00   
0.00000000E+00   
0.00000000E+00   
0.00000000E+00   
0.00000000E+00   
0.00000000E+00   
0.00000000E+00   
0.00000000E+00   
0.00000000E+00   
0.00000000E+00   
0.00000000E+00   
0.00000000E+00   
0.00000000E+00   
0.00000000E+00   
0.00000000E+00   
0.00000000E+00   
0.00000000E+00   
0.00000000E+00   
0.00000000E+00   
0.00000000E+00   
0.00000000E+00   
0.00000000E+00   
0.00000000E+00   
0.00000000E+00   
0.00000000E+00   
0.00000000E+00   
0.00000000E+00   
0.00000000E+00   
0.00000000E+00   
0.00000000E+00   
0.00000000E+00   
0.00000000E+00   
0.00000000E+00   
0.00000000E+00   
0.00000000E+00   
0.00000000E+00   
0.00000000E+00   
0.00000000E+00   
0.00000000E+00   
0.00000000E+00   
0.00000000E+00   
0.00000000E+00   
0.00000000E+00   
0.00000000E+00   
0.00000000E+00   
0.00000000E+00   
0.00000000E+00   
0.00000000E+00   
0.00000000E+00   
0.00000000E+00   
0.00000000E+00   
0.00000000E+00   
0.00000000E+00   
0.00000000E+00   
0.00000000E+00   
0.00000000E+00   
0.00000000E+00   
0.00000000E+00   
0.00000000E+00   
0.00000000E+00   
0.00000000E+00   
0.00000000E+00   
0.00000000E+00   
0.00000000E+00   
0.00000000E+00   
0.00000000E+00   
0.00000000E+00   
0.00000000E+00   
0.00000000E+00   
0.00000000E+00   
0.00000000E+00   
0.00000000E+00   
0.00000000E+00   
0.00000000E+00   
0.00000000E+00   
0.00000000E+00   
0.00000000E+00   
0.00000000E+00   
0.00000000E+00   
0.00000000E+00   
0.00000000E+00   
0.00000000E+00   
0.00000000E+00   
0.00000000E+00   
0.00000000E+00   
0.00000000E+00   
0.00000000E+00   
0.00000000E+00   
0.00000000E+00   
0.00000000E+00   
0.00000000E+00   
0.00000000E+00   
0.00000000E+00   
0.00000000E+00   
0.00000000E+00   
0.00000000E+00   
0.00000000E+00   
0.00000000E+00   
0.00000000E+00   
0.00000000E+00   
0.00000000E+00   
0.00000000E+00   
0.00000000E+00   
0.00000000E+00   
0.00000000E+00   
0.00000000E+00   
0.00000000E+00   
0.00000000E+00   
0.00000000E+00   
0.00000000E+00   
0.00000000E+00   
0.00000000E+00   
0.00000000E+00   
0.00000000E+00   
0.00000000E+00   
0.00000000E+00   
0.00000000E+00   
0.00000000E+00   
0.00000000E+00   
0.00000000E+00   
0.00000000E+00   
0.00000000E+00   
0.00000000E+00   
0.00000000E+00   
0.00000000E+00   
0.00000000E+00   
0.00000000E+00   
0.00000000E+00   
0.00000000E+00   
0.00000000E+00   
0.00000000E+00   
0.00000000E+00   
0.00000000E+00   
0.00000000E+00   
0.00000000E+00   
0.00000000E+00   
0.00000000E+00   
0.00000000E+00   
0.00000000E+00   
0.00000000E+00   
0.00000000E+00   
0.00000000E+00   
0.00000000E+00   
0.00000000E+00   
0.00000000E+00   
0.00000000E+00   
0.00000000E+00   
0.00000000E+00   
0.00000000E+00   
0.00000000E+00   
0.00000000E+00   
0.00000000E+00   
0.00000000E+00   
0.00000000E+00   
0.00000000E+00   
0.00000000E+00   
0.00000000E+00   
0.00000000E+00   
0.00000000E+00   
0.00000000E+00   
0.00000000E+00   
0.00000000E+00   
0.00000000E+00   
0.00000000E+00   
0.00000000E+00   
0.00000000E+00   
0.00000000E+00   
0.00000000E+00   
0.00000000E+00   
0.00000000E+00   
0.00000000E+00   
0.00000000E+00   
0.00000000E+00   
0.00000000E+00   
0.00000000E+00   
0.00000000E+00   
0.00000000E+00   
0.00000000E+00   
0.00000000E+00   
0.00000000E+00   
0.00000000E+00   
0.00000000E+00   
0.00000000E+00   
0.00000000E+00   
0.00000000E+00   
0.00000000E+00   
0.00000000E+00   
0.00000000E+00   
0.00000000E+00   
0.00000000E+00   
0.00000000E+00   
0.00000000E+00   
0.00000000E+00   
0.00000000E+00   
0.00000000E+00   
0.00000000E+00   
0.00000000E+00   
0.00000000E+00   
0.00000000E+00   
0.00000000E+00   
0.00000000E+00   
0.00000000E+00   
0.00000000E+00   
0.00000000E+00   
0.00000000E+00   
0.00000000E+00   
0.00000000E+00   
0.00000000E+00   
0.00000000E+00   
0.00000000E+00   
0.00000000E+00   
0.00000000E+00   
0.00000000E+00   
0.00000000E+00   
0.00000000E+00   
0.00000000E+00   
0.00000000E+00   
0.00000000E+00   
0.00000000E+00   
0.00000000E+00   
0.00000000E+00   
0.00000000E+00   
0.00000000E+00   
0.00000000E+00   
0.00000000E+00   
0.00000000E+00   
0.00000000E+00   
0.00000000E+00   
0.00000000E+00   
0.00000000E+00   
0.00000000E+00   
0.00000000E+00   
0.00000000E+00   
0.00000000E+00   
0.00000000E+00   
0.00000000E+00   
0.00000000E+00   
0.00000000E+00   
0.00000000E+00   
0.00000000E+00   
0.00000000E+00   
0.00000000E+00   
0.00000000E+00   
0.00000000E+00   
0.00000000E+00   
0.00000000E+00   
0.00000000E+00   
0.00000000E+00   
0.00000000E+00   
0.00000000E+00   
0.00000000E+00   
0.00000000E+00   
0.00000000E+00   
0.00000000E+00   
0.00000000E+00   
0.00000000E+00   
0.00000000E+00   
0.00000000E+00   
0.00000000E+00   
0.00000000E+00   
0.00000000E+00   
0.00000000E+00   
0.00000000E+00   
0.00000000E+00   
0.00000000E+00   
0.00000000E+00   
0.00000000E+00   
0.00000000E+00   
0.00000000E+00   
0.00000000E+00   
0.00000000E+00   
0.00000000E+00   
0.00000000E+00   
0.00000000E+00   
0.00000000E+00   
0.00000000E+00   
0.00000000E+00   
0.00000000E+00   
0.00000000E+00   
0.00000000E+00   
0.00000000E+00   
0.00000000E+00   
0.00000000E+00   
0.00000000E+00   
0.00000000E+00   
0.00000000E+00   
0.00000000E+00   
0.00000000E+00   
0.00000000E+00   
0.00000000E+00   
0.00000000E+00   
0.00000000E+00   
0.00000000E+00   
0.00000000E+00   
0.00000000E+00   
0.00000000E+00   
0.00000000E+00   
0.00000000E+00   
0.00000000E+00   
0.00000000E+00   
0.00000000E+00   
0.00000000E+00   
0.00000000E+00   
0.00000000E+00   
0.00000000E+00   
0.00000000E+00   
0.00000000E+00   
0.00000000E+00   
0.00000000E+00   
0.00000000E+00   
0.00000000E+00   
0.00000000E+00   
0.00000000E+00   
0.00000000E+00   
0.00000000E+00   
0.00000000E+00   
0.00000000E+00   
0.00000000E+00   
0.00000000E+00   
0.00000000E+00   
0.00000000E+00   
0.00000000E+00   
0.00000000E+00   
0.00000000E+00   
0.00000000E+00   
0.00000000E+00   
0.00000000E+00   
0.00000000E+00   
0.00000000E+00   
0.00000000E+00   
0.00000000E+00   
0.00000000E+00   
0.00000000E+00   
0.00000000E+00   
0.00000000E+00   
0.00000000E+00   
0.00000000E+00   
0.00000000E+00   
0.00000000E+00   
0.00000000E+00   
0.00000000E+00   
0.00000000E+00   
0.00000000E+00   
0.00000000E+00   
0.00000000E+00   
0.00000000E+00   
0.00000000E+00   
0.00000000E+00   
0.00000000E+00   
0.00000000E+00   
0.00000000E+00   
0.00000000E+00   
0.00000000E+00   
0.00000000E+00   
0.00000000E+00   
0.00000000E+00   
0.00000000E+00   
0.00000000E+00   
0.00000000E+00   
0.00000000E+00   
0.00000000E+00   
0.00000000E+00   
0.00000000E+00   
0.00000000E+00   
0.00000000E+00   
0.00000000E+00   
0.00000000E+00   
0.00000000E+00   
0.00000000E+00   
0.00000000E+00   
0.00000000E+00   
0.00000000E+00   
0.00000000E+00   
0.00000000E+00   
0.00000000E+00   
0.00000000E+00   
0.00000000E+00   
0.00000000E+00   
0.00000000E+00   
0.00000000E+00   
0.00000000E+00   
0.00000000E+00   
0.00000000E+00   
0.00000000E+00   
0.00000000E+00   
0.00000000E+00   
0.00000000E+00   
0.00000000E+00   
0.00000000E+00   
0.00000000E+00   
0.00000000E+00   
0.00000000E+00   
0.00000000E+00   
0.00000000E+00   
0.00000000E+00   
0.00000000E+00   
0.00000000E+00   
0.00000000E+00   
0.00000000E+00   
0.00000000E+00   
0.00000000E+00   
0.00000000E+00   
0.00000000E+00   
0.00000000E+00   
0.00000000E+00   
0.00000000E+00   
0.00000000E+00   
0.00000000E+00   
0.00000000E+00   
0.00000000E+00   
0.00000000E+00   
0.00000000E+00   
0.00000000E+00   
0.00000000E+00   
0.00000000E+00   
0.00000000E+00   
0.00000000E+00   
0.00000000E+00   
0.00000000E+00   
0.00000000E+00   
0.00000000E+00   
0.00000000E+00   
0.00000000E+00   
0.00000000E+00   
0.00000000E+00   
0.00000000E+00   
0.00000000E+00   
0.00000000E+00   
0.00000000E+00   
0.00000000E+00   
0.00000000E+00   
0.00000000E+00   
0.00000000E+00   
0.00000000E+00   
0.00000000E+00   
0.00000000E+00   
0.00000000E+00   
0.00000000E+00   
0.00000000E+00   
0.00000000E+00   
0.00000000E+00   
0.00000000E+00   
0.00000000E+00   
0.00000000E+00   
0.00000000E+00   
0.00000000E+00   
0.00000000E+00   
0.00000000E+00   
0.00000000E+00   
0.00000000E+00   
0.00000000E+00   
0.00000000E+00   
0.00000000E+00   
0.00000000E+00   
0.00000000E+00   
0.00000000E+00   
0.00000000E+00   
0.00000000E+00   
0.00000000E+00   
0.00000000E+00   
0.00000000E+00   
0.00000000E+00   
0.00000000E+00   
0.00000000E+00   
0.00000000E+00   
0.00000000E+00   
0.00000000E+00   
0.00000000E+00   
0.00000000E+00   
0.00000000E+00   
0.00000000E+00   
0.00000000E+00   
0.00000000E+00   
0.00000000E+00   
0.00000000E+00   
0.00000000E+00   
0.00000000E+00   
0.00000000E+00   
0.00000000E+00   
0.00000000E+00   
0.00000000E+00   
0.00000000E+00   
0.00000000E+00   
0.00000000E+00   
0.00000000E+00   
0.00000000E+00   
0.00000000E+00   
0.00000000E+00   
0.00000000E+00   
0.00000000E+00   
0.00000000E+00   
0.00000000E+00   
0.00000000E+00   
0.00000000E+00   
0.00000000E+00   
0.00000000E+00   
0.00000000E+00   
0.00000000E+00   
0.00000000E+00   
0.00000000E+00   
0.00000000E+00   
0.00000000E+00   
0.00000000E+00   
0.00000000E+00   
0.00000000E+00   
0.00000000E+00   
0.00000000E+00   
0.00000000E+00   
0.00000000E+00   
0.00000000E+00   
0.00000000E+00   
0.00000000E+00   
0.00000000E+00   
0.00000000E+00   
0.00000000E+00   
0.00000000E+00   
0.00000000E+00   
0.00000000E+00   
0.00000000E+00   
0.00000000E+00   
0.00000000E+00   
0.00000000E+00   
0.00000000E+00   
0.00000000E+00   
0.00000000E+00   
0.00000000E+00   
0.00000000E+00   
0.00000000E+00   
0.00000000E+00   
0.00000000E+00   
0.00000000E+00   
0.00000000E+00   
0.00000000E+00   
0.00000000E+00   
0.00000000E+00   
0.00000000E+00   
0.00000000E+00   
0.00000000E+00   
0.00000000E+00   
0.00000000E+00   
0.00000000E+00   
0.00000000E+00   
0.00000000E+00   
0.00000000E+00   
0.00000000E+00   
0.00000000E+00   
0.00000000E+00   
0.00000000E+00   
0.00000000E+00   
0.00000000E+00   
0.00000000E+00   
0.00000000E+00   
0.00000000E+00   
0.00000000E+00   
0.00000000E+00   
0.00000000E+00   
0.00000000E+00   
0.00000000E+00   
0.00000000E+00   
0.00000000E+00   
0.00000000E+00   
0.00000000E+00   
0.00000000E+00   
0.00000000E+00   
0.00000000E+00   
0.00000000E+00   
0.00000000E+00   
0.00000000E+00   
0.00000000E+00   
0.00000000E+00   
0.00000000E+00   
0.00000000E+00   
0.00000000E+00   
0.00000000E+00   
0.00000000E+00   
0.00000000E+00   
0.00000000E+00   
0.00000000E+00   
0.00000000E+00   
0.00000000E+00   
0.00000000E+00   
0.00000000E+00   
0.00000000E+00   
0.00000000E+00   
0.00000000E+00   
0.00000000E+00   
0.00000000E+00   
0.00000000E+00   
0.00000000E+00   
0.00000000E+00   
0.00000000E+00   
0.00000000E+00   
0.00000000E+00   
0.00000000E+00   
0.00000000E+00   
0.00000000E+00   
0.00000000E+00   
0.00000000E+00   
0.00000000E+00   
0.00000000E+00   
0.00000000E+00   
0.00000000E+00   
0.00000000E+00   
0.00000000E+00   
0.00000000E+00   
0.00000000E+00   
0.00000000E+00   
0.00000000E+00   
0.00000000E+00   
0.00000000E+00   
0.00000000E+00   
0.00000000E+00   
0.00000000E+00   
0.00000000E+00   
0.00000000E+00   
0.00000000E+00   
0.00000000E+00   
0.00000000E+00   
0.00000000E+00   
0.00000000E+00   
0.00000000E+00   
0.00000000E+00   
0.00000000E+00   
0.00000000E+00   
0.00000000E+00   
0.00000000E+00   
0.00000000E+00   
0.00000000E+00   
0.00000000E+00   
0.00000000E+00   
0.00000000E+00   
0.00000000E+00   
0.00000000E+00   
0.00000000E+00   
0.00000000E+00   
0.00000000E+00   
0.00000000E+00   
0.00000000E+00   
0.00000000E+00   
0.00000000E+00   
0.00000000E+00   
0.00000000E+00   
0.00000000E+00   
0.00000000E+00   
0.00000000E+00   
0.00000000E+00   
0.00000000E+00   
0.00000000E+00   
0.00000000E+00   
0.00000000E+00   
0.00000000E+00   
0.00000000E+00   
0.00000000E+00   
0.00000000E+00   
0.00000000E+00   
0.00000000E+00   
0.00000000E+00   
0.00000000E+00   
0.00000000E+00   
0.00000000E+00   
0.00000000E+00   
0.00000000E+00   
0.00000000E+00   
0.00000000E+00   
0.00000000E+00   
0.00000000E+00   
0.00000000E+00   
0.00000000E+00   
0.00000000E+00   
0.00000000E+00   
0.00000000E+00   
0.00000000E+00   
0.00000000E+00   
0.00000000E+00   
0.00000000E+00   
0.00000000E+00   
0.00000000E+00   
0.00000000E+00   
0.00000000E+00   
0.00000000E+00   
0.00000000E+00   
0.00000000E+00   
0.00000000E+00   
0.00000000E+00   
0.00000000E+00   
0.00000000E+00   
0.00000000E+00   
0.00000000E+00   
0.00000000E+00   
0.00000000E+00   
0.00000000E+00   
0.00000000E+00   
0.00000000E+00   
0.00000000E+00   
0.00000000E+00   
0.00000000E+00   
0.00000000E+00   
0.00000000E+00   
0.00000000E+00   
0.00000000E+00   
0.00000000E+00   
0.00000000E+00   
0.00000000E+00   
0.00000000E+00   
0.00000000E+00   
0.00000000E+00   
0.00000000E+00   
0.00000000E+00   
0.00000000E+00   
0.00000000E+00   
0.00000000E+00   
0.00000000E+00   
0.00000000E+00   
0.00000000E+00   
0.00000000E+00   
0.00000000E+00   
0.00000000E+00   
0.00000000E+00   
0.00000000E+00   
0.00000000E+00   
0.00000000E+00   
0.00000000E+00   
0.00000000E+00   
0.00000000E+00   
0.00000000E+00   
0.00000000E+00   
0.00000000E+00   
0.00000000E+00   
0.00000000E+00   
0.00000000E+00   
0.00000000E+00   
0.00000000E+00   
0.00000000E+00   
0.00000000E+00   
0.00000000E+00   
0.00000000E+00   
0.00000000E+00   
0.00000000E+00   
0.00000000E+00   
0.00000000E+00   
0.00000000E+00   
0.00000000E+00   
0.00000000E+00   
0.00000000E+00   
0.00000000E+00   
0.00000000E+00   
0.00000000E+00   
0.00000000E+00   
0.00000000E+00   
0.00000000E+00   
0.00000000E+00   
0.00000000E+00   
0.00000000E+00   
0.00000000E+00   
0.00000000E+00   
0.00000000E+00   
0.00000000E+00   
0.00000000E+00   
0.00000000E+00   
0.00000000E+00   
0.00000000E+00   
0.00000000E+00   
0.00000000E+00   
0.00000000E+00   
0.00000000E+00   
0.00000000E+00   
0.00000000E+00   
0.00000000E+00   
0.00000000E+00   
0.00000000E+00   
0.00000000E+00   
0.00000000E+00   
0.00000000E+00   
0.00000000E+00   
0.00000000E+00   
0.00000000E+00   
0.00000000E+00   
0.00000000E+00   
0.00000000E+00   
0.00000000E+00   
0.00000000E+00   
0.00000000E+00   
0.00000000E+00   
0.00000000E+00   
0.00000000E+00   
0.00000000E+00   
0.00000000E+00   
0.00000000E+00   
0.00000000E+00   
0.00000000E+00   
0.00000000E+00   
0.00000000E+00   
0.00000000E+00   
0.00000000E+00   
0.00000000E+00   
0.00000000E+00   
0.00000000E+00   
0.00000000E+00   
0.00000000E+00   
0.00000000E+00   
0.00000000E+00   
0.00000000E+00   
0.00000000E+00   
0.00000000E+00   
0.00000000E+00   
0.00000000E+00   
0.00000000E+00   
0.00000000E+00   
0.00000000E+00   
0.00000000E+00   
0.00000000E+00   
0.00000000E+00   
0.00000000E+00   
0.00000000E+00   
0.00000000E+00   
0.00000000E+00   
0.00000000E+00   
0.00000000E+00   
0.00000000E+00   
0.00000000E+00   
0.00000000E+00   
0.00000000E+00   
0.00000000E+00   
0.00000000E+00   
0.00000000E+00   
0.00000000E+00   
0.00000000E+00   
0.00000000E+00   
0.00000000E+00   
0.00000000E+00   
0.00000000E+00   
0.00000000E+00   
0.00000000E+00   
0.00000000E+00   
0.00000000E+00   
0.00000000E+00   
0.00000000E+00   
0.00000000E+00   
0.00000000E+00   
0.00000000E+00   
0.00000000E+00   
0.00000000E+00   
0.00000000E+00   
0.00000000E+00   
0.00000000E+00   
0.00000000E+00   
0.00000000E+00   
0.00000000E+00   
0.00000000E+00   
0.00000000E+00   
0.00000000E+00   
0.00000000E+00   
0.00000000E+00   
0.00000000E+00   
0.00000000E+00   
0.00000000E+00   
0.00000000E+00   
0.00000000E+00   
0.00000000E+00   
0.00000000E+00   
0.00000000E+00   
0.00000000E+00   
0.00000000E+00   
0.00000000E+00   
0.00000000E+00   
0.00000000E+00   
0.00000000E+00   
0.00000000E+00   
0.00000000E+00   
0.00000000E+00   
0.00000000E+00   
0.00000000E+00   
0.00000000E+00   
0.00000000E+00   
0.00000000E+00   
0.00000000E+00   
0.00000000E+00   
0.00000000E+00   
0.00000000E+00   
0.00000000E+00   
0.00000000E+00   
0.00000000E+00   
0.00000000E+00   
0.00000000E+00   
0.00000000E+00   
0.00000000E+00   
0.00000000E+00   
0.00000000E+00   
0.00000000E+00   
0.00000000E+00   
0.00000000E+00   
0.00000000E+00   
0.00000000E+00   
0.00000000E+00   
0.00000000E+00   
0.00000000E+00   
0.00000000E+00   
0.00000000E+00   
0.00000000E+00   
0.00000000E+00   
0.00000000E+00   
0.00000000E+00   
0.00000000E+00   
0.00000000E+00   
0.00000000E+00   
0.00000000E+00   
0.00000000E+00   
0.00000000E+00   
0.00000000E+00   
0.00000000E+00   
0.00000000E+00   
0.00000000E+00   
0.00000000E+00   
0.00000000E+00   
0.00000000E+00   
0.00000000E+00   
0.00000000E+00   
0.00000000E+00   
0.00000000E+00   
0.00000000E+00   
0.00000000E+00   
0.00000000E+00   
0.00000000E+00   
0.00000000E+00   
0.00000000E+00   
0.00000000E+00   
0.00000000E+00   
0.00000000E+00   
0.00000000E+00   
0.00000000E+00   
0.00000000E+00   
0.00000000E+00   
0.00000000E+00   
0.00000000E+00   
0.00000000E+00   
0.00000000E+00   
0.00000000E+00   
0.00000000E+00   
0.00000000E+00   
0.00000000E+00   
0.00000000E+00   
0.00000000E+00   
0.00000000E+00   
0.00000000E+00   
0.00000000E+00   
0.00000000E+00   
0.00000000E+00   
0.00000000E+00   
0.00000000E+00   
0.00000000E+00   
0.00000000E+00   
0.00000000E+00   
0.00000000E+00   
0.00000000E+00   
0.00000000E+00   
0.00000000E+00   
0.00000000E+00   
0.00000000E+00   
0.00000000E+00   
0.00000000E+00   
0.00000000E+00   
0.00000000E+00   
0.00000000E+00   
0.00000000E+00   
0.00000000E+00   
0.00000000E+00   
0.00000000E+00   
0.00000000E+00   
0.00000000E+00   
0.00000000E+00   
0.00000000E+00   
0.00000000E+00   
0.00000000E+00   
0.00000000E+00   
0.00000000E+00   
0.00000000E+00   
0.00000000E+00   
0.00000000E+00   
0.00000000E+00   
0.00000000E+00   
0.00000000E+00   
0.00000000E+00   
0.00000000E+00   
0.00000000E+00   
0.00000000E+00   
0.00000000E+00   
0.00000000E+00   
0.00000000E+00   
0.00000000E+00   
0.00000000E+00   
0.00000000E+00   
0.00000000E+00   
0.00000000E+00   
0.00000000E+00   
0.00000000E+00   
0.00000000E+00   
0.00000000E+00   
0.00000000E+00   
0.00000000E+00   
0.00000000E+00   
0.00000000E+00   
0.00000000E+00   
0.00000000E+00   
0.00000000E+00   
0.00000000E+00   
0.00000000E+00   
0.00000000E+00   
0.00000000E+00   
0.00000000E+00   
0.00000000E+00   
0.00000000E+00   
0.00000000E+00   
0.00000000E+00   
0.00000000E+00   
0.00000000E+00   
0.00000000E+00   
0.00000000E+00   
0.00000000E+00   
0.00000000E+00   
0.00000000E+00   
0.00000000E+00   
0.00000000E+00   
0.00000000E+00   
0.00000000E+00   
0.00000000E+00   
0.00000000E+00   
0.00000000E+00   
0.00000000E+00   
0.00000000E+00   
0.00000000E+00   
0.00000000E+00   
0.00000000E+00   
0.00000000E+00   
0.00000000E+00   
0.00000000E+00   
0.00000000E+00   
0.00000000E+00   
0.00000000E+00   
0.00000000E+00   
0.00000000E+00   
0.00000000E+00   
0.00000000E+00   
0.00000000E+00   
0.00000000E+00   
0.00000000E+00   
0.00000000E+00   
0.00000000E+00   
0.00000000E+00   
0.00000000E+00   
0.00000000E+00   
0.00000000E+00   
0.00000000E+00   
0.00000000E+00   
0.00000000E+00   
0.00000000E+00   
0.00000000E+00   
0.00000000E+00   
0.00000000E+00   
0.00000000E+00   
0.00000000E+00   
0.00000000E+00   
0.00000000E+00   
0.00000000E+00   
0.00000000E+00   
0.00000000E+00   
0.00000000E+00   
0.00000000E+00   
0.00000000E+00   
0.00000000E+00   
0.00000000E+00   
0.00000000E+00   
0.00000000E+00   
0.00000000E+00   
0.00000000E+00   
0.00000000E+00   
0.00000000E+00   
0.00000000E+00   
0.00000000E+00   
0.00000000E+00   
0.00000000E+00   
0.00000000E+00   
0.00000000E+00   
0.00000000E+00   
0.00000000E+00   
0.00000000E+00   
0.00000000E+00   
0.00000000E+00   
0.00000000E+00   
0.00000000E+00   
0.00000000E+00   
0.00000000E+00   
0.00000000E+00   
0.00000000E+00   
0.00000000E+00   
0.00000000E+00   
0.00000000E+00   
0.00000000E+00   
0.00000000E+00   
0.00000000E+00   
0.00000000E+00   
0.00000000E+00   
0.00000000E+00   
0.00000000E+00   
0.00000000E+00   
0.00000000E+00   
0.00000000E+00   
0.00000000E+00   
0.00000000E+00   
0.00000000E+00   
0.00000000E+00   
0.00000000E+00   
0.00000000E+00   
0.00000000E+00   
0.00000000E+00   
0.00000000E+00   
0.00000000E+00   
0.00000000E+00   
0.00000000E+00   
0.00000000E+00   
0.00000000E+00   
0.00000000E+00   
0.00000000E+00   
0.00000000E+00   
0.00000000E+00   
0.00000000E+00   
0.00000000E+00   
0.00000000E+00   
0.00000000E+00   
0.00000000E+00   
0.00000000E+00   
0.00000000E+00   
0.00000000E+00   
0.00000000E+00   
0.00000000E+00   
0.00000000E+00   
0.00000000E+00   
0.00000000E+00   
0.00000000E+00   
0.00000000E+00   
0.00000000E+00   
0.00000000E+00   
0.00000000E+00   
0.00000000E+00   
0.00000000E+00   
0.00000000E+00   
0.00000000E+00   
0.00000000E+00   
0.00000000E+00   
0.00000000E+00   
0.00000000E+00   
0.00000000E+00   
0.00000000E+00   
0.00000000E+00   
0.00000000E+00   
0.00000000E+00   
0.00000000E+00   
0.00000000E+00   
0.00000000E+00   
0.00000000E+00   
0.00000000E+00   
0.00000000E+00   
0.00000000E+00   
0.00000000E+00   
0.00000000E+00   
0.00000000E+00   
0.00000000E+00   
0.00000000E+00   
0.00000000E+00   
0.00000000E+00   
0.00000000E+00   
0.00000000E+00   
0.00000000E+00   
0.00000000E+00   
0.00000000E+00   
0.00000000E+00   
0.00000000E+00   
0.00000000E+00   
0.00000000E+00   
0.00000000E+00   
0.00000000E+00   
0.00000000E+00   
0.00000000E+00   
0.00000000E+00   
0.00000000E+00   
0.00000000E+00   
0.00000000E+00   
0.00000000E+00   
0.00000000E+00   
0.00000000E+00   
0.00000000E+00   
0.00000000E+00   
0.00000000E+00   
0.00000000E+00   
0.00000000E+00   
0.00000000E+00   
0.00000000E+00   
0.00000000E+00   
0.00000000E+00   
0.00000000E+00   
0.00000000E+00   
0.00000000E+00   
0.00000000E+00   
0.00000000E+00   
0.00000000E+00   
0.00000000E+00   
0.00000000E+00   
0.00000000E+00   
0.00000000E+00   
0.00000000E+00   
0.00000000E+00   
0.00000000E+00   
0.00000000E+00   
0.00000000E+00   
0.00000000E+00   
0.00000000E+00   
0.00000000E+00   
0.00000000E+00   
0.00000000E+00   
0.00000000E+00   
0.00000000E+00   
0.00000000E+00   
0.00000000E+00   
0.00000000E+00   
0.00000000E+00   
0.00000000E+00   
0.00000000E+00   
0.00000000E+00   
0.00000000E+00   
0.00000000E+00   
0.00000000E+00   
0.00000000E+00   
0.00000000E+00   
0.00000000E+00   
0.00000000E+00   
0.00000000E+00   
0.00000000E+00   
0.00000000E+00   
0.00000000E+00   
0.00000000E+00   
0.00000000E+00   
0.00000000E+00   
0.00000000E+00   
0.00000000E+00   
0.00000000E+00   
0.00000000E+00   
0.00000000E+00   
0.00000000E+00   
0.00000000E+00   
0.00000000E+00   
0.00000000E+00   
0.00000000E+00   
0.00000000E+00   
0.00000000E+00   
0.00000000E+00   
0.00000000E+00   
0.00000000E+00   
0.00000000E+00   
0.00000000E+00   
0.00000000E+00   
0.00000000E+00   
0.00000000E+00   
0.00000000E+00   
0.00000000E+00   
0.00000000E+00   
0.00000000E+00   
0.00000000E+00   
0.00000000E+00   
0.00000000E+00   
0.00000000E+00   
0.00000000E+00   
0.00000000E+00   
0.00000000E+00   
0.00000000E+00   
0.00000000E+00   
0.00000000E+00   
0.00000000E+00   
0.00000000E+00   
0.00000000E+00   
0.00000000E+00   
0.00000000E+00   
0.00000000E+00   
0.00000000E+00   
0.00000000E+00   
0.00000000E+00   
0.00000000E+00   
0.00000000E+00   
0.00000000E+00   
0.00000000E+00   
0.00000000E+00   
0.00000000E+00   
0.00000000E+00   
0.00000000E+00   
0.00000000E+00   
0.00000000E+00   
0.00000000E+00   
0.00000000E+00   
0.00000000E+00   
0.00000000E+00   
0.00000000E+00   
0.00000000E+00   
0.00000000E+00   
0.00000000E+00   
0.00000000E+00   
0.00000000E+00   
0.00000000E+00   
0.00000000E+00   
0.00000000E+00   
0.00000000E+00   
0.00000000E+00   
0.00000000E+00   
0.00000000E+00   
0.00000000E+00   
0.00000000E+00   
0.00000000E+00   
0.00000000E+00   
0.00000000E+00   
0.00000000E+00   
0.00000000E+00   
0.00000000E+00   
0.00000000E+00   
0.00000000E+00   
0.00000000E+00   
0.00000000E+00   
0.00000000E+00   
0.00000000E+00   
0.00000000E+00   
0.00000000E+00   
0.00000000E+00   
0.00000000E+00   
0.00000000E+00   
0.00000000E+00   
0.00000000E+00   
0.00000000E+00   
0.00000000E+00   
0.00000000E+00   
0.00000000E+00   
0.00000000E+00   
0.00000000E+00   
0.00000000E+00   
0.00000000E+00   
0.00000000E+00   
0.00000000E+00   
0.00000000E+00   
0.00000000E+00   
0.00000000E+00   
0.00000000E+00   
0.00000000E+00   
0.00000000E+00   
0.00000000E+00   
0.00000000E+00   
0.00000000E+00   
0.00000000E+00   
0.00000000E+00   
0.00000000E+00   
0.00000000E+00   
0.00000000E+00   
0.00000000E+00   
0.00000000E+00   
0.00000000E+00   
0.00000000E+00   
0.00000000E+00   
0.00000000E+00   
0.00000000E+00   
0.00000000E+00   
0.00000000E+00   
0.00000000E+00   
0.00000000E+00   
0.00000000E+00   
0.00000000E+00   
0.00000000E+00   
0.00000000E+00   
0.00000000E+00   
0.00000000E+00   
0.00000000E+00   
0.00000000E+00   
0.00000000E+00   
0.00000000E+00   
0.00000000E+00   
0.00000000E+00   
0.00000000E+00   
0.00000000E+00   
0.00000000E+00   
0.00000000E+00   
0.00000000E+00   
0.00000000E+00   
0.00000000E+00   
0.00000000E+00   
0.00000000E+00   
0.00000000E+00   
0.00000000E+00   
0.00000000E+00   
0.00000000E+00   
0.00000000E+00   
0.00000000E+00   
0.00000000E+00   
0.00000000E+00   
0.00000000E+00   
0.00000000E+00   
0.00000000E+00   
0.00000000E+00   
0.00000000E+00   
0.00000000E+00   
0.00000000E+00   
0.00000000E+00   
0.00000000E+00   
0.00000000E+00   
0.00000000E+00   
0.00000000E+00   
0.00000000E+00   
0.00000000E+00   
0.00000000E+00   
0.00000000E+00   
0.00000000E+00   
0.00000000E+00   
0.00000000E+00   
0.00000000E+00   
0.00000000E+00   
0.00000000E+00   
0.00000000E+00   
0.00000000E+00   
0.00000000E+00   
0.00000000E+00   
0.00000000E+00   
0.00000000E+00   
0.00000000E+00   
0.00000000E+00   
0.00000000E+00   
0.00000000E+00   
0.00000000E+00   
0.00000000E+00   
0.00000000E+00   
0.00000000E+00   
0.00000000E+00   
0.00000000E+00   
0.00000000E+00   
0.00000000E+00   
0.00000000E+00   
0.00000000E+00   
0.00000000E+00   
0.00000000E+00   
0.00000000E+00   
0.00000000E+00   
0.00000000E+00   
0.00000000E+00   
0.00000000E+00   
0.00000000E+00   
0.00000000E+00   
0.00000000E+00   
0.00000000E+00   
0.00000000E+00   
0.00000000E+00   
0.00000000E+00   
0.00000000E+00   
0.00000000E+00   
0.00000000E+00   
0.00000000E+00   
0.00000000E+00   
0.00000000E+00   
0.00000000E+00   
0.00000000E+00   
0.00000000E+00   
0.00000000E+00   
0.00000000E+00   
0.00000000E+00   
0.00000000E+00   
0.00000000E+00   
0.00000000E+00   
0.00000000E+00   
0.00000000E+00   
0.00000000E+00   
0.00000000E+00   
0.00000000E+00   
0.00000000E+00   
0.00000000E+00   
0.00000000E+00   
0.00000000E+00   
0.00000000E+00   
0.00000000E+00   
0.00000000E+00   
0.00000000E+00   
0.00000000E+00   
0.00000000E+00   
0.00000000E+00   
0.00000000E+00   
0.00000000E+00   
0.00000000E+00   
0.00000000E+00   
0.00000000E+00   
0.00000000E+00   
0.00000000E+00   
0.00000000E+00   
0.00000000E+00   
0.00000000E+00   
0.00000000E+00   
0.00000000E+00   
0.00000000E+00   
0.00000000E+00   
0.00000000E+00   
0.00000000E+00   
0.00000000E+00   
0.00000000E+00   
0.00000000E+00   
0.00000000E+00   
0.00000000E+00   
0.00000000E+00   
0.00000000E+00   
0.00000000E+00   
0.00000000E+00   
0.00000000E+00   
0.00000000E+00   
0.00000000E+00   
0.00000000E+00   
0.00000000E+00   
0.00000000E+00   
0.00000000E+00   
0.00000000E+00   
0.00000000E+00   
0.00000000E+00   
0.00000000E+00   
0.00000000E+00   
0.00000000E+00   
0.00000000E+00   
0.00000000E+00   
0.00000000E+00   
0.00000000E+00   
0.00000000E+00   
0.00000000E+00   
0.00000000E+00   
0.00000000E+00   
0.00000000E+00   
0.00000000E+00   
0.00000000E+00   
0.00000000E+00   
0.00000000E+00   
0.00000000E+00   
0.00000000E+00   
0.00000000E+00   
0.00000000E+00   
0.00000000E+00   
0.00000000E+00   
0.00000000E+00   
0.00000000E+00   
0.00000000E+00   
0.00000000E+00   
0.00000000E+00   
0.00000000E+00   
0.00000000E+00   
0.00000000E+00   
0.00000000E+00   
0.00000000E+00   
0.00000000E+00   
0.00000000E+00   
0.00000000E+00   
0.00000000E+00   
0.00000000E+00   
0.00000000E+00   
0.00000000E+00   
0.00000000E+00   
0.00000000E+00   
0.00000000E+00   
0.00000000E+00   
0.00000000E+00   
0.00000000E+00   
0.00000000E+00   
0.00000000E+00   
0.00000000E+00   
0.00000000E+00   
0.00000000E+00   
0.00000000E+00   
0.00000000E+00   
0.00000000E+00   
0.00000000E+00   
0.00000000E+00   
0.00000000E+00   
0.00000000E+00   
0.00000000E+00   
0.00000000E+00   
0.00000000E+00   
0.00000000E+00   
0.00000000E+00   
0.00000000E+00   
0.00000000E+00   
0.00000000E+00   
0.00000000E+00   
0.00000000E+00   
0.00000000E+00   
0.00000000E+00   
0.00000000E+00   
0.00000000E+00   
0.00000000E+00   
0.00000000E+00   
0.00000000E+00   
0.00000000E+00   
0.00000000E+00   
0.00000000E+00   
0.00000000E+00   
0.00000000E+00   
0.00000000E+00   
0.00000000E+00   
0.00000000E+00   
0.00000000E+00   
0.00000000E+00   
0.00000000E+00   
0.00000000E+00   
0.00000000E+00   
0.00000000E+00   
0.00000000E+00   
0.00000000E+00   
0.00000000E+00   
0.00000000E+00   
0.00000000E+00   
0.00000000E+00   
0.00000000E+00   
0.00000000E+00   
0.00000000E+00   
0.00000000E+00   
0.00000000E+00   
0.00000000E+00   
0.00000000E+00   
0.00000000E+00   
0.00000000E+00   
0.00000000E+00   
0.00000000E+00   
0.00000000E+00   
0.00000000E+00   
0.00000000E+00   
0.00000000E+00   
0.00000000E+00   
0.00000000E+00   
0.00000000E+00   
0.00000000E+00   
0.00000000E+00   
0.00000000E+00   
0.00000000E+00   
0.00000000E+00   
0.00000000E+00   
0.00000000E+00   
0.00000000E+00   
0.00000000E+00   
0.00000000E+00   
0.00000000E+00   
0.00000000E+00   
0.00000000E+00   
0.00000000E+00   
0.00000000E+00   
0.00000000E+00   
0.00000000E+00   
0.00000000E+00   
0.00000000E+00   
0.00000000E+00   
0.00000000E+00   
0.00000000E+00   
0.00000000E+00   
0.00000000E+00   
0.00000000E+00   
0.00000000E+00   
0.00000000E+00   
0.00000000E+00   
0.00000000E+00   
0.00000000E+00   
0.00000000E+00   
0.00000000E+00   
0.00000000E+00   
0.00000000E+00   
0.00000000E+00   
0.00000000E+00   
0.00000000E+00   
0.00000000E+00   
0.00000000E+00   
0.00000000E+00   
0.00000000E+00   
0.00000000E+00   
0.00000000E+00   
0.00000000E+00   
0.00000000E+00   
0.00000000E+00   
0.00000000E+00   
0.00000000E+00   
0.00000000E+00   
0.00000000E+00   
0.00000000E+00   
0.00000000E+00   
0.00000000E+00   
0.00000000E+00   
0.00000000E+00   
0.00000000E+00   
0.00000000E+00   
0.00000000E+00   
0.00000000E+00   
0.00000000E+00   
0.00000000E+00   
0.00000000E+00   
0.00000000E+00   
0.00000000E+00   
0.00000000E+00   
0.00000000E+00   
0.00000000E+00   
0.00000000E+00   
0.00000000E+00   
0.00000000E+00   
0.00000000E+00   
0.00000000E+00   
0.00000000E+00   
0.00000000E+00   
0.00000000E+00   
0.00000000E+00   
0.00000000E+00   
0.00000000E+00   
0.00000000E+00   
0.00000000E+00   
0.00000000E+00   
0.00000000E+00   
0.00000000E+00   
0.00000000E+00   
0.00000000E+00   
0.00000000E+00   
0.00000000E+00   
0.00000000E+00   
0.00000000E+00   
0.00000000E+00   
0.00000000E+00   
0.00000000E+00   
0.00000000E+00   
0.00000000E+00   
0.00000000E+00   
0.00000000E+00   
0.00000000E+00   
0.00000000E+00   
0.00000000E+00   
0.00000000E+00   
0.00000000E+00   
0.00000000E+00   
0.00000000E+00   
0.00000000E+00   
0.00000000E+00   
0.00000000E+00   
0.00000000E+00   
0.00000000E+00   
0.00000000E+00   
0.00000000E+00   
0.00000000E+00   
0.00000000E+00   
0.00000000E+00   
0.00000000E+00   
0.00000000E+00   
0.00000000E+00   
0.00000000E+00   
0.00000000E+00   
0.00000000E+00   
0.00000000E+00   
0.00000000E+00   
0.00000000E+00   
0.00000000E+00   
0.00000000E+00   
0.00000000E+00   
0.00000000E+00   
0.00000000E+00   
0.00000000E+00   
0.00000000E+00   
0.00000000E+00   
0.00000000E+00   
0.00000000E+00   
0.00000000E+00   
0.00000000E+00   
0.00000000E+00   
0.00000000E+00   
0.00000000E+00   
0.00000000E+00   
0.00000000E+00   
0.00000000E+00   
0.00000000E+00   
0.00000000E+00   
0.00000000E+00   
0.00000000E+00   
0.00000000E+00   
0.00000000E+00   
0.00000000E+00   
0.00000000E+00   
0.00000000E+00   
0.00000000E+00   
0.00000000E+00   
0.00000000E+00   
0.00000000E+00   
0.00000000E+00   
0.00000000E+00   
0.00000000E+00   
0.00000000E+00   
0.00000000E+00   
0.00000000E+00   
0.00000000E+00   
0.00000000E+00   
0.00000000E+00   
0.00000000E+00   
0.00000000E+00   
0.00000000E+00   
0.00000000E+00   
0.00000000E+00   
0.00000000E+00   
0.00000000E+00   
0.00000000E+00   
0.00000000E+00   
0.00000000E+00   
0.00000000E+00   
0.00000000E+00   
0.00000000E+00   
0.00000000E+00   
0.00000000E+00   
0.00000000E+00   
0.00000000E+00   
0.00000000E+00   
0.00000000E+00   
0.00000000E+00   
0.00000000E+00   
0.00000000E+00   
0.00000000E+00   
0.00000000E+00   
0.00000000E+00   
0.00000000E+00   
0.00000000E+00   
0.00000000E+00   
0.00000000E+00   
0.00000000E+00   
0.00000000E+00   
0.00000000E+00   
0.00000000E+00   
0.00000000E+00   
0.00000000E+00   
0.00000000E+00   
0.00000000E+00   
0.00000000E+00   
0.00000000E+00   
0.00000000E+00   
0.00000000E+00   
0.00000000E+00   
0.00000000E+00   
0.00000000E+00   
0.00000000E+00   
0.00000000E+00   
0.00000000E+00   
0.00000000E+00   
0.00000000E+00   
0.00000000E+00   
0.00000000E+00   
0.00000000E+00   
0.00000000E+00   
0.00000000E+00   
0.00000000E+00   
0.00000000E+00   
0.00000000E+00   
0.00000000E+00   
0.00000000E+00   
0.00000000E+00   
0.00000000E+00   
0.00000000E+00   
0.00000000E+00   
0.00000000E+00   
0.00000000E+00   
0.00000000E+00   
0.00000000E+00   
0.00000000E+00   
0.00000000E+00   
0.00000000E+00   
0.00000000E+00   
0.00000000E+00   
0.00000000E+00   
0.00000000E+00   
0.00000000E+00   
0.00000000E+00   
0.00000000E+00   
0.00000000E+00   
0.00000000E+00   
0.00000000E+00   
0.00000000E+00   
0.00000000E+00   
0.00000000E+00   
0.00000000E+00   
0.00000000E+00   
0.00000000E+00   
0.00000000E+00   
0.00000000E+00   
0.00000000E+00   
0.00000000E+00   
0.00000000E+00   
0.00000000E+00   
0.00000000E+00   
0.00000000E+00   
0.00000000E+00   
0.00000000E+00   
0.00000000E+00   
0.00000000E+00   
0.00000000E+00   
0.00000000E+00   
0.00000000E+00   
0.00000000E+00   
0.00000000E+00   
0.00000000E+00   
0.00000000E+00   
0.00000000E+00   
0.00000000E+00   
0.00000000E+00   
0.00000000E+00   
0.00000000E+00   
0.00000000E+00   
0.00000000E+00   
0.00000000E+00   
0.00000000E+00   
0.00000000E+00   
0.00000000E+00   
0.00000000E+00   
0.00000000E+00   
0.00000000E+00   
0.00000000E+00   
0.00000000E+00   
0.00000000E+00   
0.00000000E+00   
0.00000000E+00   
0.00000000E+00   
0.00000000E+00   
0.00000000E+00   
0.00000000E+00   
0.00000000E+00   
0.00000000E+00   
0.00000000E+00   
0.00000000E+00   
0.00000000E+00   
0.00000000E+00   
0.00000000E+00   
0.00000000E+00   
0.00000000E+00   
0.00000000E+00   
0.00000000E+00   
0.00000000E+00   
0.00000000E+00   
0.00000000E+00   
0.00000000E+00   
0.00000000E+00   
0.00000000E+00   
0.00000000E+00   
0.00000000E+00   
0.00000000E+00   
0.00000000E+00   
0.00000000E+00   
0.00000000E+00   
0.00000000E+00   
0.00000000E+00   
0.00000000E+00   
0.00000000E+00   
0.00000000E+00   
0.00000000E+00   
0.00000000E+00   
0.00000000E+00   
0.00000000E+00   
0.00000000E+00   
0.00000000E+00   
0.00000000E+00   
0.00000000E+00   
0.00000000E+00   
0.00000000E+00   
0.00000000E+00   
0.00000000E+00   
0.00000000E+00   
0.00000000E+00   
0.00000000E+00   
0.00000000E+00   
0.00000000E+00   
0.00000000E+00   
0.00000000E+00   
0.00000000E+00   
0.00000000E+00   
0.00000000E+00   
0.00000000E+00   
0.00000000E+00   
0.00000000E+00   
0.00000000E+00   
0.00000000E+00   
0.00000000E+00   
0.00000000E+00   
0.00000000E+00   
0.00000000E+00   
0.00000000E+00   
0.00000000E+00   
0.00000000E+00   
0.00000000E+00   
0.00000000E+00   
0.00000000E+00   
0.00000000E+00   
0.00000000E+00   
0.00000000E+00   
0.00000000E+00   
0.00000000E+00   
0.00000000E+00   
!IDEND=

