!FILE=Disk 
!KIND=Spectrum 
!LABORATORY=Oslo Cyclotron Laboratory (OCL) 
!EXPERIMENT= oslo_method_python 
!COMMENT=Made by OMpy 
!TIME=DATE:08-Sep-20 09:56:51   
!CALIBRATION EkeV=6, 0.000000E+00, 2.000400E+00, 0.000000E+00 
!PRECISION=16 
!DIMENSION=1,0:4999 
!CHANNEL=(0:4999) 
1.17018804E+02   
2.21561012E+02   
2.31526205E+02   
2.45067614E+02   
2.68103621E+02   
2.91537407E+02   
2.99674235E+02   
3.21967193E+02   
3.11122024E+02   
3.41075615E+02   
3.40127626E+02   
3.64615823E+02   
3.35472995E+02   
3.55069614E+02   
4.03795859E+02   
4.27973595E+02   
4.47355271E+02   
4.51982797E+02   
4.41743849E+02   
5.01362072E+02   
4.84339768E+02   
4.86406881E+02   
5.46620624E+02   
5.40942789E+02   
5.67712543E+02   
6.39129626E+02   
6.58513003E+02   
7.44494399E+02   
8.12919084E+02   
8.48984697E+02   
8.56518204E+02   
8.80222044E+02   
9.84960492E+02   
1.05229736E+03   
1.06165903E+03   
1.09545199E+03   
1.12448330E+03   
1.16195759E+03   
1.17896809E+03   
1.26303161E+03   
1.30141388E+03   
1.35497720E+03   
1.34233687E+03   
1.35151410E+03   
1.34224045E+03   
1.46333957E+03   
1.38739928E+03   
1.42493619E+03   
1.46987678E+03   
1.44122054E+03   
1.44368734E+03   
1.48263603E+03   
1.52824875E+03   
1.54565853E+03   
1.54645029E+03   
1.53352851E+03   
1.54800850E+03   
1.59350350E+03   
1.59198960E+03   
1.55507361E+03   
1.53984017E+03   
1.58823385E+03   
1.50582366E+03   
1.49902701E+03   
1.56114913E+03   
1.52972394E+03   
1.50278706E+03   
1.59206471E+03   
1.55788678E+03   
1.57009642E+03   
1.53477205E+03   
1.48677225E+03   
1.55182947E+03   
1.50053621E+03   
1.52318474E+03   
1.53187958E+03   
1.48427656E+03   
1.56177055E+03   
1.57497910E+03   
1.54041568E+03   
1.47736447E+03   
1.53075735E+03   
1.44598130E+03   
1.47416503E+03   
1.47067704E+03   
1.46792358E+03   
1.51053951E+03   
1.50659192E+03   
1.49409412E+03   
1.50744209E+03   
1.47928666E+03   
1.51206871E+03   
1.41952711E+03   
1.47770714E+03   
1.41726615E+03   
1.42011632E+03   
1.45627796E+03   
1.39334507E+03   
1.39719284E+03   
1.41440298E+03   
1.36872434E+03   
1.40627916E+03   
1.33910282E+03   
1.35633567E+03   
1.42369654E+03   
1.26046159E+03   
1.30851330E+03   
1.32171704E+03   
1.27393489E+03   
1.24467493E+03   
1.22841448E+03   
1.27283587E+03   
1.24927766E+03   
1.20842058E+03   
1.28052230E+03   
1.24043369E+03   
1.23687758E+03   
1.23456351E+03   
1.32965923E+03   
1.36668244E+03   
1.43170644E+03   
1.38156901E+03   
1.41345829E+03   
1.46246349E+03   
1.37211132E+03   
1.34647810E+03   
1.35262703E+03   
1.37819634E+03   
1.31233987E+03   
1.31460512E+03   
1.33107562E+03   
1.27822515E+03   
1.32158772E+03   
1.36304891E+03   
1.30980626E+03   
1.28867443E+03   
1.22541138E+03   
1.25277295E+03   
1.24948120E+03   
1.22425455E+03   
1.21256171E+03   
1.18743399E+03   
1.20074845E+03   
1.12840878E+03   
1.16923735E+03   
1.13372174E+03   
1.12052150E+03   
1.12092819E+03   
1.09879896E+03   
1.05633017E+03   
1.10341968E+03   
1.09482016E+03   
1.00399630E+03   
9.94720244E+02   
1.02583597E+03   
1.03127355E+03   
1.03051100E+03   
9.81619224E+02   
9.38877475E+02   
9.57837868E+02   
9.43562112E+02   
9.03226945E+02   
9.67512202E+02   
9.34055711E+02   
8.96238348E+02   
8.83104921E+02   
8.94237447E+02   
8.88837768E+02   
8.46681236E+02   
8.65065713E+02   
8.67490298E+02   
8.58266253E+02   
8.08191738E+02   
7.94687237E+02   
7.87305761E+02   
7.55310262E+02   
7.76419084E+02   
7.41308862E+02   
7.59716143E+02   
7.68855371E+02   
7.33879476E+02   
7.36418784E+02   
7.28675035E+02   
7.55687337E+02   
7.78029506E+02   
7.24838468E+02   
7.24098720E+02   
6.73673835E+02   
6.59703841E+02   
6.70977195E+02   
6.68499900E+02   
6.73631226E+02   
6.37675935E+02   
6.20508302E+02   
6.73924085E+02   
6.33433687E+02   
6.40531206E+02   
6.43397580E+02   
6.23073815E+02   
6.11646729E+02   
6.02481496E+02   
5.98572014E+02   
5.99762953E+02   
5.74025105E+02   
5.95865473E+02   
6.01045709E+02   
5.81535807E+02   
6.01704841E+02   
5.71614123E+02   
5.70688238E+02   
5.85138628E+02   
5.72613523E+02   
5.88683637E+02   
5.51114423E+02   
5.48356971E+02   
5.67527005E+02   
5.37660032E+02   
5.46716143E+02   
5.49200040E+02   
5.54875075E+02   
5.23701940E+02   
4.89035907E+02   
5.54765353E+02   
5.12980896E+02   
5.54283657E+02   
5.11153731E+02   
5.09109222E+02   
4.79777255E+02   
5.17916383E+02   
4.87180236E+02   
4.92754351E+02   
5.12768054E+02   
4.90098020E+02   
4.70944089E+02   
4.64095219E+02   
4.85964593E+02   
4.65847369E+02   
4.90969094E+02   
4.73363173E+02   
4.44053111E+02   
4.65143729E+02   
4.51426885E+02   
4.59411682E+02   
4.32741848E+02   
4.10465593E+02   
4.34713743E+02   
4.31470794E+02   
4.04883877E+02   
4.35494399E+02   
4.09883077E+02   
4.45286357E+02   
4.28474595E+02   
4.25902681E+02   
3.91163253E+02   
3.78475695E+02   
3.78475695E+02   
3.78475695E+02   
3.78475695E+02   
3.54218184E+02   
3.38589518E+02   
3.19300160E+02   
3.08289158E+02   
3.06714843E+02   
3.13220644E+02   
3.07849170E+02   
3.03666233E+02   
2.85814063E+02   
2.93485697E+02   
3.03947890E+02   
2.65406281E+02   
2.69823465E+02   
3.02364373E+02   
3.02581116E+02   
2.95841568E+02   
2.63302460E+02   
2.59494099E+02   
2.91054811E+02   
2.95498900E+02   
2.92113523E+02   
3.08893879E+02   
2.89284057E+02   
2.80456491E+02   
2.71016903E+02   
2.75480996E+02   
2.59348170E+02   
2.76156831E+02   
2.67849770E+02   
2.69808562E+02   
2.93903381E+02   
2.55358672E+02   
2.49132326E+02   
2.78986197E+02   
2.39332967E+02   
2.47491998E+02   
2.25841268E+02   
2.74795859E+02   
2.45972995E+02   
2.57808262E+02   
2.81770954E+02   
2.64040508E+02   
2.32365273E+02   
2.39523405E+02   
2.63562212E+02   
2.55121324E+02   
2.53535307E+02   
2.57094019E+02   
2.36911082E+02   
2.36421384E+02   
2.50876475E+02   
2.42321264E+02   
2.39055411E+02   
2.23793759E+02   
2.52798560E+02   
2.48669434E+02   
2.25167333E+02   
2.29800960E+02   
2.17059012E+02   
2.46643829E+02   
2.38572314E+02   
1.96934987E+02   
2.17109422E+02   
2.20529006E+02   
2.16699340E+02   
2.21190738E+02   
2.13156131E+02   
2.40002601E+02   
2.17933087E+02   
2.07459592E+02   
2.13150930E+02   
2.34994099E+02   
2.21610522E+02   
2.42486297E+02   
2.22488798E+02   
2.28074315E+02   
2.40286557E+02   
2.23538608E+02   
2.19315263E+02   
2.14156431E+02   
2.23853771E+02   
2.03592819E+02   
1.92859672E+02   
2.15131826E+02   
2.33501200E+02   
1.97495099E+02   
2.09854071E+02   
2.25382476E+02   
2.02254451E+02   
2.21818364E+02   
1.89103821E+02   
2.10206241E+02   
1.97920984E+02   
1.96680236E+02   
1.94142529E+02   
2.16993199E+02   
2.08835267E+02   
1.93684637E+02   
2.08613323E+02   
1.85540808E+02   
2.06253151E+02   
1.94695439E+02   
1.96072915E+02   
1.77833267E+02   
1.99000700E+02   
2.05623725E+02   
1.89876975E+02   
2.10210242E+02   
1.93284057E+02   
1.85215543E+02   
2.00746649E+02   
1.66084617E+02   
1.74274355E+02   
1.68386577E+02   
1.87823165E+02   
1.73803861E+02   
1.78325865E+02   
1.82437487E+02   
1.59578616E+02   
1.72286757E+02   
1.74805061E+02   
2.01950590E+02   
1.86692939E+02   
1.84948990E+02   
1.99770454E+02   
1.67993899E+02   
2.02919284E+02   
1.86384177E+02   
1.67383377E+02   
1.73177235E+02   
1.65519704E+02   
1.79071714E+02   
1.78100620E+02   
1.90258552E+02   
1.68986097E+02   
1.58630426E+02   
1.62583017E+02   
1.91960492E+02   
1.53819164E+02   
1.60398280E+02   
1.75692238E+02   
1.71332366E+02   
1.49073815E+02   
1.67693439E+02   
1.74304561E+02   
1.74699040E+02   
1.76405181E+02   
1.62777255E+02   
1.56979996E+02   
1.78381076E+02   
1.75358472E+02   
1.77645229E+02   
1.85390378E+02   
1.84378676E+02   
1.64045409E+02   
1.74014703E+02   
1.77720044E+02   
1.63701240E+02   
1.58030306E+02   
1.70705241E+02   
1.72688238E+02   
1.77379676E+02   
1.74722645E+02   
1.54650430E+02   
1.58381476E+02   
1.76362973E+02   
1.38955991E+02   
1.25405681E+02   
1.62075615E+02   
1.64006601E+02   
1.67087618E+02   
1.57988698E+02   
1.64820764E+02   
1.56915083E+02   
1.56339868E+02   
1.74764753E+02   
1.55665233E+02   
1.58032406E+02   
1.56381676E+02   
1.62708242E+02   
1.56358172E+02   
1.36516503E+02   
1.28787558E+02   
1.44646029E+02   
1.60536807E+02   
1.72969394E+02   
1.53642428E+02   
1.58099020E+02   
1.68996099E+02   
1.46709842E+02   
1.52825565E+02   
1.62596519E+02   
1.35032006E+02   
1.57225645E+02   
1.49346969E+02   
1.55249150E+02   
1.51987698E+02   
1.59257151E+02   
1.45933787E+02   
1.53004901E+02   
1.35517003E+02   
1.56030406E+02   
1.38188038E+02   
1.30872775E+02   
1.40699740E+02   
1.35619324E+02   
1.52086317E+02   
1.54540108E+02   
1.35026805E+02   
1.25400880E+02   
1.26090918E+02   
1.27461592E+02   
1.27842068E+02   
1.48536307E+02   
1.51030406E+02   
1.36583217E+02   
1.39547109E+02   
1.46102320E+02   
1.59888978E+02   
1.35884177E+02   
1.47868074E+02   
1.47955291E+02   
1.44029606E+02   
1.37259052E+02   
1.48255851E+02   
1.50267353E+02   
1.50560812E+02   
1.34110722E+02   
1.61311262E+02   
1.43271954E+02   
1.54504401E+02   
1.45900080E+02   
1.39728246E+02   
1.39189538E+02   
1.20358172E+02   
1.42457191E+02   
1.68448490E+02   
1.39726245E+02   
1.38439288E+02   
1.56908882E+02   
1.34840968E+02   
1.47123525E+02   
1.49330566E+02   
1.41227846E+02   
1.39028806E+02   
1.42327365E+02   
1.39537608E+02   
1.45412482E+02   
1.40324565E+02   
1.50166333E+02   
1.48997600E+02   
1.44435687E+02   
1.44958492E+02   
1.38689838E+02   
1.46783457E+02   
1.28512703E+02   
1.46728746E+02   
1.34674635E+02   
1.21547510E+02   
1.42456191E+02   
1.43125825E+02   
1.20485197E+02   
1.11855371E+02   
1.32819064E+02   
1.45082116E+02   
1.41974695E+02   
1.39608722E+02   
1.36635427E+02   
1.34445289E+02   
1.49401480E+02   
1.52916783E+02   
1.36874575E+02   
1.33179836E+02   
1.29463993E+02   
1.25746949E+02   
1.42730346E+02   
1.20884477E+02   
1.35882076E+02   
1.35599320E+02   
1.23168234E+02   
1.31026805E+02   
1.22879276E+02   
1.42323065E+02   
1.50627726E+02   
1.24711242E+02   
1.37027606E+02   
1.35334667E+02   
1.07200940E+02   
1.43798060E+02   
1.40124325E+02   
1.50960592E+02   
1.33268454E+02   
1.17982296E+02   
1.32948290E+02   
1.43467694E+02   
1.37254851E+02   
1.63513003E+02   
1.27977896E+02   
1.24082517E+02   
1.52980296E+02   
1.56265653E+02   
1.34939088E+02   
1.34300960E+02   
1.31720544E+02   
1.36428886E+02   
1.29257552E+02   
1.50854071E+02   
1.41672935E+02   
1.48121424E+02   
1.29115723E+02   
1.21390078E+02   
1.26117724E+02   
1.33036307E+02   
1.44673235E+02   
1.52909182E+02   
1.40589818E+02   
1.35568714E+02   
1.45757852E+02   
1.32182837E+02   
1.28604221E+02   
1.18862372E+02   
1.21021204E+02   
1.34808162E+02   
1.51956591E+02   
1.51828466E+02   
1.38693639E+02   
1.29560712E+02   
1.29887878E+02   
1.14147630E+02   
1.40662733E+02   
1.30941288E+02   
1.37970194E+02   
1.33083417E+02   
1.37343569E+02   
1.36076615E+02   
1.19135127E+02   
1.39765453E+02   
1.25336767E+02   
1.22071414E+02   
1.30980596E+02   
1.37504901E+02   
1.39685437E+02   
1.42848670E+02   
1.39583717E+02   
1.24096819E+02   
1.15539108E+02   
1.29214143E+02   
1.12797259E+02   
1.12824265E+02   
1.30908782E+02   
1.38539508E+02   
1.43001000E+02   
1.28446689E+02   
1.35373775E+02   
1.33261152E+02   
1.42263553E+02   
1.46028406E+02   
1.46282156E+02   
1.39308162E+02   
1.29277355E+02   
1.31013803E+02   
1.19060012E+02   
1.44725445E+02   
1.24558912E+02   
1.14754251E+02   
1.40266753E+02   
1.56037808E+02   
1.56776055E+02   
1.32526905E+02   
1.31545309E+02   
1.37761852E+02   
1.29779456E+02   
1.40523505E+02   
1.40285157E+02   
1.28004001E+02   
1.22504501E+02   
1.42822865E+02   
1.31976995E+02   
1.40852270E+02   
1.09439088E+02   
1.25821864E+02   
1.30538108E+02   
1.34052210E+02   
1.44002200E+02   
1.35970794E+02   
1.54113423E+02   
1.54123025E+02   
1.31319064E+02   
1.32678936E+02   
1.41403681E+02   
1.28454391E+02   
1.43992999E+02   
1.41709042E+02   
1.28900180E+02   
1.47049510E+02   
1.32418684E+02   
1.34886977E+02   
1.24548910E+02   
1.54464993E+02   
1.42215943E+02   
1.33211942E+02   
1.39735647E+02   
1.40725545E+02   
1.41737648E+02   
1.28139028E+02   
1.14501800E+02   
1.19728446E+02   
1.24492298E+02   
1.22390578E+02   
1.24958592E+02   
1.24490298E+02   
1.03649430E+02   
1.29850170E+02   
1.45491498E+02   
1.29106521E+02   
1.15024405E+02   
1.17413383E+02   
1.42175935E+02   
1.24713243E+02   
1.13024005E+02   
1.30510002E+02   
1.37853571E+02   
1.37936187E+02   
1.35114223E+02   
1.34578516E+02   
1.25924985E+02   
1.22476695E+02   
1.08506801E+02   
1.18639028E+02   
1.45475095E+02   
1.24105321E+02   
1.34702040E+02   
1.33475895E+02   
1.27920984E+02   
1.21694839E+02   
1.20689538E+02   
1.24137227E+02   
1.26804161E+02   
1.27903081E+02   
1.22473795E+02   
1.05023205E+02   
1.07582917E+02   
1.37046309E+02   
1.19975795E+02   
1.22830966E+02   
1.39150230E+02   
1.27371574E+02   
1.20857872E+02   
1.24500600E+02   
1.32373975E+02   
1.30892178E+02   
1.30808262E+02   
1.45572915E+02   
1.28261352E+02   
1.37950490E+02   
1.20812663E+02   
1.26884177E+02   
1.10590918E+02   
1.26967694E+02   
1.34454691E+02   
1.29602921E+02   
1.49483097E+02   
1.19962392E+02   
1.32274955E+02   
1.49394779E+02   
1.32133927E+02   
1.34974395E+02   
1.44026805E+02   
1.09910882E+02   
1.33978496E+02   
1.38356871E+02   
1.27109822E+02   
1.41193439E+02   
1.30611322E+02   
1.36405981E+02   
1.40473795E+02   
1.37437487E+02   
1.27612923E+02   
1.53945089E+02   
1.53260852E+02   
1.15096919E+02   
1.16451790E+02   
1.34167634E+02   
1.41382176E+02   
1.38480796E+02   
1.34213843E+02   
1.37834167E+02   
1.34997900E+02   
1.39030006E+02   
1.55030006E+02   
1.29238648E+02   
1.28421784E+02   
1.40626725E+02   
1.52234847E+02   
1.36224845E+02   
1.10808362E+02   
1.42871574E+02   
1.41592919E+02   
1.36013103E+02   
1.19190738E+02   
1.39696139E+02   
1.24597920E+02   
1.27221344E+02   
1.42509102E+02   
1.42591918E+02   
1.45722044E+02   
1.53394979E+02   
1.45939288E+02   
1.26287157E+02   
1.50715543E+02   
1.46501300E+02   
1.27989098E+02   
1.40176835E+02   
1.36258652E+02   
1.34789358E+02   
1.41737548E+02   
1.19789358E+02   
1.38268254E+02   
1.32650130E+02   
1.35674735E+02   
1.31892779E+02   
1.52204341E+02   
1.42656931E+02   
1.43655931E+02   
1.45092919E+02   
1.55656531E+02   
1.56333367E+02   
1.35327766E+02   
1.36800760E+02   
1.33063913E+02   
1.24102521E+02   
1.33922384E+02   
1.31294659E+02   
1.51747850E+02   
1.48229246E+02   
1.33854571E+02   
1.49296659E+02   
1.31845969E+02   
1.31476995E+02   
1.44043409E+02   
1.28462993E+02   
1.44124525E+02   
1.33925885E+02   
1.42335167E+02   
1.45925885E+02   
1.26350170E+02   
1.34639428E+02   
1.32697640E+02   
1.50961592E+02   
1.39912683E+02   
1.50848370E+02   
1.39322965E+02   
1.30555211E+02   
1.26078816E+02   
1.26199340E+02   
1.43929586E+02   
1.44377075E+02   
1.18112823E+02   
1.32596519E+02   
1.39412282E+02   
1.51092519E+02   
1.48065213E+02   
1.59716943E+02   
1.35741748E+02   
1.42802260E+02   
1.42518004E+02   
1.31711342E+02   
1.27368674E+02   
1.33383077E+02   
1.59842669E+02   
1.35713343E+02   
1.42687738E+02   
1.39676535E+02   
1.42707742E+02   
1.32858672E+02   
1.52690538E+02   
1.48027606E+02   
1.43856271E+02   
1.25198940E+02   
1.63069214E+02   
1.46960392E+02   
1.19053211E+02   
1.25700140E+02   
1.45335067E+02   
1.35558812E+02   
1.33791858E+02   
1.32752150E+02   
1.38321464E+02   
1.21540408E+02   
1.38416283E+02   
1.49190138E+02   
1.49029206E+02   
1.57591618E+02   
1.39785457E+02   
1.48756951E+02   
1.60458392E+02   
1.22767453E+02   
1.50604021E+02   
1.39869874E+02   
1.44987497E+02   
1.23537307E+02   
1.51903781E+02   
1.45747449E+02   
1.48010702E+02   
1.65739448E+02   
1.48267053E+02   
1.48411082E+02   
1.48645629E+02   
1.75732847E+02   
1.49403281E+02   
1.47640128E+02   
1.48572014E+02   
1.59119224E+02   
1.42755951E+02   
1.50458992E+02   
1.51031606E+02   
1.55181736E+02   
1.66132827E+02   
1.57630926E+02   
1.70244849E+02   
1.25195639E+02   
1.43988698E+02   
1.34767053E+02   
1.48816463E+02   
1.58648630E+02   
1.65123125E+02   
1.29417083E+02   
1.48398080E+02   
1.42900380E+02   
1.38881076E+02   
1.34725645E+02   
1.57876975E+02   
1.63176935E+02   
1.61462793E+02   
1.58460392E+02   
1.43317764E+02   
1.42316663E+02   
1.47881976E+02   
1.64485297E+02   
1.65895479E+02   
1.54566313E+02   
1.54188838E+02   
1.59010102E+02   
1.55775255E+02   
1.48283157E+02   
1.45198040E+02   
1.42617223E+02   
1.45547810E+02   
1.58852370E+02   
1.49519804E+02   
1.44893879E+02   
1.52533407E+02   
1.11292659E+02   
1.68860372E+02   
1.56111422E+02   
1.34970494E+02   
1.52026005E+02   
1.55956191E+02   
1.54295859E+02   
1.26958892E+02   
1.51579916E+02   
1.59093019E+02   
1.23194239E+02   
1.50972595E+02   
1.50586217E+02   
1.45161332E+02   
1.59599020E+02   
1.28759052E+02   
1.46379776E+02   
1.46254851E+02   
1.45159332E+02   
1.47799160E+02   
1.62517103E+02   
1.39048210E+02   
1.68853271E+02   
1.31705641E+02   
1.43006801E+02   
1.42288458E+02   
1.52776555E+02   
1.56528306E+02   
1.65531506E+02   
1.50900080E+02   
1.50780956E+02   
1.55056011E+02   
1.70527305E+02   
1.65646629E+02   
1.45375375E+02   
1.71201740E+02   
1.37338768E+02   
1.59212142E+02   
1.67755151E+02   
1.40110722E+02   
1.79835667E+02   
1.67545809E+02   
1.59388378E+02   
1.62793359E+02   
1.72913083E+02   
1.47562012E+02   
1.58383877E+02   
1.68979696E+02   
1.55919084E+02   
1.66081116E+02   
1.68759452E+02   
1.53881976E+02   
1.56800560E+02   
1.72573115E+02   
1.56005701E+02   
1.69946189E+02   
1.53259852E+02   
1.47709942E+02   
1.67567213E+02   
1.75259452E+02   
1.54922685E+02   
1.62368774E+02   
1.57477295E+02   
1.78816263E+02   
1.46688238E+02   
1.58274855E+02   
1.67113923E+02   
1.71702440E+02   
1.76425885E+02   
1.64445589E+02   
1.78388478E+02   
1.70788458E+02   
1.92285957E+02   
1.75611122E+02   
1.61463293E+02   
1.71728746E+02   
1.90450990E+02   
1.70826965E+02   
1.75187337E+02   
1.82616723E+02   
1.68138528E+02   
1.67241048E+02   
1.67519004E+02   
1.88625525E+02   
1.81649930E+02   
1.93119324E+02   
1.75963493E+02   
1.57526205E+02   
1.60530206E+02   
1.59735647E+02   
1.46029206E+02   
1.66935487E+02   
1.81955091E+02   
1.69912683E+02   
1.77052010E+02   
1.69353171E+02   
1.79429286E+02   
1.66910682E+02   
1.74359172E+02   
1.75037608E+02   
1.65622024E+02   
1.52073615E+02   
1.71417183E+02   
1.43927986E+02   
1.50406081E+02   
1.57153631E+02   
1.89025405E+02   
1.88837768E+02   
1.88837768E+02   
1.88837768E+02   
1.88837768E+02   
1.88837768E+02   
2.15892198E+02   
2.11861772E+02   
2.33872074E+02   
2.19304861E+02   
1.87936387E+02   
2.19238948E+02   
2.09370574E+02   
2.24803161E+02   
2.25726645E+02   
2.11484997E+02   
2.15654831E+02   
2.22081816E+02   
2.18038808E+02   
2.20753051E+02   
2.13703541E+02   
2.16197239E+02   
2.22501400E+02   
2.25786457E+02   
2.39695939E+02   
2.28051010E+02   
2.13543909E+02   
2.14539108E+02   
2.24056211E+02   
2.09209842E+02   
2.13184037E+02   
2.10230846E+02   
2.34721944E+02   
2.34244449E+02   
2.20803361E+02   
1.98833967E+02   
2.10774155E+02   
2.17299460E+02   
2.32318264E+02   
2.26190738E+02   
2.30591218E+02   
2.44662633E+02   
2.39972695E+02   
2.37973495E+02   
2.39277155E+02   
2.46672234E+02   
2.27676235E+02   
2.30990198E+02   
2.58375375E+02   
2.09783157E+02   
2.03481896E+02   
2.34289658E+02   
2.17499500E+02   
1.95473895E+02   
2.39170234E+02   
2.38839268E+02   
2.36759552E+02   
2.04245149E+02   
2.34987898E+02   
2.50487898E+02   
2.36424985E+02   
2.39914583E+02   
2.20806861E+02   
2.61435787E+02   
2.15406681E+02   
2.37640528E+02   
2.63113723E+02   
2.51383577E+02   
2.30246449E+02   
2.29837768E+02   
2.52672835E+02   
2.46182637E+02   
2.59471394E+02   
2.36914883E+02   
2.54725445E+02   
2.40539508E+02   
2.47168434E+02   
2.39492599E+02   
2.49362372E+02   
2.38975695E+02   
2.67633827E+02   
2.41540508E+02   
2.62928986E+02   
2.58351370E+02   
2.63511402E+02   
2.77222044E+02   
2.60529306E+02   
2.61113323E+02   
2.45867974E+02   
2.74529406E+02   
2.64364673E+02   
2.67967794E+02   
2.72033607E+02   
2.67394679E+02   
2.66612723E+02   
2.48051610E+02   
2.74941788E+02   
2.67052410E+02   
2.47080516E+02   
2.72520404E+02   
2.48982797E+02   
2.58308462E+02   
2.29210042E+02   
2.56472795E+02   
2.59998700E+02   
2.64204741E+02   
2.41202340E+02   
2.55139228E+02   
2.58707041E+02   
2.64851570E+02   
2.78509602E+02   
2.58349870E+02   
2.88762953E+02   
2.61585617E+02   
2.82861172E+02   
2.86100920E+02   
2.54240848E+02   
2.89028406E+02   
2.59936487E+02   
2.60098520E+02   
3.02007101E+02   
2.73648630E+02   
2.92189938E+02   
2.70584517E+02   
2.94045109E+02   
2.81536007E+02   
2.35741748E+02   
2.62708742E+02   
2.74178336E+02   
2.90842268E+02   
2.81433187E+02   
2.71181536E+02   
2.91571514E+02   
2.69984897E+02   
2.88298760E+02   
2.88296659E+02   
2.78408582E+02   
2.80361672E+02   
2.81404981E+02   
2.69397780E+02   
2.81390578E+02   
3.06165433E+02   
2.85316363E+02   
2.64563513E+02   
2.88731046E+02   
3.05420484E+02   
2.76761352E+02   
2.82675635E+02   
2.84366573E+02   
2.88820064E+02   
2.70691638E+02   
2.89294359E+02   
2.92287958E+02   
2.78282356E+02   
2.88625525E+02   
2.79452791E+02   
2.93715243E+02   
2.83090118E+02   
2.90029106E+02   
3.04673435E+02   
2.77621624E+02   
2.84172835E+02   
2.87055611E+02   
3.00268654E+02   
2.82565513E+02   
2.75305361E+02   
3.01571714E+02   
2.89434287E+02   
2.83692138E+02   
2.71345969E+02   
3.19603321E+02   
2.63613923E+02   
2.78253251E+02   
2.77319164E+02   
2.85409582E+02   
2.61316763E+02   
2.65285057E+02   
2.80849470E+02   
2.66121924E+02   
2.40206341E+02   
2.77774655E+02   
2.65265853E+02   
2.71765753E+02   
2.68018204E+02   
2.98901580E+02   
2.78525705E+02   
2.72920484E+02   
2.47444189E+02   
2.61775655E+02   
2.62017804E+02   
2.80071314E+02   
2.74324065E+02   
2.65948190E+02   
2.57985197E+02   
3.15658632E+02   
2.61290758E+02   
2.82980696E+02   
2.67999200E+02   
2.86242148E+02   
2.97971394E+02   
2.77175735E+02   
2.80897580E+02   
2.70219744E+02   
2.65245649E+02   
2.35022204E+02   
2.73696039E+02   
3.06786257E+02   
2.72320864E+02   
2.93150130E+02   
2.69084717E+02   
2.96896279E+02   
3.07123525E+02   
2.85066913E+02   
2.61106621E+02   
3.02886177E+02   
2.99137427E+02   
2.85170834E+02   
3.03943489E+02   
3.01030306E+02   
2.52245249E+02   
3.00906881E+02   
2.87109822E+02   
3.08948790E+02   
2.93173035E+02   
2.79078216E+02   
2.60080016E+02   
2.52064913E+02   
2.79985897E+02   
2.72102521E+02   
2.81033007E+02   
2.95047510E+02   
2.89047009E+02   
3.05060012E+02   
3.07059312E+02   
3.15063413E+02   
3.09052410E+02   
2.47071514E+02   
3.02039908E+02   
2.83039308E+02   
2.86075815E+02   
2.73124325E+02   
3.10001700E+02   
2.85016403E+02   
2.74077015E+02   
2.84965693E+02   
2.68287357E+02   
3.01818064E+02   
2.68229946E+02   
2.86990798E+02   
2.82924485E+02   
2.62256151E+02   
3.10932987E+02   
2.75158632E+02   
2.99995999E+02   
2.86931486E+02   
2.74442458E+02   
3.40268054E+02   
3.40268054E+02   
3.40268054E+02   
3.40268054E+02   
3.40268054E+02   
3.71189148E+02   
3.61770454E+02   
4.10462392E+02   
3.64145829E+02   
3.82417383E+02   
4.20613523E+02   
3.76543409E+02   
4.17751150E+02   
3.88175335E+02   
4.18019204E+02   
3.61363373E+02   
4.08665433E+02   
4.10375375E+02   
3.90178636E+02   
4.03250250E+02   
4.11676735E+02   
4.01007602E+02   
4.00255051E+02   
3.99805461E+02   
3.65980496E+02   
4.05874375E+02   
4.16893779E+02   
4.28905681E+02   
4.07284257E+02   
4.20002400E+02   
4.30547910E+02   
4.24382777E+02   
4.08123025E+02   
4.29146929E+02   
4.05967694E+02   
4.09726145E+02   
4.33714343E+02   
4.24729446E+02   
4.49608722E+02   
4.30469194E+02   
4.07829966E+02   
4.43553211E+02   
4.22002701E+02   
4.28631626E+02   
4.27060912E+02   
4.26436687E+02   
4.23297660E+02   
4.09304061E+02   
4.29253851E+02   
4.32282657E+02   
4.11948390E+02   
4.41851170E+02   
4.25844769E+02   
4.10414283E+02   
4.59914183E+02   
4.39567213E+02   
4.32765953E+02   
4.03551010E+02   
4.27916883E+02   
4.10599720E+02   
4.34109122E+02   
4.59592619E+02   
4.26038608E+02   
4.79105521E+02   
4.42435887E+02   
4.57373675E+02   
4.57421384E+02   
4.45688038E+02   
3.97779256E+02   
4.51247349E+02   
4.36566713E+02   
4.64935687E+02   
4.37336967E+02   
4.54409682E+02   
4.54472695E+02   
4.46711342E+02   
4.70696939E+02   
4.58088018E+02   
4.76853871E+02   
4.57444289E+02   
4.54007001E+02   
4.60960092E+02   
4.41593919E+02   
4.97318964E+02   
4.95719244E+02   
5.06263953E+02   
5.06762753E+02   
5.07009902E+02   
5.16623225E+02   
5.46002701E+02   
5.31433787E+02   
5.31422985E+02   
5.24831766E+02   
5.27688038E+02   
5.02615023E+02   
4.93152731E+02   
5.18773455E+02   
5.12438588E+02   
5.01883777E+02   
5.00279556E+02   
5.22614523E+02   
5.05755051E+02   
5.17947289E+02   
5.09049110E+02   
4.79590118E+02   
4.63502100E+02   
4.82787357E+02   
4.92080316E+02   
5.14996999E+02   
4.95048110E+02   
5.09250650E+02   
4.57843169E+02   
5.02398780E+02   
5.02963393E+02   
5.14195039E+02   
5.44329266E+02   
5.26388778E+02   
5.11322464E+02   
4.95831666E+02   
4.96445089E+02   
5.27050110E+02   
4.83726545E+02   
4.93807662E+02   
5.08911582E+02   
4.90453091E+02   
5.22807662E+02   
5.11112923E+02   
5.41329166E+02   
4.91258452E+02   
4.99822264E+02   
4.47144429E+02   
4.66771354E+02   
4.88279356E+02   
5.03717944E+02   
5.13910682E+02   
4.84383777E+02   
4.47557411E+02   
4.53520804E+02   
4.50349670E+02   
4.25058612E+02   
4.08566713E+02   
3.75725945E+02   
3.28322364E+02   
3.56496699E+02   
2.83523705E+02   
2.97943989E+02   
3.72240448E+02   
3.24806261E+02   
2.98448790E+02   
3.03228146E+02   
3.25477195E+02   
2.74014903E+02   
2.84841868E+02   
2.70980096E+02   
2.71676435E+02   
2.70072414E+02   
2.51330866E+02   
2.62983297E+02   
2.60561012E+02   
2.49966893E+02   
2.49539808E+02   
2.54240148E+02   
2.28600920E+02   
2.16859472E+02   
2.24569414E+02   
2.39396679E+02   
2.08040408E+02   
2.02116323E+02   
1.93125025E+02   
1.89652430E+02   
1.73190738E+02   
1.89644729E+02   
1.66734047E+02   
1.85235147E+02   
1.47184637E+02   
1.60768554E+02   
1.66321164E+02   
1.64354971E+02   
1.37149230E+02   
1.55837568E+02   
1.60817664E+02   
1.37620824E+02   
1.23108322E+02   
1.42862172E+02   
1.26529706E+02   
1.37857371E+02   
1.39106321E+02   
1.08030206E+02   
1.31775055E+02   
1.33349070E+02   
1.30364073E+02   
1.18084517E+02   
1.14763053E+02   
1.11278556E+02   
1.06280956E+02   
1.15237948E+02   
1.14806061E+02   
1.05758252E+02   
1.10844169E+02   
9.37538508E+01   
1.04840568E+02   
9.93607722E+01   
1.17844169E+02   
1.06307161E+02   
9.02856571E+01   
9.61100220E+01   
8.12917584E+01   
9.20184037E+01   
8.07414483E+01   
8.37390478E+01   
8.16678336E+01   
8.21484297E+01   
6.64195839E+01   
8.26963393E+01   
7.25267053E+01   
8.82078416E+01   
7.65408082E+01   
6.83449690E+01   
6.52062412E+01   
7.86275255E+01   
6.98185637E+01   
6.45244049E+01   
5.65767153E+01   
6.80500100E+01   
4.66007201E+01   
5.35152030E+01   
4.64068814E+01   
5.91103221E+01   
5.17098420E+01   
4.82038408E+01   
4.66131226E+01   
3.90088018E+01   
4.44991998E+01   
4.03137628E+01   
3.95971194E+01   
3.40376075E+01   
4.05963193E+01   
4.67362472E+01   
5.03677736E+01   
6.47129426E+01   
3.86818364E+01   
1.05806561E+02   
3.47941588E+01   
2.85799160E+01   
1.98968794E+01   
1.74316863E+01   
1.91123225E+01   
2.48972795E+01   
1.97881576E+01   
1.76563313E+01   
2.74607922E+01   
1.95520104E+01   
2.06873375E+01   
1.05532106E+01   
1.57821564E+01   
1.12249950E+01   
9.00180036E+00   
9.00180036E+00   
9.00180036E+00   
9.00180036E+00   
8.49274855E+00   
0.00000000E+00   
0.00000000E+00   
0.00000000E+00   
0.00000000E+00   
0.00000000E+00   
0.00000000E+00   
0.00000000E+00   
0.00000000E+00   
0.00000000E+00   
0.00000000E+00   
0.00000000E+00   
0.00000000E+00   
0.00000000E+00   
0.00000000E+00   
0.00000000E+00   
2.00000000E+00   
0.00000000E+00   
0.00000000E+00   
0.00000000E+00   
0.00000000E+00   
0.00000000E+00   
0.00000000E+00   
0.00000000E+00   
1.00000000E+00   
0.00000000E+00   
0.00000000E+00   
0.00000000E+00   
0.00000000E+00   
0.00000000E+00   
0.00000000E+00   
0.00000000E+00   
0.00000000E+00   
0.00000000E+00   
0.00000000E+00   
0.00000000E+00   
0.00000000E+00   
0.00000000E+00   
0.00000000E+00   
0.00000000E+00   
0.00000000E+00   
0.00000000E+00   
0.00000000E+00   
0.00000000E+00   
0.00000000E+00   
0.00000000E+00   
0.00000000E+00   
0.00000000E+00   
0.00000000E+00   
0.00000000E+00   
0.00000000E+00   
0.00000000E+00   
0.00000000E+00   
0.00000000E+00   
0.00000000E+00   
0.00000000E+00   
0.00000000E+00   
0.00000000E+00   
0.00000000E+00   
0.00000000E+00   
0.00000000E+00   
0.00000000E+00   
0.00000000E+00   
0.00000000E+00   
0.00000000E+00   
0.00000000E+00   
0.00000000E+00   
0.00000000E+00   
0.00000000E+00   
0.00000000E+00   
0.00000000E+00   
0.00000000E+00   
0.00000000E+00   
0.00000000E+00   
0.00000000E+00   
0.00000000E+00   
0.00000000E+00   
0.00000000E+00   
0.00000000E+00   
0.00000000E+00   
0.00000000E+00   
0.00000000E+00   
0.00000000E+00   
1.46329266E-01   
8.53670734E-01   
0.00000000E+00   
0.00000000E+00   
0.00000000E+00   
0.00000000E+00   
0.00000000E+00   
0.00000000E+00   
0.00000000E+00   
0.00000000E+00   
0.00000000E+00   
0.00000000E+00   
0.00000000E+00   
0.00000000E+00   
0.00000000E+00   
0.00000000E+00   
0.00000000E+00   
0.00000000E+00   
0.00000000E+00   
0.00000000E+00   
0.00000000E+00   
0.00000000E+00   
0.00000000E+00   
0.00000000E+00   
0.00000000E+00   
0.00000000E+00   
0.00000000E+00   
0.00000000E+00   
0.00000000E+00   
0.00000000E+00   
0.00000000E+00   
0.00000000E+00   
0.00000000E+00   
0.00000000E+00   
0.00000000E+00   
0.00000000E+00   
0.00000000E+00   
0.00000000E+00   
0.00000000E+00   
0.00000000E+00   
0.00000000E+00   
0.00000000E+00   
0.00000000E+00   
0.00000000E+00   
0.00000000E+00   
0.00000000E+00   
0.00000000E+00   
0.00000000E+00   
0.00000000E+00   
0.00000000E+00   
0.00000000E+00   
0.00000000E+00   
0.00000000E+00   
1.67533507E-01   
8.32466493E-01   
0.00000000E+00   
0.00000000E+00   
0.00000000E+00   
0.00000000E+00   
0.00000000E+00   
0.00000000E+00   
0.00000000E+00   
0.00000000E+00   
0.00000000E+00   
0.00000000E+00   
1.00000000E+00   
0.00000000E+00   
0.00000000E+00   
0.00000000E+00   
0.00000000E+00   
0.00000000E+00   
0.00000000E+00   
0.00000000E+00   
0.00000000E+00   
0.00000000E+00   
0.00000000E+00   
0.00000000E+00   
0.00000000E+00   
0.00000000E+00   
0.00000000E+00   
0.00000000E+00   
0.00000000E+00   
0.00000000E+00   
0.00000000E+00   
0.00000000E+00   
0.00000000E+00   
0.00000000E+00   
0.00000000E+00   
0.00000000E+00   
0.00000000E+00   
0.00000000E+00   
1.00000000E+00   
0.00000000E+00   
0.00000000E+00   
0.00000000E+00   
0.00000000E+00   
0.00000000E+00   
0.00000000E+00   
0.00000000E+00   
0.00000000E+00   
0.00000000E+00   
0.00000000E+00   
0.00000000E+00   
0.00000000E+00   
0.00000000E+00   
0.00000000E+00   
0.00000000E+00   
0.00000000E+00   
0.00000000E+00   
0.00000000E+00   
0.00000000E+00   
0.00000000E+00   
0.00000000E+00   
0.00000000E+00   
0.00000000E+00   
0.00000000E+00   
0.00000000E+00   
0.00000000E+00   
0.00000000E+00   
0.00000000E+00   
0.00000000E+00   
0.00000000E+00   
0.00000000E+00   
0.00000000E+00   
0.00000000E+00   
0.00000000E+00   
0.00000000E+00   
1.00000000E+00   
0.00000000E+00   
0.00000000E+00   
0.00000000E+00   
0.00000000E+00   
0.00000000E+00   
0.00000000E+00   
0.00000000E+00   
0.00000000E+00   
0.00000000E+00   
0.00000000E+00   
0.00000000E+00   
0.00000000E+00   
1.00000000E+00   
0.00000000E+00   
0.00000000E+00   
0.00000000E+00   
0.00000000E+00   
0.00000000E+00   
0.00000000E+00   
0.00000000E+00   
0.00000000E+00   
0.00000000E+00   
0.00000000E+00   
0.00000000E+00   
0.00000000E+00   
0.00000000E+00   
0.00000000E+00   
0.00000000E+00   
0.00000000E+00   
0.00000000E+00   
0.00000000E+00   
1.00000000E+00   
0.00000000E+00   
0.00000000E+00   
0.00000000E+00   
1.00000000E+00   
0.00000000E+00   
0.00000000E+00   
0.00000000E+00   
0.00000000E+00   
0.00000000E+00   
0.00000000E+00   
0.00000000E+00   
0.00000000E+00   
0.00000000E+00   
0.00000000E+00   
0.00000000E+00   
0.00000000E+00   
0.00000000E+00   
0.00000000E+00   
0.00000000E+00   
0.00000000E+00   
0.00000000E+00   
0.00000000E+00   
0.00000000E+00   
0.00000000E+00   
0.00000000E+00   
0.00000000E+00   
0.00000000E+00   
0.00000000E+00   
0.00000000E+00   
0.00000000E+00   
0.00000000E+00   
0.00000000E+00   
0.00000000E+00   
0.00000000E+00   
0.00000000E+00   
0.00000000E+00   
1.00000000E+00   
0.00000000E+00   
0.00000000E+00   
0.00000000E+00   
0.00000000E+00   
0.00000000E+00   
0.00000000E+00   
0.00000000E+00   
0.00000000E+00   
0.00000000E+00   
0.00000000E+00   
0.00000000E+00   
0.00000000E+00   
0.00000000E+00   
0.00000000E+00   
0.00000000E+00   
0.00000000E+00   
0.00000000E+00   
0.00000000E+00   
0.00000000E+00   
0.00000000E+00   
0.00000000E+00   
0.00000000E+00   
0.00000000E+00   
0.00000000E+00   
0.00000000E+00   
0.00000000E+00   
0.00000000E+00   
0.00000000E+00   
0.00000000E+00   
0.00000000E+00   
0.00000000E+00   
0.00000000E+00   
1.00000000E+00   
0.00000000E+00   
0.00000000E+00   
0.00000000E+00   
0.00000000E+00   
0.00000000E+00   
0.00000000E+00   
0.00000000E+00   
0.00000000E+00   
0.00000000E+00   
0.00000000E+00   
0.00000000E+00   
0.00000000E+00   
0.00000000E+00   
0.00000000E+00   
0.00000000E+00   
0.00000000E+00   
0.00000000E+00   
0.00000000E+00   
0.00000000E+00   
0.00000000E+00   
0.00000000E+00   
0.00000000E+00   
0.00000000E+00   
0.00000000E+00   
0.00000000E+00   
0.00000000E+00   
0.00000000E+00   
0.00000000E+00   
0.00000000E+00   
0.00000000E+00   
0.00000000E+00   
2.50750150E-01   
7.49249850E-01   
0.00000000E+00   
0.00000000E+00   
0.00000000E+00   
0.00000000E+00   
0.00000000E+00   
0.00000000E+00   
0.00000000E+00   
0.00000000E+00   
0.00000000E+00   
0.00000000E+00   
0.00000000E+00   
0.00000000E+00   
0.00000000E+00   
0.00000000E+00   
0.00000000E+00   
0.00000000E+00   
0.00000000E+00   
0.00000000E+00   
0.00000000E+00   
0.00000000E+00   
0.00000000E+00   
0.00000000E+00   
0.00000000E+00   
0.00000000E+00   
0.00000000E+00   
0.00000000E+00   
0.00000000E+00   
0.00000000E+00   
0.00000000E+00   
0.00000000E+00   
0.00000000E+00   
0.00000000E+00   
1.00000000E+00   
0.00000000E+00   
0.00000000E+00   
0.00000000E+00   
0.00000000E+00   
0.00000000E+00   
0.00000000E+00   
0.00000000E+00   
0.00000000E+00   
0.00000000E+00   
0.00000000E+00   
0.00000000E+00   
0.00000000E+00   
0.00000000E+00   
0.00000000E+00   
0.00000000E+00   
0.00000000E+00   
0.00000000E+00   
0.00000000E+00   
0.00000000E+00   
0.00000000E+00   
0.00000000E+00   
0.00000000E+00   
0.00000000E+00   
0.00000000E+00   
0.00000000E+00   
0.00000000E+00   
0.00000000E+00   
0.00000000E+00   
0.00000000E+00   
0.00000000E+00   
0.00000000E+00   
0.00000000E+00   
0.00000000E+00   
0.00000000E+00   
0.00000000E+00   
0.00000000E+00   
0.00000000E+00   
0.00000000E+00   
0.00000000E+00   
0.00000000E+00   
0.00000000E+00   
0.00000000E+00   
0.00000000E+00   
0.00000000E+00   
0.00000000E+00   
0.00000000E+00   
0.00000000E+00   
0.00000000E+00   
0.00000000E+00   
0.00000000E+00   
0.00000000E+00   
0.00000000E+00   
0.00000000E+00   
0.00000000E+00   
0.00000000E+00   
0.00000000E+00   
0.00000000E+00   
0.00000000E+00   
0.00000000E+00   
0.00000000E+00   
0.00000000E+00   
0.00000000E+00   
0.00000000E+00   
0.00000000E+00   
0.00000000E+00   
0.00000000E+00   
0.00000000E+00   
0.00000000E+00   
0.00000000E+00   
0.00000000E+00   
0.00000000E+00   
0.00000000E+00   
0.00000000E+00   
0.00000000E+00   
0.00000000E+00   
0.00000000E+00   
0.00000000E+00   
0.00000000E+00   
0.00000000E+00   
0.00000000E+00   
0.00000000E+00   
0.00000000E+00   
0.00000000E+00   
0.00000000E+00   
0.00000000E+00   
0.00000000E+00   
0.00000000E+00   
0.00000000E+00   
0.00000000E+00   
0.00000000E+00   
0.00000000E+00   
0.00000000E+00   
0.00000000E+00   
0.00000000E+00   
0.00000000E+00   
0.00000000E+00   
0.00000000E+00   
0.00000000E+00   
0.00000000E+00   
3.04360872E-01   
6.95639128E-01   
0.00000000E+00   
0.00000000E+00   
0.00000000E+00   
0.00000000E+00   
0.00000000E+00   
0.00000000E+00   
0.00000000E+00   
0.00000000E+00   
0.00000000E+00   
0.00000000E+00   
0.00000000E+00   
0.00000000E+00   
0.00000000E+00   
0.00000000E+00   
0.00000000E+00   
0.00000000E+00   
0.00000000E+00   
0.00000000E+00   
0.00000000E+00   
0.00000000E+00   
0.00000000E+00   
0.00000000E+00   
0.00000000E+00   
0.00000000E+00   
0.00000000E+00   
0.00000000E+00   
0.00000000E+00   
0.00000000E+00   
0.00000000E+00   
0.00000000E+00   
0.00000000E+00   
0.00000000E+00   
0.00000000E+00   
0.00000000E+00   
0.00000000E+00   
0.00000000E+00   
0.00000000E+00   
0.00000000E+00   
0.00000000E+00   
0.00000000E+00   
0.00000000E+00   
0.00000000E+00   
0.00000000E+00   
0.00000000E+00   
0.00000000E+00   
0.00000000E+00   
0.00000000E+00   
0.00000000E+00   
0.00000000E+00   
0.00000000E+00   
0.00000000E+00   
0.00000000E+00   
0.00000000E+00   
0.00000000E+00   
0.00000000E+00   
0.00000000E+00   
0.00000000E+00   
0.00000000E+00   
0.00000000E+00   
0.00000000E+00   
0.00000000E+00   
0.00000000E+00   
0.00000000E+00   
0.00000000E+00   
0.00000000E+00   
0.00000000E+00   
0.00000000E+00   
0.00000000E+00   
0.00000000E+00   
0.00000000E+00   
0.00000000E+00   
0.00000000E+00   
0.00000000E+00   
0.00000000E+00   
0.00000000E+00   
0.00000000E+00   
0.00000000E+00   
0.00000000E+00   
0.00000000E+00   
0.00000000E+00   
0.00000000E+00   
0.00000000E+00   
0.00000000E+00   
0.00000000E+00   
0.00000000E+00   
0.00000000E+00   
0.00000000E+00   
0.00000000E+00   
0.00000000E+00   
0.00000000E+00   
0.00000000E+00   
0.00000000E+00   
0.00000000E+00   
0.00000000E+00   
0.00000000E+00   
0.00000000E+00   
0.00000000E+00   
0.00000000E+00   
0.00000000E+00   
0.00000000E+00   
0.00000000E+00   
0.00000000E+00   
0.00000000E+00   
0.00000000E+00   
0.00000000E+00   
0.00000000E+00   
0.00000000E+00   
0.00000000E+00   
3.48369674E-01   
6.51630326E-01   
0.00000000E+00   
0.00000000E+00   
0.00000000E+00   
0.00000000E+00   
0.00000000E+00   
0.00000000E+00   
0.00000000E+00   
0.00000000E+00   
0.00000000E+00   
1.00000000E+00   
0.00000000E+00   
0.00000000E+00   
0.00000000E+00   
0.00000000E+00   
0.00000000E+00   
0.00000000E+00   
0.00000000E+00   
0.00000000E+00   
0.00000000E+00   
0.00000000E+00   
0.00000000E+00   
0.00000000E+00   
0.00000000E+00   
0.00000000E+00   
0.00000000E+00   
0.00000000E+00   
0.00000000E+00   
0.00000000E+00   
0.00000000E+00   
0.00000000E+00   
0.00000000E+00   
0.00000000E+00   
0.00000000E+00   
0.00000000E+00   
0.00000000E+00   
0.00000000E+00   
0.00000000E+00   
0.00000000E+00   
0.00000000E+00   
0.00000000E+00   
0.00000000E+00   
0.00000000E+00   
0.00000000E+00   
0.00000000E+00   
0.00000000E+00   
0.00000000E+00   
0.00000000E+00   
0.00000000E+00   
0.00000000E+00   
0.00000000E+00   
0.00000000E+00   
0.00000000E+00   
0.00000000E+00   
0.00000000E+00   
0.00000000E+00   
0.00000000E+00   
0.00000000E+00   
0.00000000E+00   
0.00000000E+00   
0.00000000E+00   
0.00000000E+00   
0.00000000E+00   
0.00000000E+00   
0.00000000E+00   
0.00000000E+00   
0.00000000E+00   
0.00000000E+00   
0.00000000E+00   
0.00000000E+00   
0.00000000E+00   
0.00000000E+00   
0.00000000E+00   
0.00000000E+00   
0.00000000E+00   
0.00000000E+00   
0.00000000E+00   
0.00000000E+00   
0.00000000E+00   
0.00000000E+00   
0.00000000E+00   
0.00000000E+00   
0.00000000E+00   
0.00000000E+00   
0.00000000E+00   
0.00000000E+00   
0.00000000E+00   
0.00000000E+00   
0.00000000E+00   
0.00000000E+00   
0.00000000E+00   
0.00000000E+00   
0.00000000E+00   
0.00000000E+00   
0.00000000E+00   
0.00000000E+00   
0.00000000E+00   
0.00000000E+00   
0.00000000E+00   
0.00000000E+00   
0.00000000E+00   
0.00000000E+00   
0.00000000E+00   
0.00000000E+00   
0.00000000E+00   
0.00000000E+00   
0.00000000E+00   
0.00000000E+00   
0.00000000E+00   
0.00000000E+00   
0.00000000E+00   
0.00000000E+00   
0.00000000E+00   
0.00000000E+00   
0.00000000E+00   
0.00000000E+00   
0.00000000E+00   
0.00000000E+00   
0.00000000E+00   
0.00000000E+00   
0.00000000E+00   
0.00000000E+00   
0.00000000E+00   
0.00000000E+00   
0.00000000E+00   
0.00000000E+00   
0.00000000E+00   
0.00000000E+00   
0.00000000E+00   
0.00000000E+00   
0.00000000E+00   
0.00000000E+00   
0.00000000E+00   
0.00000000E+00   
0.00000000E+00   
0.00000000E+00   
0.00000000E+00   
0.00000000E+00   
0.00000000E+00   
0.00000000E+00   
0.00000000E+00   
0.00000000E+00   
0.00000000E+00   
0.00000000E+00   
0.00000000E+00   
1.00000000E+00   
0.00000000E+00   
0.00000000E+00   
0.00000000E+00   
0.00000000E+00   
0.00000000E+00   
0.00000000E+00   
0.00000000E+00   
0.00000000E+00   
0.00000000E+00   
0.00000000E+00   
0.00000000E+00   
0.00000000E+00   
0.00000000E+00   
0.00000000E+00   
0.00000000E+00   
0.00000000E+00   
0.00000000E+00   
0.00000000E+00   
0.00000000E+00   
0.00000000E+00   
0.00000000E+00   
0.00000000E+00   
0.00000000E+00   
0.00000000E+00   
0.00000000E+00   
0.00000000E+00   
0.00000000E+00   
0.00000000E+00   
0.00000000E+00   
0.00000000E+00   
0.00000000E+00   
0.00000000E+00   
0.00000000E+00   
0.00000000E+00   
0.00000000E+00   
0.00000000E+00   
0.00000000E+00   
0.00000000E+00   
0.00000000E+00   
0.00000000E+00   
0.00000000E+00   
0.00000000E+00   
0.00000000E+00   
0.00000000E+00   
0.00000000E+00   
0.00000000E+00   
0.00000000E+00   
0.00000000E+00   
0.00000000E+00   
0.00000000E+00   
0.00000000E+00   
0.00000000E+00   
0.00000000E+00   
0.00000000E+00   
0.00000000E+00   
0.00000000E+00   
0.00000000E+00   
0.00000000E+00   
0.00000000E+00   
0.00000000E+00   
0.00000000E+00   
0.00000000E+00   
0.00000000E+00   
0.00000000E+00   
0.00000000E+00   
0.00000000E+00   
0.00000000E+00   
0.00000000E+00   
0.00000000E+00   
0.00000000E+00   
0.00000000E+00   
0.00000000E+00   
0.00000000E+00   
0.00000000E+00   
0.00000000E+00   
0.00000000E+00   
0.00000000E+00   
0.00000000E+00   
0.00000000E+00   
0.00000000E+00   
0.00000000E+00   
0.00000000E+00   
0.00000000E+00   
0.00000000E+00   
0.00000000E+00   
0.00000000E+00   
0.00000000E+00   
0.00000000E+00   
0.00000000E+00   
0.00000000E+00   
0.00000000E+00   
0.00000000E+00   
0.00000000E+00   
0.00000000E+00   
0.00000000E+00   
0.00000000E+00   
0.00000000E+00   
0.00000000E+00   
0.00000000E+00   
0.00000000E+00   
0.00000000E+00   
0.00000000E+00   
0.00000000E+00   
0.00000000E+00   
0.00000000E+00   
0.00000000E+00   
0.00000000E+00   
0.00000000E+00   
0.00000000E+00   
0.00000000E+00   
0.00000000E+00   
0.00000000E+00   
0.00000000E+00   
0.00000000E+00   
0.00000000E+00   
0.00000000E+00   
0.00000000E+00   
0.00000000E+00   
0.00000000E+00   
0.00000000E+00   
0.00000000E+00   
0.00000000E+00   
0.00000000E+00   
0.00000000E+00   
0.00000000E+00   
0.00000000E+00   
0.00000000E+00   
0.00000000E+00   
0.00000000E+00   
0.00000000E+00   
0.00000000E+00   
0.00000000E+00   
0.00000000E+00   
0.00000000E+00   
0.00000000E+00   
0.00000000E+00   
0.00000000E+00   
0.00000000E+00   
0.00000000E+00   
0.00000000E+00   
0.00000000E+00   
0.00000000E+00   
0.00000000E+00   
0.00000000E+00   
0.00000000E+00   
0.00000000E+00   
0.00000000E+00   
0.00000000E+00   
0.00000000E+00   
0.00000000E+00   
0.00000000E+00   
0.00000000E+00   
0.00000000E+00   
0.00000000E+00   
0.00000000E+00   
0.00000000E+00   
0.00000000E+00   
0.00000000E+00   
0.00000000E+00   
0.00000000E+00   
0.00000000E+00   
0.00000000E+00   
0.00000000E+00   
0.00000000E+00   
0.00000000E+00   
0.00000000E+00   
0.00000000E+00   
0.00000000E+00   
0.00000000E+00   
0.00000000E+00   
0.00000000E+00   
0.00000000E+00   
0.00000000E+00   
0.00000000E+00   
0.00000000E+00   
0.00000000E+00   
0.00000000E+00   
0.00000000E+00   
0.00000000E+00   
0.00000000E+00   
0.00000000E+00   
0.00000000E+00   
0.00000000E+00   
0.00000000E+00   
0.00000000E+00   
0.00000000E+00   
0.00000000E+00   
0.00000000E+00   
0.00000000E+00   
0.00000000E+00   
0.00000000E+00   
0.00000000E+00   
0.00000000E+00   
0.00000000E+00   
0.00000000E+00   
0.00000000E+00   
0.00000000E+00   
0.00000000E+00   
0.00000000E+00   
0.00000000E+00   
0.00000000E+00   
0.00000000E+00   
0.00000000E+00   
0.00000000E+00   
0.00000000E+00   
0.00000000E+00   
0.00000000E+00   
0.00000000E+00   
0.00000000E+00   
0.00000000E+00   
0.00000000E+00   
0.00000000E+00   
0.00000000E+00   
0.00000000E+00   
0.00000000E+00   
0.00000000E+00   
0.00000000E+00   
0.00000000E+00   
0.00000000E+00   
0.00000000E+00   
0.00000000E+00   
0.00000000E+00   
0.00000000E+00   
0.00000000E+00   
0.00000000E+00   
0.00000000E+00   
0.00000000E+00   
0.00000000E+00   
0.00000000E+00   
0.00000000E+00   
0.00000000E+00   
0.00000000E+00   
0.00000000E+00   
0.00000000E+00   
0.00000000E+00   
0.00000000E+00   
0.00000000E+00   
0.00000000E+00   
0.00000000E+00   
0.00000000E+00   
0.00000000E+00   
0.00000000E+00   
0.00000000E+00   
0.00000000E+00   
0.00000000E+00   
0.00000000E+00   
0.00000000E+00   
0.00000000E+00   
0.00000000E+00   
0.00000000E+00   
0.00000000E+00   
0.00000000E+00   
0.00000000E+00   
0.00000000E+00   
0.00000000E+00   
0.00000000E+00   
0.00000000E+00   
0.00000000E+00   
0.00000000E+00   
0.00000000E+00   
0.00000000E+00   
0.00000000E+00   
0.00000000E+00   
0.00000000E+00   
0.00000000E+00   
0.00000000E+00   
0.00000000E+00   
0.00000000E+00   
0.00000000E+00   
0.00000000E+00   
0.00000000E+00   
0.00000000E+00   
0.00000000E+00   
0.00000000E+00   
0.00000000E+00   
0.00000000E+00   
0.00000000E+00   
0.00000000E+00   
0.00000000E+00   
0.00000000E+00   
0.00000000E+00   
0.00000000E+00   
0.00000000E+00   
0.00000000E+00   
0.00000000E+00   
0.00000000E+00   
0.00000000E+00   
0.00000000E+00   
0.00000000E+00   
0.00000000E+00   
0.00000000E+00   
0.00000000E+00   
0.00000000E+00   
0.00000000E+00   
0.00000000E+00   
0.00000000E+00   
0.00000000E+00   
0.00000000E+00   
0.00000000E+00   
0.00000000E+00   
0.00000000E+00   
0.00000000E+00   
0.00000000E+00   
0.00000000E+00   
0.00000000E+00   
0.00000000E+00   
0.00000000E+00   
0.00000000E+00   
0.00000000E+00   
0.00000000E+00   
0.00000000E+00   
0.00000000E+00   
0.00000000E+00   
0.00000000E+00   
0.00000000E+00   
0.00000000E+00   
0.00000000E+00   
0.00000000E+00   
0.00000000E+00   
0.00000000E+00   
0.00000000E+00   
0.00000000E+00   
0.00000000E+00   
0.00000000E+00   
0.00000000E+00   
0.00000000E+00   
0.00000000E+00   
0.00000000E+00   
0.00000000E+00   
0.00000000E+00   
0.00000000E+00   
0.00000000E+00   
0.00000000E+00   
0.00000000E+00   
0.00000000E+00   
0.00000000E+00   
0.00000000E+00   
0.00000000E+00   
0.00000000E+00   
0.00000000E+00   
0.00000000E+00   
0.00000000E+00   
0.00000000E+00   
0.00000000E+00   
0.00000000E+00   
0.00000000E+00   
0.00000000E+00   
0.00000000E+00   
0.00000000E+00   
0.00000000E+00   
0.00000000E+00   
0.00000000E+00   
0.00000000E+00   
0.00000000E+00   
0.00000000E+00   
0.00000000E+00   
0.00000000E+00   
0.00000000E+00   
0.00000000E+00   
0.00000000E+00   
0.00000000E+00   
0.00000000E+00   
0.00000000E+00   
0.00000000E+00   
0.00000000E+00   
0.00000000E+00   
0.00000000E+00   
0.00000000E+00   
0.00000000E+00   
0.00000000E+00   
0.00000000E+00   
0.00000000E+00   
0.00000000E+00   
0.00000000E+00   
0.00000000E+00   
0.00000000E+00   
0.00000000E+00   
0.00000000E+00   
0.00000000E+00   
0.00000000E+00   
0.00000000E+00   
0.00000000E+00   
0.00000000E+00   
0.00000000E+00   
0.00000000E+00   
0.00000000E+00   
0.00000000E+00   
0.00000000E+00   
0.00000000E+00   
0.00000000E+00   
0.00000000E+00   
0.00000000E+00   
0.00000000E+00   
0.00000000E+00   
0.00000000E+00   
0.00000000E+00   
0.00000000E+00   
0.00000000E+00   
0.00000000E+00   
0.00000000E+00   
0.00000000E+00   
0.00000000E+00   
0.00000000E+00   
0.00000000E+00   
0.00000000E+00   
0.00000000E+00   
0.00000000E+00   
0.00000000E+00   
0.00000000E+00   
0.00000000E+00   
0.00000000E+00   
0.00000000E+00   
0.00000000E+00   
0.00000000E+00   
0.00000000E+00   
0.00000000E+00   
0.00000000E+00   
0.00000000E+00   
0.00000000E+00   
0.00000000E+00   
0.00000000E+00   
0.00000000E+00   
0.00000000E+00   
0.00000000E+00   
0.00000000E+00   
0.00000000E+00   
0.00000000E+00   
0.00000000E+00   
0.00000000E+00   
0.00000000E+00   
0.00000000E+00   
0.00000000E+00   
0.00000000E+00   
0.00000000E+00   
0.00000000E+00   
0.00000000E+00   
0.00000000E+00   
0.00000000E+00   
0.00000000E+00   
0.00000000E+00   
0.00000000E+00   
0.00000000E+00   
0.00000000E+00   
0.00000000E+00   
0.00000000E+00   
0.00000000E+00   
0.00000000E+00   
0.00000000E+00   
0.00000000E+00   
0.00000000E+00   
0.00000000E+00   
0.00000000E+00   
0.00000000E+00   
0.00000000E+00   
0.00000000E+00   
0.00000000E+00   
0.00000000E+00   
0.00000000E+00   
0.00000000E+00   
0.00000000E+00   
0.00000000E+00   
0.00000000E+00   
0.00000000E+00   
0.00000000E+00   
0.00000000E+00   
0.00000000E+00   
0.00000000E+00   
0.00000000E+00   
0.00000000E+00   
0.00000000E+00   
0.00000000E+00   
0.00000000E+00   
0.00000000E+00   
0.00000000E+00   
0.00000000E+00   
0.00000000E+00   
0.00000000E+00   
0.00000000E+00   
0.00000000E+00   
0.00000000E+00   
0.00000000E+00   
0.00000000E+00   
0.00000000E+00   
0.00000000E+00   
0.00000000E+00   
0.00000000E+00   
0.00000000E+00   
0.00000000E+00   
0.00000000E+00   
0.00000000E+00   
0.00000000E+00   
0.00000000E+00   
0.00000000E+00   
0.00000000E+00   
0.00000000E+00   
0.00000000E+00   
0.00000000E+00   
0.00000000E+00   
0.00000000E+00   
0.00000000E+00   
0.00000000E+00   
0.00000000E+00   
0.00000000E+00   
0.00000000E+00   
0.00000000E+00   
0.00000000E+00   
0.00000000E+00   
0.00000000E+00   
0.00000000E+00   
0.00000000E+00   
0.00000000E+00   
0.00000000E+00   
0.00000000E+00   
0.00000000E+00   
0.00000000E+00   
0.00000000E+00   
0.00000000E+00   
0.00000000E+00   
0.00000000E+00   
0.00000000E+00   
0.00000000E+00   
0.00000000E+00   
0.00000000E+00   
0.00000000E+00   
0.00000000E+00   
0.00000000E+00   
0.00000000E+00   
0.00000000E+00   
0.00000000E+00   
0.00000000E+00   
0.00000000E+00   
0.00000000E+00   
0.00000000E+00   
0.00000000E+00   
0.00000000E+00   
0.00000000E+00   
0.00000000E+00   
0.00000000E+00   
0.00000000E+00   
0.00000000E+00   
0.00000000E+00   
0.00000000E+00   
0.00000000E+00   
0.00000000E+00   
0.00000000E+00   
0.00000000E+00   
0.00000000E+00   
0.00000000E+00   
0.00000000E+00   
0.00000000E+00   
0.00000000E+00   
0.00000000E+00   
0.00000000E+00   
0.00000000E+00   
0.00000000E+00   
0.00000000E+00   
0.00000000E+00   
0.00000000E+00   
0.00000000E+00   
0.00000000E+00   
0.00000000E+00   
0.00000000E+00   
0.00000000E+00   
0.00000000E+00   
0.00000000E+00   
0.00000000E+00   
0.00000000E+00   
0.00000000E+00   
0.00000000E+00   
0.00000000E+00   
0.00000000E+00   
0.00000000E+00   
0.00000000E+00   
0.00000000E+00   
0.00000000E+00   
0.00000000E+00   
0.00000000E+00   
0.00000000E+00   
0.00000000E+00   
0.00000000E+00   
0.00000000E+00   
0.00000000E+00   
0.00000000E+00   
0.00000000E+00   
0.00000000E+00   
0.00000000E+00   
0.00000000E+00   
0.00000000E+00   
0.00000000E+00   
0.00000000E+00   
0.00000000E+00   
0.00000000E+00   
0.00000000E+00   
0.00000000E+00   
0.00000000E+00   
0.00000000E+00   
0.00000000E+00   
0.00000000E+00   
0.00000000E+00   
0.00000000E+00   
0.00000000E+00   
0.00000000E+00   
0.00000000E+00   
0.00000000E+00   
0.00000000E+00   
0.00000000E+00   
0.00000000E+00   
0.00000000E+00   
0.00000000E+00   
0.00000000E+00   
0.00000000E+00   
0.00000000E+00   
0.00000000E+00   
0.00000000E+00   
0.00000000E+00   
0.00000000E+00   
0.00000000E+00   
0.00000000E+00   
0.00000000E+00   
0.00000000E+00   
0.00000000E+00   
0.00000000E+00   
0.00000000E+00   
0.00000000E+00   
0.00000000E+00   
0.00000000E+00   
0.00000000E+00   
0.00000000E+00   
0.00000000E+00   
0.00000000E+00   
0.00000000E+00   
0.00000000E+00   
0.00000000E+00   
0.00000000E+00   
0.00000000E+00   
0.00000000E+00   
0.00000000E+00   
0.00000000E+00   
0.00000000E+00   
0.00000000E+00   
0.00000000E+00   
0.00000000E+00   
0.00000000E+00   
0.00000000E+00   
0.00000000E+00   
0.00000000E+00   
0.00000000E+00   
0.00000000E+00   
0.00000000E+00   
0.00000000E+00   
0.00000000E+00   
0.00000000E+00   
0.00000000E+00   
0.00000000E+00   
0.00000000E+00   
0.00000000E+00   
0.00000000E+00   
0.00000000E+00   
0.00000000E+00   
0.00000000E+00   
0.00000000E+00   
0.00000000E+00   
0.00000000E+00   
0.00000000E+00   
0.00000000E+00   
0.00000000E+00   
0.00000000E+00   
0.00000000E+00   
0.00000000E+00   
0.00000000E+00   
0.00000000E+00   
0.00000000E+00   
0.00000000E+00   
0.00000000E+00   
0.00000000E+00   
0.00000000E+00   
0.00000000E+00   
0.00000000E+00   
0.00000000E+00   
0.00000000E+00   
0.00000000E+00   
0.00000000E+00   
0.00000000E+00   
0.00000000E+00   
0.00000000E+00   
0.00000000E+00   
0.00000000E+00   
0.00000000E+00   
0.00000000E+00   
0.00000000E+00   
0.00000000E+00   
0.00000000E+00   
0.00000000E+00   
0.00000000E+00   
0.00000000E+00   
0.00000000E+00   
0.00000000E+00   
0.00000000E+00   
0.00000000E+00   
0.00000000E+00   
0.00000000E+00   
0.00000000E+00   
0.00000000E+00   
0.00000000E+00   
0.00000000E+00   
0.00000000E+00   
0.00000000E+00   
0.00000000E+00   
0.00000000E+00   
0.00000000E+00   
0.00000000E+00   
0.00000000E+00   
0.00000000E+00   
0.00000000E+00   
0.00000000E+00   
0.00000000E+00   
0.00000000E+00   
0.00000000E+00   
0.00000000E+00   
0.00000000E+00   
0.00000000E+00   
0.00000000E+00   
0.00000000E+00   
0.00000000E+00   
0.00000000E+00   
0.00000000E+00   
0.00000000E+00   
0.00000000E+00   
0.00000000E+00   
0.00000000E+00   
0.00000000E+00   
0.00000000E+00   
0.00000000E+00   
0.00000000E+00   
0.00000000E+00   
0.00000000E+00   
0.00000000E+00   
0.00000000E+00   
0.00000000E+00   
0.00000000E+00   
0.00000000E+00   
0.00000000E+00   
0.00000000E+00   
0.00000000E+00   
0.00000000E+00   
0.00000000E+00   
0.00000000E+00   
0.00000000E+00   
0.00000000E+00   
0.00000000E+00   
0.00000000E+00   
0.00000000E+00   
0.00000000E+00   
0.00000000E+00   
0.00000000E+00   
0.00000000E+00   
0.00000000E+00   
0.00000000E+00   
0.00000000E+00   
0.00000000E+00   
0.00000000E+00   
0.00000000E+00   
0.00000000E+00   
0.00000000E+00   
0.00000000E+00   
0.00000000E+00   
0.00000000E+00   
0.00000000E+00   
0.00000000E+00   
0.00000000E+00   
0.00000000E+00   
0.00000000E+00   
0.00000000E+00   
0.00000000E+00   
0.00000000E+00   
0.00000000E+00   
0.00000000E+00   
0.00000000E+00   
0.00000000E+00   
0.00000000E+00   
0.00000000E+00   
0.00000000E+00   
0.00000000E+00   
0.00000000E+00   
0.00000000E+00   
0.00000000E+00   
0.00000000E+00   
0.00000000E+00   
0.00000000E+00   
0.00000000E+00   
0.00000000E+00   
0.00000000E+00   
0.00000000E+00   
0.00000000E+00   
0.00000000E+00   
0.00000000E+00   
0.00000000E+00   
0.00000000E+00   
0.00000000E+00   
0.00000000E+00   
0.00000000E+00   
0.00000000E+00   
0.00000000E+00   
0.00000000E+00   
0.00000000E+00   
0.00000000E+00   
0.00000000E+00   
0.00000000E+00   
0.00000000E+00   
0.00000000E+00   
0.00000000E+00   
0.00000000E+00   
0.00000000E+00   
0.00000000E+00   
0.00000000E+00   
0.00000000E+00   
0.00000000E+00   
0.00000000E+00   
0.00000000E+00   
0.00000000E+00   
0.00000000E+00   
0.00000000E+00   
0.00000000E+00   
0.00000000E+00   
0.00000000E+00   
0.00000000E+00   
0.00000000E+00   
0.00000000E+00   
0.00000000E+00   
0.00000000E+00   
0.00000000E+00   
0.00000000E+00   
0.00000000E+00   
0.00000000E+00   
0.00000000E+00   
0.00000000E+00   
0.00000000E+00   
0.00000000E+00   
0.00000000E+00   
0.00000000E+00   
0.00000000E+00   
0.00000000E+00   
0.00000000E+00   
0.00000000E+00   
0.00000000E+00   
0.00000000E+00   
0.00000000E+00   
0.00000000E+00   
0.00000000E+00   
0.00000000E+00   
0.00000000E+00   
0.00000000E+00   
0.00000000E+00   
0.00000000E+00   
0.00000000E+00   
0.00000000E+00   
0.00000000E+00   
0.00000000E+00   
0.00000000E+00   
0.00000000E+00   
0.00000000E+00   
0.00000000E+00   
0.00000000E+00   
0.00000000E+00   
0.00000000E+00   
0.00000000E+00   
0.00000000E+00   
0.00000000E+00   
0.00000000E+00   
0.00000000E+00   
0.00000000E+00   
0.00000000E+00   
0.00000000E+00   
0.00000000E+00   
0.00000000E+00   
0.00000000E+00   
0.00000000E+00   
0.00000000E+00   
0.00000000E+00   
0.00000000E+00   
0.00000000E+00   
0.00000000E+00   
0.00000000E+00   
0.00000000E+00   
0.00000000E+00   
0.00000000E+00   
0.00000000E+00   
0.00000000E+00   
0.00000000E+00   
0.00000000E+00   
0.00000000E+00   
0.00000000E+00   
0.00000000E+00   
0.00000000E+00   
0.00000000E+00   
0.00000000E+00   
0.00000000E+00   
0.00000000E+00   
0.00000000E+00   
0.00000000E+00   
0.00000000E+00   
0.00000000E+00   
0.00000000E+00   
0.00000000E+00   
0.00000000E+00   
0.00000000E+00   
0.00000000E+00   
0.00000000E+00   
0.00000000E+00   
0.00000000E+00   
0.00000000E+00   
0.00000000E+00   
0.00000000E+00   
0.00000000E+00   
0.00000000E+00   
0.00000000E+00   
0.00000000E+00   
0.00000000E+00   
0.00000000E+00   
0.00000000E+00   
0.00000000E+00   
0.00000000E+00   
0.00000000E+00   
0.00000000E+00   
0.00000000E+00   
0.00000000E+00   
0.00000000E+00   
0.00000000E+00   
0.00000000E+00   
0.00000000E+00   
0.00000000E+00   
0.00000000E+00   
0.00000000E+00   
0.00000000E+00   
0.00000000E+00   
0.00000000E+00   
0.00000000E+00   
0.00000000E+00   
0.00000000E+00   
0.00000000E+00   
0.00000000E+00   
0.00000000E+00   
0.00000000E+00   
0.00000000E+00   
0.00000000E+00   
0.00000000E+00   
0.00000000E+00   
0.00000000E+00   
0.00000000E+00   
0.00000000E+00   
0.00000000E+00   
0.00000000E+00   
0.00000000E+00   
0.00000000E+00   
0.00000000E+00   
0.00000000E+00   
0.00000000E+00   
0.00000000E+00   
0.00000000E+00   
0.00000000E+00   
0.00000000E+00   
0.00000000E+00   
0.00000000E+00   
0.00000000E+00   
0.00000000E+00   
0.00000000E+00   
0.00000000E+00   
0.00000000E+00   
0.00000000E+00   
0.00000000E+00   
0.00000000E+00   
0.00000000E+00   
0.00000000E+00   
0.00000000E+00   
0.00000000E+00   
0.00000000E+00   
0.00000000E+00   
0.00000000E+00   
0.00000000E+00   
0.00000000E+00   
0.00000000E+00   
0.00000000E+00   
0.00000000E+00   
0.00000000E+00   
0.00000000E+00   
0.00000000E+00   
0.00000000E+00   
0.00000000E+00   
0.00000000E+00   
0.00000000E+00   
0.00000000E+00   
0.00000000E+00   
0.00000000E+00   
0.00000000E+00   
0.00000000E+00   
0.00000000E+00   
0.00000000E+00   
0.00000000E+00   
0.00000000E+00   
0.00000000E+00   
0.00000000E+00   
0.00000000E+00   
0.00000000E+00   
0.00000000E+00   
0.00000000E+00   
0.00000000E+00   
0.00000000E+00   
0.00000000E+00   
0.00000000E+00   
0.00000000E+00   
0.00000000E+00   
0.00000000E+00   
0.00000000E+00   
0.00000000E+00   
0.00000000E+00   
0.00000000E+00   
0.00000000E+00   
0.00000000E+00   
0.00000000E+00   
0.00000000E+00   
0.00000000E+00   
0.00000000E+00   
0.00000000E+00   
0.00000000E+00   
0.00000000E+00   
0.00000000E+00   
0.00000000E+00   
0.00000000E+00   
0.00000000E+00   
0.00000000E+00   
0.00000000E+00   
0.00000000E+00   
0.00000000E+00   
0.00000000E+00   
0.00000000E+00   
0.00000000E+00   
0.00000000E+00   
0.00000000E+00   
0.00000000E+00   
0.00000000E+00   
0.00000000E+00   
0.00000000E+00   
0.00000000E+00   
0.00000000E+00   
0.00000000E+00   
0.00000000E+00   
0.00000000E+00   
0.00000000E+00   
0.00000000E+00   
0.00000000E+00   
0.00000000E+00   
0.00000000E+00   
0.00000000E+00   
0.00000000E+00   
0.00000000E+00   
0.00000000E+00   
0.00000000E+00   
0.00000000E+00   
0.00000000E+00   
0.00000000E+00   
0.00000000E+00   
0.00000000E+00   
0.00000000E+00   
0.00000000E+00   
0.00000000E+00   
0.00000000E+00   
0.00000000E+00   
0.00000000E+00   
0.00000000E+00   
0.00000000E+00   
0.00000000E+00   
0.00000000E+00   
0.00000000E+00   
0.00000000E+00   
0.00000000E+00   
0.00000000E+00   
0.00000000E+00   
0.00000000E+00   
0.00000000E+00   
0.00000000E+00   
0.00000000E+00   
0.00000000E+00   
0.00000000E+00   
0.00000000E+00   
0.00000000E+00   
0.00000000E+00   
0.00000000E+00   
0.00000000E+00   
0.00000000E+00   
0.00000000E+00   
0.00000000E+00   
0.00000000E+00   
0.00000000E+00   
0.00000000E+00   
0.00000000E+00   
0.00000000E+00   
0.00000000E+00   
0.00000000E+00   
0.00000000E+00   
0.00000000E+00   
0.00000000E+00   
0.00000000E+00   
0.00000000E+00   
0.00000000E+00   
0.00000000E+00   
0.00000000E+00   
0.00000000E+00   
0.00000000E+00   
0.00000000E+00   
0.00000000E+00   
0.00000000E+00   
0.00000000E+00   
0.00000000E+00   
0.00000000E+00   
0.00000000E+00   
0.00000000E+00   
0.00000000E+00   
0.00000000E+00   
0.00000000E+00   
0.00000000E+00   
0.00000000E+00   
0.00000000E+00   
0.00000000E+00   
0.00000000E+00   
0.00000000E+00   
0.00000000E+00   
0.00000000E+00   
0.00000000E+00   
0.00000000E+00   
0.00000000E+00   
0.00000000E+00   
0.00000000E+00   
0.00000000E+00   
0.00000000E+00   
0.00000000E+00   
0.00000000E+00   
0.00000000E+00   
0.00000000E+00   
0.00000000E+00   
0.00000000E+00   
0.00000000E+00   
0.00000000E+00   
0.00000000E+00   
0.00000000E+00   
0.00000000E+00   
0.00000000E+00   
0.00000000E+00   
0.00000000E+00   
0.00000000E+00   
0.00000000E+00   
0.00000000E+00   
0.00000000E+00   
0.00000000E+00   
0.00000000E+00   
0.00000000E+00   
0.00000000E+00   
0.00000000E+00   
0.00000000E+00   
0.00000000E+00   
0.00000000E+00   
0.00000000E+00   
0.00000000E+00   
0.00000000E+00   
0.00000000E+00   
0.00000000E+00   
0.00000000E+00   
0.00000000E+00   
0.00000000E+00   
0.00000000E+00   
0.00000000E+00   
0.00000000E+00   
0.00000000E+00   
0.00000000E+00   
0.00000000E+00   
0.00000000E+00   
0.00000000E+00   
0.00000000E+00   
0.00000000E+00   
0.00000000E+00   
0.00000000E+00   
0.00000000E+00   
0.00000000E+00   
0.00000000E+00   
0.00000000E+00   
0.00000000E+00   
0.00000000E+00   
0.00000000E+00   
0.00000000E+00   
0.00000000E+00   
0.00000000E+00   
0.00000000E+00   
0.00000000E+00   
0.00000000E+00   
0.00000000E+00   
0.00000000E+00   
0.00000000E+00   
0.00000000E+00   
0.00000000E+00   
0.00000000E+00   
0.00000000E+00   
0.00000000E+00   
0.00000000E+00   
0.00000000E+00   
0.00000000E+00   
0.00000000E+00   
0.00000000E+00   
0.00000000E+00   
0.00000000E+00   
0.00000000E+00   
0.00000000E+00   
0.00000000E+00   
0.00000000E+00   
0.00000000E+00   
0.00000000E+00   
0.00000000E+00   
0.00000000E+00   
0.00000000E+00   
0.00000000E+00   
0.00000000E+00   
0.00000000E+00   
0.00000000E+00   
0.00000000E+00   
0.00000000E+00   
0.00000000E+00   
0.00000000E+00   
0.00000000E+00   
0.00000000E+00   
0.00000000E+00   
0.00000000E+00   
0.00000000E+00   
0.00000000E+00   
0.00000000E+00   
0.00000000E+00   
0.00000000E+00   
0.00000000E+00   
0.00000000E+00   
0.00000000E+00   
0.00000000E+00   
0.00000000E+00   
0.00000000E+00   
0.00000000E+00   
0.00000000E+00   
0.00000000E+00   
0.00000000E+00   
0.00000000E+00   
0.00000000E+00   
0.00000000E+00   
0.00000000E+00   
0.00000000E+00   
0.00000000E+00   
0.00000000E+00   
0.00000000E+00   
0.00000000E+00   
0.00000000E+00   
0.00000000E+00   
0.00000000E+00   
0.00000000E+00   
0.00000000E+00   
0.00000000E+00   
0.00000000E+00   
0.00000000E+00   
0.00000000E+00   
0.00000000E+00   
0.00000000E+00   
0.00000000E+00   
0.00000000E+00   
0.00000000E+00   
0.00000000E+00   
0.00000000E+00   
0.00000000E+00   
0.00000000E+00   
0.00000000E+00   
0.00000000E+00   
0.00000000E+00   
0.00000000E+00   
0.00000000E+00   
0.00000000E+00   
0.00000000E+00   
0.00000000E+00   
0.00000000E+00   
0.00000000E+00   
0.00000000E+00   
0.00000000E+00   
0.00000000E+00   
0.00000000E+00   
0.00000000E+00   
0.00000000E+00   
0.00000000E+00   
0.00000000E+00   
0.00000000E+00   
0.00000000E+00   
0.00000000E+00   
0.00000000E+00   
0.00000000E+00   
0.00000000E+00   
0.00000000E+00   
0.00000000E+00   
0.00000000E+00   
0.00000000E+00   
0.00000000E+00   
0.00000000E+00   
0.00000000E+00   
0.00000000E+00   
0.00000000E+00   
0.00000000E+00   
0.00000000E+00   
0.00000000E+00   
0.00000000E+00   
0.00000000E+00   
0.00000000E+00   
0.00000000E+00   
0.00000000E+00   
0.00000000E+00   
0.00000000E+00   
0.00000000E+00   
0.00000000E+00   
0.00000000E+00   
0.00000000E+00   
0.00000000E+00   
0.00000000E+00   
0.00000000E+00   
0.00000000E+00   
0.00000000E+00   
0.00000000E+00   
0.00000000E+00   
0.00000000E+00   
0.00000000E+00   
0.00000000E+00   
0.00000000E+00   
0.00000000E+00   
0.00000000E+00   
0.00000000E+00   
0.00000000E+00   
0.00000000E+00   
0.00000000E+00   
0.00000000E+00   
0.00000000E+00   
0.00000000E+00   
0.00000000E+00   
0.00000000E+00   
0.00000000E+00   
0.00000000E+00   
0.00000000E+00   
0.00000000E+00   
0.00000000E+00   
0.00000000E+00   
0.00000000E+00   
0.00000000E+00   
0.00000000E+00   
0.00000000E+00   
0.00000000E+00   
0.00000000E+00   
0.00000000E+00   
0.00000000E+00   
0.00000000E+00   
0.00000000E+00   
0.00000000E+00   
0.00000000E+00   
0.00000000E+00   
0.00000000E+00   
0.00000000E+00   
0.00000000E+00   
0.00000000E+00   
0.00000000E+00   
0.00000000E+00   
0.00000000E+00   
0.00000000E+00   
0.00000000E+00   
0.00000000E+00   
0.00000000E+00   
0.00000000E+00   
0.00000000E+00   
0.00000000E+00   
0.00000000E+00   
0.00000000E+00   
0.00000000E+00   
0.00000000E+00   
0.00000000E+00   
0.00000000E+00   
0.00000000E+00   
0.00000000E+00   
0.00000000E+00   
0.00000000E+00   
0.00000000E+00   
0.00000000E+00   
0.00000000E+00   
0.00000000E+00   
0.00000000E+00   
0.00000000E+00   
0.00000000E+00   
0.00000000E+00   
0.00000000E+00   
0.00000000E+00   
0.00000000E+00   
0.00000000E+00   
0.00000000E+00   
0.00000000E+00   
0.00000000E+00   
0.00000000E+00   
0.00000000E+00   
0.00000000E+00   
0.00000000E+00   
0.00000000E+00   
0.00000000E+00   
0.00000000E+00   
0.00000000E+00   
0.00000000E+00   
0.00000000E+00   
0.00000000E+00   
0.00000000E+00   
0.00000000E+00   
0.00000000E+00   
0.00000000E+00   
0.00000000E+00   
0.00000000E+00   
0.00000000E+00   
0.00000000E+00   
0.00000000E+00   
0.00000000E+00   
0.00000000E+00   
0.00000000E+00   
0.00000000E+00   
0.00000000E+00   
0.00000000E+00   
0.00000000E+00   
0.00000000E+00   
0.00000000E+00   
0.00000000E+00   
0.00000000E+00   
0.00000000E+00   
0.00000000E+00   
0.00000000E+00   
0.00000000E+00   
0.00000000E+00   
0.00000000E+00   
0.00000000E+00   
0.00000000E+00   
0.00000000E+00   
0.00000000E+00   
0.00000000E+00   
0.00000000E+00   
0.00000000E+00   
0.00000000E+00   
0.00000000E+00   
0.00000000E+00   
0.00000000E+00   
0.00000000E+00   
0.00000000E+00   
0.00000000E+00   
0.00000000E+00   
0.00000000E+00   
0.00000000E+00   
0.00000000E+00   
0.00000000E+00   
0.00000000E+00   
0.00000000E+00   
0.00000000E+00   
0.00000000E+00   
0.00000000E+00   
0.00000000E+00   
0.00000000E+00   
0.00000000E+00   
0.00000000E+00   
0.00000000E+00   
0.00000000E+00   
0.00000000E+00   
0.00000000E+00   
0.00000000E+00   
0.00000000E+00   
0.00000000E+00   
0.00000000E+00   
0.00000000E+00   
0.00000000E+00   
0.00000000E+00   
0.00000000E+00   
0.00000000E+00   
0.00000000E+00   
0.00000000E+00   
0.00000000E+00   
0.00000000E+00   
0.00000000E+00   
0.00000000E+00   
0.00000000E+00   
0.00000000E+00   
0.00000000E+00   
0.00000000E+00   
0.00000000E+00   
0.00000000E+00   
0.00000000E+00   
0.00000000E+00   
0.00000000E+00   
0.00000000E+00   
0.00000000E+00   
0.00000000E+00   
0.00000000E+00   
0.00000000E+00   
0.00000000E+00   
0.00000000E+00   
0.00000000E+00   
0.00000000E+00   
0.00000000E+00   
0.00000000E+00   
0.00000000E+00   
0.00000000E+00   
0.00000000E+00   
0.00000000E+00   
0.00000000E+00   
0.00000000E+00   
0.00000000E+00   
0.00000000E+00   
0.00000000E+00   
0.00000000E+00   
0.00000000E+00   
0.00000000E+00   
0.00000000E+00   
0.00000000E+00   
0.00000000E+00   
0.00000000E+00   
0.00000000E+00   
0.00000000E+00   
0.00000000E+00   
0.00000000E+00   
0.00000000E+00   
0.00000000E+00   
0.00000000E+00   
0.00000000E+00   
0.00000000E+00   
0.00000000E+00   
0.00000000E+00   
0.00000000E+00   
0.00000000E+00   
0.00000000E+00   
0.00000000E+00   
0.00000000E+00   
0.00000000E+00   
0.00000000E+00   
0.00000000E+00   
0.00000000E+00   
0.00000000E+00   
0.00000000E+00   
0.00000000E+00   
0.00000000E+00   
0.00000000E+00   
0.00000000E+00   
0.00000000E+00   
0.00000000E+00   
0.00000000E+00   
0.00000000E+00   
0.00000000E+00   
0.00000000E+00   
0.00000000E+00   
0.00000000E+00   
0.00000000E+00   
0.00000000E+00   
0.00000000E+00   
0.00000000E+00   
0.00000000E+00   
0.00000000E+00   
0.00000000E+00   
0.00000000E+00   
0.00000000E+00   
0.00000000E+00   
0.00000000E+00   
0.00000000E+00   
0.00000000E+00   
0.00000000E+00   
0.00000000E+00   
0.00000000E+00   
0.00000000E+00   
0.00000000E+00   
0.00000000E+00   
0.00000000E+00   
0.00000000E+00   
0.00000000E+00   
0.00000000E+00   
0.00000000E+00   
0.00000000E+00   
0.00000000E+00   
0.00000000E+00   
0.00000000E+00   
0.00000000E+00   
0.00000000E+00   
0.00000000E+00   
0.00000000E+00   
0.00000000E+00   
0.00000000E+00   
0.00000000E+00   
0.00000000E+00   
0.00000000E+00   
0.00000000E+00   
0.00000000E+00   
0.00000000E+00   
0.00000000E+00   
0.00000000E+00   
0.00000000E+00   
0.00000000E+00   
0.00000000E+00   
0.00000000E+00   
0.00000000E+00   
0.00000000E+00   
0.00000000E+00   
0.00000000E+00   
0.00000000E+00   
0.00000000E+00   
0.00000000E+00   
0.00000000E+00   
0.00000000E+00   
0.00000000E+00   
0.00000000E+00   
0.00000000E+00   
0.00000000E+00   
0.00000000E+00   
0.00000000E+00   
0.00000000E+00   
0.00000000E+00   
0.00000000E+00   
0.00000000E+00   
0.00000000E+00   
0.00000000E+00   
0.00000000E+00   
0.00000000E+00   
0.00000000E+00   
0.00000000E+00   
0.00000000E+00   
0.00000000E+00   
0.00000000E+00   
0.00000000E+00   
0.00000000E+00   
0.00000000E+00   
0.00000000E+00   
0.00000000E+00   
0.00000000E+00   
0.00000000E+00   
0.00000000E+00   
0.00000000E+00   
0.00000000E+00   
0.00000000E+00   
0.00000000E+00   
0.00000000E+00   
0.00000000E+00   
0.00000000E+00   
0.00000000E+00   
0.00000000E+00   
0.00000000E+00   
0.00000000E+00   
0.00000000E+00   
0.00000000E+00   
0.00000000E+00   
0.00000000E+00   
0.00000000E+00   
0.00000000E+00   
0.00000000E+00   
0.00000000E+00   
0.00000000E+00   
0.00000000E+00   
0.00000000E+00   
0.00000000E+00   
0.00000000E+00   
0.00000000E+00   
0.00000000E+00   
0.00000000E+00   
0.00000000E+00   
0.00000000E+00   
0.00000000E+00   
0.00000000E+00   
0.00000000E+00   
0.00000000E+00   
0.00000000E+00   
0.00000000E+00   
0.00000000E+00   
0.00000000E+00   
0.00000000E+00   
0.00000000E+00   
0.00000000E+00   
0.00000000E+00   
0.00000000E+00   
0.00000000E+00   
0.00000000E+00   
0.00000000E+00   
0.00000000E+00   
0.00000000E+00   
0.00000000E+00   
0.00000000E+00   
0.00000000E+00   
0.00000000E+00   
0.00000000E+00   
0.00000000E+00   
0.00000000E+00   
0.00000000E+00   
0.00000000E+00   
0.00000000E+00   
0.00000000E+00   
0.00000000E+00   
0.00000000E+00   
0.00000000E+00   
0.00000000E+00   
0.00000000E+00   
0.00000000E+00   
0.00000000E+00   
0.00000000E+00   
0.00000000E+00   
0.00000000E+00   
0.00000000E+00   
0.00000000E+00   
0.00000000E+00   
0.00000000E+00   
0.00000000E+00   
0.00000000E+00   
0.00000000E+00   
0.00000000E+00   
0.00000000E+00   
0.00000000E+00   
0.00000000E+00   
0.00000000E+00   
0.00000000E+00   
0.00000000E+00   
0.00000000E+00   
0.00000000E+00   
0.00000000E+00   
0.00000000E+00   
0.00000000E+00   
0.00000000E+00   
0.00000000E+00   
0.00000000E+00   
0.00000000E+00   
0.00000000E+00   
0.00000000E+00   
0.00000000E+00   
0.00000000E+00   
0.00000000E+00   
0.00000000E+00   
0.00000000E+00   
0.00000000E+00   
0.00000000E+00   
0.00000000E+00   
0.00000000E+00   
0.00000000E+00   
0.00000000E+00   
0.00000000E+00   
0.00000000E+00   
0.00000000E+00   
0.00000000E+00   
0.00000000E+00   
0.00000000E+00   
0.00000000E+00   
0.00000000E+00   
0.00000000E+00   
0.00000000E+00   
0.00000000E+00   
0.00000000E+00   
0.00000000E+00   
0.00000000E+00   
0.00000000E+00   
0.00000000E+00   
0.00000000E+00   
0.00000000E+00   
0.00000000E+00   
0.00000000E+00   
0.00000000E+00   
0.00000000E+00   
0.00000000E+00   
0.00000000E+00   
0.00000000E+00   
0.00000000E+00   
0.00000000E+00   
0.00000000E+00   
0.00000000E+00   
0.00000000E+00   
0.00000000E+00   
0.00000000E+00   
0.00000000E+00   
0.00000000E+00   
0.00000000E+00   
0.00000000E+00   
0.00000000E+00   
0.00000000E+00   
0.00000000E+00   
0.00000000E+00   
0.00000000E+00   
0.00000000E+00   
0.00000000E+00   
0.00000000E+00   
0.00000000E+00   
0.00000000E+00   
0.00000000E+00   
0.00000000E+00   
0.00000000E+00   
0.00000000E+00   
0.00000000E+00   
0.00000000E+00   
0.00000000E+00   
0.00000000E+00   
0.00000000E+00   
0.00000000E+00   
0.00000000E+00   
0.00000000E+00   
0.00000000E+00   
0.00000000E+00   
0.00000000E+00   
0.00000000E+00   
0.00000000E+00   
0.00000000E+00   
0.00000000E+00   
0.00000000E+00   
0.00000000E+00   
0.00000000E+00   
0.00000000E+00   
0.00000000E+00   
0.00000000E+00   
0.00000000E+00   
0.00000000E+00   
0.00000000E+00   
0.00000000E+00   
0.00000000E+00   
0.00000000E+00   
0.00000000E+00   
0.00000000E+00   
0.00000000E+00   
0.00000000E+00   
0.00000000E+00   
0.00000000E+00   
0.00000000E+00   
0.00000000E+00   
0.00000000E+00   
0.00000000E+00   
0.00000000E+00   
0.00000000E+00   
0.00000000E+00   
0.00000000E+00   
0.00000000E+00   
0.00000000E+00   
0.00000000E+00   
0.00000000E+00   
0.00000000E+00   
0.00000000E+00   
0.00000000E+00   
0.00000000E+00   
0.00000000E+00   
0.00000000E+00   
0.00000000E+00   
0.00000000E+00   
0.00000000E+00   
0.00000000E+00   
0.00000000E+00   
0.00000000E+00   
0.00000000E+00   
0.00000000E+00   
0.00000000E+00   
0.00000000E+00   
0.00000000E+00   
0.00000000E+00   
0.00000000E+00   
0.00000000E+00   
0.00000000E+00   
0.00000000E+00   
0.00000000E+00   
0.00000000E+00   
0.00000000E+00   
0.00000000E+00   
0.00000000E+00   
0.00000000E+00   
0.00000000E+00   
0.00000000E+00   
0.00000000E+00   
0.00000000E+00   
0.00000000E+00   
0.00000000E+00   
0.00000000E+00   
0.00000000E+00   
0.00000000E+00   
0.00000000E+00   
0.00000000E+00   
0.00000000E+00   
0.00000000E+00   
0.00000000E+00   
0.00000000E+00   
0.00000000E+00   
0.00000000E+00   
0.00000000E+00   
0.00000000E+00   
0.00000000E+00   
0.00000000E+00   
0.00000000E+00   
0.00000000E+00   
0.00000000E+00   
0.00000000E+00   
0.00000000E+00   
0.00000000E+00   
0.00000000E+00   
0.00000000E+00   
0.00000000E+00   
0.00000000E+00   
0.00000000E+00   
0.00000000E+00   
0.00000000E+00   
0.00000000E+00   
0.00000000E+00   
0.00000000E+00   
0.00000000E+00   
0.00000000E+00   
0.00000000E+00   
0.00000000E+00   
0.00000000E+00   
0.00000000E+00   
0.00000000E+00   
0.00000000E+00   
0.00000000E+00   
0.00000000E+00   
0.00000000E+00   
0.00000000E+00   
0.00000000E+00   
0.00000000E+00   
0.00000000E+00   
0.00000000E+00   
0.00000000E+00   
0.00000000E+00   
0.00000000E+00   
0.00000000E+00   
0.00000000E+00   
0.00000000E+00   
0.00000000E+00   
0.00000000E+00   
0.00000000E+00   
0.00000000E+00   
0.00000000E+00   
0.00000000E+00   
0.00000000E+00   
0.00000000E+00   
0.00000000E+00   
0.00000000E+00   
0.00000000E+00   
0.00000000E+00   
0.00000000E+00   
0.00000000E+00   
0.00000000E+00   
0.00000000E+00   
0.00000000E+00   
0.00000000E+00   
0.00000000E+00   
0.00000000E+00   
0.00000000E+00   
0.00000000E+00   
0.00000000E+00   
0.00000000E+00   
0.00000000E+00   
0.00000000E+00   
0.00000000E+00   
0.00000000E+00   
0.00000000E+00   
0.00000000E+00   
0.00000000E+00   
0.00000000E+00   
0.00000000E+00   
0.00000000E+00   
0.00000000E+00   
0.00000000E+00   
0.00000000E+00   
0.00000000E+00   
0.00000000E+00   
0.00000000E+00   
0.00000000E+00   
0.00000000E+00   
0.00000000E+00   
0.00000000E+00   
0.00000000E+00   
0.00000000E+00   
0.00000000E+00   
0.00000000E+00   
0.00000000E+00   
0.00000000E+00   
0.00000000E+00   
0.00000000E+00   
0.00000000E+00   
0.00000000E+00   
0.00000000E+00   
0.00000000E+00   
0.00000000E+00   
0.00000000E+00   
0.00000000E+00   
0.00000000E+00   
0.00000000E+00   
0.00000000E+00   
0.00000000E+00   
0.00000000E+00   
0.00000000E+00   
0.00000000E+00   
0.00000000E+00   
0.00000000E+00   
0.00000000E+00   
0.00000000E+00   
0.00000000E+00   
0.00000000E+00   
0.00000000E+00   
0.00000000E+00   
0.00000000E+00   
0.00000000E+00   
0.00000000E+00   
0.00000000E+00   
0.00000000E+00   
0.00000000E+00   
0.00000000E+00   
0.00000000E+00   
0.00000000E+00   
0.00000000E+00   
0.00000000E+00   
0.00000000E+00   
0.00000000E+00   
0.00000000E+00   
0.00000000E+00   
0.00000000E+00   
0.00000000E+00   
0.00000000E+00   
0.00000000E+00   
0.00000000E+00   
0.00000000E+00   
0.00000000E+00   
0.00000000E+00   
0.00000000E+00   
0.00000000E+00   
0.00000000E+00   
0.00000000E+00   
0.00000000E+00   
0.00000000E+00   
0.00000000E+00   
0.00000000E+00   
0.00000000E+00   
0.00000000E+00   
0.00000000E+00   
0.00000000E+00   
0.00000000E+00   
0.00000000E+00   
0.00000000E+00   
0.00000000E+00   
0.00000000E+00   
0.00000000E+00   
0.00000000E+00   
0.00000000E+00   
0.00000000E+00   
0.00000000E+00   
0.00000000E+00   
0.00000000E+00   
0.00000000E+00   
0.00000000E+00   
0.00000000E+00   
0.00000000E+00   
0.00000000E+00   
0.00000000E+00   
0.00000000E+00   
0.00000000E+00   
0.00000000E+00   
0.00000000E+00   
0.00000000E+00   
0.00000000E+00   
0.00000000E+00   
0.00000000E+00   
0.00000000E+00   
0.00000000E+00   
0.00000000E+00   
0.00000000E+00   
0.00000000E+00   
0.00000000E+00   
0.00000000E+00   
0.00000000E+00   
0.00000000E+00   
0.00000000E+00   
0.00000000E+00   
0.00000000E+00   
0.00000000E+00   
0.00000000E+00   
0.00000000E+00   
0.00000000E+00   
0.00000000E+00   
0.00000000E+00   
0.00000000E+00   
0.00000000E+00   
0.00000000E+00   
0.00000000E+00   
0.00000000E+00   
0.00000000E+00   
0.00000000E+00   
0.00000000E+00   
0.00000000E+00   
0.00000000E+00   
0.00000000E+00   
0.00000000E+00   
0.00000000E+00   
0.00000000E+00   
0.00000000E+00   
0.00000000E+00   
0.00000000E+00   
0.00000000E+00   
0.00000000E+00   
0.00000000E+00   
0.00000000E+00   
0.00000000E+00   
0.00000000E+00   
0.00000000E+00   
0.00000000E+00   
0.00000000E+00   
0.00000000E+00   
0.00000000E+00   
0.00000000E+00   
0.00000000E+00   
0.00000000E+00   
0.00000000E+00   
0.00000000E+00   
0.00000000E+00   
0.00000000E+00   
0.00000000E+00   
0.00000000E+00   
0.00000000E+00   
0.00000000E+00   
0.00000000E+00   
0.00000000E+00   
0.00000000E+00   
0.00000000E+00   
0.00000000E+00   
0.00000000E+00   
0.00000000E+00   
0.00000000E+00   
0.00000000E+00   
0.00000000E+00   
0.00000000E+00   
0.00000000E+00   
0.00000000E+00   
0.00000000E+00   
0.00000000E+00   
0.00000000E+00   
0.00000000E+00   
0.00000000E+00   
0.00000000E+00   
0.00000000E+00   
0.00000000E+00   
0.00000000E+00   
0.00000000E+00   
0.00000000E+00   
0.00000000E+00   
0.00000000E+00   
0.00000000E+00   
0.00000000E+00   
0.00000000E+00   
0.00000000E+00   
0.00000000E+00   
0.00000000E+00   
0.00000000E+00   
0.00000000E+00   
0.00000000E+00   
0.00000000E+00   
0.00000000E+00   
0.00000000E+00   
0.00000000E+00   
0.00000000E+00   
0.00000000E+00   
0.00000000E+00   
0.00000000E+00   
0.00000000E+00   
0.00000000E+00   
0.00000000E+00   
0.00000000E+00   
0.00000000E+00   
0.00000000E+00   
0.00000000E+00   
0.00000000E+00   
0.00000000E+00   
0.00000000E+00   
0.00000000E+00   
0.00000000E+00   
0.00000000E+00   
0.00000000E+00   
0.00000000E+00   
0.00000000E+00   
0.00000000E+00   
0.00000000E+00   
0.00000000E+00   
0.00000000E+00   
0.00000000E+00   
0.00000000E+00   
0.00000000E+00   
0.00000000E+00   
0.00000000E+00   
0.00000000E+00   
0.00000000E+00   
0.00000000E+00   
0.00000000E+00   
0.00000000E+00   
0.00000000E+00   
0.00000000E+00   
0.00000000E+00   
0.00000000E+00   
0.00000000E+00   
0.00000000E+00   
0.00000000E+00   
0.00000000E+00   
0.00000000E+00   
0.00000000E+00   
0.00000000E+00   
0.00000000E+00   
0.00000000E+00   
0.00000000E+00   
0.00000000E+00   
0.00000000E+00   
0.00000000E+00   
0.00000000E+00   
0.00000000E+00   
0.00000000E+00   
0.00000000E+00   
0.00000000E+00   
0.00000000E+00   
0.00000000E+00   
0.00000000E+00   
0.00000000E+00   
0.00000000E+00   
0.00000000E+00   
0.00000000E+00   
0.00000000E+00   
0.00000000E+00   
0.00000000E+00   
0.00000000E+00   
0.00000000E+00   
0.00000000E+00   
0.00000000E+00   
0.00000000E+00   
0.00000000E+00   
0.00000000E+00   
0.00000000E+00   
0.00000000E+00   
0.00000000E+00   
0.00000000E+00   
0.00000000E+00   
0.00000000E+00   
0.00000000E+00   
0.00000000E+00   
0.00000000E+00   
0.00000000E+00   
0.00000000E+00   
0.00000000E+00   
0.00000000E+00   
0.00000000E+00   
0.00000000E+00   
0.00000000E+00   
0.00000000E+00   
0.00000000E+00   
0.00000000E+00   
0.00000000E+00   
0.00000000E+00   
0.00000000E+00   
0.00000000E+00   
0.00000000E+00   
0.00000000E+00   
0.00000000E+00   
0.00000000E+00   
0.00000000E+00   
0.00000000E+00   
0.00000000E+00   
0.00000000E+00   
0.00000000E+00   
0.00000000E+00   
0.00000000E+00   
0.00000000E+00   
0.00000000E+00   
0.00000000E+00   
0.00000000E+00   
0.00000000E+00   
0.00000000E+00   
0.00000000E+00   
0.00000000E+00   
0.00000000E+00   
0.00000000E+00   
0.00000000E+00   
0.00000000E+00   
0.00000000E+00   
0.00000000E+00   
0.00000000E+00   
0.00000000E+00   
0.00000000E+00   
0.00000000E+00   
0.00000000E+00   
0.00000000E+00   
0.00000000E+00   
0.00000000E+00   
0.00000000E+00   
0.00000000E+00   
0.00000000E+00   
0.00000000E+00   
0.00000000E+00   
0.00000000E+00   
0.00000000E+00   
0.00000000E+00   
0.00000000E+00   
0.00000000E+00   
0.00000000E+00   
0.00000000E+00   
0.00000000E+00   
0.00000000E+00   
0.00000000E+00   
0.00000000E+00   
0.00000000E+00   
0.00000000E+00   
0.00000000E+00   
0.00000000E+00   
0.00000000E+00   
0.00000000E+00   
0.00000000E+00   
0.00000000E+00   
0.00000000E+00   
0.00000000E+00   
0.00000000E+00   
0.00000000E+00   
0.00000000E+00   
0.00000000E+00   
0.00000000E+00   
0.00000000E+00   
0.00000000E+00   
0.00000000E+00   
0.00000000E+00   
0.00000000E+00   
0.00000000E+00   
0.00000000E+00   
0.00000000E+00   
0.00000000E+00   
0.00000000E+00   
0.00000000E+00   
0.00000000E+00   
0.00000000E+00   
0.00000000E+00   
0.00000000E+00   
0.00000000E+00   
0.00000000E+00   
0.00000000E+00   
0.00000000E+00   
0.00000000E+00   
0.00000000E+00   
0.00000000E+00   
0.00000000E+00   
0.00000000E+00   
0.00000000E+00   
0.00000000E+00   
0.00000000E+00   
0.00000000E+00   
0.00000000E+00   
0.00000000E+00   
0.00000000E+00   
0.00000000E+00   
0.00000000E+00   
0.00000000E+00   
0.00000000E+00   
0.00000000E+00   
0.00000000E+00   
0.00000000E+00   
0.00000000E+00   
0.00000000E+00   
0.00000000E+00   
0.00000000E+00   
0.00000000E+00   
0.00000000E+00   
0.00000000E+00   
0.00000000E+00   
0.00000000E+00   
0.00000000E+00   
0.00000000E+00   
0.00000000E+00   
0.00000000E+00   
0.00000000E+00   
0.00000000E+00   
0.00000000E+00   
0.00000000E+00   
0.00000000E+00   
0.00000000E+00   
0.00000000E+00   
0.00000000E+00   
0.00000000E+00   
0.00000000E+00   
0.00000000E+00   
0.00000000E+00   
0.00000000E+00   
0.00000000E+00   
0.00000000E+00   
0.00000000E+00   
0.00000000E+00   
0.00000000E+00   
0.00000000E+00   
0.00000000E+00   
0.00000000E+00   
0.00000000E+00   
0.00000000E+00   
0.00000000E+00   
0.00000000E+00   
0.00000000E+00   
0.00000000E+00   
0.00000000E+00   
0.00000000E+00   
0.00000000E+00   
0.00000000E+00   
0.00000000E+00   
0.00000000E+00   
0.00000000E+00   
0.00000000E+00   
0.00000000E+00   
0.00000000E+00   
0.00000000E+00   
0.00000000E+00   
0.00000000E+00   
0.00000000E+00   
0.00000000E+00   
0.00000000E+00   
0.00000000E+00   
0.00000000E+00   
0.00000000E+00   
0.00000000E+00   
0.00000000E+00   
0.00000000E+00   
0.00000000E+00   
0.00000000E+00   
0.00000000E+00   
0.00000000E+00   
0.00000000E+00   
0.00000000E+00   
0.00000000E+00   
0.00000000E+00   
0.00000000E+00   
0.00000000E+00   
0.00000000E+00   
0.00000000E+00   
0.00000000E+00   
0.00000000E+00   
0.00000000E+00   
0.00000000E+00   
0.00000000E+00   
0.00000000E+00   
0.00000000E+00   
0.00000000E+00   
0.00000000E+00   
0.00000000E+00   
0.00000000E+00   
0.00000000E+00   
0.00000000E+00   
0.00000000E+00   
0.00000000E+00   
0.00000000E+00   
0.00000000E+00   
0.00000000E+00   
0.00000000E+00   
0.00000000E+00   
0.00000000E+00   
0.00000000E+00   
0.00000000E+00   
0.00000000E+00   
0.00000000E+00   
0.00000000E+00   
0.00000000E+00   
0.00000000E+00   
0.00000000E+00   
0.00000000E+00   
0.00000000E+00   
0.00000000E+00   
0.00000000E+00   
0.00000000E+00   
0.00000000E+00   
0.00000000E+00   
0.00000000E+00   
0.00000000E+00   
0.00000000E+00   
0.00000000E+00   
0.00000000E+00   
0.00000000E+00   
0.00000000E+00   
0.00000000E+00   
0.00000000E+00   
0.00000000E+00   
0.00000000E+00   
0.00000000E+00   
0.00000000E+00   
0.00000000E+00   
0.00000000E+00   
0.00000000E+00   
0.00000000E+00   
0.00000000E+00   
0.00000000E+00   
0.00000000E+00   
0.00000000E+00   
0.00000000E+00   
0.00000000E+00   
0.00000000E+00   
0.00000000E+00   
0.00000000E+00   
0.00000000E+00   
0.00000000E+00   
0.00000000E+00   
0.00000000E+00   
0.00000000E+00   
0.00000000E+00   
0.00000000E+00   
0.00000000E+00   
0.00000000E+00   
0.00000000E+00   
0.00000000E+00   
0.00000000E+00   
0.00000000E+00   
0.00000000E+00   
0.00000000E+00   
0.00000000E+00   
0.00000000E+00   
0.00000000E+00   
0.00000000E+00   
0.00000000E+00   
0.00000000E+00   
0.00000000E+00   
0.00000000E+00   
0.00000000E+00   
0.00000000E+00   
0.00000000E+00   
0.00000000E+00   
0.00000000E+00   
0.00000000E+00   
0.00000000E+00   
0.00000000E+00   
0.00000000E+00   
0.00000000E+00   
0.00000000E+00   
0.00000000E+00   
0.00000000E+00   
0.00000000E+00   
0.00000000E+00   
0.00000000E+00   
0.00000000E+00   
0.00000000E+00   
0.00000000E+00   
0.00000000E+00   
0.00000000E+00   
0.00000000E+00   
0.00000000E+00   
0.00000000E+00   
0.00000000E+00   
0.00000000E+00   
0.00000000E+00   
0.00000000E+00   
0.00000000E+00   
0.00000000E+00   
0.00000000E+00   
0.00000000E+00   
0.00000000E+00   
0.00000000E+00   
0.00000000E+00   
0.00000000E+00   
0.00000000E+00   
0.00000000E+00   
0.00000000E+00   
0.00000000E+00   
0.00000000E+00   
0.00000000E+00   
0.00000000E+00   
0.00000000E+00   
0.00000000E+00   
0.00000000E+00   
0.00000000E+00   
0.00000000E+00   
0.00000000E+00   
0.00000000E+00   
0.00000000E+00   
0.00000000E+00   
0.00000000E+00   
0.00000000E+00   
0.00000000E+00   
0.00000000E+00   
0.00000000E+00   
0.00000000E+00   
0.00000000E+00   
0.00000000E+00   
0.00000000E+00   
0.00000000E+00   
0.00000000E+00   
0.00000000E+00   
0.00000000E+00   
0.00000000E+00   
0.00000000E+00   
0.00000000E+00   
0.00000000E+00   
0.00000000E+00   
0.00000000E+00   
0.00000000E+00   
0.00000000E+00   
0.00000000E+00   
0.00000000E+00   
0.00000000E+00   
0.00000000E+00   
0.00000000E+00   
0.00000000E+00   
0.00000000E+00   
0.00000000E+00   
0.00000000E+00   
0.00000000E+00   
0.00000000E+00   
0.00000000E+00   
0.00000000E+00   
0.00000000E+00   
0.00000000E+00   
0.00000000E+00   
0.00000000E+00   
0.00000000E+00   
0.00000000E+00   
0.00000000E+00   
0.00000000E+00   
0.00000000E+00   
0.00000000E+00   
0.00000000E+00   
0.00000000E+00   
0.00000000E+00   
0.00000000E+00   
0.00000000E+00   
0.00000000E+00   
0.00000000E+00   
0.00000000E+00   
0.00000000E+00   
0.00000000E+00   
0.00000000E+00   
0.00000000E+00   
0.00000000E+00   
0.00000000E+00   
0.00000000E+00   
0.00000000E+00   
0.00000000E+00   
0.00000000E+00   
0.00000000E+00   
0.00000000E+00   
0.00000000E+00   
0.00000000E+00   
0.00000000E+00   
0.00000000E+00   
0.00000000E+00   
0.00000000E+00   
0.00000000E+00   
0.00000000E+00   
0.00000000E+00   
0.00000000E+00   
0.00000000E+00   
0.00000000E+00   
0.00000000E+00   
0.00000000E+00   
0.00000000E+00   
0.00000000E+00   
0.00000000E+00   
0.00000000E+00   
0.00000000E+00   
0.00000000E+00   
0.00000000E+00   
0.00000000E+00   
0.00000000E+00   
0.00000000E+00   
0.00000000E+00   
0.00000000E+00   
0.00000000E+00   
0.00000000E+00   
0.00000000E+00   
0.00000000E+00   
0.00000000E+00   
0.00000000E+00   
0.00000000E+00   
0.00000000E+00   
0.00000000E+00   
0.00000000E+00   
0.00000000E+00   
0.00000000E+00   
0.00000000E+00   
0.00000000E+00   
0.00000000E+00   
0.00000000E+00   
0.00000000E+00   
0.00000000E+00   
0.00000000E+00   
0.00000000E+00   
0.00000000E+00   
0.00000000E+00   
0.00000000E+00   
0.00000000E+00   
0.00000000E+00   
0.00000000E+00   
0.00000000E+00   
0.00000000E+00   
0.00000000E+00   
0.00000000E+00   
0.00000000E+00   
0.00000000E+00   
0.00000000E+00   
0.00000000E+00   
0.00000000E+00   
0.00000000E+00   
0.00000000E+00   
0.00000000E+00   
0.00000000E+00   
0.00000000E+00   
0.00000000E+00   
0.00000000E+00   
0.00000000E+00   
0.00000000E+00   
0.00000000E+00   
0.00000000E+00   
0.00000000E+00   
0.00000000E+00   
0.00000000E+00   
0.00000000E+00   
0.00000000E+00   
0.00000000E+00   
0.00000000E+00   
0.00000000E+00   
0.00000000E+00   
0.00000000E+00   
0.00000000E+00   
0.00000000E+00   
0.00000000E+00   
0.00000000E+00   
0.00000000E+00   
0.00000000E+00   
0.00000000E+00   
0.00000000E+00   
0.00000000E+00   
0.00000000E+00   
0.00000000E+00   
0.00000000E+00   
0.00000000E+00   
0.00000000E+00   
0.00000000E+00   
0.00000000E+00   
0.00000000E+00   
0.00000000E+00   
0.00000000E+00   
0.00000000E+00   
0.00000000E+00   
0.00000000E+00   
0.00000000E+00   
0.00000000E+00   
0.00000000E+00   
0.00000000E+00   
0.00000000E+00   
!IDEND=

