!FILE=Disk 
!KIND=Spectrum 
!LABORATORY=Oslo Cyclotron Laboratory (OCL) 
!EXPERIMENT= oslo_method_python 
!COMMENT=Made by OMpy 
!TIME=DATE:08-Sep-20 09:57:10   
!CALIBRATION EkeV=6, 0.000000E+00, 2.000400E+00, 0.000000E+00 
!PRECISION=16 
!DIMENSION=1,0:4999 
!CHANNEL=(0:4999) 
1.54022004E+02   
2.76059612E+02   
3.06587417E+02   
3.45557812E+02   
3.29602621E+02   
3.59540208E+02   
3.91223245E+02   
4.26534207E+02   
4.62573415E+02   
4.29669834E+02   
4.53175635E+02   
4.80503001E+02   
4.96271254E+02   
5.10084017E+02   
4.95540208E+02   
5.00643029E+02   
5.40912683E+02   
6.09628226E+02   
6.77028706E+02   
6.68784757E+02   
6.62568114E+02   
7.00517804E+02   
7.05122825E+02   
7.60232346E+02   
8.25635827E+02   
9.04674135E+02   
9.52224745E+02   
1.04695749E+03   
1.10370564E+03   
1.15265833E+03   
1.17603381E+03   
1.26910362E+03   
1.34221224E+03   
1.41198070E+03   
1.52071044E+03   
1.55000000E+03   
1.58263603E+03   
1.67873675E+03   
1.66440078E+03   
1.70739058E+03   
1.79800690E+03   
1.77372444E+03   
1.76333857E+03   
1.85384997E+03   
1.96117103E+03   
1.98493199E+03   
1.95935767E+03   
2.02298910E+03   
2.08048270E+03   
2.08338378E+03   
1.97120054E+03   
2.06515053E+03   
2.05493909E+03   
2.09588168E+03   
2.10682296E+03   
2.08935017E+03   
2.13579456E+03   
2.14481206E+03   
2.07514733E+03   
2.03707301E+03   
2.12361962E+03   
2.15321574E+03   
2.19694289E+03   
2.09063733E+03   
2.13793089E+03   
2.12715543E+03   
2.16669894E+03   
2.11427485E+03   
2.10830416E+03   
2.12703601E+03   
2.01500940E+03   
2.08535857E+03   
2.09372394E+03   
2.08764573E+03   
2.05641368E+03   
2.06506471E+03   
2.09517083E+03   
2.00688928E+03   
2.03643319E+03   
2.02759692E+03   
2.02037788E+03   
1.95186307E+03   
2.06350280E+03   
2.05582336E+03   
2.00046819E+03   
2.04004441E+03   
2.08027606E+03   
2.05661752E+03   
2.08734037E+03   
2.09998600E+03   
2.04151260E+03   
1.97426005E+03   
1.99607261E+03   
2.02327455E+03   
2.03622855E+03   
2.04513013E+03   
1.93077425E+03   
1.92422575E+03   
1.89285497E+03   
1.90965283E+03   
1.80551260E+03   
1.83620844E+03   
1.88235347E+03   
1.77556931E+03   
1.82431216E+03   
1.82990448E+03   
1.78314173E+03   
1.71557451E+03   
1.68049450E+03   
1.67550410E+03   
1.70578926E+03   
1.64965893E+03   
1.73026355E+03   
1.63341568E+03   
1.59323015E+03   
1.64269014E+03   
1.60909912E+03   
1.58453111E+03   
1.64658222E+03   
1.57739498E+03   
1.60898610E+03   
1.63566793E+03   
1.65688638E+03   
1.71967083E+03   
1.75788748E+03   
1.67863933E+03   
1.66698010E+03   
1.67531346E+03   
1.65036297E+03   
1.63290758E+03   
1.61688518E+03   
1.65235817E+03   
1.63822044E+03   
1.57114243E+03   
1.58791188E+03   
1.64038298E+03   
1.60260762E+03   
1.54617674E+03   
1.56696139E+03   
1.51985827E+03   
1.54901420E+03   
1.52461822E+03   
1.50138518E+03   
1.44203741E+03   
1.47252290E+03   
1.42470804E+03   
1.42643709E+03   
1.40095789E+03   
1.36309942E+03   
1.40979006E+03   
1.40119094E+03   
1.35253551E+03   
1.44101700E+03   
1.32192028E+03   
1.38848930E+03   
1.32010792E+03   
1.29119314E+03   
1.28213163E+03   
1.32132757E+03   
1.29509082E+03   
1.27548060E+03   
1.28554391E+03   
1.19968054E+03   
1.15913803E+03   
1.12371934E+03   
1.18072685E+03   
1.19080626E+03   
1.18666263E+03   
1.11663213E+03   
1.12830596E+03   
1.10460842E+03   
1.08622755E+03   
1.02720644E+03   
1.03974765E+03   
1.03869914E+03   
9.95917183E+02   
9.73190738E+02   
9.16926785E+02   
9.41329066E+02   
9.97466593E+02   
9.37913583E+02   
9.18044809E+02   
8.99257552E+02   
9.61722144E+02   
9.39095019E+02   
9.50475295E+02   
9.00246949E+02   
9.28737748E+02   
8.68829166E+02   
8.95086717E+02   
8.59508802E+02   
8.05803761E+02   
8.55391878E+02   
8.64960992E+02   
8.55297660E+02   
8.52120924E+02   
8.07436087E+02   
8.40107622E+02   
7.55467794E+02   
8.52306061E+02   
8.76756651E+02   
7.97436787E+02   
8.03363673E+02   
8.01566313E+02   
7.67686137E+02   
7.42049310E+02   
7.64323665E+02   
7.97583817E+02   
7.36565813E+02   
7.65489898E+02   
7.69381376E+02   
7.64006001E+02   
7.96908282E+02   
7.63641928E+02   
7.65092418E+02   
7.13142428E+02   
7.43288158E+02   
7.55344769E+02   
7.41032106E+02   
7.07965593E+02   
6.70023205E+02   
7.33618624E+02   
6.83478296E+02   
6.71222545E+02   
6.65847469E+02   
7.05047009E+02   
6.72074215E+02   
7.15492899E+02   
6.91405481E+02   
6.64419084E+02   
6.45333767E+02   
6.45499700E+02   
6.64712342E+02   
6.29648030E+02   
6.47689938E+02   
6.22182837E+02   
6.88367173E+02   
6.40953991E+02   
6.28338568E+02   
6.22895879E+02   
6.33751250E+02   
5.88374475E+02   
6.06599120E+02   
6.21900180E+02   
6.06124025E+02   
6.31534707E+02   
5.88951990E+02   
5.75088318E+02   
5.93730946E+02   
5.74315963E+02   
5.71310562E+02   
5.43523905E+02   
5.43899080E+02   
4.63714773E+02   
4.42688538E+02   
4.42688538E+02   
4.42688538E+02   
4.42688538E+02   
4.11129636E+02   
3.53859972E+02   
3.39483697E+02   
3.25068414E+02   
3.30732847E+02   
3.18717243E+02   
3.26120224E+02   
3.23734447E+02   
3.35103521E+02   
3.21861772E+02   
3.15564313E+02   
3.37811262E+02   
3.09197439E+02   
3.03060012E+02   
3.18150230E+02   
2.98922685E+02   
3.25766053E+02   
2.82282857E+02   
3.14178236E+02   
3.13836367E+02   
3.06226545E+02   
3.00682637E+02   
3.17270054E+02   
2.79383477E+02   
2.83056811E+02   
2.89417884E+02   
2.88220144E+02   
2.89775955E+02   
2.71437788E+02   
2.98577816E+02   
2.75526705E+02   
3.02288858E+02   
2.71593119E+02   
2.85823165E+02   
2.86672635E+02   
3.00082517E+02   
2.99825565E+02   
2.43314163E+02   
2.80425285E+02   
2.77014003E+02   
2.50383177E+02   
2.47289658E+02   
2.64151930E+02   
2.77465293E+02   
2.59945989E+02   
2.52018604E+02   
2.66403181E+02   
2.44119824E+02   
2.42741348E+02   
2.48837968E+02   
2.62020004E+02   
2.56070414E+02   
2.68039008E+02   
2.32679036E+02   
2.41417984E+02   
2.57921084E+02   
2.24291458E+02   
2.39165333E+02   
2.31455191E+02   
2.25884477E+02   
2.27592118E+02   
2.72935087E+02   
2.47603621E+02   
2.26958492E+02   
2.31612623E+02   
2.12965693E+02   
2.24228846E+02   
2.25384877E+02   
2.41048010E+02   
2.27165433E+02   
2.39821964E+02   
2.45470194E+02   
2.23308862E+02   
2.37697740E+02   
2.33355971E+02   
2.37917584E+02   
2.37280156E+02   
2.22340368E+02   
2.12948690E+02   
2.33666333E+02   
2.13509102E+02   
2.35240148E+02   
2.11039408E+02   
2.24228546E+02   
2.31044409E+02   
2.34143829E+02   
2.21685437E+02   
2.49324465E+02   
2.26410182E+02   
1.93599520E+02   
2.00905881E+02   
2.06203441E+02   
2.03156131E+02   
1.78955091E+02   
1.94495999E+02   
2.08967093E+02   
2.14193039E+02   
2.19399380E+02   
1.91401780E+02   
1.87181836E+02   
1.91462292E+02   
1.84187437E+02   
2.10684237E+02   
1.87528006E+02   
1.93972695E+02   
1.97457091E+02   
1.70578916E+02   
1.99910582E+02   
1.78562012E+02   
1.83038908E+02   
1.89037908E+02   
1.69503601E+02   
1.72869674E+02   
1.79012503E+02   
1.81907181E+02   
1.69950790E+02   
1.91936187E+02   
1.86138228E+02   
1.80434687E+02   
1.89941788E+02   
1.86266553E+02   
1.55683837E+02   
1.71293559E+02   
1.70508102E+02   
1.81437988E+02   
1.75691438E+02   
1.55346469E+02   
1.71767654E+02   
1.62490898E+02   
1.50792959E+02   
1.49996299E+02   
1.61654531E+02   
1.81970194E+02   
1.61842368E+02   
1.68285857E+02   
1.62430786E+02   
1.74451690E+02   
1.63000700E+02   
1.50272154E+02   
1.57690638E+02   
1.76053711E+02   
1.68030806E+02   
1.61235447E+02   
1.66753751E+02   
1.63086317E+02   
1.41709142E+02   
1.37045709E+02   
1.54976795E+02   
1.68757952E+02   
1.31703141E+02   
1.51682136E+02   
1.65349170E+02   
1.57046609E+02   
1.54364973E+02   
1.63669734E+02   
1.62715843E+02   
1.61031206E+02   
1.45032507E+02   
1.65029806E+02   
1.40358772E+02   
1.56045509E+02   
1.65360772E+02   
1.62677536E+02   
1.43370374E+02   
1.48705341E+02   
1.64047409E+02   
1.58684037E+02   
1.55328866E+02   
1.66392278E+02   
1.31056611E+02   
1.53589818E+02   
1.34772955E+02   
1.54341068E+02   
1.37683137E+02   
1.44469194E+02   
1.51259452E+02   
1.27418684E+02   
1.58167433E+02   
1.74172535E+02   
1.48504001E+02   
1.59956291E+02   
1.53597419E+02   
1.52408382E+02   
1.36969394E+02   
1.41859372E+02   
1.41549110E+02   
1.28960592E+02   
1.30346969E+02   
1.23453891E+02   
1.48818364E+02   
1.32481596E+02   
1.39784057E+02   
1.38987297E+02   
1.43791258E+02   
1.34348570E+02   
1.40392078E+02   
1.45938988E+02   
1.41663133E+02   
1.19787257E+02   
1.49583317E+02   
1.32594519E+02   
1.48774455E+02   
1.14657532E+02   
1.30394479E+02   
1.44616523E+02   
1.47289858E+02   
1.22255751E+02   
1.31824465E+02   
1.40456791E+02   
1.28460792E+02   
1.19090918E+02   
1.22154831E+02   
1.16448790E+02   
1.20727245E+02   
1.32203941E+02   
1.35608222E+02   
1.41718644E+02   
1.44029206E+02   
1.17597720E+02   
1.39314463E+02   
1.28495299E+02   
1.41482797E+02   
1.26333367E+02   
1.21029506E+02   
1.42941788E+02   
1.14410882E+02   
1.14637127E+02   
1.34941288E+02   
1.13190638E+02   
1.40684737E+02   
1.34710942E+02   
1.22375775E+02   
1.54291758E+02   
1.49029206E+02   
1.12967694E+02   
1.19998400E+02   
1.34028006E+02   
1.26329766E+02   
1.45726245E+02   
1.24736647E+02   
1.11122725E+02   
1.22027205E+02   
1.29024005E+02   
1.16114723E+02   
1.22348970E+02   
1.22807361E+02   
1.26340568E+02   
1.41729846E+02   
1.31622725E+02   
1.34918084E+02   
1.05398480E+02   
1.17838168E+02   
1.12911682E+02   
1.13090718E+02   
1.11545609E+02   
1.14193139E+02   
1.16851670E+02   
1.16253751E+02   
1.16257852E+02   
1.14364073E+02   
1.07676735E+02   
1.12390978E+02   
1.05856971E+02   
1.16482396E+02   
1.19150730E+02   
1.10802060E+02   
1.08149130E+02   
1.22674435E+02   
1.10209742E+02   
1.09843869E+02   
1.32161132E+02   
1.20503001E+02   
1.08869374E+02   
1.18159932E+02   
1.13179736E+02   
1.13726345E+02   
1.13594319E+02   
1.10877876E+02   
1.15452390E+02   
1.29604121E+02   
1.10719544E+02   
1.17315463E+02   
1.29036507E+02   
1.13142529E+02   
9.68700740E+01   
1.02715343E+02   
1.05631726E+02   
9.12487497E+01   
1.14857071E+02   
1.15209042E+02   
1.14933087E+02   
1.05665633E+02   
1.11220844E+02   
1.02184337E+02   
1.13813163E+02   
1.03462492E+02   
1.20404381E+02   
1.15803161E+02   
9.88536707E+01   
1.19143029E+02   
1.02174335E+02   
1.18982296E+02   
1.10197139E+02   
1.08779156E+02   
1.18646829E+02   
1.05769154E+02   
1.17084817E+02   
1.07216843E+02   
1.02397279E+02   
1.14649930E+02   
9.92961592E+01   
1.00744749E+02   
9.92039408E+01   
1.12934987E+02   
1.04292959E+02   
1.14374375E+02   
1.02588218E+02   
1.03181236E+02   
9.77506501E+01   
1.04944589E+02   
1.12633327E+02   
1.13606221E+02   
9.84329866E+01   
9.26828366E+01   
1.08691138E+02   
1.13352070E+02   
8.56831366E+01   
1.13968294E+02   
1.09678736E+02   
1.20431486E+02   
1.21288158E+02   
1.10645829E+02   
1.05093119E+02   
1.08594019E+02   
9.83893779E+01   
9.94438888E+01   
9.75945189E+01   
9.79721944E+01   
1.09100520E+02   
1.09723945E+02   
9.52801560E+01   
8.99785957E+01   
7.86573315E+01   
1.09309462E+02   
1.02318764E+02   
1.10022004E+02   
9.63453691E+01   
1.10214143E+02   
1.06734447E+02   
9.98496699E+01   
1.02966393E+02   
9.13273655E+01   
9.62511502E+01   
1.07721444E+02   
1.02807862E+02   
9.03295659E+01   
1.02932186E+02   
1.06545709E+02   
1.02754051E+02   
1.09275755E+02   
8.62953591E+01   
1.10245149E+02   
9.68134627E+01   
1.03232947E+02   
1.00787457E+02   
1.07513903E+02   
9.77706541E+01   
1.02271554E+02   
1.02265953E+02   
1.07525505E+02   
1.21270154E+02   
1.01013803E+02   
8.44970994E+01   
1.05573915E+02   
1.10024405E+02   
1.04489898E+02   
9.35127025E+01   
1.00773855E+02   
1.05830466E+02   
1.06270154E+02   
1.14802060E+02   
1.03177335E+02   
1.07801260E+02   
9.70486097E+01   
1.19051810E+02   
9.86634327E+01   
8.93241648E+01   
1.00164733E+02   
1.06844669E+02   
1.03984197E+02   
9.07782557E+01   
1.05338168E+02   
9.36182236E+01   
9.79470894E+01   
1.06217544E+02   
9.36448290E+01   
9.63019604E+01   
8.67798560E+01   
1.05780656E+02   
9.54922985E+01   
8.34906981E+01   
1.01308362E+02   
1.00896279E+02   
1.03727646E+02   
1.08255351E+02   
9.87854571E+01   
1.01552110E+02   
9.90599120E+01   
9.13494699E+01   
8.52848570E+01   
1.01460392E+02   
9.61835367E+01   
1.14935087E+02   
1.01576715E+02   
8.74743949E+01   
7.94773955E+01   
8.46404281E+01   
1.03399280E+02   
9.43303661E+01   
7.74774955E+01   
9.94189838E+01   
1.04740148E+02   
1.00263753E+02   
9.76968394E+01   
9.02012402E+01   
9.73387678E+01   
9.87934587E+01   
9.08259652E+01   
8.57914583E+01   
9.54425885E+01   
1.00244549E+02   
9.64678936E+01   
9.47950590E+01   
8.67958592E+01   
9.60261052E+01   
1.03787658E+02   
9.44671934E+01   
9.80192038E+01   
1.01568614E+02   
9.60279056E+01   
9.38870774E+01   
9.77126425E+01   
8.97787558E+01   
7.14303861E+01   
9.61964393E+01   
1.05803461E+02   
9.85494099E+01   
1.05624425E+02   
8.52402480E+01   
1.00712743E+02   
7.06664333E+01   
9.33411682E+01   
8.53372675E+01   
1.04999600E+02   
9.50947189E+01   
1.02374375E+02   
1.06019204E+02   
9.68054611E+01   
1.00872975E+02   
9.22309462E+01   
1.06129126E+02   
1.08996799E+02   
9.66920384E+01   
8.70978196E+01   
8.63831766E+01   
8.39644929E+01   
7.87003401E+01   
1.03660132E+02   
9.29531906E+01   
9.11810362E+01   
8.72696539E+01   
9.65183037E+01   
8.62285457E+01   
1.01776355E+02   
1.06713043E+02   
9.58110622E+01   
8.48425685E+01   
9.33991798E+01   
8.92496499E+01   
9.34003801E+01   
9.49936987E+01   
9.42225445E+01   
9.38516703E+01   
1.06947590E+02   
9.38635727E+01   
9.58015603E+01   
9.24020804E+01   
1.04820664E+02   
1.05029506E+02   
9.46189238E+01   
9.64280856E+01   
8.62169434E+01   
1.13421084E+02   
9.18143629E+01   
8.48137628E+01   
9.76266253E+01   
1.01821064E+02   
9.78331666E+01   
1.03811362E+02   
9.09897980E+01   
8.72475495E+01   
9.26084217E+01   
9.66273255E+01   
1.03410282E+02   
9.47732547E+01   
1.01902581E+02   
9.27688538E+01   
8.87929586E+01   
1.17796259E+02   
8.34294859E+01   
1.00090618E+02   
8.41728346E+01   
7.95928186E+01   
8.91030206E+01   
8.66935387E+01   
1.02585117E+02   
1.09543109E+02   
8.25367073E+01   
8.96369274E+01   
7.39057812E+01   
8.95614123E+01   
8.74531906E+01   
9.14555911E+01   
9.39566913E+01   
8.70180036E+01   
1.03406481E+02   
8.91879376E+01   
1.12559112E+02   
9.51038208E+01   
9.83531706E+01   
9.87593519E+01   
8.21244249E+01   
1.02077415E+02   
9.64069814E+01   
1.05286657E+02   
8.95676135E+01   
7.91116223E+01   
9.27433487E+01   
1.09569414E+02   
9.56508302E+01   
8.51993399E+01   
9.46581316E+01   
8.64799960E+01   
9.00691138E+01   
9.31506301E+01   
8.90912182E+01   
9.73050610E+01   
8.95524105E+01   
8.08406681E+01   
8.87261452E+01   
8.45464093E+01   
9.11917383E+01   
9.26637327E+01   
8.05420084E+01   
7.83646729E+01   
1.01745049E+02   
9.41933387E+01   
8.05400080E+01   
9.89775955E+01   
8.35764153E+01   
9.33262653E+01   
8.01901380E+01   
7.65328066E+01   
9.05024005E+01   
8.90432086E+01   
9.73098620E+01   
8.38906781E+01   
9.13174635E+01   
9.20188038E+01   
9.31877375E+01   
8.35464093E+01   
7.54903981E+01   
8.45216043E+01   
9.90172034E+01   
1.00850270E+02   
8.50176035E+01   
1.05688538E+02   
9.78550710E+01   
9.00132026E+01   
7.93382677E+01   
8.65476095E+01   
1.01842268E+02   
1.01727345E+02   
9.82718544E+01   
8.47337467E+01   
8.41333267E+01   
9.45288058E+01   
8.95608122E+01   
8.99559912E+01   
9.32449490E+01   
8.78958792E+01   
9.09047810E+01   
9.31333267E+01   
8.31004201E+01   
9.46529306E+01   
9.64302861E+01   
7.76521304E+01   
9.59674935E+01   
7.73271654E+01   
8.77009402E+01   
6.91721344E+01   
8.46100220E+01   
7.51990398E+01   
8.24598920E+01   
9.12425485E+01   
1.03328266E+02   
1.06785357E+02   
8.53275655E+01   
8.90956191E+01   
8.77826565E+01   
8.77109422E+01   
7.08423685E+01   
7.09498900E+01   
9.10148030E+01   
9.89582917E+01   
1.04963893E+02   
7.75217043E+01   
8.74174835E+01   
9.54206841E+01   
9.72324465E+01   
7.53317664E+01   
8.89758952E+01   
9.08678736E+01   
8.07213443E+01   
8.79882977E+01   
1.01045309E+02   
9.78477696E+01   
9.80401080E+01   
8.24358872E+01   
1.15294159E+02   
8.83215643E+01   
1.08855271E+02   
9.47418484E+01   
8.91645329E+01   
1.00021804E+02   
7.44450890E+01   
8.24380876E+01   
9.11703341E+01   
8.91593319E+01   
9.58901780E+01   
5.92366473E+01   
1.01824065E+02   
8.93989798E+01   
9.00168034E+01   
8.07389478E+01   
8.48790758E+01   
9.46036207E+01   
1.00881476E+02   
1.06371674E+02   
1.01530606E+02   
1.02337367E+02   
8.89277856E+01   
8.49305861E+01   
8.94255851E+01   
9.41533307E+01   
8.12287457E+01   
8.62096419E+01   
9.46156231E+01   
8.83513703E+01   
9.60200040E+01   
8.26826365E+01   
9.12641528E+01   
9.54545909E+01   
8.26786357E+01   
8.84127826E+01   
1.06757752E+02   
1.07238848E+02   
9.52273455E+01   
7.94632927E+01   
8.43092619E+01   
7.90442088E+01   
9.47065413E+01   
8.95091018E+01   
8.01861372E+01   
8.37609522E+01   
8.76238248E+01   
8.85335067E+01   
9.75123025E+01   
8.57661532E+01   
7.08920784E+01   
9.50186037E+01   
8.62662533E+01   
9.55121024E+01   
8.64123825E+01   
8.43729746E+01   
8.75065013E+01   
8.82820564E+01   
9.44085817E+01   
9.88978796E+01   
8.68986797E+01   
8.27073415E+01   
8.91735347E+01   
8.86580316E+01   
8.98990798E+01   
8.26134227E+01   
1.00068614E+02   
9.67287457E+01   
8.63707742E+01   
8.26085217E+01   
9.97227445E+01   
9.74848970E+01   
9.13204641E+01   
8.88296659E+01   
9.15555111E+01   
8.27079416E+01   
1.09840068E+02   
8.67354471E+01   
9.49038808E+01   
9.50180036E+01   
8.23567714E+01   
8.02418484E+01   
1.01222044E+02   
9.34747950E+01   
8.03511702E+01   
1.05019404E+02   
8.40126025E+01   
9.46945389E+01   
9.78013603E+01   
9.50987197E+01   
9.03801760E+01   
9.15859172E+01   
8.16703341E+01   
8.89886977E+01   
7.99082817E+01   
9.67329466E+01   
8.68077616E+01   
9.69766953E+01   
8.60180036E+01   
1.02175435E+02   
9.43359672E+01   
9.66019204E+01   
9.31257251E+01   
9.36435287E+01   
1.02122124E+02   
9.78125625E+01   
1.02609122E+02   
1.08305961E+02   
8.22614523E+01   
8.71029206E+01   
7.87248450E+01   
1.07507802E+02   
8.94220844E+01   
7.23135627E+01   
8.54284857E+01   
8.58125625E+01   
8.59194839E+01   
9.50184037E+01   
8.94092819E+01   
8.07248450E+01   
8.49871974E+01   
9.17940588E+01   
8.80805161E+01   
1.00253051E+02   
9.94032807E+01   
1.06115323E+02   
9.85871174E+01   
1.00770554E+02   
9.41400280E+01   
9.56756351E+01   
8.92054411E+01   
9.84636927E+01   
9.52054411E+01   
9.01121224E+01   
7.72984597E+01   
9.35597119E+01   
9.25639128E+01   
1.03189938E+02   
9.31160232E+01   
7.91240248E+01   
1.01932286E+02   
8.47297459E+01   
1.13079816E+02   
9.63429686E+01   
9.26324265E+01   
9.42361472E+01   
1.10454591E+02   
9.85367073E+01   
9.26747349E+01   
9.61898380E+01   
9.03580716E+01   
8.71013203E+01   
9.43434687E+01   
8.92707542E+01   
8.97684537E+01   
9.41854371E+01   
8.99264853E+01   
9.38501700E+01   
9.32797560E+01   
1.11774855E+02   
1.02262753E+02   
9.53408682E+01   
1.05536507E+02   
9.94181836E+01   
8.50176035E+01   
9.02543509E+01   
1.14603121E+02   
8.46640328E+01   
1.09004901E+02   
1.00561612E+02   
9.60946189E+01   
1.00098920E+02   
1.00783157E+02   
8.89422885E+01   
1.13114623E+02   
8.30720144E+01   
9.90489098E+01   
6.83568714E+01   
8.81310262E+01   
9.80204041E+01   
9.36037207E+01   
1.06711942E+02   
9.06109222E+01   
9.18721744E+01   
1.00946689E+02   
1.00164233E+02   
9.98805761E+01   
1.04232747E+02   
9.80909182E+01   
9.16446289E+01   
9.00861172E+01   
9.08797760E+01   
1.07132126E+02   
8.89707942E+01   
9.98152631E+01   
9.67507502E+01   
9.48869774E+01   
9.25497099E+01   
9.78204641E+01   
9.32147429E+01   
9.29526905E+01   
9.22760552E+01   
9.93752751E+01   
1.14084117E+02   
9.75265053E+01   
1.02205541E+02   
7.95155031E+01   
8.28324665E+01   
1.03328566E+02   
1.04018004E+02   
8.17134427E+01   
9.48384677E+01   
9.71633327E+01   
9.79984997E+01   
8.56135227E+01   
1.06309462E+02   
9.62552511E+01   
1.05077716E+02   
9.21346269E+01   
1.09273355E+02   
1.19194339E+02   
7.82091418E+01   
8.51723345E+01   
9.80757151E+01   
9.45771154E+01   
1.07462092E+02   
1.05529006E+02   
9.54019804E+01   
9.81278256E+01   
9.01262252E+01   
1.06912983E+02   
8.91246249E+01   
1.00758252E+02   
8.27964593E+01   
9.02451490E+01   
1.02377175E+02   
9.21190238E+01   
1.12015003E+02   
9.00691138E+01   
1.08214043E+02   
7.90641128E+01   
1.03996099E+02   
1.00408082E+02   
8.98768754E+01   
1.01973895E+02   
1.09021604E+02   
9.39517904E+01   
9.41836367E+01   
8.24321864E+01   
9.99265853E+01   
1.07568914E+02   
1.27532406E+02   
9.49967994E+01   
1.22187137E+02   
1.01631526E+02   
1.06933787E+02   
1.04062913E+02   
9.52305461E+01   
9.97260452E+01   
8.45578116E+01   
9.00565113E+01   
1.06448090E+02   
9.01411282E+01   
9.79798960E+01   
8.43737748E+01   
8.99385877E+01   
9.97476495E+01   
1.02943789E+02   
9.46995399E+01   
8.93420684E+01   
7.65006001E+01   
1.07394979E+02   
8.46001200E+01   
9.57660532E+01   
1.03771654E+02   
1.14091418E+02   
1.03124325E+02   
8.64629926E+01   
8.96773355E+01   
8.41183237E+01   
1.06391978E+02   
9.95774155E+01   
9.22106421E+01   
1.02444889E+02   
1.01304561E+02   
1.09235547E+02   
9.08028606E+01   
9.09288858E+01   
9.52283457E+01   
8.60176035E+01   
8.21621324E+01   
9.67590518E+01   
9.40473095E+01   
8.81573315E+01   
1.12880276E+02   
8.90995199E+01   
1.02805561E+02   
9.70208042E+01   
8.13292659E+01   
1.05636427E+02   
9.03208642E+01   
9.58946789E+01   
8.70433087E+01   
7.99950990E+01   
1.13646329E+02   
1.00414983E+02   
1.07793759E+02   
1.12956491E+02   
1.18937187E+02   
1.11323865E+02   
1.15040908E+02   
1.03978596E+02   
1.12060612E+02   
1.03999900E+02   
8.21937387E+01   
1.03562713E+02   
1.05359072E+02   
1.12946389E+02   
1.07931886E+02   
8.91262252E+01   
1.12817163E+02   
1.01239348E+02   
1.02035707E+02   
1.03924985E+02   
1.15006301E+02   
1.01932587E+02   
9.84449890E+01   
1.15603821E+02   
1.11024405E+02   
1.06011102E+02   
1.02231246E+02   
1.00905881E+02   
1.07070414E+02   
1.07950190E+02   
1.29887177E+02   
9.32347469E+01   
1.13020004E+02   
8.80503101E+01   
9.79702941E+01   
1.06983597E+02   
9.71025205E+01   
7.80868174E+01   
1.21829266E+02   
9.21865373E+01   
9.19944989E+01   
9.89830966E+01   
8.90846169E+01   
1.01985097E+02   
9.90005001E+01   
9.20188038E+01   
1.04994299E+02   
1.06047810E+02   
1.05993799E+02   
9.10171034E+01   
1.05017904E+02   
1.00012903E+02   
9.00728146E+01   
1.13972795E+02   
9.60432086E+01   
9.10232046E+01   
8.30191038E+01   
9.90112022E+01   
1.01018704E+02   
8.40175035E+01   
9.50344069E+01   
1.12020604E+02   
1.09009802E+02   
9.60189038E+01   
1.05025005E+02   
9.20617123E+01   
1.24977596E+02   
1.01045309E+02   
1.09945589E+02   
9.00930186E+01   
1.03999300E+02   
1.19015703E+02   
9.60369074E+01   
1.02051110E+02   
1.27954291E+02   
1.05938788E+02   
8.81351270E+01   
1.06908682E+02   
8.31653331E+01   
1.21956391E+02   
1.08071814E+02   
1.15994699E+02   
1.05020804E+02   
1.05129726E+02   
1.21942789E+02   
1.07075515E+02   
1.05057311E+02   
1.16967694E+02   
1.19927986E+02   
1.00044609E+02   
1.13906481E+02   
9.92399480E+01   
1.28861972E+02   
9.31860372E+01   
1.06938188E+02   
1.13962793E+02   
9.30351070E+01   
9.80824165E+01   
1.06165133E+02   
1.14732146E+02   
9.13524705E+01   
1.13957992E+02   
1.18867273E+02   
1.05074915E+02   
1.17930886E+02   
1.14020404E+02   
1.08943989E+02   
9.59797960E+01   
1.00037908E+02   
1.02363573E+02   
1.06921684E+02   
1.07403081E+02   
1.20578816E+02   
1.07890578E+02   
1.06019604E+02   
9.51558312E+01   
9.79526905E+01   
9.83263653E+01   
1.19667433E+02   
9.80443089E+01   
1.17415683E+02   
1.26926385E+02   
1.09617123E+02   
1.00096519E+02   
1.14414583E+02   
1.20598720E+02   
9.42364473E+01   
1.02912783E+02   
1.14077015E+02   
1.08965393E+02   
1.25078616E+02   
1.06439888E+02   
8.68696739E+01   
1.14756451E+02   
1.00325065E+02   
1.16688238E+02   
1.20990498E+02   
1.10052711E+02   
1.01308762E+02   
1.12605221E+02   
1.04562112E+02   
1.04742749E+02   
1.21487097E+02   
1.13762753E+02   
1.27094219E+02   
1.11609922E+02   
1.10337568E+02   
1.21847670E+02   
1.18628226E+02   
9.93455691E+01   
1.14655331E+02   
1.10834767E+02   
1.25389578E+02   
9.52857572E+01   
1.19716743E+02   
9.19038808E+01   
1.05940588E+02   
9.77291458E+01   
1.08745849E+02   
1.04143329E+02   
1.13942188E+02   
1.07241748E+02   
1.03181236E+02   
1.02687337E+02   
1.21557812E+02   
1.00890678E+02   
9.86642328E+01   
1.22936587E+02   
1.14671534E+02   
8.60830166E+01   
1.24537407E+02   
1.15348170E+02   
9.51098220E+01   
1.12019604E+02   
1.18621624E+02   
1.25351770E+02   
1.28179636E+02   
1.08352971E+02   
1.16071114E+02   
1.28168534E+02   
1.24976095E+02   
1.17778856E+02   
1.14319464E+02   
1.13675435E+02   
1.24921384E+02   
1.11514103E+02   
8.92727546E+01   
1.15379776E+02   
1.22385377E+02   
1.20338668E+02   
1.22763653E+02   
1.25972094E+02   
1.16650230E+02   
1.17237648E+02   
1.15860672E+02   
1.21967694E+02   
1.37415783E+02   
1.09516403E+02   
1.36189738E+02   
1.02853471E+02   
1.02701740E+02   
1.23569114E+02   
1.23885477E+02   
1.18144629E+02   
1.41688438E+02   
1.08137828E+02   
1.19085217E+02   
1.39433287E+02   
1.30545109E+02   
1.16262452E+02   
1.21629926E+02   
1.11987898E+02   
1.09327566E+02   
1.13393479E+02   
1.27650530E+02   
1.03210142E+02   
1.20275655E+02   
1.16770754E+02   
1.14470594E+02   
1.18382877E+02   
1.12345569E+02   
1.31763553E+02   
1.19415483E+02   
1.25288458E+02   
1.18164333E+02   
1.13154631E+02   
1.30760252E+02   
1.15688838E+02   
1.26073615E+02   
1.05360372E+02   
1.11089518E+02   
1.06057912E+02   
1.28235747E+02   
1.31700040E+02   
1.05934887E+02   
1.21248150E+02   
1.15732747E+02   
1.12739548E+02   
1.08239748E+02   
1.22289658E+02   
1.05815463E+02   
1.14531806E+02   
1.00096319E+02   
1.12614523E+02   
1.16580516E+02   
1.09920584E+02   
1.46803461E+02   
1.37045909E+02   
1.19187337E+02   
1.05154831E+02   
1.32341468E+02   
1.15254251E+02   
1.16251650E+02   
1.20022805E+02   
1.12179436E+02   
1.17259752E+02   
1.13183037E+02   
1.14343669E+02   
1.37107121E+02   
1.32224445E+02   
1.24265753E+02   
1.07700340E+02   
1.15267754E+02   
1.19515903E+02   
1.22709742E+02   
1.18103121E+02   
1.18685737E+02   
1.15525105E+02   
1.26935487E+02   
1.24285957E+02   
1.35349470E+02   
1.32960292E+02   
1.35258752E+02   
1.22938888E+02   
1.24542308E+02   
1.16807261E+02   
1.21897880E+02   
1.17237548E+02   
1.17724945E+02   
1.13583217E+02   
1.21909982E+02   
1.34581216E+02   
1.19024805E+02   
1.27765953E+02   
1.20561112E+02   
1.07838068E+02   
1.19480796E+02   
1.33027205E+02   
1.29475695E+02   
1.27117123E+02   
1.26839768E+02   
1.14651930E+02   
1.15332066E+02   
1.46498000E+02   
1.35049710E+02   
1.16685037E+02   
1.44073615E+02   
1.32020804E+02   
1.07404481E+02   
1.20215043E+02   
1.16957592E+02   
1.44574415E+02   
1.29805361E+02   
1.20126325E+02   
1.33225445E+02   
1.32364173E+02   
1.09010002E+02   
1.15221844E+02   
1.24922084E+02   
1.54924485E+02   
1.10936487E+02   
1.29333767E+02   
1.39001200E+02   
1.32023605E+02   
1.03023605E+02   
1.28612723E+02   
1.15125125E+02   
1.20264653E+02   
1.10715443E+02   
1.23338968E+02   
1.22770554E+02   
1.13704341E+02   
1.41234947E+02   
1.20704241E+02   
1.20658732E+02   
1.20197139E+02   
1.45956391E+02   
1.15163433E+02   
1.09991698E+02   
1.48782256E+02   
1.32114023E+02   
1.36467293E+02   
1.45280056E+02   
1.40816863E+02   
1.13235147E+02   
1.24465393E+02   
1.36475495E+02   
1.25583217E+02   
1.38027606E+02   
1.19465993E+02   
1.26236547E+02   
1.24135927E+02   
1.19293659E+02   
1.47347670E+02   
1.34800160E+02   
1.25110222E+02   
1.20406281E+02   
1.36029606E+02   
1.43420684E+02   
1.34056911E+02   
1.47727946E+02   
1.40741648E+02   
1.31143129E+02   
1.26143929E+02   
1.39618024E+02   
1.40010102E+02   
1.22714443E+02   
1.60241148E+02   
1.25308462E+02   
1.27266253E+02   
1.37129026E+02   
9.98026605E+01   
1.42241248E+02   
1.34639628E+02   
1.63053411E+02   
1.42169734E+02   
1.24548510E+02   
1.15985797E+02   
1.51295859E+02   
1.30527906E+02   
1.33397780E+02   
1.30150930E+02   
1.52404981E+02   
1.45659232E+02   
1.52642028E+02   
1.35520304E+02   
1.39534107E+02   
1.33557512E+02   
1.40904081E+02   
1.59673235E+02   
1.57389978E+02   
1.37061712E+02   
1.36706241E+02   
1.49716643E+02   
1.59644329E+02   
1.25806761E+02   
1.33024805E+02   
1.17471594E+02   
1.36348470E+02   
1.57445289E+02   
1.37293859E+02   
1.31827966E+02   
1.38562813E+02   
1.40955791E+02   
1.44770254E+02   
1.56894479E+02   
1.39028806E+02   
1.38028806E+02   
1.34252150E+02   
1.51260152E+02   
1.52574115E+02   
1.34577315E+02   
1.52580516E+02   
1.38170034E+02   
1.13925685E+02   
1.49722845E+02   
1.33309462E+02   
1.60334367E+02   
1.41630726E+02   
1.46867974E+02   
1.54857872E+02   
1.56904581E+02   
1.55747349E+02   
1.33603821E+02   
1.37174435E+02   
1.30738748E+02   
1.52599520E+02   
1.25749150E+02   
1.58455891E+02   
1.53617624E+02   
1.41705641E+02   
1.41492398E+02   
1.55431186E+02   
1.65319464E+02   
1.51808662E+02   
1.47367774E+02   
1.39674335E+02   
1.62738148E+02   
1.57144829E+02   
1.50140028E+02   
1.44002200E+02   
1.57886477E+02   
1.63334267E+02   
1.70437688E+02   
1.48483997E+02   
1.64568814E+02   
1.61235447E+02   
1.53423485E+02   
1.53851170E+02   
1.55271154E+02   
1.67488998E+02   
1.54869574E+02   
1.58194439E+02   
1.56263453E+02   
1.61257251E+02   
1.49420584E+02   
1.57427786E+02   
1.52546709E+02   
1.43652531E+02   
1.65281056E+02   
1.66212442E+02   
1.34383377E+02   
1.43395379E+02   
1.76511502E+02   
1.67140328E+02   
1.61558612E+02   
1.60010102E+02   
1.34259452E+02   
1.56151130E+02   
1.60317063E+02   
1.77180036E+02   
1.57672535E+02   
1.49260252E+02   
1.70770554E+02   
1.70194339E+02   
1.65428686E+02   
1.39494199E+02   
1.76501400E+02   
1.64738148E+02   
1.35534607E+02   
1.43014803E+02   
1.50515003E+02   
1.47039208E+02   
1.61366273E+02   
1.59022404E+02   
1.84201940E+02   
1.72365073E+02   
1.89037207E+02   
1.55034407E+02   
1.72361072E+02   
1.64032807E+02   
1.85371074E+02   
1.58694539E+02   
1.70542609E+02   
1.64501000E+02   
1.47518204E+02   
1.49002400E+02   
1.56942889E+02   
1.63282657E+02   
1.28095219E+02   
1.61650130E+02   
1.55010902E+02   
1.76996799E+02   
1.66296259E+02   
1.59297960E+02   
1.87367373E+02   
1.61305161E+02   
1.57980396E+02   
1.75790558E+02   
1.71153531E+02   
1.57856471E+02   
1.58387077E+02   
1.80856071E+02   
1.67855271E+02   
1.58924485E+02   
1.71822164E+02   
1.78143129E+02   
1.83882376E+02   
1.68430086E+02   
1.92978296E+02   
1.86687638E+02   
1.64488598E+02   
1.66938488E+02   
1.84396679E+02   
1.68309962E+02   
1.79498300E+02   
1.81574515E+02   
1.85099820E+02   
1.65421184E+02   
1.74219544E+02   
1.85666133E+02   
1.69034807E+02   
1.72993899E+02   
1.67331966E+02   
1.73778556E+02   
1.76034807E+02   
1.62783357E+02   
1.77036407E+02   
1.65653531E+02   
1.59809362E+02   
2.04513903E+02   
1.67277455E+02   
1.85757952E+02   
1.59345869E+02   
1.75945089E+02   
1.73225145E+02   
1.69181636E+02   
1.95037207E+02   
1.85188838E+02   
1.83654931E+02   
1.87846069E+02   
1.93845269E+02   
1.97328466E+02   
1.72226345E+02   
1.71255451E+02   
1.90341768E+02   
2.02525505E+02   
1.64354971E+02   
2.03037608E+02   
1.89982697E+02   
2.02272955E+02   
1.85222845E+02   
1.86844869E+02   
1.95093519E+02   
1.89618724E+02   
1.97215043E+02   
2.00457091E+02   
1.87034407E+02   
1.76634227E+02   
1.84039008E+02   
1.91221844E+02   
1.75041408E+02   
1.76630926E+02   
1.84475895E+02   
1.95030306E+02   
1.86418084E+02   
1.87630526E+02   
1.89478496E+02   
2.11428986E+02   
1.83404881E+02   
1.77784257E+02   
1.72365673E+02   
2.03192539E+02   
2.01155631E+02   
1.74985397E+02   
1.88629326E+02   
2.12420584E+02   
1.98455891E+02   
1.89586017E+02   
1.96622124E+02   
1.91324365E+02   
1.77633927E+02   
1.86688938E+02   
1.98234047E+02   
2.09415683E+02   
1.87088118E+02   
1.91781256E+02   
2.00195439E+02   
1.90284757E+02   
1.91308862E+02   
2.10049510E+02   
2.25645129E+02   
2.25645129E+02   
2.25645129E+02   
2.25645129E+02   
2.29553451E+02   
2.70128126E+02   
2.79580816E+02   
2.98983097E+02   
2.86546409E+02   
2.94506401E+02   
2.73478196E+02   
2.90578916E+02   
2.84271154E+02   
2.92088518E+02   
2.55862372E+02   
3.02867373E+02   
2.63981196E+02   
2.85767754E+02   
2.92957892E+02   
2.89953891E+02   
2.67603621E+02   
2.82735247E+02   
2.84493799E+02   
2.92500400E+02   
3.02613223E+02   
2.88717944E+02   
3.05501500E+02   
2.90893279E+02   
3.14319764E+02   
3.11717644E+02   
3.08515303E+02   
2.88821964E+02   
3.31870874E+02   
2.78453591E+02   
2.83715543E+02   
3.10186137E+02   
3.18513103E+02   
2.91703141E+02   
2.99180536E+02   
2.68199340E+02   
2.89036507E+02   
3.31308262E+02   
3.02747850E+02   
3.04205441E+02   
3.20604621E+02   
3.26061012E+02   
2.89607421E+02   
3.20266153E+02   
2.78075315E+02   
2.83740648E+02   
3.35643429E+02   
3.14694039E+02   
3.14712442E+02   
3.22790358E+02   
3.26239348E+02   
3.32894379E+02   
3.31885377E+02   
2.94816563E+02   
3.14674135E+02   
3.47777856E+02   
3.07037307E+02   
3.10050510E+02   
3.22552511E+02   
3.11961192E+02   
2.82580116E+02   
3.20404881E+02   
3.18739248E+02   
3.11825265E+02   
3.27026205E+02   
3.47955391E+02   
3.28801360E+02   
2.99268554E+02   
3.00692038E+02   
3.48976995E+02   
3.39403381E+02   
3.28935687E+02   
3.23151130E+02   
3.49340568E+02   
3.22650330E+02   
3.34450090E+02   
3.75249050E+02   
3.39234347E+02   
3.43280356E+02   
3.26882476E+02   
3.30284357E+02   
3.49842869E+02   
3.68441088E+02   
3.69860272E+02   
3.77654331E+02   
3.37532507E+02   
3.39297560E+02   
3.66326565E+02   
3.62331766E+02   
3.53074615E+02   
3.33812062E+02   
3.39328366E+02   
3.75813863E+02   
3.30604721E+02   
3.85805661E+02   
3.49809462E+02   
3.45033407E+02   
3.44305761E+02   
3.40652130E+02   
3.41513103E+02   
3.45520904E+02   
3.58167433E+02   
3.49194739E+02   
3.49087017E+02   
3.68653731E+02   
3.52867674E+02   
3.73130126E+02   
3.30607722E+02   
3.58223845E+02   
3.70039408E+02   
3.50847469E+02   
3.39480896E+02   
3.09175135E+02   
3.28261452E+02   
3.42466893E+02   
3.34891678E+02   
3.65986497E+02   
3.29874675E+02   
3.31466993E+02   
3.83226345E+02   
3.13740548E+02   
3.72909782E+02   
3.41806761E+02   
3.72140928E+02   
3.68136627E+02   
4.01021804E+02   
4.03268554E+02   
3.60889878E+02   
3.77089918E+02   
3.52806861E+02   
3.81007101E+02   
3.59329766E+02   
3.44951790E+02   
3.61146229E+02   
3.65025405E+02   
3.32082917E+02   
3.88465493E+02   
3.69730246E+02   
3.76775555E+02   
3.81350370E+02   
3.86936087E+02   
3.45140128E+02   
3.62880576E+02   
3.85917283E+02   
3.73719144E+02   
3.71707241E+02   
4.01804061E+02   
3.95180136E+02   
3.61494399E+02   
3.52989298E+02   
3.51576515E+02   
3.33513303E+02   
3.51125025E+02   
3.73071614E+02   
3.57268154E+02   
3.30277255E+02   
3.64740548E+02   
3.96992498E+02   
3.99689838E+02   
3.60739748E+02   
3.67532106E+02   
3.79636727E+02   
3.74401880E+02   
3.55197740E+02   
3.57666633E+02   
3.48681536E+02   
3.64825165E+02   
3.62410982E+02   
3.20577315E+02   
3.44966493E+02   
3.56392178E+02   
3.44894379E+02   
3.36798360E+02   
3.42952390E+02   
3.11449690E+02   
3.21080216E+02   
3.25772154E+02   
2.91351370E+02   
3.17630326E+02   
2.96645429E+02   
3.37634627E+02   
3.25937988E+02   
3.57632627E+02   
3.23387778E+02   
3.29079816E+02   
3.07603921E+02   
3.42997299E+02   
2.93377676E+02   
3.15395379E+02   
3.32926285E+02   
3.03906881E+02   
3.17193739E+02   
3.18025105E+02   
3.21063213E+02   
3.17986797E+02   
3.09333767E+02   
2.99921184E+02   
3.18772454E+02   
3.36007902E+02   
3.21002300E+02   
3.00470494E+02   
3.13830166E+02   
3.17243849E+02   
3.04094519E+02   
3.30477295E+02   
3.48520604E+02   
3.46240548E+02   
3.24636727E+02   
3.16642228E+02   
3.06814163E+02   
3.15104421E+02   
3.28218244E+02   
3.49376775E+02   
3.06669134E+02   
3.17868574E+02   
3.18760052E+02   
3.22496499E+02   
3.17806561E+02   
3.04700740E+02   
3.26485297E+02   
3.35500600E+02   
3.21543809E+02   
3.02414883E+02   
3.12907281E+02   
3.34329166E+02   
3.28150530E+02   
3.31284257E+02   
3.41648630E+02   
3.38787758E+02   
3.27244749E+02   
3.15671534E+02   
2.92208942E+02   
3.15520404E+02   
3.14526705E+02   
3.18371174E+02   
3.04224545E+02   
3.40684337E+02   
3.11209442E+02   
3.07684337E+02   
3.16892178E+02   
2.85588918E+02   
3.04291758E+02   
3.01256751E+02   
3.04736647E+02   
3.26310462E+02   
3.28877676E+02   
3.52133127E+02   
3.10914583E+02   
3.17312663E+02   
3.00917483E+02   
3.29077876E+02   
4.05681136E+02   
4.05681136E+02   
4.05681136E+02   
4.05681136E+02   
4.05681136E+02   
4.76146009E+02   
5.04899880E+02   
5.27461692E+02   
5.08692639E+02   
5.37164133E+02   
5.50200240E+02   
5.53319364E+02   
5.37306461E+02   
5.03422084E+02   
5.20874975E+02   
5.31612122E+02   
5.11283157E+02   
5.46259452E+02   
5.36673835E+02   
4.89676135E+02   
5.24853171E+02   
5.24136127E+02   
5.34302360E+02   
5.15962693E+02   
5.15829866E+02   
5.09425585E+02   
4.96658732E+02   
5.18542909E+02   
5.07975395E+02   
5.32493899E+02   
5.40740648E+02   
5.23037608E+02   
5.44288758E+02   
5.01621024E+02   
5.19877175E+02   
5.08392879E+02   
5.43901780E+02   
5.48349070E+02   
5.38332867E+02   
5.65483297E+02   
5.46803261E+02   
5.03071414E+02   
5.07454691E+02   
5.35448290E+02   
5.27109122E+02   
5.14761752E+02   
5.05778256E+02   
5.53451990E+02   
5.49762653E+02   
5.10738848E+02   
4.94422184E+02   
5.49216643E+02   
5.49686837E+02   
5.08493799E+02   
5.26732446E+02   
5.25128226E+02   
5.28394379E+02   
5.51117123E+02   
5.20826465E+02   
5.38721144E+02   
5.33069814E+02   
5.06479396E+02   
5.51024005E+02   
5.46357972E+02   
5.43134427E+02   
5.46998500E+02   
5.59620224E+02   
5.01548010E+02   
5.69836567E+02   
5.50262352E+02   
5.68116823E+02   
5.40306861E+02   
5.68519004E+02   
5.41160432E+02   
5.19517003E+02   
5.54496999E+02   
5.57715843E+02   
5.54253251E+02   
5.56926085E+02   
5.45220544E+02   
5.41595619E+02   
5.70274455E+02   
5.43284057E+02   
5.45719744E+02   
5.80506701E+02   
5.85859072E+02   
5.79407481E+02   
6.39271554E+02   
7.00141428E+02   
6.44828166E+02   
6.77897379E+02   
6.30075415E+02   
6.64727746E+02   
6.70315063E+02   
6.31431086E+02   
6.03465693E+02   
6.23324265E+02   
6.51868874E+02   
5.95641828E+02   
6.24086417E+02   
6.11535607E+02   
6.02314563E+02   
6.04813563E+02   
5.87135227E+02   
5.74254251E+02   
6.23269454E+02   
5.85402480E+02   
5.79685337E+02   
5.79607021E+02   
5.70036507E+02   
5.66625825E+02   
5.53990998E+02   
5.85437988E+02   
5.81400980E+02   
6.14874675E+02   
5.67422785E+02   
5.37734647E+02   
5.47386777E+02   
5.30680436E+02   
5.59835567E+02   
5.40737447E+02   
5.64121324E+02   
5.39205341E+02   
5.42192939E+02   
5.27190238E+02   
5.38661432E+02   
5.46699840E+02   
4.96634927E+02   
5.00959192E+02   
5.46971994E+02   
5.23500900E+02   
4.90000100E+02   
5.10846069E+02   
4.96569214E+02   
4.73088818E+02   
4.86239248E+02   
5.10155831E+02   
4.36541608E+02   
4.21011102E+02   
4.11822364E+02   
3.93749950E+02   
3.37151330E+02   
3.43160132E+02   
3.60445189E+02   
3.38363273E+02   
3.45678236E+02   
3.59068814E+02   
3.45833167E+02   
3.39801960E+02   
3.57450590E+02   
3.39563313E+02   
3.57197339E+02   
3.24182737E+02   
3.47559712E+02   
3.07179736E+02   
2.75193139E+02   
2.91511302E+02   
2.84786957E+02   
2.76106421E+02   
2.75619624E+02   
2.64535307E+02   
2.50291258E+02   
2.65909682E+02   
2.34864273E+02   
2.39232547E+02   
2.53999000E+02   
2.38532006E+02   
2.57288058E+02   
2.56933187E+02   
2.04217043E+02   
2.19423985E+02   
2.09821864E+02   
1.92804761E+02   
1.94493899E+02   
2.19659532E+02   
1.92196339E+02   
1.80788158E+02   
1.89137928E+02   
1.79086017E+02   
1.63779056E+02   
1.64900980E+02   
1.60645629E+02   
1.73704941E+02   
1.56137427E+02   
1.63534607E+02   
1.68251650E+02   
1.55354271E+02   
1.32364273E+02   
1.48759452E+02   
1.49121824E+02   
1.20505001E+02   
1.32937788E+02   
1.26634027E+02   
1.34595119E+02   
1.21099420E+02   
1.28450490E+02   
1.20350970E+02   
1.06146429E+02   
9.81730346E+01   
1.22758552E+02   
1.08816363E+02   
1.18115223E+02   
1.06978596E+02   
9.92662533E+01   
8.39696939E+01   
9.44775955E+01   
9.44260852E+01   
8.64026805E+01   
9.42123425E+01   
9.12269454E+01   
8.06123225E+01   
8.38163633E+01   
8.54180836E+01   
8.08152631E+01   
7.42175435E+01   
6.68069614E+01   
6.92179436E+01   
6.78084617E+01   
7.54512903E+01   
7.45612122E+01   
6.08334667E+01   
6.11889378E+01   
5.96271254E+01   
5.76303261E+01   
5.09665933E+01   
5.46311262E+01   
5.63896779E+01   
5.40104021E+01   
5.42614523E+01   
5.61322264E+01   
5.57093419E+01   
5.31613323E+01   
4.61557311E+01   
4.77836567E+01   
4.08251650E+01   
4.28267654E+01   
4.65996199E+01   
3.86487297E+01   
5.37557512E+01   
3.99248850E+01   
7.21892378E+01   
8.56443289E+01   
3.85940188E+01   
3.21808362E+01   
2.86559312E+01   
2.63536707E+01   
1.65912182E+01   
1.75205041E+01   
1.39745949E+01   
2.53476695E+01   
1.69292859E+01   
2.25746149E+01   
1.77678536E+01   
8.00160032E+00   
1.42519504E+01   
1.06015603E+01   
9.20184037E+00   
9.20184037E+00   
9.20184037E+00   
9.20184037E+00   
7.27359472E+00   
0.00000000E+00   
0.00000000E+00   
0.00000000E+00   
0.00000000E+00   
0.00000000E+00   
0.00000000E+00   
0.00000000E+00   
0.00000000E+00   
0.00000000E+00   
0.00000000E+00   
0.00000000E+00   
0.00000000E+00   
0.00000000E+00   
0.00000000E+00   
0.00000000E+00   
3.00000000E+00   
0.00000000E+00   
0.00000000E+00   
0.00000000E+00   
0.00000000E+00   
0.00000000E+00   
0.00000000E+00   
0.00000000E+00   
0.00000000E+00   
0.00000000E+00   
0.00000000E+00   
0.00000000E+00   
0.00000000E+00   
0.00000000E+00   
0.00000000E+00   
0.00000000E+00   
0.00000000E+00   
0.00000000E+00   
0.00000000E+00   
0.00000000E+00   
0.00000000E+00   
0.00000000E+00   
0.00000000E+00   
0.00000000E+00   
0.00000000E+00   
0.00000000E+00   
0.00000000E+00   
0.00000000E+00   
0.00000000E+00   
0.00000000E+00   
0.00000000E+00   
0.00000000E+00   
0.00000000E+00   
0.00000000E+00   
0.00000000E+00   
0.00000000E+00   
0.00000000E+00   
0.00000000E+00   
0.00000000E+00   
0.00000000E+00   
0.00000000E+00   
0.00000000E+00   
0.00000000E+00   
0.00000000E+00   
0.00000000E+00   
0.00000000E+00   
0.00000000E+00   
0.00000000E+00   
0.00000000E+00   
0.00000000E+00   
0.00000000E+00   
0.00000000E+00   
0.00000000E+00   
4.46789358E-01   
5.53210642E-01   
0.00000000E+00   
0.00000000E+00   
0.00000000E+00   
0.00000000E+00   
0.00000000E+00   
0.00000000E+00   
0.00000000E+00   
0.00000000E+00   
0.00000000E+00   
0.00000000E+00   
0.00000000E+00   
0.00000000E+00   
0.00000000E+00   
0.00000000E+00   
0.00000000E+00   
0.00000000E+00   
0.00000000E+00   
0.00000000E+00   
0.00000000E+00   
4.55191038E-01   
5.44808962E-01   
0.00000000E+00   
0.00000000E+00   
0.00000000E+00   
0.00000000E+00   
0.00000000E+00   
0.00000000E+00   
0.00000000E+00   
1.00000000E+00   
0.00000000E+00   
0.00000000E+00   
0.00000000E+00   
0.00000000E+00   
0.00000000E+00   
0.00000000E+00   
0.00000000E+00   
0.00000000E+00   
0.00000000E+00   
0.00000000E+00   
0.00000000E+00   
0.00000000E+00   
0.00000000E+00   
0.00000000E+00   
0.00000000E+00   
0.00000000E+00   
0.00000000E+00   
0.00000000E+00   
0.00000000E+00   
0.00000000E+00   
0.00000000E+00   
0.00000000E+00   
0.00000000E+00   
0.00000000E+00   
0.00000000E+00   
0.00000000E+00   
0.00000000E+00   
0.00000000E+00   
0.00000000E+00   
0.00000000E+00   
0.00000000E+00   
0.00000000E+00   
0.00000000E+00   
0.00000000E+00   
0.00000000E+00   
0.00000000E+00   
0.00000000E+00   
0.00000000E+00   
0.00000000E+00   
0.00000000E+00   
0.00000000E+00   
0.00000000E+00   
0.00000000E+00   
0.00000000E+00   
0.00000000E+00   
0.00000000E+00   
0.00000000E+00   
0.00000000E+00   
0.00000000E+00   
0.00000000E+00   
0.00000000E+00   
0.00000000E+00   
0.00000000E+00   
4.80396079E-01   
1.00040008E+00   
5.19203841E-01   
0.00000000E+00   
0.00000000E+00   
0.00000000E+00   
0.00000000E+00   
0.00000000E+00   
0.00000000E+00   
0.00000000E+00   
0.00000000E+00   
0.00000000E+00   
0.00000000E+00   
0.00000000E+00   
0.00000000E+00   
0.00000000E+00   
0.00000000E+00   
0.00000000E+00   
0.00000000E+00   
0.00000000E+00   
0.00000000E+00   
0.00000000E+00   
0.00000000E+00   
1.00000000E+00   
4.89998000E-01   
5.10002000E-01   
0.00000000E+00   
0.00000000E+00   
0.00000000E+00   
0.00000000E+00   
0.00000000E+00   
0.00000000E+00   
0.00000000E+00   
0.00000000E+00   
0.00000000E+00   
0.00000000E+00   
0.00000000E+00   
0.00000000E+00   
0.00000000E+00   
0.00000000E+00   
4.96399280E-01   
5.03600720E-01   
0.00000000E+00   
0.00000000E+00   
0.00000000E+00   
0.00000000E+00   
0.00000000E+00   
0.00000000E+00   
0.00000000E+00   
0.00000000E+00   
0.00000000E+00   
0.00000000E+00   
0.00000000E+00   
0.00000000E+00   
0.00000000E+00   
0.00000000E+00   
5.02800560E-01   
4.97199440E-01   
0.00000000E+00   
0.00000000E+00   
0.00000000E+00   
0.00000000E+00   
0.00000000E+00   
0.00000000E+00   
0.00000000E+00   
0.00000000E+00   
0.00000000E+00   
0.00000000E+00   
0.00000000E+00   
0.00000000E+00   
0.00000000E+00   
0.00000000E+00   
0.00000000E+00   
0.00000000E+00   
0.00000000E+00   
0.00000000E+00   
0.00000000E+00   
0.00000000E+00   
0.00000000E+00   
5.12002400E-01   
4.87997600E-01   
0.00000000E+00   
0.00000000E+00   
0.00000000E+00   
0.00000000E+00   
0.00000000E+00   
0.00000000E+00   
0.00000000E+00   
0.00000000E+00   
0.00000000E+00   
0.00000000E+00   
0.00000000E+00   
0.00000000E+00   
0.00000000E+00   
0.00000000E+00   
0.00000000E+00   
0.00000000E+00   
0.00000000E+00   
0.00000000E+00   
0.00000000E+00   
0.00000000E+00   
0.00000000E+00   
0.00000000E+00   
0.00000000E+00   
5.22004401E-01   
4.77995599E-01   
0.00000000E+00   
0.00000000E+00   
0.00000000E+00   
0.00000000E+00   
0.00000000E+00   
0.00000000E+00   
0.00000000E+00   
0.00000000E+00   
0.00000000E+00   
0.00000000E+00   
0.00000000E+00   
0.00000000E+00   
0.00000000E+00   
0.00000000E+00   
0.00000000E+00   
0.00000000E+00   
0.00000000E+00   
0.00000000E+00   
0.00000000E+00   
0.00000000E+00   
0.00000000E+00   
0.00000000E+00   
0.00000000E+00   
0.00000000E+00   
0.00000000E+00   
0.00000000E+00   
0.00000000E+00   
0.00000000E+00   
0.00000000E+00   
0.00000000E+00   
0.00000000E+00   
0.00000000E+00   
0.00000000E+00   
0.00000000E+00   
0.00000000E+00   
0.00000000E+00   
0.00000000E+00   
5.37607522E-01   
4.62392478E-01   
0.00000000E+00   
0.00000000E+00   
0.00000000E+00   
0.00000000E+00   
0.00000000E+00   
0.00000000E+00   
0.00000000E+00   
0.00000000E+00   
0.00000000E+00   
0.00000000E+00   
0.00000000E+00   
0.00000000E+00   
0.00000000E+00   
0.00000000E+00   
0.00000000E+00   
0.00000000E+00   
0.00000000E+00   
1.00000000E+00   
5.45609122E-01   
4.54390878E-01   
0.00000000E+00   
0.00000000E+00   
5.47209442E-01   
4.52790558E-01   
0.00000000E+00   
0.00000000E+00   
0.00000000E+00   
0.00000000E+00   
0.00000000E+00   
0.00000000E+00   
0.00000000E+00   
0.00000000E+00   
0.00000000E+00   
0.00000000E+00   
0.00000000E+00   
0.00000000E+00   
0.00000000E+00   
0.00000000E+00   
0.00000000E+00   
0.00000000E+00   
0.00000000E+00   
0.00000000E+00   
0.00000000E+00   
0.00000000E+00   
0.00000000E+00   
0.00000000E+00   
0.00000000E+00   
0.00000000E+00   
0.00000000E+00   
0.00000000E+00   
0.00000000E+00   
0.00000000E+00   
0.00000000E+00   
0.00000000E+00   
0.00000000E+00   
0.00000000E+00   
0.00000000E+00   
0.00000000E+00   
0.00000000E+00   
0.00000000E+00   
0.00000000E+00   
0.00000000E+00   
1.00000000E+00   
0.00000000E+00   
0.00000000E+00   
0.00000000E+00   
0.00000000E+00   
0.00000000E+00   
0.00000000E+00   
0.00000000E+00   
0.00000000E+00   
0.00000000E+00   
0.00000000E+00   
0.00000000E+00   
0.00000000E+00   
0.00000000E+00   
0.00000000E+00   
0.00000000E+00   
0.00000000E+00   
0.00000000E+00   
0.00000000E+00   
0.00000000E+00   
0.00000000E+00   
0.00000000E+00   
0.00000000E+00   
0.00000000E+00   
0.00000000E+00   
0.00000000E+00   
0.00000000E+00   
0.00000000E+00   
0.00000000E+00   
0.00000000E+00   
0.00000000E+00   
0.00000000E+00   
0.00000000E+00   
0.00000000E+00   
0.00000000E+00   
0.00000000E+00   
0.00000000E+00   
0.00000000E+00   
0.00000000E+00   
0.00000000E+00   
0.00000000E+00   
0.00000000E+00   
0.00000000E+00   
0.00000000E+00   
0.00000000E+00   
0.00000000E+00   
0.00000000E+00   
0.00000000E+00   
0.00000000E+00   
0.00000000E+00   
0.00000000E+00   
1.00000000E+00   
0.00000000E+00   
0.00000000E+00   
0.00000000E+00   
0.00000000E+00   
0.00000000E+00   
0.00000000E+00   
0.00000000E+00   
0.00000000E+00   
0.00000000E+00   
0.00000000E+00   
0.00000000E+00   
0.00000000E+00   
0.00000000E+00   
0.00000000E+00   
0.00000000E+00   
0.00000000E+00   
0.00000000E+00   
0.00000000E+00   
0.00000000E+00   
0.00000000E+00   
0.00000000E+00   
0.00000000E+00   
0.00000000E+00   
0.00000000E+00   
0.00000000E+00   
0.00000000E+00   
0.00000000E+00   
0.00000000E+00   
1.00000000E+00   
0.00000000E+00   
5.96019204E-01   
4.03980796E-01   
0.00000000E+00   
0.00000000E+00   
0.00000000E+00   
0.00000000E+00   
0.00000000E+00   
0.00000000E+00   
0.00000000E+00   
0.00000000E+00   
0.00000000E+00   
0.00000000E+00   
0.00000000E+00   
6.01220244E-01   
3.98779756E-01   
0.00000000E+00   
0.00000000E+00   
0.00000000E+00   
0.00000000E+00   
0.00000000E+00   
6.04020804E-01   
3.95979196E-01   
0.00000000E+00   
0.00000000E+00   
0.00000000E+00   
0.00000000E+00   
0.00000000E+00   
0.00000000E+00   
0.00000000E+00   
0.00000000E+00   
0.00000000E+00   
0.00000000E+00   
0.00000000E+00   
0.00000000E+00   
0.00000000E+00   
0.00000000E+00   
1.22084417E+00   
7.79155831E-01   
0.00000000E+00   
0.00000000E+00   
0.00000000E+00   
0.00000000E+00   
0.00000000E+00   
0.00000000E+00   
0.00000000E+00   
0.00000000E+00   
0.00000000E+00   
0.00000000E+00   
0.00000000E+00   
0.00000000E+00   
0.00000000E+00   
0.00000000E+00   
1.00000000E+00   
0.00000000E+00   
0.00000000E+00   
6.18023605E-01   
3.81976395E-01   
0.00000000E+00   
0.00000000E+00   
0.00000000E+00   
0.00000000E+00   
0.00000000E+00   
0.00000000E+00   
0.00000000E+00   
0.00000000E+00   
0.00000000E+00   
0.00000000E+00   
0.00000000E+00   
0.00000000E+00   
0.00000000E+00   
0.00000000E+00   
0.00000000E+00   
0.00000000E+00   
0.00000000E+00   
0.00000000E+00   
0.00000000E+00   
0.00000000E+00   
0.00000000E+00   
0.00000000E+00   
0.00000000E+00   
0.00000000E+00   
0.00000000E+00   
0.00000000E+00   
0.00000000E+00   
0.00000000E+00   
0.00000000E+00   
0.00000000E+00   
0.00000000E+00   
0.00000000E+00   
0.00000000E+00   
0.00000000E+00   
0.00000000E+00   
0.00000000E+00   
0.00000000E+00   
0.00000000E+00   
0.00000000E+00   
0.00000000E+00   
0.00000000E+00   
0.00000000E+00   
0.00000000E+00   
0.00000000E+00   
0.00000000E+00   
0.00000000E+00   
0.00000000E+00   
0.00000000E+00   
0.00000000E+00   
0.00000000E+00   
0.00000000E+00   
0.00000000E+00   
0.00000000E+00   
0.00000000E+00   
0.00000000E+00   
0.00000000E+00   
0.00000000E+00   
0.00000000E+00   
0.00000000E+00   
0.00000000E+00   
0.00000000E+00   
0.00000000E+00   
0.00000000E+00   
0.00000000E+00   
0.00000000E+00   
0.00000000E+00   
0.00000000E+00   
0.00000000E+00   
0.00000000E+00   
0.00000000E+00   
0.00000000E+00   
0.00000000E+00   
0.00000000E+00   
0.00000000E+00   
0.00000000E+00   
0.00000000E+00   
0.00000000E+00   
0.00000000E+00   
0.00000000E+00   
0.00000000E+00   
0.00000000E+00   
0.00000000E+00   
0.00000000E+00   
0.00000000E+00   
0.00000000E+00   
0.00000000E+00   
0.00000000E+00   
0.00000000E+00   
0.00000000E+00   
0.00000000E+00   
0.00000000E+00   
0.00000000E+00   
0.00000000E+00   
0.00000000E+00   
0.00000000E+00   
0.00000000E+00   
0.00000000E+00   
0.00000000E+00   
0.00000000E+00   
0.00000000E+00   
0.00000000E+00   
0.00000000E+00   
0.00000000E+00   
0.00000000E+00   
0.00000000E+00   
0.00000000E+00   
0.00000000E+00   
0.00000000E+00   
0.00000000E+00   
0.00000000E+00   
0.00000000E+00   
0.00000000E+00   
0.00000000E+00   
0.00000000E+00   
0.00000000E+00   
0.00000000E+00   
0.00000000E+00   
0.00000000E+00   
0.00000000E+00   
0.00000000E+00   
0.00000000E+00   
0.00000000E+00   
0.00000000E+00   
0.00000000E+00   
0.00000000E+00   
0.00000000E+00   
0.00000000E+00   
0.00000000E+00   
0.00000000E+00   
0.00000000E+00   
0.00000000E+00   
0.00000000E+00   
0.00000000E+00   
0.00000000E+00   
0.00000000E+00   
0.00000000E+00   
0.00000000E+00   
0.00000000E+00   
6.74034807E-01   
3.25965193E-01   
0.00000000E+00   
0.00000000E+00   
0.00000000E+00   
0.00000000E+00   
0.00000000E+00   
0.00000000E+00   
0.00000000E+00   
0.00000000E+00   
0.00000000E+00   
0.00000000E+00   
0.00000000E+00   
0.00000000E+00   
0.00000000E+00   
0.00000000E+00   
0.00000000E+00   
0.00000000E+00   
0.00000000E+00   
0.00000000E+00   
0.00000000E+00   
0.00000000E+00   
0.00000000E+00   
0.00000000E+00   
0.00000000E+00   
0.00000000E+00   
0.00000000E+00   
0.00000000E+00   
0.00000000E+00   
0.00000000E+00   
0.00000000E+00   
0.00000000E+00   
0.00000000E+00   
0.00000000E+00   
0.00000000E+00   
0.00000000E+00   
0.00000000E+00   
0.00000000E+00   
0.00000000E+00   
0.00000000E+00   
0.00000000E+00   
0.00000000E+00   
0.00000000E+00   
0.00000000E+00   
0.00000000E+00   
0.00000000E+00   
0.00000000E+00   
0.00000000E+00   
0.00000000E+00   
0.00000000E+00   
0.00000000E+00   
0.00000000E+00   
0.00000000E+00   
0.00000000E+00   
0.00000000E+00   
0.00000000E+00   
0.00000000E+00   
0.00000000E+00   
0.00000000E+00   
0.00000000E+00   
0.00000000E+00   
0.00000000E+00   
0.00000000E+00   
0.00000000E+00   
0.00000000E+00   
0.00000000E+00   
0.00000000E+00   
0.00000000E+00   
0.00000000E+00   
0.00000000E+00   
0.00000000E+00   
0.00000000E+00   
0.00000000E+00   
0.00000000E+00   
0.00000000E+00   
0.00000000E+00   
0.00000000E+00   
0.00000000E+00   
0.00000000E+00   
0.00000000E+00   
0.00000000E+00   
1.00000000E+00   
0.00000000E+00   
0.00000000E+00   
0.00000000E+00   
0.00000000E+00   
0.00000000E+00   
0.00000000E+00   
0.00000000E+00   
0.00000000E+00   
0.00000000E+00   
0.00000000E+00   
0.00000000E+00   
0.00000000E+00   
0.00000000E+00   
0.00000000E+00   
0.00000000E+00   
2.00000000E+00   
0.00000000E+00   
0.00000000E+00   
0.00000000E+00   
0.00000000E+00   
0.00000000E+00   
0.00000000E+00   
0.00000000E+00   
0.00000000E+00   
0.00000000E+00   
0.00000000E+00   
0.00000000E+00   
0.00000000E+00   
0.00000000E+00   
0.00000000E+00   
0.00000000E+00   
0.00000000E+00   
0.00000000E+00   
0.00000000E+00   
0.00000000E+00   
0.00000000E+00   
0.00000000E+00   
0.00000000E+00   
0.00000000E+00   
0.00000000E+00   
0.00000000E+00   
0.00000000E+00   
0.00000000E+00   
0.00000000E+00   
0.00000000E+00   
0.00000000E+00   
0.00000000E+00   
0.00000000E+00   
0.00000000E+00   
0.00000000E+00   
0.00000000E+00   
0.00000000E+00   
0.00000000E+00   
0.00000000E+00   
0.00000000E+00   
0.00000000E+00   
0.00000000E+00   
0.00000000E+00   
0.00000000E+00   
0.00000000E+00   
0.00000000E+00   
0.00000000E+00   
0.00000000E+00   
0.00000000E+00   
0.00000000E+00   
0.00000000E+00   
0.00000000E+00   
0.00000000E+00   
0.00000000E+00   
0.00000000E+00   
0.00000000E+00   
0.00000000E+00   
0.00000000E+00   
0.00000000E+00   
0.00000000E+00   
0.00000000E+00   
0.00000000E+00   
0.00000000E+00   
0.00000000E+00   
0.00000000E+00   
0.00000000E+00   
0.00000000E+00   
0.00000000E+00   
0.00000000E+00   
0.00000000E+00   
0.00000000E+00   
0.00000000E+00   
0.00000000E+00   
0.00000000E+00   
0.00000000E+00   
0.00000000E+00   
0.00000000E+00   
0.00000000E+00   
0.00000000E+00   
0.00000000E+00   
0.00000000E+00   
0.00000000E+00   
0.00000000E+00   
0.00000000E+00   
0.00000000E+00   
0.00000000E+00   
0.00000000E+00   
0.00000000E+00   
0.00000000E+00   
0.00000000E+00   
0.00000000E+00   
0.00000000E+00   
0.00000000E+00   
0.00000000E+00   
0.00000000E+00   
0.00000000E+00   
0.00000000E+00   
0.00000000E+00   
0.00000000E+00   
0.00000000E+00   
0.00000000E+00   
0.00000000E+00   
0.00000000E+00   
0.00000000E+00   
0.00000000E+00   
0.00000000E+00   
0.00000000E+00   
0.00000000E+00   
0.00000000E+00   
0.00000000E+00   
0.00000000E+00   
0.00000000E+00   
0.00000000E+00   
0.00000000E+00   
0.00000000E+00   
0.00000000E+00   
0.00000000E+00   
0.00000000E+00   
0.00000000E+00   
0.00000000E+00   
0.00000000E+00   
0.00000000E+00   
0.00000000E+00   
0.00000000E+00   
0.00000000E+00   
0.00000000E+00   
0.00000000E+00   
0.00000000E+00   
0.00000000E+00   
0.00000000E+00   
0.00000000E+00   
0.00000000E+00   
0.00000000E+00   
0.00000000E+00   
0.00000000E+00   
0.00000000E+00   
0.00000000E+00   
0.00000000E+00   
0.00000000E+00   
0.00000000E+00   
0.00000000E+00   
0.00000000E+00   
0.00000000E+00   
0.00000000E+00   
0.00000000E+00   
0.00000000E+00   
0.00000000E+00   
0.00000000E+00   
0.00000000E+00   
0.00000000E+00   
0.00000000E+00   
0.00000000E+00   
0.00000000E+00   
0.00000000E+00   
0.00000000E+00   
0.00000000E+00   
0.00000000E+00   
0.00000000E+00   
0.00000000E+00   
0.00000000E+00   
0.00000000E+00   
0.00000000E+00   
0.00000000E+00   
0.00000000E+00   
0.00000000E+00   
0.00000000E+00   
0.00000000E+00   
0.00000000E+00   
0.00000000E+00   
0.00000000E+00   
0.00000000E+00   
0.00000000E+00   
0.00000000E+00   
0.00000000E+00   
0.00000000E+00   
0.00000000E+00   
0.00000000E+00   
0.00000000E+00   
0.00000000E+00   
0.00000000E+00   
0.00000000E+00   
0.00000000E+00   
0.00000000E+00   
0.00000000E+00   
0.00000000E+00   
0.00000000E+00   
0.00000000E+00   
0.00000000E+00   
0.00000000E+00   
0.00000000E+00   
0.00000000E+00   
0.00000000E+00   
0.00000000E+00   
0.00000000E+00   
0.00000000E+00   
0.00000000E+00   
0.00000000E+00   
0.00000000E+00   
0.00000000E+00   
0.00000000E+00   
0.00000000E+00   
0.00000000E+00   
0.00000000E+00   
0.00000000E+00   
0.00000000E+00   
0.00000000E+00   
0.00000000E+00   
0.00000000E+00   
0.00000000E+00   
0.00000000E+00   
0.00000000E+00   
0.00000000E+00   
0.00000000E+00   
0.00000000E+00   
0.00000000E+00   
0.00000000E+00   
0.00000000E+00   
0.00000000E+00   
0.00000000E+00   
0.00000000E+00   
0.00000000E+00   
0.00000000E+00   
0.00000000E+00   
0.00000000E+00   
0.00000000E+00   
0.00000000E+00   
0.00000000E+00   
0.00000000E+00   
0.00000000E+00   
0.00000000E+00   
0.00000000E+00   
0.00000000E+00   
0.00000000E+00   
0.00000000E+00   
0.00000000E+00   
0.00000000E+00   
0.00000000E+00   
0.00000000E+00   
0.00000000E+00   
0.00000000E+00   
0.00000000E+00   
0.00000000E+00   
0.00000000E+00   
0.00000000E+00   
0.00000000E+00   
0.00000000E+00   
0.00000000E+00   
0.00000000E+00   
0.00000000E+00   
0.00000000E+00   
0.00000000E+00   
0.00000000E+00   
0.00000000E+00   
0.00000000E+00   
0.00000000E+00   
0.00000000E+00   
0.00000000E+00   
0.00000000E+00   
0.00000000E+00   
0.00000000E+00   
0.00000000E+00   
0.00000000E+00   
0.00000000E+00   
0.00000000E+00   
0.00000000E+00   
0.00000000E+00   
0.00000000E+00   
0.00000000E+00   
0.00000000E+00   
0.00000000E+00   
0.00000000E+00   
0.00000000E+00   
0.00000000E+00   
0.00000000E+00   
0.00000000E+00   
0.00000000E+00   
0.00000000E+00   
0.00000000E+00   
0.00000000E+00   
0.00000000E+00   
0.00000000E+00   
0.00000000E+00   
0.00000000E+00   
0.00000000E+00   
0.00000000E+00   
0.00000000E+00   
0.00000000E+00   
0.00000000E+00   
0.00000000E+00   
0.00000000E+00   
0.00000000E+00   
0.00000000E+00   
0.00000000E+00   
0.00000000E+00   
0.00000000E+00   
0.00000000E+00   
0.00000000E+00   
0.00000000E+00   
0.00000000E+00   
0.00000000E+00   
0.00000000E+00   
0.00000000E+00   
0.00000000E+00   
0.00000000E+00   
0.00000000E+00   
0.00000000E+00   
0.00000000E+00   
0.00000000E+00   
0.00000000E+00   
0.00000000E+00   
0.00000000E+00   
0.00000000E+00   
0.00000000E+00   
0.00000000E+00   
0.00000000E+00   
0.00000000E+00   
0.00000000E+00   
0.00000000E+00   
0.00000000E+00   
0.00000000E+00   
0.00000000E+00   
0.00000000E+00   
0.00000000E+00   
0.00000000E+00   
0.00000000E+00   
0.00000000E+00   
0.00000000E+00   
0.00000000E+00   
0.00000000E+00   
0.00000000E+00   
0.00000000E+00   
0.00000000E+00   
0.00000000E+00   
0.00000000E+00   
0.00000000E+00   
0.00000000E+00   
0.00000000E+00   
0.00000000E+00   
0.00000000E+00   
0.00000000E+00   
0.00000000E+00   
0.00000000E+00   
0.00000000E+00   
0.00000000E+00   
0.00000000E+00   
0.00000000E+00   
0.00000000E+00   
0.00000000E+00   
0.00000000E+00   
0.00000000E+00   
0.00000000E+00   
0.00000000E+00   
0.00000000E+00   
0.00000000E+00   
0.00000000E+00   
0.00000000E+00   
0.00000000E+00   
0.00000000E+00   
0.00000000E+00   
0.00000000E+00   
0.00000000E+00   
0.00000000E+00   
0.00000000E+00   
0.00000000E+00   
0.00000000E+00   
0.00000000E+00   
0.00000000E+00   
0.00000000E+00   
0.00000000E+00   
0.00000000E+00   
0.00000000E+00   
0.00000000E+00   
0.00000000E+00   
0.00000000E+00   
0.00000000E+00   
0.00000000E+00   
0.00000000E+00   
0.00000000E+00   
0.00000000E+00   
0.00000000E+00   
0.00000000E+00   
0.00000000E+00   
0.00000000E+00   
0.00000000E+00   
0.00000000E+00   
0.00000000E+00   
0.00000000E+00   
0.00000000E+00   
0.00000000E+00   
0.00000000E+00   
0.00000000E+00   
0.00000000E+00   
0.00000000E+00   
0.00000000E+00   
0.00000000E+00   
0.00000000E+00   
0.00000000E+00   
0.00000000E+00   
0.00000000E+00   
0.00000000E+00   
0.00000000E+00   
0.00000000E+00   
0.00000000E+00   
0.00000000E+00   
0.00000000E+00   
0.00000000E+00   
0.00000000E+00   
0.00000000E+00   
0.00000000E+00   
0.00000000E+00   
0.00000000E+00   
0.00000000E+00   
0.00000000E+00   
0.00000000E+00   
0.00000000E+00   
0.00000000E+00   
0.00000000E+00   
0.00000000E+00   
0.00000000E+00   
0.00000000E+00   
0.00000000E+00   
0.00000000E+00   
0.00000000E+00   
0.00000000E+00   
0.00000000E+00   
0.00000000E+00   
0.00000000E+00   
0.00000000E+00   
0.00000000E+00   
0.00000000E+00   
0.00000000E+00   
0.00000000E+00   
0.00000000E+00   
0.00000000E+00   
0.00000000E+00   
0.00000000E+00   
0.00000000E+00   
0.00000000E+00   
0.00000000E+00   
0.00000000E+00   
0.00000000E+00   
0.00000000E+00   
0.00000000E+00   
0.00000000E+00   
0.00000000E+00   
0.00000000E+00   
0.00000000E+00   
0.00000000E+00   
0.00000000E+00   
0.00000000E+00   
0.00000000E+00   
0.00000000E+00   
0.00000000E+00   
0.00000000E+00   
0.00000000E+00   
0.00000000E+00   
0.00000000E+00   
0.00000000E+00   
0.00000000E+00   
0.00000000E+00   
0.00000000E+00   
0.00000000E+00   
0.00000000E+00   
0.00000000E+00   
0.00000000E+00   
0.00000000E+00   
0.00000000E+00   
0.00000000E+00   
0.00000000E+00   
0.00000000E+00   
0.00000000E+00   
0.00000000E+00   
0.00000000E+00   
0.00000000E+00   
0.00000000E+00   
0.00000000E+00   
0.00000000E+00   
0.00000000E+00   
0.00000000E+00   
0.00000000E+00   
0.00000000E+00   
0.00000000E+00   
0.00000000E+00   
0.00000000E+00   
0.00000000E+00   
0.00000000E+00   
0.00000000E+00   
0.00000000E+00   
0.00000000E+00   
0.00000000E+00   
0.00000000E+00   
0.00000000E+00   
0.00000000E+00   
0.00000000E+00   
0.00000000E+00   
0.00000000E+00   
0.00000000E+00   
0.00000000E+00   
0.00000000E+00   
0.00000000E+00   
0.00000000E+00   
0.00000000E+00   
0.00000000E+00   
0.00000000E+00   
0.00000000E+00   
0.00000000E+00   
0.00000000E+00   
0.00000000E+00   
0.00000000E+00   
0.00000000E+00   
0.00000000E+00   
0.00000000E+00   
0.00000000E+00   
0.00000000E+00   
0.00000000E+00   
0.00000000E+00   
0.00000000E+00   
0.00000000E+00   
0.00000000E+00   
0.00000000E+00   
0.00000000E+00   
0.00000000E+00   
0.00000000E+00   
0.00000000E+00   
0.00000000E+00   
0.00000000E+00   
0.00000000E+00   
0.00000000E+00   
0.00000000E+00   
0.00000000E+00   
0.00000000E+00   
0.00000000E+00   
0.00000000E+00   
0.00000000E+00   
0.00000000E+00   
0.00000000E+00   
0.00000000E+00   
0.00000000E+00   
0.00000000E+00   
0.00000000E+00   
0.00000000E+00   
0.00000000E+00   
0.00000000E+00   
0.00000000E+00   
0.00000000E+00   
0.00000000E+00   
0.00000000E+00   
0.00000000E+00   
0.00000000E+00   
0.00000000E+00   
0.00000000E+00   
0.00000000E+00   
0.00000000E+00   
0.00000000E+00   
0.00000000E+00   
0.00000000E+00   
0.00000000E+00   
0.00000000E+00   
0.00000000E+00   
0.00000000E+00   
0.00000000E+00   
0.00000000E+00   
0.00000000E+00   
0.00000000E+00   
0.00000000E+00   
0.00000000E+00   
0.00000000E+00   
0.00000000E+00   
0.00000000E+00   
0.00000000E+00   
0.00000000E+00   
0.00000000E+00   
0.00000000E+00   
0.00000000E+00   
0.00000000E+00   
0.00000000E+00   
0.00000000E+00   
0.00000000E+00   
0.00000000E+00   
0.00000000E+00   
0.00000000E+00   
0.00000000E+00   
0.00000000E+00   
0.00000000E+00   
0.00000000E+00   
0.00000000E+00   
0.00000000E+00   
0.00000000E+00   
0.00000000E+00   
0.00000000E+00   
0.00000000E+00   
0.00000000E+00   
0.00000000E+00   
0.00000000E+00   
0.00000000E+00   
0.00000000E+00   
0.00000000E+00   
0.00000000E+00   
0.00000000E+00   
0.00000000E+00   
0.00000000E+00   
0.00000000E+00   
0.00000000E+00   
0.00000000E+00   
0.00000000E+00   
0.00000000E+00   
0.00000000E+00   
0.00000000E+00   
0.00000000E+00   
0.00000000E+00   
0.00000000E+00   
0.00000000E+00   
0.00000000E+00   
0.00000000E+00   
0.00000000E+00   
0.00000000E+00   
0.00000000E+00   
0.00000000E+00   
0.00000000E+00   
0.00000000E+00   
0.00000000E+00   
0.00000000E+00   
0.00000000E+00   
0.00000000E+00   
0.00000000E+00   
0.00000000E+00   
0.00000000E+00   
0.00000000E+00   
0.00000000E+00   
0.00000000E+00   
0.00000000E+00   
0.00000000E+00   
0.00000000E+00   
0.00000000E+00   
0.00000000E+00   
0.00000000E+00   
0.00000000E+00   
0.00000000E+00   
0.00000000E+00   
0.00000000E+00   
0.00000000E+00   
0.00000000E+00   
0.00000000E+00   
0.00000000E+00   
0.00000000E+00   
0.00000000E+00   
0.00000000E+00   
0.00000000E+00   
0.00000000E+00   
0.00000000E+00   
0.00000000E+00   
0.00000000E+00   
0.00000000E+00   
0.00000000E+00   
0.00000000E+00   
0.00000000E+00   
0.00000000E+00   
0.00000000E+00   
0.00000000E+00   
0.00000000E+00   
0.00000000E+00   
0.00000000E+00   
0.00000000E+00   
0.00000000E+00   
0.00000000E+00   
0.00000000E+00   
0.00000000E+00   
0.00000000E+00   
0.00000000E+00   
0.00000000E+00   
0.00000000E+00   
0.00000000E+00   
0.00000000E+00   
0.00000000E+00   
0.00000000E+00   
0.00000000E+00   
0.00000000E+00   
0.00000000E+00   
0.00000000E+00   
0.00000000E+00   
0.00000000E+00   
0.00000000E+00   
0.00000000E+00   
0.00000000E+00   
0.00000000E+00   
0.00000000E+00   
0.00000000E+00   
0.00000000E+00   
0.00000000E+00   
0.00000000E+00   
0.00000000E+00   
0.00000000E+00   
0.00000000E+00   
0.00000000E+00   
0.00000000E+00   
0.00000000E+00   
0.00000000E+00   
0.00000000E+00   
0.00000000E+00   
0.00000000E+00   
0.00000000E+00   
0.00000000E+00   
0.00000000E+00   
0.00000000E+00   
0.00000000E+00   
0.00000000E+00   
0.00000000E+00   
0.00000000E+00   
0.00000000E+00   
0.00000000E+00   
0.00000000E+00   
0.00000000E+00   
0.00000000E+00   
0.00000000E+00   
0.00000000E+00   
0.00000000E+00   
0.00000000E+00   
0.00000000E+00   
0.00000000E+00   
0.00000000E+00   
0.00000000E+00   
0.00000000E+00   
0.00000000E+00   
0.00000000E+00   
0.00000000E+00   
0.00000000E+00   
0.00000000E+00   
0.00000000E+00   
0.00000000E+00   
0.00000000E+00   
0.00000000E+00   
0.00000000E+00   
0.00000000E+00   
0.00000000E+00   
0.00000000E+00   
0.00000000E+00   
0.00000000E+00   
0.00000000E+00   
0.00000000E+00   
0.00000000E+00   
0.00000000E+00   
0.00000000E+00   
0.00000000E+00   
0.00000000E+00   
0.00000000E+00   
0.00000000E+00   
0.00000000E+00   
0.00000000E+00   
0.00000000E+00   
0.00000000E+00   
0.00000000E+00   
0.00000000E+00   
0.00000000E+00   
0.00000000E+00   
0.00000000E+00   
0.00000000E+00   
0.00000000E+00   
0.00000000E+00   
0.00000000E+00   
0.00000000E+00   
0.00000000E+00   
0.00000000E+00   
0.00000000E+00   
0.00000000E+00   
0.00000000E+00   
0.00000000E+00   
0.00000000E+00   
0.00000000E+00   
0.00000000E+00   
0.00000000E+00   
0.00000000E+00   
0.00000000E+00   
0.00000000E+00   
0.00000000E+00   
0.00000000E+00   
0.00000000E+00   
0.00000000E+00   
0.00000000E+00   
0.00000000E+00   
0.00000000E+00   
0.00000000E+00   
0.00000000E+00   
0.00000000E+00   
0.00000000E+00   
0.00000000E+00   
0.00000000E+00   
0.00000000E+00   
0.00000000E+00   
0.00000000E+00   
0.00000000E+00   
0.00000000E+00   
0.00000000E+00   
0.00000000E+00   
0.00000000E+00   
0.00000000E+00   
0.00000000E+00   
0.00000000E+00   
0.00000000E+00   
0.00000000E+00   
0.00000000E+00   
0.00000000E+00   
0.00000000E+00   
0.00000000E+00   
0.00000000E+00   
0.00000000E+00   
0.00000000E+00   
0.00000000E+00   
0.00000000E+00   
0.00000000E+00   
0.00000000E+00   
0.00000000E+00   
0.00000000E+00   
0.00000000E+00   
0.00000000E+00   
0.00000000E+00   
0.00000000E+00   
0.00000000E+00   
0.00000000E+00   
0.00000000E+00   
0.00000000E+00   
0.00000000E+00   
0.00000000E+00   
0.00000000E+00   
0.00000000E+00   
0.00000000E+00   
0.00000000E+00   
0.00000000E+00   
0.00000000E+00   
0.00000000E+00   
0.00000000E+00   
0.00000000E+00   
0.00000000E+00   
0.00000000E+00   
0.00000000E+00   
0.00000000E+00   
0.00000000E+00   
0.00000000E+00   
0.00000000E+00   
0.00000000E+00   
0.00000000E+00   
0.00000000E+00   
0.00000000E+00   
0.00000000E+00   
0.00000000E+00   
0.00000000E+00   
0.00000000E+00   
0.00000000E+00   
0.00000000E+00   
0.00000000E+00   
0.00000000E+00   
0.00000000E+00   
0.00000000E+00   
0.00000000E+00   
0.00000000E+00   
0.00000000E+00   
0.00000000E+00   
0.00000000E+00   
0.00000000E+00   
0.00000000E+00   
0.00000000E+00   
0.00000000E+00   
0.00000000E+00   
0.00000000E+00   
0.00000000E+00   
0.00000000E+00   
0.00000000E+00   
0.00000000E+00   
0.00000000E+00   
0.00000000E+00   
0.00000000E+00   
0.00000000E+00   
0.00000000E+00   
0.00000000E+00   
0.00000000E+00   
0.00000000E+00   
0.00000000E+00   
0.00000000E+00   
0.00000000E+00   
0.00000000E+00   
0.00000000E+00   
0.00000000E+00   
0.00000000E+00   
0.00000000E+00   
0.00000000E+00   
0.00000000E+00   
0.00000000E+00   
0.00000000E+00   
0.00000000E+00   
0.00000000E+00   
0.00000000E+00   
0.00000000E+00   
0.00000000E+00   
0.00000000E+00   
0.00000000E+00   
0.00000000E+00   
0.00000000E+00   
0.00000000E+00   
0.00000000E+00   
0.00000000E+00   
0.00000000E+00   
0.00000000E+00   
0.00000000E+00   
0.00000000E+00   
0.00000000E+00   
0.00000000E+00   
0.00000000E+00   
0.00000000E+00   
0.00000000E+00   
0.00000000E+00   
0.00000000E+00   
0.00000000E+00   
0.00000000E+00   
0.00000000E+00   
0.00000000E+00   
0.00000000E+00   
0.00000000E+00   
0.00000000E+00   
0.00000000E+00   
0.00000000E+00   
0.00000000E+00   
0.00000000E+00   
0.00000000E+00   
0.00000000E+00   
0.00000000E+00   
0.00000000E+00   
0.00000000E+00   
0.00000000E+00   
0.00000000E+00   
0.00000000E+00   
0.00000000E+00   
0.00000000E+00   
0.00000000E+00   
0.00000000E+00   
0.00000000E+00   
0.00000000E+00   
0.00000000E+00   
0.00000000E+00   
0.00000000E+00   
0.00000000E+00   
0.00000000E+00   
0.00000000E+00   
0.00000000E+00   
0.00000000E+00   
0.00000000E+00   
0.00000000E+00   
0.00000000E+00   
0.00000000E+00   
0.00000000E+00   
0.00000000E+00   
0.00000000E+00   
0.00000000E+00   
0.00000000E+00   
0.00000000E+00   
0.00000000E+00   
0.00000000E+00   
0.00000000E+00   
0.00000000E+00   
0.00000000E+00   
0.00000000E+00   
0.00000000E+00   
0.00000000E+00   
0.00000000E+00   
0.00000000E+00   
0.00000000E+00   
0.00000000E+00   
0.00000000E+00   
0.00000000E+00   
0.00000000E+00   
0.00000000E+00   
0.00000000E+00   
0.00000000E+00   
0.00000000E+00   
0.00000000E+00   
0.00000000E+00   
0.00000000E+00   
0.00000000E+00   
0.00000000E+00   
0.00000000E+00   
0.00000000E+00   
0.00000000E+00   
0.00000000E+00   
0.00000000E+00   
0.00000000E+00   
0.00000000E+00   
0.00000000E+00   
0.00000000E+00   
0.00000000E+00   
0.00000000E+00   
0.00000000E+00   
0.00000000E+00   
0.00000000E+00   
0.00000000E+00   
0.00000000E+00   
0.00000000E+00   
0.00000000E+00   
0.00000000E+00   
0.00000000E+00   
0.00000000E+00   
0.00000000E+00   
0.00000000E+00   
0.00000000E+00   
0.00000000E+00   
0.00000000E+00   
0.00000000E+00   
0.00000000E+00   
0.00000000E+00   
0.00000000E+00   
0.00000000E+00   
0.00000000E+00   
0.00000000E+00   
0.00000000E+00   
0.00000000E+00   
0.00000000E+00   
0.00000000E+00   
0.00000000E+00   
0.00000000E+00   
0.00000000E+00   
0.00000000E+00   
0.00000000E+00   
0.00000000E+00   
0.00000000E+00   
0.00000000E+00   
0.00000000E+00   
0.00000000E+00   
0.00000000E+00   
0.00000000E+00   
0.00000000E+00   
0.00000000E+00   
0.00000000E+00   
0.00000000E+00   
0.00000000E+00   
0.00000000E+00   
0.00000000E+00   
0.00000000E+00   
0.00000000E+00   
0.00000000E+00   
0.00000000E+00   
0.00000000E+00   
0.00000000E+00   
0.00000000E+00   
0.00000000E+00   
0.00000000E+00   
0.00000000E+00   
0.00000000E+00   
0.00000000E+00   
0.00000000E+00   
0.00000000E+00   
0.00000000E+00   
0.00000000E+00   
0.00000000E+00   
0.00000000E+00   
0.00000000E+00   
0.00000000E+00   
0.00000000E+00   
0.00000000E+00   
0.00000000E+00   
0.00000000E+00   
0.00000000E+00   
0.00000000E+00   
0.00000000E+00   
0.00000000E+00   
0.00000000E+00   
0.00000000E+00   
0.00000000E+00   
0.00000000E+00   
0.00000000E+00   
0.00000000E+00   
0.00000000E+00   
0.00000000E+00   
0.00000000E+00   
0.00000000E+00   
0.00000000E+00   
0.00000000E+00   
0.00000000E+00   
0.00000000E+00   
0.00000000E+00   
0.00000000E+00   
0.00000000E+00   
0.00000000E+00   
0.00000000E+00   
0.00000000E+00   
0.00000000E+00   
0.00000000E+00   
0.00000000E+00   
0.00000000E+00   
0.00000000E+00   
0.00000000E+00   
0.00000000E+00   
0.00000000E+00   
0.00000000E+00   
0.00000000E+00   
0.00000000E+00   
0.00000000E+00   
0.00000000E+00   
0.00000000E+00   
0.00000000E+00   
0.00000000E+00   
0.00000000E+00   
0.00000000E+00   
0.00000000E+00   
0.00000000E+00   
0.00000000E+00   
0.00000000E+00   
0.00000000E+00   
0.00000000E+00   
0.00000000E+00   
0.00000000E+00   
0.00000000E+00   
0.00000000E+00   
0.00000000E+00   
0.00000000E+00   
0.00000000E+00   
0.00000000E+00   
0.00000000E+00   
0.00000000E+00   
0.00000000E+00   
0.00000000E+00   
0.00000000E+00   
0.00000000E+00   
0.00000000E+00   
0.00000000E+00   
0.00000000E+00   
0.00000000E+00   
0.00000000E+00   
0.00000000E+00   
0.00000000E+00   
0.00000000E+00   
0.00000000E+00   
0.00000000E+00   
0.00000000E+00   
0.00000000E+00   
0.00000000E+00   
0.00000000E+00   
0.00000000E+00   
0.00000000E+00   
0.00000000E+00   
0.00000000E+00   
0.00000000E+00   
0.00000000E+00   
0.00000000E+00   
0.00000000E+00   
0.00000000E+00   
0.00000000E+00   
0.00000000E+00   
0.00000000E+00   
0.00000000E+00   
0.00000000E+00   
0.00000000E+00   
0.00000000E+00   
0.00000000E+00   
0.00000000E+00   
0.00000000E+00   
0.00000000E+00   
0.00000000E+00   
0.00000000E+00   
0.00000000E+00   
0.00000000E+00   
0.00000000E+00   
0.00000000E+00   
0.00000000E+00   
0.00000000E+00   
0.00000000E+00   
0.00000000E+00   
0.00000000E+00   
0.00000000E+00   
0.00000000E+00   
0.00000000E+00   
0.00000000E+00   
0.00000000E+00   
0.00000000E+00   
0.00000000E+00   
0.00000000E+00   
0.00000000E+00   
0.00000000E+00   
0.00000000E+00   
0.00000000E+00   
0.00000000E+00   
0.00000000E+00   
0.00000000E+00   
0.00000000E+00   
0.00000000E+00   
0.00000000E+00   
0.00000000E+00   
0.00000000E+00   
0.00000000E+00   
0.00000000E+00   
0.00000000E+00   
0.00000000E+00   
0.00000000E+00   
0.00000000E+00   
0.00000000E+00   
0.00000000E+00   
0.00000000E+00   
0.00000000E+00   
0.00000000E+00   
0.00000000E+00   
0.00000000E+00   
0.00000000E+00   
0.00000000E+00   
0.00000000E+00   
0.00000000E+00   
0.00000000E+00   
0.00000000E+00   
0.00000000E+00   
0.00000000E+00   
0.00000000E+00   
0.00000000E+00   
0.00000000E+00   
0.00000000E+00   
0.00000000E+00   
0.00000000E+00   
0.00000000E+00   
0.00000000E+00   
0.00000000E+00   
0.00000000E+00   
0.00000000E+00   
0.00000000E+00   
0.00000000E+00   
0.00000000E+00   
0.00000000E+00   
0.00000000E+00   
0.00000000E+00   
0.00000000E+00   
0.00000000E+00   
0.00000000E+00   
0.00000000E+00   
0.00000000E+00   
0.00000000E+00   
0.00000000E+00   
0.00000000E+00   
0.00000000E+00   
0.00000000E+00   
0.00000000E+00   
0.00000000E+00   
0.00000000E+00   
0.00000000E+00   
0.00000000E+00   
0.00000000E+00   
0.00000000E+00   
0.00000000E+00   
0.00000000E+00   
0.00000000E+00   
0.00000000E+00   
0.00000000E+00   
0.00000000E+00   
0.00000000E+00   
0.00000000E+00   
0.00000000E+00   
0.00000000E+00   
0.00000000E+00   
0.00000000E+00   
0.00000000E+00   
0.00000000E+00   
0.00000000E+00   
0.00000000E+00   
0.00000000E+00   
0.00000000E+00   
0.00000000E+00   
0.00000000E+00   
0.00000000E+00   
0.00000000E+00   
0.00000000E+00   
0.00000000E+00   
0.00000000E+00   
0.00000000E+00   
0.00000000E+00   
0.00000000E+00   
0.00000000E+00   
0.00000000E+00   
0.00000000E+00   
0.00000000E+00   
0.00000000E+00   
0.00000000E+00   
0.00000000E+00   
0.00000000E+00   
0.00000000E+00   
0.00000000E+00   
0.00000000E+00   
0.00000000E+00   
0.00000000E+00   
0.00000000E+00   
0.00000000E+00   
0.00000000E+00   
0.00000000E+00   
0.00000000E+00   
0.00000000E+00   
0.00000000E+00   
0.00000000E+00   
0.00000000E+00   
0.00000000E+00   
0.00000000E+00   
0.00000000E+00   
0.00000000E+00   
0.00000000E+00   
0.00000000E+00   
0.00000000E+00   
0.00000000E+00   
0.00000000E+00   
0.00000000E+00   
0.00000000E+00   
0.00000000E+00   
0.00000000E+00   
0.00000000E+00   
0.00000000E+00   
0.00000000E+00   
0.00000000E+00   
0.00000000E+00   
0.00000000E+00   
0.00000000E+00   
0.00000000E+00   
0.00000000E+00   
0.00000000E+00   
0.00000000E+00   
0.00000000E+00   
0.00000000E+00   
0.00000000E+00   
0.00000000E+00   
0.00000000E+00   
0.00000000E+00   
0.00000000E+00   
0.00000000E+00   
0.00000000E+00   
0.00000000E+00   
0.00000000E+00   
0.00000000E+00   
0.00000000E+00   
0.00000000E+00   
0.00000000E+00   
0.00000000E+00   
0.00000000E+00   
0.00000000E+00   
0.00000000E+00   
0.00000000E+00   
0.00000000E+00   
0.00000000E+00   
0.00000000E+00   
0.00000000E+00   
0.00000000E+00   
0.00000000E+00   
0.00000000E+00   
0.00000000E+00   
0.00000000E+00   
0.00000000E+00   
0.00000000E+00   
0.00000000E+00   
0.00000000E+00   
0.00000000E+00   
0.00000000E+00   
0.00000000E+00   
0.00000000E+00   
0.00000000E+00   
0.00000000E+00   
0.00000000E+00   
0.00000000E+00   
0.00000000E+00   
0.00000000E+00   
0.00000000E+00   
0.00000000E+00   
0.00000000E+00   
0.00000000E+00   
0.00000000E+00   
0.00000000E+00   
0.00000000E+00   
0.00000000E+00   
0.00000000E+00   
0.00000000E+00   
0.00000000E+00   
0.00000000E+00   
0.00000000E+00   
0.00000000E+00   
0.00000000E+00   
0.00000000E+00   
0.00000000E+00   
0.00000000E+00   
0.00000000E+00   
0.00000000E+00   
0.00000000E+00   
0.00000000E+00   
0.00000000E+00   
0.00000000E+00   
0.00000000E+00   
0.00000000E+00   
0.00000000E+00   
0.00000000E+00   
0.00000000E+00   
0.00000000E+00   
0.00000000E+00   
0.00000000E+00   
0.00000000E+00   
0.00000000E+00   
0.00000000E+00   
0.00000000E+00   
0.00000000E+00   
0.00000000E+00   
0.00000000E+00   
0.00000000E+00   
0.00000000E+00   
0.00000000E+00   
0.00000000E+00   
0.00000000E+00   
0.00000000E+00   
0.00000000E+00   
0.00000000E+00   
0.00000000E+00   
0.00000000E+00   
0.00000000E+00   
0.00000000E+00   
0.00000000E+00   
0.00000000E+00   
0.00000000E+00   
0.00000000E+00   
0.00000000E+00   
0.00000000E+00   
0.00000000E+00   
0.00000000E+00   
0.00000000E+00   
0.00000000E+00   
0.00000000E+00   
0.00000000E+00   
0.00000000E+00   
0.00000000E+00   
0.00000000E+00   
0.00000000E+00   
0.00000000E+00   
0.00000000E+00   
0.00000000E+00   
0.00000000E+00   
0.00000000E+00   
0.00000000E+00   
0.00000000E+00   
0.00000000E+00   
0.00000000E+00   
0.00000000E+00   
0.00000000E+00   
0.00000000E+00   
0.00000000E+00   
0.00000000E+00   
0.00000000E+00   
0.00000000E+00   
0.00000000E+00   
0.00000000E+00   
0.00000000E+00   
0.00000000E+00   
0.00000000E+00   
0.00000000E+00   
0.00000000E+00   
0.00000000E+00   
0.00000000E+00   
0.00000000E+00   
0.00000000E+00   
0.00000000E+00   
0.00000000E+00   
0.00000000E+00   
0.00000000E+00   
0.00000000E+00   
0.00000000E+00   
0.00000000E+00   
0.00000000E+00   
0.00000000E+00   
0.00000000E+00   
0.00000000E+00   
0.00000000E+00   
0.00000000E+00   
0.00000000E+00   
0.00000000E+00   
0.00000000E+00   
0.00000000E+00   
0.00000000E+00   
0.00000000E+00   
0.00000000E+00   
0.00000000E+00   
0.00000000E+00   
0.00000000E+00   
0.00000000E+00   
0.00000000E+00   
0.00000000E+00   
0.00000000E+00   
0.00000000E+00   
0.00000000E+00   
0.00000000E+00   
0.00000000E+00   
0.00000000E+00   
0.00000000E+00   
0.00000000E+00   
0.00000000E+00   
0.00000000E+00   
0.00000000E+00   
0.00000000E+00   
0.00000000E+00   
0.00000000E+00   
0.00000000E+00   
0.00000000E+00   
0.00000000E+00   
0.00000000E+00   
0.00000000E+00   
0.00000000E+00   
0.00000000E+00   
0.00000000E+00   
0.00000000E+00   
0.00000000E+00   
0.00000000E+00   
0.00000000E+00   
0.00000000E+00   
0.00000000E+00   
0.00000000E+00   
0.00000000E+00   
0.00000000E+00   
0.00000000E+00   
0.00000000E+00   
0.00000000E+00   
0.00000000E+00   
0.00000000E+00   
0.00000000E+00   
0.00000000E+00   
0.00000000E+00   
0.00000000E+00   
0.00000000E+00   
0.00000000E+00   
0.00000000E+00   
0.00000000E+00   
0.00000000E+00   
0.00000000E+00   
0.00000000E+00   
0.00000000E+00   
0.00000000E+00   
0.00000000E+00   
0.00000000E+00   
0.00000000E+00   
0.00000000E+00   
0.00000000E+00   
0.00000000E+00   
0.00000000E+00   
0.00000000E+00   
0.00000000E+00   
0.00000000E+00   
0.00000000E+00   
0.00000000E+00   
0.00000000E+00   
0.00000000E+00   
0.00000000E+00   
0.00000000E+00   
0.00000000E+00   
0.00000000E+00   
0.00000000E+00   
0.00000000E+00   
0.00000000E+00   
0.00000000E+00   
0.00000000E+00   
0.00000000E+00   
0.00000000E+00   
0.00000000E+00   
0.00000000E+00   
0.00000000E+00   
0.00000000E+00   
0.00000000E+00   
0.00000000E+00   
0.00000000E+00   
0.00000000E+00   
0.00000000E+00   
0.00000000E+00   
0.00000000E+00   
0.00000000E+00   
0.00000000E+00   
0.00000000E+00   
0.00000000E+00   
0.00000000E+00   
0.00000000E+00   
0.00000000E+00   
0.00000000E+00   
0.00000000E+00   
0.00000000E+00   
0.00000000E+00   
0.00000000E+00   
0.00000000E+00   
0.00000000E+00   
0.00000000E+00   
0.00000000E+00   
0.00000000E+00   
0.00000000E+00   
0.00000000E+00   
0.00000000E+00   
0.00000000E+00   
0.00000000E+00   
0.00000000E+00   
0.00000000E+00   
0.00000000E+00   
0.00000000E+00   
0.00000000E+00   
0.00000000E+00   
0.00000000E+00   
0.00000000E+00   
0.00000000E+00   
0.00000000E+00   
0.00000000E+00   
0.00000000E+00   
0.00000000E+00   
0.00000000E+00   
0.00000000E+00   
0.00000000E+00   
0.00000000E+00   
0.00000000E+00   
0.00000000E+00   
0.00000000E+00   
0.00000000E+00   
0.00000000E+00   
0.00000000E+00   
0.00000000E+00   
0.00000000E+00   
0.00000000E+00   
0.00000000E+00   
0.00000000E+00   
0.00000000E+00   
0.00000000E+00   
0.00000000E+00   
0.00000000E+00   
0.00000000E+00   
0.00000000E+00   
0.00000000E+00   
0.00000000E+00   
0.00000000E+00   
0.00000000E+00   
0.00000000E+00   
0.00000000E+00   
0.00000000E+00   
0.00000000E+00   
0.00000000E+00   
0.00000000E+00   
0.00000000E+00   
0.00000000E+00   
0.00000000E+00   
0.00000000E+00   
0.00000000E+00   
0.00000000E+00   
0.00000000E+00   
0.00000000E+00   
0.00000000E+00   
0.00000000E+00   
0.00000000E+00   
0.00000000E+00   
0.00000000E+00   
0.00000000E+00   
0.00000000E+00   
0.00000000E+00   
0.00000000E+00   
0.00000000E+00   
0.00000000E+00   
0.00000000E+00   
0.00000000E+00   
0.00000000E+00   
0.00000000E+00   
0.00000000E+00   
0.00000000E+00   
0.00000000E+00   
0.00000000E+00   
0.00000000E+00   
0.00000000E+00   
0.00000000E+00   
0.00000000E+00   
0.00000000E+00   
0.00000000E+00   
0.00000000E+00   
0.00000000E+00   
0.00000000E+00   
0.00000000E+00   
0.00000000E+00   
0.00000000E+00   
0.00000000E+00   
0.00000000E+00   
0.00000000E+00   
0.00000000E+00   
0.00000000E+00   
0.00000000E+00   
0.00000000E+00   
0.00000000E+00   
0.00000000E+00   
0.00000000E+00   
0.00000000E+00   
0.00000000E+00   
0.00000000E+00   
0.00000000E+00   
0.00000000E+00   
0.00000000E+00   
0.00000000E+00   
0.00000000E+00   
0.00000000E+00   
0.00000000E+00   
0.00000000E+00   
0.00000000E+00   
0.00000000E+00   
0.00000000E+00   
0.00000000E+00   
0.00000000E+00   
0.00000000E+00   
0.00000000E+00   
0.00000000E+00   
0.00000000E+00   
0.00000000E+00   
0.00000000E+00   
0.00000000E+00   
0.00000000E+00   
0.00000000E+00   
0.00000000E+00   
0.00000000E+00   
0.00000000E+00   
0.00000000E+00   
0.00000000E+00   
0.00000000E+00   
0.00000000E+00   
0.00000000E+00   
0.00000000E+00   
0.00000000E+00   
0.00000000E+00   
0.00000000E+00   
0.00000000E+00   
0.00000000E+00   
0.00000000E+00   
0.00000000E+00   
0.00000000E+00   
0.00000000E+00   
0.00000000E+00   
0.00000000E+00   
0.00000000E+00   
0.00000000E+00   
0.00000000E+00   
0.00000000E+00   
0.00000000E+00   
0.00000000E+00   
0.00000000E+00   
0.00000000E+00   
0.00000000E+00   
0.00000000E+00   
0.00000000E+00   
0.00000000E+00   
0.00000000E+00   
0.00000000E+00   
0.00000000E+00   
0.00000000E+00   
0.00000000E+00   
0.00000000E+00   
0.00000000E+00   
0.00000000E+00   
0.00000000E+00   
0.00000000E+00   
0.00000000E+00   
0.00000000E+00   
0.00000000E+00   
0.00000000E+00   
0.00000000E+00   
0.00000000E+00   
0.00000000E+00   
0.00000000E+00   
0.00000000E+00   
0.00000000E+00   
0.00000000E+00   
0.00000000E+00   
0.00000000E+00   
0.00000000E+00   
0.00000000E+00   
0.00000000E+00   
0.00000000E+00   
0.00000000E+00   
0.00000000E+00   
0.00000000E+00   
0.00000000E+00   
0.00000000E+00   
0.00000000E+00   
0.00000000E+00   
0.00000000E+00   
0.00000000E+00   
0.00000000E+00   
0.00000000E+00   
0.00000000E+00   
0.00000000E+00   
0.00000000E+00   
0.00000000E+00   
0.00000000E+00   
0.00000000E+00   
0.00000000E+00   
0.00000000E+00   
0.00000000E+00   
0.00000000E+00   
0.00000000E+00   
0.00000000E+00   
0.00000000E+00   
0.00000000E+00   
0.00000000E+00   
0.00000000E+00   
0.00000000E+00   
0.00000000E+00   
0.00000000E+00   
0.00000000E+00   
0.00000000E+00   
0.00000000E+00   
0.00000000E+00   
0.00000000E+00   
0.00000000E+00   
0.00000000E+00   
0.00000000E+00   
0.00000000E+00   
0.00000000E+00   
0.00000000E+00   
0.00000000E+00   
0.00000000E+00   
0.00000000E+00   
0.00000000E+00   
0.00000000E+00   
0.00000000E+00   
0.00000000E+00   
0.00000000E+00   
0.00000000E+00   
0.00000000E+00   
0.00000000E+00   
0.00000000E+00   
0.00000000E+00   
0.00000000E+00   
0.00000000E+00   
0.00000000E+00   
0.00000000E+00   
0.00000000E+00   
0.00000000E+00   
0.00000000E+00   
0.00000000E+00   
0.00000000E+00   
0.00000000E+00   
0.00000000E+00   
0.00000000E+00   
0.00000000E+00   
0.00000000E+00   
0.00000000E+00   
0.00000000E+00   
0.00000000E+00   
0.00000000E+00   
0.00000000E+00   
0.00000000E+00   
0.00000000E+00   
0.00000000E+00   
0.00000000E+00   
0.00000000E+00   
0.00000000E+00   
0.00000000E+00   
0.00000000E+00   
0.00000000E+00   
0.00000000E+00   
0.00000000E+00   
0.00000000E+00   
0.00000000E+00   
0.00000000E+00   
0.00000000E+00   
0.00000000E+00   
0.00000000E+00   
0.00000000E+00   
0.00000000E+00   
0.00000000E+00   
0.00000000E+00   
0.00000000E+00   
0.00000000E+00   
0.00000000E+00   
0.00000000E+00   
0.00000000E+00   
0.00000000E+00   
0.00000000E+00   
0.00000000E+00   
0.00000000E+00   
0.00000000E+00   
0.00000000E+00   
0.00000000E+00   
0.00000000E+00   
0.00000000E+00   
0.00000000E+00   
0.00000000E+00   
0.00000000E+00   
0.00000000E+00   
0.00000000E+00   
0.00000000E+00   
0.00000000E+00   
0.00000000E+00   
0.00000000E+00   
0.00000000E+00   
0.00000000E+00   
0.00000000E+00   
0.00000000E+00   
0.00000000E+00   
0.00000000E+00   
0.00000000E+00   
0.00000000E+00   
0.00000000E+00   
0.00000000E+00   
0.00000000E+00   
0.00000000E+00   
0.00000000E+00   
0.00000000E+00   
0.00000000E+00   
0.00000000E+00   
0.00000000E+00   
0.00000000E+00   
0.00000000E+00   
0.00000000E+00   
0.00000000E+00   
0.00000000E+00   
0.00000000E+00   
0.00000000E+00   
0.00000000E+00   
0.00000000E+00   
0.00000000E+00   
0.00000000E+00   
0.00000000E+00   
0.00000000E+00   
0.00000000E+00   
0.00000000E+00   
0.00000000E+00   
0.00000000E+00   
0.00000000E+00   
0.00000000E+00   
0.00000000E+00   
0.00000000E+00   
0.00000000E+00   
0.00000000E+00   
0.00000000E+00   
0.00000000E+00   
0.00000000E+00   
0.00000000E+00   
0.00000000E+00   
0.00000000E+00   
0.00000000E+00   
0.00000000E+00   
0.00000000E+00   
0.00000000E+00   
0.00000000E+00   
0.00000000E+00   
0.00000000E+00   
0.00000000E+00   
0.00000000E+00   
0.00000000E+00   
0.00000000E+00   
0.00000000E+00   
0.00000000E+00   
0.00000000E+00   
0.00000000E+00   
0.00000000E+00   
0.00000000E+00   
0.00000000E+00   
0.00000000E+00   
0.00000000E+00   
0.00000000E+00   
0.00000000E+00   
0.00000000E+00   
0.00000000E+00   
0.00000000E+00   
0.00000000E+00   
0.00000000E+00   
0.00000000E+00   
0.00000000E+00   
0.00000000E+00   
0.00000000E+00   
0.00000000E+00   
0.00000000E+00   
0.00000000E+00   
0.00000000E+00   
0.00000000E+00   
0.00000000E+00   
0.00000000E+00   
0.00000000E+00   
0.00000000E+00   
0.00000000E+00   
0.00000000E+00   
0.00000000E+00   
0.00000000E+00   
0.00000000E+00   
0.00000000E+00   
!IDEND=

