!FILE=Disk 
!KIND=Spectrum 
!LABORATORY=Oslo Cyclotron Laboratory (OCL) 
!EXPERIMENT= oslo_method_python 
!COMMENT=Made by OMpy 
!TIME=DATE:08-Sep-20 09:57:14   
!CALIBRATION EkeV=6, 0.000000E+00, 2.000400E+00, 0.000000E+00 
!PRECISION=16 
!DIMENSION=1,0:4999 
!CHANNEL=(0:4999) 
1.57527005E+02   
2.78066013E+02   
3.02557011E+02   
3.50620224E+02   
3.69564613E+02   
3.67100820E+02   
4.36094819E+02   
4.46147630E+02   
4.59614223E+02   
4.64650230E+02   
4.62460592E+02   
4.81306861E+02   
5.23145229E+02   
5.02484197E+02   
5.62354471E+02   
5.59660232E+02   
6.12850670E+02   
6.46556611E+02   
6.71218044E+02   
6.97180836E+02   
7.04710242E+02   
7.44656131E+02   
7.72947990E+02   
8.08964693E+02   
8.75677335E+02   
9.44882276E+02   
1.00645049E+03   
1.05631566E+03   
1.21338578E+03   
1.22362362E+03   
1.24740108E+03   
1.42487297E+03   
1.44501540E+03   
1.52682306E+03   
1.51342048E+03   
1.67147790E+03   
1.77520004E+03   
1.77763723E+03   
1.85071044E+03   
1.87429046E+03   
1.94402410E+03   
1.91042048E+03   
2.03035017E+03   
2.01144229E+03   
2.13127966E+03   
2.07567373E+03   
2.11649890E+03   
2.17288218E+03   
2.17007151E+03   
2.15956221E+03   
2.27612292E+03   
2.24928556E+03   
2.22411932E+03   
2.19621544E+03   
2.34363523E+03   
2.27401690E+03   
2.28770584E+03   
2.24055901E+03   
2.28660502E+03   
2.27190058E+03   
2.27117974E+03   
2.27990768E+03   
2.28274855E+03   
2.26397870E+03   
2.30819564E+03   
2.23539938E+03   
2.28835137E+03   
2.26986837E+03   
2.15611752E+03   
2.24115383E+03   
2.38857692E+03   
2.26613813E+03   
2.26687598E+03   
2.17350710E+03   
2.19836897E+03   
2.17283707E+03   
2.11989588E+03   
2.12261212E+03   
2.16158802E+03   
2.12882877E+03   
2.09438398E+03   
2.11933717E+03   
2.15675025E+03   
2.14121614E+03   
2.13995559E+03   
2.11408122E+03   
2.14594199E+03   
2.23992699E+03   
2.21193819E+03   
2.25341358E+03   
2.20823605E+03   
2.17276605E+03   
2.10119404E+03   
2.13338628E+03   
2.07081916E+03   
2.10086957E+03   
2.08589238E+03   
2.06224285E+03   
1.99303541E+03   
1.97760722E+03   
1.96936577E+03   
1.99155781E+03   
2.00929266E+03   
1.90729606E+03   
1.88775265E+03   
1.87257171E+03   
1.83128466E+03   
1.82887638E+03   
1.79969114E+03   
1.81614623E+03   
1.78269864E+03   
1.79750510E+03   
1.77282046E+03   
1.73134647E+03   
1.72954141E+03   
1.74008402E+03   
1.64389708E+03   
1.64141038E+03   
1.72672615E+03   
1.67182016E+03   
1.63353011E+03   
1.75138048E+03   
1.78666953E+03   
1.77621954E+03   
1.71952851E+03   
1.79510132E+03   
1.73063993E+03   
1.67632266E+03   
1.74712012E+03   
1.73972314E+03   
1.74647459E+03   
1.72875815E+03   
1.60803091E+03   
1.62053291E+03   
1.57298230E+03   
1.62758732E+03   
1.62639298E+03   
1.58132086E+03   
1.60120874E+03   
1.62511192E+03   
1.62661242E+03   
1.56934087E+03   
1.51008532E+03   
1.52253251E+03   
1.55885117E+03   
1.55877305E+03   
1.49675815E+03   
1.46642488E+03   
1.53502811E+03   
1.45865413E+03   
1.39897299E+03   
1.41334927E+03   
1.43610642E+03   
1.37686687E+03   
1.38704581E+03   
1.41782707E+03   
1.32409672E+03   
1.41438608E+03   
1.33137668E+03   
1.33753511E+03   
1.29895519E+03   
1.31754471E+03   
1.23352991E+03   
1.26194439E+03   
1.29000450E+03   
1.21840768E+03   
1.24935157E+03   
1.26661322E+03   
1.15355071E+03   
1.16185877E+03   
1.14092158E+03   
1.12244329E+03   
1.06381966E+03   
1.08318344E+03   
1.04710022E+03   
1.10130026E+03   
1.04716703E+03   
1.04160292E+03   
1.03934497E+03   
9.77042909E+02   
9.79801460E+02   
1.00061052E+03   
9.70457992E+02   
9.79073415E+02   
9.68492498E+02   
9.58624625E+02   
9.41236147E+02   
9.63660432E+02   
9.47341268E+02   
9.27644229E+02   
9.21552310E+02   
9.20502100E+02   
9.06792559E+02   
8.96297359E+02   
8.73868774E+02   
8.77192338E+02   
8.79428686E+02   
8.88280856E+02   
8.09802961E+02   
8.83011202E+02   
8.39490898E+02   
8.22881776E+02   
8.24936087E+02   
8.38929786E+02   
8.32393479E+02   
8.29477095E+02   
8.05689538E+02   
8.49642729E+02   
8.04585417E+02   
8.22823765E+02   
8.04267153E+02   
7.89122625E+02   
7.35079516E+02   
7.93716843E+02   
7.56950590E+02   
7.63870774E+02   
7.80020604E+02   
7.94810362E+02   
7.76520404E+02   
7.48868374E+02   
7.42553011E+02   
7.50261152E+02   
7.60005501E+02   
7.72639428E+02   
6.83684137E+02   
7.14621524E+02   
7.22486097E+02   
7.41836467E+02   
7.18495299E+02   
6.74401480E+02   
7.12268254E+02   
6.82404781E+02   
6.70841668E+02   
6.71016603E+02   
6.58976095E+02   
6.26172835E+02   
6.53871074E+02   
6.46056511E+02   
6.81946389E+02   
6.82348970E+02   
6.33882677E+02   
6.31035107E+02   
6.13159432E+02   
6.76268854E+02   
6.19210742E+02   
6.14307962E+02   
6.47279056E+02   
6.26774255E+02   
6.62097219E+02   
6.38340568E+02   
6.16723045E+02   
6.42116523E+02   
6.43107421E+02   
4.94288148E+02   
4.75895179E+02   
4.75895179E+02   
4.75895179E+02   
4.75895179E+02   
4.20440818E+02   
3.19850770E+02   
3.29329366E+02   
3.32342969E+02   
3.29130626E+02   
3.13719644E+02   
3.20363373E+02   
3.19703241E+02   
3.01093519E+02   
3.37241348E+02   
3.27742849E+02   
3.02477896E+02   
3.08168434E+02   
3.26724645E+02   
2.85056911E+02   
3.14977696E+02   
3.20378276E+02   
3.05522104E+02   
2.78333967E+02   
3.06785257E+02   
3.15790858E+02   
3.17927385E+02   
2.70848370E+02   
2.95671834E+02   
2.96802861E+02   
3.04249250E+02   
2.91443789E+02   
3.02884777E+02   
2.84073515E+02   
2.87753251E+02   
2.95978996E+02   
2.81516403E+02   
2.65741648E+02   
2.77518904E+02   
3.20500900E+02   
3.15285157E+02   
2.77261152E+02   
2.85023505E+02   
2.83292458E+02   
2.71151630E+02   
2.69102120E+02   
2.68955691E+02   
2.64774155E+02   
2.52193339E+02   
2.56296059E+02   
2.74597720E+02   
2.76646429E+02   
2.97364773E+02   
2.89874575E+02   
2.59790558E+02   
2.70653031E+02   
2.58337467E+02   
2.58670834E+02   
2.62185537E+02   
2.69301860E+02   
2.34176735E+02   
2.65296659E+02   
2.35150930E+02   
2.37561112E+02   
2.12657231E+02   
2.19082416E+02   
2.38910882E+02   
2.48560912E+02   
2.19877475E+02   
2.54624925E+02   
2.54128726E+02   
2.22567313E+02   
2.64377576E+02   
2.40352270E+02   
2.41001800E+02   
2.31835367E+02   
2.54471994E+02   
2.26510802E+02   
2.24716543E+02   
2.25167233E+02   
2.35379476E+02   
2.21907982E+02   
2.37361572E+02   
2.31435687E+02   
2.14601220E+02   
2.23939588E+02   
2.43332667E+02   
2.21675935E+02   
2.35139028E+02   
2.53678936E+02   
2.34583217E+02   
2.22042408E+02   
2.31148230E+02   
2.21441288E+02   
1.97176735E+02   
2.34206241E+02   
2.14078516E+02   
2.31648230E+02   
2.14878876E+02   
2.17838068E+02   
2.11834067E+02   
1.91188238E+02   
2.00661432E+02   
2.21408982E+02   
2.09399380E+02   
2.05615723E+02   
1.88249150E+02   
1.94953491E+02   
2.03217443E+02   
2.04464293E+02   
1.93297660E+02   
1.81392178E+02   
1.85622525E+02   
1.75046509E+02   
1.77796759E+02   
1.97748650E+02   
1.88734447E+02   
1.94517904E+02   
1.74472494E+02   
1.65520304E+02   
1.68631726E+02   
1.77284757E+02   
1.64288758E+02   
1.86388978E+02   
1.71716543E+02   
1.60104721E+02   
1.83733547E+02   
2.04558712E+02   
1.99650930E+02   
1.83369274E+02   
1.49844669E+02   
1.75066113E+02   
1.49989898E+02   
1.60955791E+02   
1.68270654E+02   
1.61033607E+02   
1.94085217E+02   
1.80044609E+02   
1.61940888E+02   
1.73634027E+02   
1.69750450E+02   
1.37772955E+02   
1.86272955E+02   
1.66498700E+02   
1.49053311E+02   
1.56645229E+02   
1.68990998E+02   
1.55470694E+02   
1.56652430E+02   
1.79302160E+02   
1.71358072E+02   
1.73784857E+02   
1.56340368E+02   
1.55380676E+02   
1.66018704E+02   
1.48059912E+02   
1.49993199E+02   
1.54360472E+02   
1.55380376E+02   
1.28714643E+02   
1.67992298E+02   
1.59712242E+02   
1.52368374E+02   
1.60028706E+02   
1.58030806E+02   
1.53362973E+02   
1.48358672E+02   
1.34023705E+02   
1.48707642E+02   
1.56699040E+02   
1.45030406E+02   
1.51681236E+02   
1.48400980E+02   
1.38278856E+02   
1.38089518E+02   
1.64415783E+02   
1.59347069E+02   
1.48032807E+02   
1.43324365E+02   
1.54068214E+02   
1.34829366E+02   
1.37127926E+02   
1.34700640E+02   
1.39050710E+02   
1.45803461E+02   
1.53629726E+02   
1.41974995E+02   
1.53056311E+02   
1.33968994E+02   
1.42181936E+02   
1.56322665E+02   
1.34151930E+02   
1.35518504E+02   
1.41707441E+02   
1.46782456E+02   
1.39917083E+02   
1.24230046E+02   
1.41826765E+02   
1.63557311E+02   
1.32223645E+02   
1.29808462E+02   
1.10614823E+02   
1.48620024E+02   
1.37837167E+02   
1.29171334E+02   
1.32711042E+02   
1.34763353E+02   
1.37661132E+02   
1.36551710E+02   
1.24285457E+02   
1.37507502E+02   
1.45199740E+02   
1.28168434E+02   
1.29713443E+02   
1.36836467E+02   
1.33093319E+02   
1.36215343E+02   
1.49534307E+02   
1.21211142E+02   
1.17937087E+02   
1.29120524E+02   
1.12542208E+02   
1.33205641E+02   
1.37432186E+02   
1.44244149E+02   
1.41582517E+02   
1.17631426E+02   
1.29025605E+02   
1.33337267E+02   
1.27090518E+02   
1.14262152E+02   
1.11392579E+02   
1.31739748E+02   
1.53445589E+02   
1.26386577E+02   
1.42504801E+02   
1.21200340E+02   
1.22251350E+02   
1.34760652E+02   
1.18359372E+02   
1.20324965E+02   
1.37489598E+02   
1.17312162E+02   
1.28168334E+02   
1.14914083E+02   
1.51711842E+02   
1.54035207E+02   
1.37024005E+02   
9.63169634E+01   
1.17926885E+02   
1.17425285E+02   
1.12215843E+02   
1.17723845E+02   
1.23211442E+02   
1.14832567E+02   
1.19911682E+02   
1.25651530E+02   
1.33291858E+02   
1.24460792E+02   
1.22909282E+02   
1.18255851E+02   
1.20613923E+02   
1.36612322E+02   
1.08597820E+02   
1.16743149E+02   
1.05486397E+02   
1.19729446E+02   
1.26104421E+02   
1.07561812E+02   
1.13944989E+02   
1.07733447E+02   
1.17185037E+02   
1.04761352E+02   
1.00335267E+02   
1.08705541E+02   
1.09711942E+02   
1.14718344E+02   
1.03918684E+02   
1.03020004E+02   
1.14150430E+02   
1.21310562E+02   
1.12451290E+02   
1.13025005E+02   
9.87359472E+01   
1.15607822E+02   
1.25875175E+02   
1.12003801E+02   
1.13168734E+02   
1.06454491E+02   
1.13758352E+02   
1.06025205E+02   
1.22411082E+02   
1.18175135E+02   
1.15302961E+02   
1.12806861E+02   
1.26185537E+02   
1.04230746E+02   
1.22385577E+02   
1.06821164E+02   
1.14907782E+02   
1.00924985E+02   
1.02403581E+02   
1.03357872E+02   
1.05020004E+02   
1.01404781E+02   
1.03635227E+02   
1.14810762E+02   
1.05401980E+02   
1.38543009E+02   
1.18248950E+02   
9.51734347E+01   
1.20393579E+02   
9.97470494E+01   
1.08021204E+02   
1.13385977E+02   
1.10111322E+02   
1.10477696E+02   
1.09012102E+02   
1.03932987E+02   
9.04780956E+01   
1.03373575E+02   
1.05317263E+02   
1.14022805E+02   
1.04524405E+02   
9.53623725E+01   
1.08838868E+02   
1.16974495E+02   
1.11146129E+02   
1.03627325E+02   
1.04020804E+02   
9.94876975E+01   
1.01352370E+02   
1.05159332E+02   
1.10491698E+02   
1.14903581E+02   
1.22730146E+02   
9.98698740E+01   
1.07699240E+02   
1.14596419E+02   
1.15551110E+02   
1.01923985E+02   
1.15911282E+02   
1.08640728E+02   
1.09405681E+02   
1.08893679E+02   
8.45821164E+01   
1.11154731E+02   
1.07761052E+02   
1.09836667E+02   
1.12169934E+02   
1.16125425E+02   
1.07469094E+02   
9.82161432E+01   
1.04567313E+02   
9.50764153E+01   
1.00452090E+02   
8.73515703E+01   
1.04134127E+02   
9.60684137E+01   
1.08062012E+02   
9.75283057E+01   
9.35101020E+01   
1.10974195E+02   
9.75843169E+01   
1.06487297E+02   
1.18263153E+02   
9.57956591E+01   
9.47588518E+01   
1.07260152E+02   
8.40376075E+01   
1.09007201E+02   
9.37740548E+01   
9.92707542E+01   
1.13767854E+02   
9.82601520E+01   
1.02507301E+02   
1.08561712E+02   
1.12006001E+02   
1.12536707E+02   
1.20776255E+02   
9.24752951E+01   
1.09818064E+02   
9.04806961E+01   
8.42645529E+01   
9.54884977E+01   
8.05491098E+01   
9.65773155E+01   
9.21915383E+01   
9.95575115E+01   
9.95059012E+01   
9.93511702E+01   
1.14234347E+02   
1.01505101E+02   
9.00208042E+01   
9.79483897E+01   
1.13687738E+02   
9.60679136E+01   
1.02338168E+02   
9.04978996E+01   
8.76910382E+01   
9.13915783E+01   
1.01781856E+02   
8.31111222E+01   
1.00980296E+02   
1.15889478E+02   
1.03466193E+02   
1.03348870E+02   
9.87979596E+01   
8.24316863E+01   
1.14312362E+02   
8.67838568E+01   
9.43602721E+01   
8.17810562E+01   
9.81484297E+01   
9.77172434E+01   
8.83893779E+01   
9.60200040E+01   
9.44834967E+01   
8.67132426E+01   
1.02556111E+02   
9.14798960E+01   
9.84863973E+01   
9.32388478E+01   
9.40353071E+01   
9.20825165E+01   
9.44754951E+01   
8.91050210E+01   
1.01246949E+02   
1.13153931E+02   
8.77914583E+01   
9.45641128E+01   
9.85657131E+01   
1.00084117E+02   
9.14041808E+01   
9.57173435E+01   
9.21959392E+01   
9.92268454E+01   
9.27994599E+01   
9.65870174E+01   
9.82437487E+01   
8.81331266E+01   
8.30184037E+01   
9.29096819E+01   
1.04684437E+02   
9.33448690E+01   
8.48989798E+01   
8.58957792E+01   
8.51346269E+01   
1.03163733E+02   
9.72098420E+01   
9.09236847E+01   
9.38909782E+01   
1.05315163E+02   
8.96317263E+01   
8.13204641E+01   
8.15833167E+01   
1.04584917E+02   
8.26069214E+01   
8.75058012E+01   
7.65206041E+01   
8.75114023E+01   
1.06589718E+02   
9.29460892E+01   
8.51522304E+01   
1.00524205E+02   
7.90803161E+01   
1.01469894E+02   
1.09808662E+02   
8.63455691E+01   
9.90164033E+01   
1.03963693E+02   
1.11656131E+02   
7.73170634E+01   
1.02407281E+02   
9.06931386E+01   
1.02724445E+02   
9.38146629E+01   
9.73083617E+01   
8.75674135E+01   
1.00228546E+02   
1.04673535E+02   
8.51934387E+01   
9.18425685E+01   
1.08991298E+02   
8.88644729E+01   
8.79709942E+01   
9.00411082E+01   
9.48146629E+01   
9.38154631E+01   
1.01989798E+02   
1.06833367E+02   
9.98301660E+01   
8.40374075E+01   
8.92173435E+01   
8.04127826E+01   
8.42173435E+01   
9.04166833E+01   
8.46148230E+01   
8.74229846E+01   
8.26111222E+01   
1.00847069E+02   
8.07894579E+01   
9.06330266E+01   
9.27694539E+01   
8.74215843E+01   
8.82274455E+01   
9.38769754E+01   
8.51960392E+01   
9.40192038E+01   
8.11888378E+01   
8.88495699E+01   
8.94367874E+01   
9.81828366E+01   
9.66313263E+01   
7.81764353E+01   
7.85940188E+01   
9.24387878E+01   
9.24824965E+01   
9.10196039E+01   
8.16377275E+01   
8.50690138E+01   
8.78731746E+01   
8.83600720E+01   
9.97793559E+01   
9.95872174E+01   
9.43389678E+01   
8.56401280E+01   
7.72662533E+01   
1.15396079E+02   
7.86978396E+01   
7.57086417E+01   
9.46449290E+01   
8.02468494E+01   
8.88624725E+01   
7.96844369E+01   
7.12009402E+01   
9.43587718E+01   
9.54894979E+01   
8.97330466E+01   
9.22874575E+01   
9.42112422E+01   
7.51053211E+01   
9.09266853E+01   
9.82079416E+01   
8.38240648E+01   
8.19327866E+01   
9.68382677E+01   
8.48161632E+01   
8.74767954E+01   
9.12266453E+01   
1.06091218E+02   
8.57706541E+01   
1.03487197E+02   
9.11496299E+01   
9.23706741E+01   
9.63098620E+01   
8.20744149E+01   
9.36093219E+01   
7.74730946E+01   
9.66890378E+01   
8.03365673E+01   
8.62266453E+01   
7.89302861E+01   
9.06681336E+01   
8.46321264E+01   
9.27441488E+01   
7.72934587E+01   
8.51601320E+01   
8.55348070E+01   
9.28486697E+01   
9.30432086E+01   
8.68682737E+01   
8.31853371E+01   
1.05273855E+02   
8.77429486E+01   
9.53322665E+01   
8.40392078E+01   
9.61845369E+01   
8.45104021E+01   
7.26909382E+01   
8.71817363E+01   
9.28518704E+01   
1.01681336E+02   
8.35208042E+01   
9.78530706E+01   
8.01445289E+01   
7.93694739E+01   
9.03774755E+01   
8.49787958E+01   
9.64070814E+01   
9.52958592E+01   
7.83662733E+01   
8.15016003E+01   
8.95952190E+01   
8.94695939E+01   
7.64623925E+01   
8.79322865E+01   
8.56581316E+01   
9.43362673E+01   
7.25597119E+01   
7.78518704E+01   
1.00741248E+02   
9.13875775E+01   
9.99702941E+01   
8.95901180E+01   
8.89559912E+01   
7.80776155E+01   
7.78610722E+01   
8.59491898E+01   
8.81556311E+01   
1.02401480E+02   
8.77166433E+01   
7.68630726E+01   
9.66372274E+01   
8.43147630E+01   
7.25572114E+01   
8.97989598E+01   
9.36261252E+01   
9.11689338E+01   
8.28662733E+01   
8.81144229E+01   
7.93711742E+01   
7.10645129E+01   
8.01176235E+01   
8.15692138E+01   
9.19377876E+01   
8.69484897E+01   
9.26085217E+01   
7.34579916E+01   
7.94555911E+01   
7.71344269E+01   
8.69930986E+01   
8.58931786E+01   
7.54523905E+01   
7.33050610E+01   
8.37136427E+01   
7.63062613E+01   
9.12985597E+01   
7.58791758E+01   
9.21597319E+01   
8.84462893E+01   
9.01652330E+01   
8.11542308E+01   
8.45932186E+01   
9.44411882E+01   
7.78766753E+01   
9.44379876E+01   
9.38985797E+01   
9.21589318E+01   
8.32695539E+01   
9.04614923E+01   
8.90503101E+01   
8.09481896E+01   
8.53277656E+01   
9.04271854E+01   
9.62403481E+01   
8.95649130E+01   
8.45118024E+01   
6.80144029E+01   
7.68794759E+01   
9.12659532E+01   
9.55565113E+01   
8.44195839E+01   
9.36839368E+01   
8.42809562E+01   
6.60144029E+01   
6.71465293E+01   
9.16188238E+01   
8.21465293E+01   
8.16220244E+01   
8.36244249E+01   
7.12774555E+01   
8.72380476E+01   
1.00630826E+02   
9.71489298E+01   
8.31763353E+01   
9.10160032E+01   
8.72496499E+01   
9.09096819E+01   
7.79040808E+01   
6.70006001E+01   
7.80070014E+01   
8.46478296E+01   
9.16412282E+01   
8.95181036E+01   
8.16432286E+01   
9.63973795E+01   
9.50200040E+01   
1.07403381E+02   
7.28658732E+01   
1.09790758E+02   
8.63403681E+01   
6.96734347E+01   
9.32888578E+01   
8.52284457E+01   
9.45689138E+01   
9.75816163E+01   
9.32964593E+01   
9.00626125E+01   
9.44960992E+01   
9.13743749E+01   
8.75451090E+01   
9.56660332E+01   
9.60204041E+01   
7.77742549E+01   
9.47326465E+01   
9.79026805E+01   
8.98292659E+01   
9.70559112E+01   
9.52873575E+01   
8.94461892E+01   
8.79608922E+01   
8.64453891E+01   
1.08429486E+02   
9.62800560E+01   
8.77758552E+01   
8.98028606E+01   
7.92331466E+01   
8.69085817E+01   
9.60182036E+01   
6.83429686E+01   
7.92427485E+01   
8.46872374E+01   
9.72523505E+01   
1.00238248E+02   
9.52133427E+01   
8.50152030E+01   
9.05843169E+01   
8.65875175E+01   
1.01697640E+02   
9.85935187E+01   
8.42946589E+01   
8.12278456E+01   
8.69102821E+01   
7.93864773E+01   
7.96455291E+01   
8.04324865E+01   
8.71846369E+01   
7.68441688E+01   
9.61618324E+01   
8.87392478E+01   
9.44060812E+01   
8.09366873E+01   
8.57136427E+01   
8.55234047E+01   
8.67152430E+01   
7.80192038E+01   
8.95182036E+01   
8.45098020E+01   
9.04204841E+01   
8.91297259E+01   
8.80012002E+01   
1.01843369E+02   
9.07020404E+01   
8.93087618E+01   
8.22098420E+01   
9.71897379E+01   
7.79379876E+01   
8.64436887E+01   
1.18353571E+02   
6.81002200E+01   
8.33531706E+01   
8.02022404E+01   
8.92674535E+01   
9.71588318E+01   
8.30606121E+01   
8.88321664E+01   
8.03840768E+01   
7.61069214E+01   
6.73788758E+01   
9.33799760E+01   
8.49262853E+01   
9.63887778E+01   
1.01108922E+02   
8.24637928E+01   
7.93712743E+01   
1.09222545E+02   
8.75455091E+01   
8.15407081E+01   
8.48405681E+01   
9.06691338E+01   
9.60695139E+01   
1.06106921E+02   
8.84473895E+01   
8.51037207E+01   
9.84267854E+01   
9.11147229E+01   
9.67602521E+01   
7.88551710E+01   
1.07271754E+02   
8.49390878E+01   
8.73504701E+01   
9.49386877E+01   
8.99394879E+01   
8.19112823E+01   
7.91778356E+01   
9.96154231E+01   
7.08151630E+01   
7.64587918E+01   
8.08589718E+01   
8.49390878E+01   
9.24866973E+01   
9.01607321E+01   
9.17880576E+01   
1.01713543E+02   
9.35584117E+01   
8.74005801E+01   
7.44722945E+01   
6.65428086E+01   
7.20877175E+01   
9.18201640E+01   
8.20188038E+01   
1.05207942E+02   
7.49762953E+01   
9.64346869E+01   
9.20937187E+01   
9.93717744E+01   
8.69566913E+01   
8.38036607E+01   
9.67383477E+01   
9.57271454E+01   
8.11582316E+01   
9.93200640E+01   
9.28529706E+01   
1.00982697E+02   
8.51871374E+01   
9.71301260E+01   
8.16302260E+01   
9.28152631E+01   
9.05537107E+01   
7.35496099E+01   
8.42824565E+01   
6.94763953E+01   
8.45564113E+01   
1.02562012E+02   
9.77611522E+01   
9.09566913E+01   
8.88494699E+01   
8.36994399E+01   
9.15213043E+01   
8.55772154E+01   
8.85207041E+01   
8.02059412E+01   
8.18166633E+01   
8.35880176E+01   
1.06714643E+02   
9.37186437E+01   
8.97974595E+01   
8.60160032E+01   
9.43679736E+01   
8.49618924E+01   
8.92532507E+01   
7.87117423E+01   
9.40401080E+01   
7.41025205E+01   
8.72224445E+01   
9.13558712E+01   
8.57382476E+01   
1.01631626E+02   
8.27903581E+01   
9.46889378E+01   
9.24512903E+01   
9.16392278E+01   
9.02312462E+01   
8.66989398E+01   
1.04913783E+02   
9.91238248E+01   
8.31739348E+01   
1.02120224E+02   
8.59658932E+01   
1.01209042E+02   
9.86249250E+01   
9.74164833E+01   
8.54238848E+01   
8.93627726E+01   
8.73086617E+01   
8.74378876E+01   
9.11154231E+01   
9.34922985E+01   
8.10621124E+01   
9.15032006E+01   
7.73419684E+01   
9.40164033E+01   
8.57445489E+01   
8.31086217E+01   
8.81070214E+01   
9.36643329E+01   
9.05449090E+01   
9.85392078E+01   
8.79341868E+01   
9.70208042E+01   
8.54418884E+01   
8.29750950E+01   
8.78519704E+01   
7.91006201E+01   
9.23420684E+01   
8.51351270E+01   
8.37753551E+01   
8.78194639E+01   
8.13292659E+01   
8.77452490E+01   
8.89032807E+01   
8.33581716E+01   
9.87540508E+01   
7.42394479E+01   
9.17235447E+01   
9.51271254E+01   
8.99104821E+01   
8.26543309E+01   
9.82785557E+01   
8.12960592E+01   
8.00850170E+01   
9.06452290E+01   
8.12202440E+01   
7.71167233E+01   
1.01431686E+02   
1.07409282E+02   
8.52094419E+01   
8.01107221E+01   
8.12937588E+01   
1.03218844E+02   
8.43234647E+01   
1.03869874E+02   
8.90204041E+01   
9.84250850E+01   
9.57582517E+01   
9.13275655E+01   
8.58477696E+01   
9.20983197E+01   
9.18268654E+01   
9.70710142E+01   
8.69649930E+01   
1.05069414E+02   
9.49665933E+01   
8.49183837E+01   
9.10441088E+01   
8.42120424E+01   
9.11108222E+01   
8.38512703E+01   
1.08811062E+02   
9.80658132E+01   
7.04399880E+01   
1.16339568E+02   
1.05131326E+02   
9.52318464E+01   
1.00957291E+02   
8.21205241E+01   
8.10180036E+01   
1.04018004E+02   
8.80369074E+01   
7.91841368E+01   
8.09053811E+01   
9.47862573E+01   
8.82292458E+01   
7.01351270E+01   
9.67499500E+01   
1.08988198E+02   
1.19832767E+02   
9.72861572E+01   
9.78701740E+01   
9.60377075E+01   
8.82061412E+01   
8.00998200E+01   
1.18762452E+02   
1.08984097E+02   
8.72615523E+01   
9.39195839E+01   
8.51015203E+01   
8.89263853E+01   
9.79545909E+01   
9.60644129E+01   
9.20410082E+01   
9.01170234E+01   
9.60067013E+01   
1.00954091E+02   
8.60447089E+01   
8.70504101E+01   
9.49393879E+01   
1.04991198E+02   
7.91393279E+01   
8.30022004E+01   
9.39549910E+01   
9.99914983E+01   
9.40591118E+01   
9.40339068E+01   
1.05990998E+02   
9.99999000E+01   
9.00890178E+01   
8.90053011E+01   
9.09902981E+01   
8.60350070E+01   
9.40113023E+01   
9.90137027E+01   
9.20304061E+01   
9.10195039E+01   
9.30106021E+01   
7.20217043E+01   
9.20181036E+01   
8.80085017E+01   
8.70246049E+01   
9.10176035E+01   
9.40119024E+01   
8.70601120E+01   
1.03007802E+02   
1.03003001E+02   
9.50087017E+01   
9.49867974E+01   
9.80277055E+01   
9.80583117E+01   
9.40094019E+01   
9.49912983E+01   
9.10463093E+01   
9.39557912E+01   
8.00483097E+01   
8.80097019E+01   
8.61064213E+01   
9.99105821E+01   
8.30737147E+01   
9.99487898E+01   
7.92336467E+01   
1.05043809E+02   
1.02867173E+02   
9.30810162E+01   
1.03957391E+02   
8.51635327E+01   
1.05771354E+02   
9.51584317E+01   
9.90450090E+01   
1.05881476E+02   
9.50561112E+01   
9.69909982E+01   
8.79337868E+01   
9.52722545E+01   
1.00051410E+02   
9.89019804E+01   
9.88800760E+01   
8.62545509E+01   
1.06842669E+02   
8.61011202E+01   
1.01882777E+02   
8.30164033E+01   
9.22312462E+01   
9.90212042E+01   
9.68528706E+01   
9.27501500E+01   
8.03630726E+01   
9.69793959E+01   
9.59371874E+01   
8.62238448E+01   
1.11851970E+02   
1.04039108E+02   
1.06149430E+02   
9.17973595E+01   
8.82661532E+01   
1.15928386E+02   
9.81367273E+01   
9.47821564E+01   
8.59442889E+01   
9.85101020E+01   
1.08848270E+02   
9.59956991E+01   
9.87099420E+01   
8.79633927E+01   
8.22021404E+01   
8.84245849E+01   
1.08336367E+02   
8.42651530E+01   
1.01904381E+02   
8.73891778E+01   
1.05817463E+02   
9.51364273E+01   
9.09900980E+01   
9.48680736E+01   
8.52018404E+01   
8.93310662E+01   
1.22771954E+02   
1.09052711E+02   
1.06795059E+02   
9.71165233E+01   
1.06152030E+02   
1.02021204E+02   
1.11648230E+02   
8.39481896E+01   
7.62936587E+01   
9.21947389E+01   
1.11843669E+02   
1.06557812E+02   
1.15807361E+02   
9.51329266E+01   
1.07690038E+02   
1.00132927E+02   
1.02400680E+02   
1.03489298E+02   
1.04981296E+02   
1.05332466E+02   
8.57857572E+01   
1.03100220E+02   
1.01577816E+02   
1.04953091E+02   
1.09902681E+02   
1.14398380E+02   
1.16357872E+02   
9.76835367E+01   
1.02275055E+02   
1.02021204E+02   
9.88036607E+01   
8.72387477E+01   
9.76224245E+01   
9.94646929E+01   
9.51118224E+01   
1.07840368E+02   
1.02607622E+02   
9.51098220E+01   
9.58778756E+01   
9.31003201E+01   
1.09218344E+02   
1.06540108E+02   
9.55466093E+01   
9.79708942E+01   
9.58049610E+01   
1.14183937E+02   
9.85197039E+01   
9.70713143E+01   
1.12327465E+02   
1.19565613E+02   
1.14073515E+02   
1.01607121E+02   
9.16530306E+01   
1.02174535E+02   
8.49204841E+01   
1.12435787E+02   
9.56130226E+01   
1.05426985E+02   
9.61294259E+01   
1.04855471E+02   
1.02907782E+02   
1.15466893E+02   
1.04754051E+02   
1.09573515E+02   
1.10795559E+02   
1.17044709E+02   
9.07105421E+01   
1.05728846E+02   
9.41945389E+01   
1.01788058E+02   
1.12667734E+02   
1.01962492E+02   
1.12720444E+02   
1.13323565E+02   
1.19410882E+02   
9.68176635E+01   
1.05961292E+02   
1.08524305E+02   
1.12455191E+02   
8.67102420E+01   
1.08210942E+02   
1.15254651E+02   
1.04367373E+02   
1.19284057E+02   
1.19026805E+02   
1.21388978E+02   
1.09137327E+02   
1.26957291E+02   
1.08223345E+02   
1.23353271E+02   
1.15087918E+02   
1.04020804E+02   
1.04225745E+02   
1.03334867E+02   
9.86400280E+01   
1.17508202E+02   
1.19094319E+02   
1.06477896E+02   
1.03864573E+02   
9.84474895E+01   
1.07451090E+02   
1.09242549E+02   
1.34291258E+02   
1.02762352E+02   
1.09418284E+02   
9.39736947E+01   
1.12357972E+02   
9.81682336E+01   
1.04215843E+02   
1.20900080E+02   
8.87942589E+01   
1.10260452E+02   
9.06945389E+01   
1.07177836E+02   
1.20179436E+02   
1.16095819E+02   
9.98653731E+01   
9.78216643E+01   
1.20691438E+02   
1.20288658E+02   
1.26995499E+02   
1.13663333E+02   
1.36742148E+02   
1.00666533E+02   
1.14293959E+02   
1.01835567E+02   
1.17041408E+02   
1.19513503E+02   
1.09352871E+02   
1.04441788E+02   
9.95241048E+01   
1.20601420E+02   
1.10683937E+02   
1.01866773E+02   
1.07831966E+02   
1.01761452E+02   
9.52196439E+01   
1.19281356E+02   
1.08069714E+02   
9.26744349E+01   
1.08801560E+02   
1.03988298E+02   
1.23435887E+02   
9.22845569E+01   
1.00178136E+02   
1.06487698E+02   
1.14651830E+02   
1.16296159E+02   
1.07847069E+02   
1.09565613E+02   
1.01659832E+02   
1.05194739E+02   
8.26801360E+01   
1.19191138E+02   
1.00022004E+02   
1.13302561E+02   
1.15708342E+02   
1.05055111E+02   
1.08548410E+02   
9.28297660E+01   
1.00592318E+02   
1.06925685E+02   
1.01984397E+02   
1.32702240E+02   
1.16211542E+02   
9.95767153E+01   
1.11904081E+02   
1.18354971E+02   
1.13513203E+02   
1.05111922E+02   
1.13329366E+02   
1.30023205E+02   
1.12521604E+02   
1.23920484E+02   
1.06717443E+02   
1.07136327E+02   
1.14902881E+02   
1.12326565E+02   
1.08637127E+02   
1.21229446E+02   
1.27195839E+02   
1.00748250E+02   
1.19545209E+02   
1.16140628E+02   
9.99105821E+01   
1.24236647E+02   
1.23696139E+02   
1.07293459E+02   
1.13488798E+02   
1.08734347E+02   
1.07811762E+02   
1.12026005E+02   
1.31242649E+02   
1.28048310E+02   
1.17804961E+02   
1.25117624E+02   
1.22696639E+02   
1.20142629E+02   
1.10129226E+02   
1.38692639E+02   
1.09575015E+02   
1.14474595E+02   
1.18901580E+02   
1.05697139E+02   
9.90051010E+01   
1.02835967E+02   
1.23228546E+02   
1.07794559E+02   
1.15054911E+02   
1.43220144E+02   
9.93300660E+01   
1.17643729E+02   
1.28816263E+02   
1.09368974E+02   
1.12137127E+02   
1.16137928E+02   
1.10077415E+02   
1.09265753E+02   
1.13262653E+02   
1.23787758E+02   
1.09634727E+02   
1.02015303E+02   
1.23869474E+02   
1.31856971E+02   
9.96904381E+01   
1.20233647E+02   
1.17510102E+02   
1.26491898E+02   
1.26556111E+02   
1.18162132E+02   
1.04874075E+02   
1.27531506E+02   
1.16279656E+02   
1.04644629E+02   
1.44653031E+02   
1.29520904E+02   
1.26889078E+02   
1.09408382E+02   
1.15177536E+02   
1.41868874E+02   
1.24298460E+02   
1.17515503E+02   
1.17255651E+02   
1.25439188E+02   
1.17027606E+02   
1.23473295E+02   
1.09762953E+02   
1.04631026E+02   
1.12412983E+02   
1.28497499E+02   
1.04730246E+02   
1.23289458E+02   
1.25100120E+02   
1.22961792E+02   
1.13952290E+02   
1.09290258E+02   
1.22024005E+02   
1.23561312E+02   
1.16735247E+02   
8.70998200E+01   
1.12615423E+02   
1.20020804E+02   
1.23065713E+02   
1.28386077E+02   
1.19884877E+02   
1.21872374E+02   
1.30550110E+02   
1.31333967E+02   
1.09023605E+02   
1.23745349E+02   
1.21139028E+02   
1.22445789E+02   
1.33641628E+02   
1.16020404E+02   
1.29701840E+02   
1.29329666E+02   
1.19874775E+02   
1.20598620E+02   
1.13739848E+02   
1.09450190E+02   
1.25179636E+02   
1.29296159E+02   
1.24579916E+02   
1.18479596E+02   
1.07735747E+02   
1.22734147E+02   
1.31148830E+02   
1.14631626E+02   
1.34787157E+02   
1.38001300E+02   
1.32470994E+02   
1.49106521E+02   
1.22837768E+02   
1.12698340E+02   
1.32493199E+02   
1.14769254E+02   
1.30023605E+02   
1.20873275E+02   
1.30982697E+02   
1.33423885E+02   
1.33056911E+02   
1.05717744E+02   
1.27544109E+02   
1.10261152E+02   
1.20626025E+02   
1.39801360E+02   
1.20718544E+02   
1.21568914E+02   
1.46791758E+02   
1.25475095E+02   
1.07177936E+02   
1.26399080E+02   
1.06209842E+02   
1.26243149E+02   
1.42753251E+02   
1.44714143E+02   
1.32922885E+02   
1.45708942E+02   
1.27294659E+02   
1.30481896E+02   
1.12574115E+02   
1.33268754E+02   
1.29107922E+02   
1.37546609E+02   
1.31833267E+02   
1.40122024E+02   
1.26832066E+02   
1.38595719E+02   
1.47825765E+02   
1.15119924E+02   
1.42845669E+02   
1.34898880E+02   
1.35846469E+02   
1.20214743E+02   
1.22673735E+02   
1.28529806E+02   
1.25186737E+02   
1.30196339E+02   
1.34191938E+02   
1.30531406E+02   
1.50019604E+02   
1.31857271E+02   
1.31876475E+02   
1.44173135E+02   
1.25855671E+02   
1.25397880E+02   
1.50860072E+02   
1.39540608E+02   
1.39640528E+02   
1.26367473E+02   
1.36569814E+02   
1.43061212E+02   
1.35653331E+02   
1.34610522E+02   
1.30100820E+02   
1.44680936E+02   
1.30418684E+02   
1.58984397E+02   
1.40630126E+02   
1.33849670E+02   
1.25375475E+02   
1.43377075E+02   
1.40673335E+02   
1.33439088E+02   
1.43216843E+02   
1.50017504E+02   
1.35918484E+02   
1.43782456E+02   
1.39100420E+02   
1.48492999E+02   
1.33618024E+02   
1.40059812E+02   
1.50688438E+02   
1.39666133E+02   
1.44664533E+02   
1.45933687E+02   
1.30390578E+02   
1.30930386E+02   
1.36580316E+02   
1.40745649E+02   
1.16088218E+02   
1.04984697E+02   
1.47582216E+02   
1.54215143E+02   
1.29105121E+02   
1.30544509E+02   
1.33839668E+02   
1.42074915E+02   
1.48336767E+02   
1.47289658E+02   
1.31962693E+02   
1.47025805E+02   
1.44403081E+02   
1.32460992E+02   
1.46349970E+02   
1.24839268E+02   
1.44927786E+02   
1.49986997E+02   
1.55216743E+02   
1.52173235E+02   
1.44603421E+02   
1.58494499E+02   
1.44527205E+02   
1.41417483E+02   
1.56067113E+02   
1.42514803E+02   
1.30443789E+02   
1.35356471E+02   
1.51392378E+02   
1.59885477E+02   
1.33178536E+02   
1.64464493E+02   
1.46814163E+02   
1.46456491E+02   
1.50772855E+02   
1.61861872E+02   
1.59634527E+02   
1.35013003E+02   
1.50449990E+02   
1.29824965E+02   
1.39630926E+02   
1.39429086E+02   
1.44228646E+02   
1.39630626E+02   
1.50225045E+02   
1.37438788E+02   
1.42838568E+02   
1.59032406E+02   
1.46194039E+02   
1.47651930E+02   
1.46180436E+02   
1.26044109E+02   
1.46639428E+02   
1.36641828E+02   
1.26695139E+02   
1.38828966E+02   
1.56180136E+02   
1.62061712E+02   
1.55685937E+02   
1.52306661E+02   
1.41405381E+02   
1.36195039E+02   
1.60233747E+02   
1.54486597E+02   
1.55119824E+02   
1.66098820E+02   
1.43225645E+02   
1.67245149E+02   
1.58613723E+02   
1.66667834E+02   
1.60804761E+02   
1.52875375E+02   
1.40940288E+02   
1.73820064E+02   
1.55540408E+02   
1.60524405E+02   
1.64106921E+02   
1.39672635E+02   
1.57532406E+02   
1.62387377E+02   
1.66187037E+02   
1.69308062E+02   
1.54138228E+02   
1.49143329E+02   
1.60947089E+02   
1.66336067E+02   
1.57507602E+02   
1.47685437E+02   
1.56062913E+02   
1.60630026E+02   
1.69962793E+02   
1.51711142E+02   
1.31587718E+02   
1.56883977E+02   
1.72844369E+02   
1.42563813E+02   
1.58591318E+02   
1.66922685E+02   
1.62804961E+02   
1.54375575E+02   
1.61363773E+02   
1.52897980E+02   
1.59719744E+02   
1.74550010E+02   
1.90415383E+02   
1.62161732E+02   
1.71584117E+02   
1.75714243E+02   
1.61635227E+02   
1.74484697E+02   
1.66719844E+02   
1.72394079E+02   
1.69578116E+02   
1.76661532E+02   
1.60864773E+02   
1.61412082E+02   
1.72186937E+02   
1.79971594E+02   
1.55568914E+02   
1.55416483E+02   
1.60726645E+02   
1.73177636E+02   
1.62282857E+02   
1.89061312E+02   
1.85476195E+02   
1.65233847E+02   
1.69967393E+02   
1.58970594E+02   
1.89147530E+02   
1.90219144E+02   
1.59324465E+02   
1.79032406E+02   
1.64395879E+02   
1.85379176E+02   
1.84219344E+02   
1.66847870E+02   
1.66985397E+02   
1.77698340E+02   
1.69804561E+02   
1.88037608E+02   
1.82121224E+02   
1.72314563E+02   
1.81359472E+02   
2.04114423E+02   
1.73384577E+02   
1.70341968E+02   
1.73385077E+02   
2.01006601E+02   
1.70426585E+02   
1.63219544E+02   
1.75842869E+02   
1.75714643E+02   
1.75813863E+02   
1.46767854E+02   
2.01260552E+02   
1.76510102E+02   
1.73809462E+02   
1.88283557E+02   
1.85764853E+02   
1.88344569E+02   
1.76755851E+02   
1.83293359E+02   
1.77532707E+02   
1.65295559E+02   
1.82525505E+02   
1.76036207E+02   
1.99289158E+02   
1.95034807E+02   
1.67281356E+02   
1.88297359E+02   
1.81043809E+02   
1.96031406E+02   
1.84804061E+02   
1.84776655E+02   
1.92544709E+02   
1.91546309E+02   
1.77024205E+02   
2.05038408E+02   
1.91840668E+02   
2.02450090E+02   
1.87013403E+02   
1.73873275E+02   
1.89834467E+02   
1.88786057E+02   
1.93870774E+02   
1.75865873E+02   
1.90295159E+02   
1.78970794E+02   
1.88104421E+02   
2.00705241E+02   
1.88667734E+02   
2.01999800E+02   
1.82038008E+02   
1.86994999E+02   
1.92819864E+02   
1.96206741E+02   
1.98941188E+02   
2.11242549E+02   
1.86446189E+02   
1.69509202E+02   
1.82616223E+02   
1.92940688E+02   
1.96570314E+02   
1.97777656E+02   
2.00511702E+02   
2.19306761E+02   
1.82116123E+02   
1.78163333E+02   
2.18711342E+02   
2.11709942E+02   
1.88182837E+02   
1.96294259E+02   
2.00113423E+02   
1.96191638E+02   
1.94469194E+02   
1.94733547E+02   
1.93772054E+02   
1.89419484E+02   
2.03122224E+02   
2.27650430E+02   
2.01172535E+02   
1.76588418E+02   
1.83658332E+02   
2.02952290E+02   
2.06408082E+02   
2.19214243E+02   
2.10942589E+02   
2.03249550E+02   
2.39636027E+02   
2.49649930E+02   
2.49649930E+02   
2.49649930E+02   
2.49649930E+02   
2.56624165E+02   
2.89060012E+02   
2.85170234E+02   
2.95726145E+02   
2.98665033E+02   
2.57169834E+02   
2.91452190E+02   
3.14617524E+02   
3.14818464E+02   
2.93253551E+02   
2.91686037E+02   
3.10916483E+02   
3.08116623E+02   
2.82947590E+02   
3.07652230E+02   
2.96455091E+02   
3.28066813E+02   
3.07843669E+02   
3.07907081E+02   
3.08312262E+02   
3.05939588E+02   
2.99054111E+02   
3.17917483E+02   
3.02918184E+02   
3.12210342E+02   
3.32799960E+02   
3.49755351E+02   
3.21102721E+02   
3.51857772E+02   
3.14231546E+02   
3.40641528E+02   
3.09908182E+02   
2.95036307E+02   
3.25829866E+02   
3.18452390E+02   
2.90040208E+02   
3.57413083E+02   
3.19650930E+02   
3.02187538E+02   
3.21310662E+02   
3.33526205E+02   
3.32719144E+02   
3.03822565E+02   
3.31357572E+02   
3.15588118E+02   
3.07718944E+02   
3.23999500E+02   
2.95107221E+02   
3.45682036E+02   
3.47140928E+02   
3.27991898E+02   
3.22226645E+02   
3.41369574E+02   
3.41729546E+02   
2.91867774E+02   
3.25736047E+02   
3.25477295E+02   
3.11560212E+02   
3.49864173E+02   
3.31971494E+02   
3.51146929E+02   
3.42286657E+02   
3.33957491E+02   
3.16783257E+02   
3.39162132E+02   
3.24526605E+02   
3.28125225E+02   
3.29427285E+02   
3.50585017E+02   
3.27849770E+02   
3.33322765E+02   
3.32010402E+02   
3.36669334E+02   
3.45685137E+02   
3.44478596E+02   
3.52988298E+02   
3.31526505E+02   
3.53685837E+02   
3.73462492E+02   
3.61910382E+02   
3.83479896E+02   
3.57258552E+02   
3.70946889E+02   
3.84342168E+02   
4.08458892E+02   
3.97011102E+02   
3.84146529E+02   
3.85093819E+02   
3.90320264E+02   
3.56076215E+02   
3.82508002E+02   
3.50901080E+02   
3.96692138E+02   
3.90250750E+02   
3.79072815E+02   
3.65239948E+02   
3.81796659E+02   
3.74759652E+02   
3.59550410E+02   
3.76599220E+02   
4.08590418E+02   
3.59633827E+02   
3.78000200E+02   
3.70300560E+02   
3.72661432E+02   
3.48131326E+02   
3.85801760E+02   
3.97107221E+02   
4.14846769E+02   
3.66354271E+02   
3.57319764E+02   
3.79011602E+02   
3.53535007E+02   
3.82616823E+02   
3.80757251E+02   
3.80655631E+02   
3.46594319E+02   
3.86546909E+02   
4.01984497E+02   
3.68668534E+02   
3.67597820E+02   
3.72555811E+02   
4.12355771E+02   
3.81035407E+02   
4.03228346E+02   
3.67053911E+02   
3.60167333E+02   
3.58637427E+02   
3.77715443E+02   
3.71480496E+02   
3.68989798E+02   
3.84725045E+02   
3.94717744E+02   
4.00916083E+02   
3.79297259E+02   
3.74424585E+02   
3.59089418E+02   
3.71747750E+02   
3.71363373E+02   
3.90449090E+02   
3.74394579E+02   
3.69085117E+02   
3.98739148E+02   
3.91067313E+02   
3.84411382E+02   
3.87416983E+02   
3.79422585E+02   
3.84434887E+02   
4.18340168E+02   
3.65798960E+02   
3.87100220E+02   
3.96618324E+02   
3.76807061E+02   
3.60399280E+02   
3.80427886E+02   
3.93316963E+02   
3.65478396E+02   
3.73451390E+02   
3.87097119E+02   
3.84695839E+02   
3.87209442E+02   
3.87459592E+02   
3.46849970E+02   
3.68047710E+02   
3.76414783E+02   
3.93758352E+02   
3.73877976E+02   
3.81987097E+02   
3.32508302E+02   
3.43921084E+02   
4.04107922E+02   
3.44694139E+02   
3.57198540E+02   
3.47639828E+02   
3.51297459E+02   
3.51382877E+02   
3.44681336E+02   
3.34848970E+02   
3.48375675E+02   
3.86599620E+02   
3.27171534E+02   
3.37885477E+02   
3.26586517E+02   
3.15061612E+02   
3.17309762E+02   
3.06164233E+02   
3.26115523E+02   
3.11008502E+02   
3.41045509E+02   
3.33830666E+02   
3.33895879E+02   
3.40475995E+02   
3.25001300E+02   
3.38414783E+02   
3.23769954E+02   
2.94964493E+02   
3.24869874E+02   
3.21174235E+02   
3.20494699E+02   
3.37232246E+02   
3.42571414E+02   
3.14699240E+02   
3.51847469E+02   
3.21766753E+02   
2.95092018E+02   
3.48992498E+02   
3.39271754E+02   
3.22818764E+02   
3.63952490E+02   
3.08182236E+02   
3.19391278E+02   
3.21121024E+02   
2.93549710E+02   
3.09566313E+02   
3.11681736E+02   
3.18071514E+02   
3.25315963E+02   
3.24617123E+02   
3.07883177E+02   
3.31361572E+02   
3.61336367E+02   
3.46325965E+02   
3.34551610E+02   
3.47852470E+02   
3.19106121E+02   
3.13959292E+02   
3.11667534E+02   
3.41449290E+02   
2.96322464E+02   
3.07162733E+02   
2.86165133E+02   
3.01952490E+02   
3.07037307E+02   
3.27399380E+02   
3.35961892E+02   
2.95319764E+02   
3.35575715E+02   
3.27976595E+02   
3.15793259E+02   
2.91268454E+02   
3.18043009E+02   
3.05944489E+02   
3.43149330E+02   
3.39106421E+02   
2.98435187E+02   
3.21560312E+02   
3.29937287E+02   
3.01432587E+02   
3.11675035E+02   
3.06818964E+02   
3.34909092E+02   
4.22684537E+02   
4.22684537E+02   
4.22684537E+02   
4.22684537E+02   
4.22684537E+02   
5.14987928E+02   
5.29929886E+02   
5.19000700E+02   
5.25667333E+02   
5.53065113E+02   
5.35620724E+02   
5.26492298E+02   
5.26016303E+02   
5.56461692E+02   
5.64357972E+02   
5.28739248E+02   
5.55162733E+02   
5.39212743E+02   
5.18181736E+02   
5.36640728E+02   
4.94251450E+02   
5.16798260E+02   
5.27593519E+02   
5.62724445E+02   
5.63695539E+02   
5.25330466E+02   
5.27731346E+02   
5.51269054E+02   
5.18097620E+02   
5.29259952E+02   
5.47270354E+02   
5.51747650E+02   
5.57082016E+02   
5.47277956E+02   
5.25993899E+02   
5.23136827E+02   
5.57584917E+02   
5.52364573E+02   
5.40130326E+02   
5.67008702E+02   
5.27998300E+02   
5.16955791E+02   
5.91042308E+02   
5.57935287E+02   
5.73616423E+02   
5.55408382E+02   
5.48228546E+02   
5.48423585E+02   
5.68396079E+02   
5.51504401E+02   
5.59476995E+02   
5.74702741E+02   
5.42572615E+02   
5.57248950E+02   
5.43729046E+02   
5.47514503E+02   
5.27103321E+02   
5.50715843E+02   
5.88312362E+02   
5.47322565E+02   
5.60884577E+02   
5.52326965E+02   
5.68513603E+02   
5.68366773E+02   
5.94273955E+02   
5.77533507E+02   
5.78327566E+02   
5.87409582E+02   
6.01804561E+02   
5.54520804E+02   
6.04409682E+02   
5.90250150E+02   
5.49757852E+02   
5.83454391E+02   
5.47421884E+02   
5.64997399E+02   
5.85007001E+02   
5.40209542E+02   
5.65623725E+02   
6.18258952E+02   
6.01434987E+02   
5.88943989E+02   
6.16143229E+02   
6.09769054E+02   
5.87458592E+02   
6.35301260E+02   
6.23708142E+02   
7.01728346E+02   
6.88963493E+02   
6.98207141E+02   
7.02228846E+02   
7.12030706E+02   
7.22654531E+02   
6.56153131E+02   
6.61238048E+02   
6.13373975E+02   
6.51454291E+02   
6.88452490E+02   
6.71410382E+02   
6.34367774E+02   
6.34282056E+02   
5.85788758E+02   
6.42299860E+02   
6.07634327E+02   
5.87656831E+02   
5.93373975E+02   
5.64250550E+02   
6.14944089E+02   
5.92954391E+02   
6.10643429E+02   
5.67374475E+02   
5.65469694E+02   
5.93186737E+02   
5.90980396E+02   
5.65262452E+02   
5.60454991E+02   
5.79807562E+02   
5.58483097E+02   
5.22317463E+02   
5.65871274E+02   
5.56787457E+02   
5.65242749E+02   
5.69059312E+02   
5.47042408E+02   
5.64980896E+02   
5.33569114E+02   
5.73084117E+02   
5.63129626E+02   
5.47385877E+02   
5.19675735E+02   
5.14235847E+02   
4.84258552E+02   
4.69644329E+02   
5.24994099E+02   
5.15642629E+02   
4.85529606E+02   
4.72582817E+02   
4.23927285E+02   
4.29652831E+02   
4.32815963E+02   
4.15989498E+02   
3.81644429E+02   
3.70567814E+02   
3.99465293E+02   
3.77069314E+02   
3.82032106E+02   
3.52768854E+02   
3.61818364E+02   
3.67312663E+02   
4.03391178E+02   
3.80524205E+02   
3.28635627E+02   
3.48136527E+02   
3.58181036E+02   
2.97044209E+02   
3.24477295E+02   
3.22199940E+02   
3.00098120E+02   
2.79650530E+02   
2.86477996E+02   
2.86416883E+02   
2.67347469E+02   
2.73683037E+02   
2.59653831E+02   
2.51180936E+02   
2.38706341E+02   
2.46823965E+02   
2.67379076E+02   
2.46612623E+02   
2.25042208E+02   
2.33047910E+02   
2.51956591E+02   
2.13997199E+02   
1.92270354E+02   
2.02487197E+02   
2.07040808E+02   
1.94593219E+02   
1.84664533E+02   
1.77516203E+02   
1.68169534E+02   
1.66319464E+02   
1.73393379E+02   
1.65479596E+02   
1.59434687E+02   
1.63780856E+02   
1.66837568E+02   
1.49582817E+02   
1.58774055E+02   
1.44222444E+02   
1.48502501E+02   
1.55371074E+02   
1.31599420E+02   
1.22022805E+02   
1.45747449E+02   
1.34210442E+02   
1.05737848E+02   
1.06762252E+02   
1.14935987E+02   
1.27306761E+02   
1.29199640E+02   
9.92820564E+01   
9.72772555E+01   
9.07304461E+01   
9.42271454E+01   
1.01562412E+02   
9.87248450E+01   
9.80996199E+01   
8.81780356E+01   
9.07144429E+01   
7.17104421E+01   
7.46243249E+01   
8.67859572E+01   
8.67088418E+01   
8.10920184E+01   
7.94787958E+01   
7.96053211E+01   
7.05003001E+01   
8.01195239E+01   
8.29116823E+01   
7.56916383E+01   
6.54787958E+01   
4.94268854E+01   
6.28731746E+01   
5.19435887E+01   
5.82791558E+01   
6.90144029E+01   
5.80792158E+01   
5.89936987E+01   
4.03495699E+01   
4.79471894E+01   
4.90104021E+01   
3.67840568E+01   
3.78267654E+01   
5.20092018E+01   
4.75968194E+01   
4.26520304E+01   
3.14775955E+01   
3.51744349E+01   
5.31758352E+01   
5.02505501E+01   
6.11288258E+01   
6.36703341E+01   
3.15864173E+01   
2.61608322E+01   
2.99543909E+01   
1.96296259E+01   
2.29547910E+01   
1.86724345E+01   
1.59071814E+01   
1.50032006E+01   
2.00032006E+01   
1.90032006E+01   
1.79591918E+01   
1.30904181E+01   
8.04480896E+00   
8.88911782E+00   
9.20184037E+00   
9.20184037E+00   
9.20184037E+00   
9.20184037E+00   
6.98833767E+00   
0.00000000E+00   
0.00000000E+00   
0.00000000E+00   
0.00000000E+00   
0.00000000E+00   
0.00000000E+00   
0.00000000E+00   
0.00000000E+00   
4.84796959E-01   
5.15203041E-01   
0.00000000E+00   
0.00000000E+00   
0.00000000E+00   
0.00000000E+00   
4.87197439E-01   
3.51280256E+00   
0.00000000E+00   
0.00000000E+00   
0.00000000E+00   
0.00000000E+00   
0.00000000E+00   
0.00000000E+00   
0.00000000E+00   
0.00000000E+00   
0.00000000E+00   
0.00000000E+00   
0.00000000E+00   
0.00000000E+00   
0.00000000E+00   
0.00000000E+00   
0.00000000E+00   
0.00000000E+00   
0.00000000E+00   
0.00000000E+00   
0.00000000E+00   
0.00000000E+00   
0.00000000E+00   
0.00000000E+00   
0.00000000E+00   
0.00000000E+00   
0.00000000E+00   
0.00000000E+00   
0.00000000E+00   
0.00000000E+00   
0.00000000E+00   
0.00000000E+00   
0.00000000E+00   
0.00000000E+00   
0.00000000E+00   
0.00000000E+00   
0.00000000E+00   
0.00000000E+00   
0.00000000E+00   
0.00000000E+00   
0.00000000E+00   
0.00000000E+00   
0.00000000E+00   
0.00000000E+00   
5.04800960E-01   
1.00040008E+00   
4.94798960E-01   
5.06001200E-01   
4.93998800E-01   
0.00000000E+00   
0.00000000E+00   
0.00000000E+00   
0.00000000E+00   
0.00000000E+00   
0.00000000E+00   
5.09201840E-01   
4.90798160E-01   
0.00000000E+00   
0.00000000E+00   
0.00000000E+00   
0.00000000E+00   
0.00000000E+00   
0.00000000E+00   
0.00000000E+00   
1.51280256E+00   
4.87197439E-01   
0.00000000E+00   
0.00000000E+00   
5.14402881E-01   
4.85597119E-01   
0.00000000E+00   
0.00000000E+00   
0.00000000E+00   
0.00000000E+00   
0.00000000E+00   
0.00000000E+00   
0.00000000E+00   
0.00000000E+00   
5.18403681E-01   
4.81596319E-01   
0.00000000E+00   
0.00000000E+00   
0.00000000E+00   
0.00000000E+00   
0.00000000E+00   
0.00000000E+00   
0.00000000E+00   
1.00000000E+00   
0.00000000E+00   
0.00000000E+00   
0.00000000E+00   
0.00000000E+00   
0.00000000E+00   
1.00000000E+00   
0.00000000E+00   
0.00000000E+00   
0.00000000E+00   
0.00000000E+00   
0.00000000E+00   
0.00000000E+00   
0.00000000E+00   
0.00000000E+00   
0.00000000E+00   
0.00000000E+00   
0.00000000E+00   
0.00000000E+00   
0.00000000E+00   
0.00000000E+00   
0.00000000E+00   
0.00000000E+00   
0.00000000E+00   
0.00000000E+00   
0.00000000E+00   
0.00000000E+00   
1.00000000E+00   
0.00000000E+00   
0.00000000E+00   
0.00000000E+00   
0.00000000E+00   
0.00000000E+00   
0.00000000E+00   
0.00000000E+00   
0.00000000E+00   
0.00000000E+00   
5.36807361E-01   
4.63192639E-01   
0.00000000E+00   
0.00000000E+00   
0.00000000E+00   
0.00000000E+00   
0.00000000E+00   
0.00000000E+00   
0.00000000E+00   
0.00000000E+00   
0.00000000E+00   
0.00000000E+00   
0.00000000E+00   
0.00000000E+00   
0.00000000E+00   
0.00000000E+00   
0.00000000E+00   
0.00000000E+00   
0.00000000E+00   
0.00000000E+00   
0.00000000E+00   
0.00000000E+00   
0.00000000E+00   
0.00000000E+00   
0.00000000E+00   
0.00000000E+00   
0.00000000E+00   
0.00000000E+00   
0.00000000E+00   
0.00000000E+00   
0.00000000E+00   
0.00000000E+00   
0.00000000E+00   
0.00000000E+00   
0.00000000E+00   
0.00000000E+00   
0.00000000E+00   
0.00000000E+00   
0.00000000E+00   
0.00000000E+00   
0.00000000E+00   
0.00000000E+00   
0.00000000E+00   
0.00000000E+00   
0.00000000E+00   
0.00000000E+00   
0.00000000E+00   
5.55611122E-01   
4.44388878E-01   
0.00000000E+00   
0.00000000E+00   
0.00000000E+00   
0.00000000E+00   
0.00000000E+00   
0.00000000E+00   
0.00000000E+00   
0.00000000E+00   
0.00000000E+00   
1.00000000E+00   
0.00000000E+00   
0.00000000E+00   
0.00000000E+00   
0.00000000E+00   
0.00000000E+00   
0.00000000E+00   
0.00000000E+00   
0.00000000E+00   
0.00000000E+00   
0.00000000E+00   
0.00000000E+00   
0.00000000E+00   
0.00000000E+00   
0.00000000E+00   
0.00000000E+00   
0.00000000E+00   
0.00000000E+00   
0.00000000E+00   
0.00000000E+00   
0.00000000E+00   
0.00000000E+00   
0.00000000E+00   
0.00000000E+00   
0.00000000E+00   
0.00000000E+00   
0.00000000E+00   
0.00000000E+00   
0.00000000E+00   
0.00000000E+00   
0.00000000E+00   
0.00000000E+00   
0.00000000E+00   
0.00000000E+00   
0.00000000E+00   
0.00000000E+00   
0.00000000E+00   
0.00000000E+00   
0.00000000E+00   
0.00000000E+00   
0.00000000E+00   
0.00000000E+00   
0.00000000E+00   
0.00000000E+00   
0.00000000E+00   
0.00000000E+00   
0.00000000E+00   
0.00000000E+00   
0.00000000E+00   
0.00000000E+00   
0.00000000E+00   
0.00000000E+00   
0.00000000E+00   
0.00000000E+00   
0.00000000E+00   
0.00000000E+00   
0.00000000E+00   
0.00000000E+00   
0.00000000E+00   
0.00000000E+00   
0.00000000E+00   
0.00000000E+00   
0.00000000E+00   
0.00000000E+00   
0.00000000E+00   
0.00000000E+00   
1.00000000E+00   
0.00000000E+00   
0.00000000E+00   
1.00000000E+00   
0.00000000E+00   
0.00000000E+00   
0.00000000E+00   
0.00000000E+00   
0.00000000E+00   
0.00000000E+00   
0.00000000E+00   
0.00000000E+00   
0.00000000E+00   
0.00000000E+00   
0.00000000E+00   
0.00000000E+00   
0.00000000E+00   
0.00000000E+00   
0.00000000E+00   
0.00000000E+00   
0.00000000E+00   
0.00000000E+00   
0.00000000E+00   
0.00000000E+00   
0.00000000E+00   
0.00000000E+00   
0.00000000E+00   
0.00000000E+00   
0.00000000E+00   
0.00000000E+00   
0.00000000E+00   
0.00000000E+00   
0.00000000E+00   
0.00000000E+00   
0.00000000E+00   
0.00000000E+00   
0.00000000E+00   
0.00000000E+00   
0.00000000E+00   
0.00000000E+00   
0.00000000E+00   
0.00000000E+00   
0.00000000E+00   
0.00000000E+00   
0.00000000E+00   
0.00000000E+00   
0.00000000E+00   
0.00000000E+00   
0.00000000E+00   
0.00000000E+00   
0.00000000E+00   
0.00000000E+00   
0.00000000E+00   
0.00000000E+00   
0.00000000E+00   
6.08421684E-01   
3.91578316E-01   
0.00000000E+00   
0.00000000E+00   
0.00000000E+00   
0.00000000E+00   
0.00000000E+00   
0.00000000E+00   
0.00000000E+00   
0.00000000E+00   
0.00000000E+00   
0.00000000E+00   
0.00000000E+00   
0.00000000E+00   
0.00000000E+00   
0.00000000E+00   
0.00000000E+00   
0.00000000E+00   
0.00000000E+00   
0.00000000E+00   
0.00000000E+00   
0.00000000E+00   
0.00000000E+00   
0.00000000E+00   
0.00000000E+00   
0.00000000E+00   
0.00000000E+00   
0.00000000E+00   
0.00000000E+00   
0.00000000E+00   
0.00000000E+00   
0.00000000E+00   
0.00000000E+00   
0.00000000E+00   
0.00000000E+00   
0.00000000E+00   
0.00000000E+00   
0.00000000E+00   
0.00000000E+00   
0.00000000E+00   
0.00000000E+00   
0.00000000E+00   
0.00000000E+00   
0.00000000E+00   
0.00000000E+00   
0.00000000E+00   
0.00000000E+00   
0.00000000E+00   
0.00000000E+00   
0.00000000E+00   
0.00000000E+00   
0.00000000E+00   
0.00000000E+00   
0.00000000E+00   
0.00000000E+00   
0.00000000E+00   
0.00000000E+00   
1.00000000E+00   
0.00000000E+00   
0.00000000E+00   
0.00000000E+00   
0.00000000E+00   
0.00000000E+00   
0.00000000E+00   
0.00000000E+00   
0.00000000E+00   
0.00000000E+00   
1.00000000E+00   
0.00000000E+00   
6.36027205E-01   
3.63972795E-01   
0.00000000E+00   
0.00000000E+00   
0.00000000E+00   
0.00000000E+00   
0.00000000E+00   
0.00000000E+00   
0.00000000E+00   
0.00000000E+00   
0.00000000E+00   
0.00000000E+00   
0.00000000E+00   
0.00000000E+00   
0.00000000E+00   
0.00000000E+00   
0.00000000E+00   
0.00000000E+00   
0.00000000E+00   
0.00000000E+00   
0.00000000E+00   
0.00000000E+00   
0.00000000E+00   
0.00000000E+00   
0.00000000E+00   
0.00000000E+00   
0.00000000E+00   
0.00000000E+00   
0.00000000E+00   
0.00000000E+00   
0.00000000E+00   
0.00000000E+00   
0.00000000E+00   
0.00000000E+00   
0.00000000E+00   
0.00000000E+00   
0.00000000E+00   
0.00000000E+00   
0.00000000E+00   
0.00000000E+00   
0.00000000E+00   
0.00000000E+00   
0.00000000E+00   
0.00000000E+00   
0.00000000E+00   
0.00000000E+00   
0.00000000E+00   
0.00000000E+00   
0.00000000E+00   
0.00000000E+00   
0.00000000E+00   
0.00000000E+00   
0.00000000E+00   
0.00000000E+00   
0.00000000E+00   
0.00000000E+00   
0.00000000E+00   
0.00000000E+00   
0.00000000E+00   
0.00000000E+00   
0.00000000E+00   
0.00000000E+00   
0.00000000E+00   
0.00000000E+00   
0.00000000E+00   
0.00000000E+00   
0.00000000E+00   
6.62832567E-01   
1.33716743E+00   
0.00000000E+00   
0.00000000E+00   
0.00000000E+00   
1.00000000E+00   
0.00000000E+00   
6.65633127E-01   
2.33246649E+00   
1.00190038E+00   
0.00000000E+00   
0.00000000E+00   
0.00000000E+00   
0.00000000E+00   
0.00000000E+00   
0.00000000E+00   
0.00000000E+00   
0.00000000E+00   
0.00000000E+00   
0.00000000E+00   
0.00000000E+00   
0.00000000E+00   
0.00000000E+00   
6.72034407E-01   
3.27965593E-01   
0.00000000E+00   
0.00000000E+00   
0.00000000E+00   
0.00000000E+00   
0.00000000E+00   
0.00000000E+00   
0.00000000E+00   
0.00000000E+00   
0.00000000E+00   
0.00000000E+00   
0.00000000E+00   
0.00000000E+00   
0.00000000E+00   
0.00000000E+00   
0.00000000E+00   
0.00000000E+00   
0.00000000E+00   
0.00000000E+00   
0.00000000E+00   
0.00000000E+00   
0.00000000E+00   
0.00000000E+00   
0.00000000E+00   
0.00000000E+00   
0.00000000E+00   
0.00000000E+00   
0.00000000E+00   
0.00000000E+00   
0.00000000E+00   
0.00000000E+00   
0.00000000E+00   
0.00000000E+00   
0.00000000E+00   
0.00000000E+00   
0.00000000E+00   
0.00000000E+00   
0.00000000E+00   
0.00000000E+00   
0.00000000E+00   
0.00000000E+00   
0.00000000E+00   
0.00000000E+00   
0.00000000E+00   
0.00000000E+00   
0.00000000E+00   
0.00000000E+00   
0.00000000E+00   
0.00000000E+00   
1.00000000E+00   
0.00000000E+00   
0.00000000E+00   
0.00000000E+00   
0.00000000E+00   
0.00000000E+00   
0.00000000E+00   
0.00000000E+00   
0.00000000E+00   
0.00000000E+00   
0.00000000E+00   
0.00000000E+00   
0.00000000E+00   
0.00000000E+00   
0.00000000E+00   
0.00000000E+00   
0.00000000E+00   
0.00000000E+00   
0.00000000E+00   
0.00000000E+00   
0.00000000E+00   
0.00000000E+00   
0.00000000E+00   
0.00000000E+00   
0.00000000E+00   
0.00000000E+00   
0.00000000E+00   
0.00000000E+00   
0.00000000E+00   
0.00000000E+00   
0.00000000E+00   
0.00000000E+00   
0.00000000E+00   
0.00000000E+00   
0.00000000E+00   
0.00000000E+00   
0.00000000E+00   
0.00000000E+00   
0.00000000E+00   
0.00000000E+00   
0.00000000E+00   
0.00000000E+00   
0.00000000E+00   
0.00000000E+00   
0.00000000E+00   
0.00000000E+00   
0.00000000E+00   
0.00000000E+00   
0.00000000E+00   
7.11642328E-01   
2.88357672E-01   
0.00000000E+00   
0.00000000E+00   
0.00000000E+00   
0.00000000E+00   
0.00000000E+00   
0.00000000E+00   
0.00000000E+00   
0.00000000E+00   
0.00000000E+00   
0.00000000E+00   
0.00000000E+00   
0.00000000E+00   
0.00000000E+00   
0.00000000E+00   
0.00000000E+00   
0.00000000E+00   
0.00000000E+00   
0.00000000E+00   
0.00000000E+00   
0.00000000E+00   
0.00000000E+00   
0.00000000E+00   
7.21244249E-01   
2.78755751E-01   
0.00000000E+00   
0.00000000E+00   
0.00000000E+00   
0.00000000E+00   
0.00000000E+00   
0.00000000E+00   
0.00000000E+00   
0.00000000E+00   
0.00000000E+00   
0.00000000E+00   
0.00000000E+00   
0.00000000E+00   
0.00000000E+00   
0.00000000E+00   
0.00000000E+00   
0.00000000E+00   
0.00000000E+00   
0.00000000E+00   
0.00000000E+00   
0.00000000E+00   
0.00000000E+00   
0.00000000E+00   
0.00000000E+00   
0.00000000E+00   
0.00000000E+00   
0.00000000E+00   
0.00000000E+00   
0.00000000E+00   
0.00000000E+00   
0.00000000E+00   
0.00000000E+00   
0.00000000E+00   
0.00000000E+00   
0.00000000E+00   
0.00000000E+00   
0.00000000E+00   
0.00000000E+00   
0.00000000E+00   
0.00000000E+00   
0.00000000E+00   
0.00000000E+00   
0.00000000E+00   
0.00000000E+00   
0.00000000E+00   
0.00000000E+00   
0.00000000E+00   
0.00000000E+00   
0.00000000E+00   
0.00000000E+00   
0.00000000E+00   
0.00000000E+00   
0.00000000E+00   
0.00000000E+00   
0.00000000E+00   
0.00000000E+00   
0.00000000E+00   
0.00000000E+00   
0.00000000E+00   
0.00000000E+00   
0.00000000E+00   
0.00000000E+00   
0.00000000E+00   
0.00000000E+00   
0.00000000E+00   
0.00000000E+00   
0.00000000E+00   
0.00000000E+00   
0.00000000E+00   
0.00000000E+00   
0.00000000E+00   
0.00000000E+00   
0.00000000E+00   
0.00000000E+00   
0.00000000E+00   
0.00000000E+00   
0.00000000E+00   
0.00000000E+00   
0.00000000E+00   
0.00000000E+00   
0.00000000E+00   
0.00000000E+00   
0.00000000E+00   
0.00000000E+00   
0.00000000E+00   
0.00000000E+00   
0.00000000E+00   
0.00000000E+00   
0.00000000E+00   
0.00000000E+00   
0.00000000E+00   
0.00000000E+00   
0.00000000E+00   
0.00000000E+00   
0.00000000E+00   
0.00000000E+00   
0.00000000E+00   
0.00000000E+00   
0.00000000E+00   
0.00000000E+00   
0.00000000E+00   
0.00000000E+00   
0.00000000E+00   
0.00000000E+00   
0.00000000E+00   
0.00000000E+00   
0.00000000E+00   
0.00000000E+00   
0.00000000E+00   
0.00000000E+00   
0.00000000E+00   
0.00000000E+00   
0.00000000E+00   
0.00000000E+00   
0.00000000E+00   
0.00000000E+00   
0.00000000E+00   
0.00000000E+00   
0.00000000E+00   
0.00000000E+00   
0.00000000E+00   
0.00000000E+00   
0.00000000E+00   
0.00000000E+00   
0.00000000E+00   
0.00000000E+00   
0.00000000E+00   
0.00000000E+00   
0.00000000E+00   
0.00000000E+00   
0.00000000E+00   
0.00000000E+00   
0.00000000E+00   
2.00000000E+00   
0.00000000E+00   
0.00000000E+00   
0.00000000E+00   
0.00000000E+00   
0.00000000E+00   
0.00000000E+00   
0.00000000E+00   
0.00000000E+00   
0.00000000E+00   
0.00000000E+00   
0.00000000E+00   
0.00000000E+00   
0.00000000E+00   
0.00000000E+00   
0.00000000E+00   
0.00000000E+00   
0.00000000E+00   
0.00000000E+00   
0.00000000E+00   
0.00000000E+00   
0.00000000E+00   
0.00000000E+00   
0.00000000E+00   
0.00000000E+00   
0.00000000E+00   
0.00000000E+00   
0.00000000E+00   
0.00000000E+00   
0.00000000E+00   
0.00000000E+00   
0.00000000E+00   
0.00000000E+00   
0.00000000E+00   
0.00000000E+00   
0.00000000E+00   
0.00000000E+00   
0.00000000E+00   
0.00000000E+00   
0.00000000E+00   
0.00000000E+00   
0.00000000E+00   
0.00000000E+00   
0.00000000E+00   
0.00000000E+00   
0.00000000E+00   
0.00000000E+00   
0.00000000E+00   
0.00000000E+00   
0.00000000E+00   
0.00000000E+00   
0.00000000E+00   
0.00000000E+00   
0.00000000E+00   
0.00000000E+00   
0.00000000E+00   
0.00000000E+00   
0.00000000E+00   
0.00000000E+00   
0.00000000E+00   
0.00000000E+00   
0.00000000E+00   
0.00000000E+00   
0.00000000E+00   
0.00000000E+00   
0.00000000E+00   
0.00000000E+00   
0.00000000E+00   
0.00000000E+00   
0.00000000E+00   
0.00000000E+00   
0.00000000E+00   
0.00000000E+00   
0.00000000E+00   
0.00000000E+00   
0.00000000E+00   
0.00000000E+00   
0.00000000E+00   
0.00000000E+00   
0.00000000E+00   
0.00000000E+00   
0.00000000E+00   
0.00000000E+00   
0.00000000E+00   
0.00000000E+00   
0.00000000E+00   
0.00000000E+00   
0.00000000E+00   
0.00000000E+00   
0.00000000E+00   
0.00000000E+00   
0.00000000E+00   
0.00000000E+00   
0.00000000E+00   
0.00000000E+00   
0.00000000E+00   
0.00000000E+00   
0.00000000E+00   
0.00000000E+00   
0.00000000E+00   
0.00000000E+00   
0.00000000E+00   
0.00000000E+00   
0.00000000E+00   
0.00000000E+00   
0.00000000E+00   
0.00000000E+00   
0.00000000E+00   
0.00000000E+00   
0.00000000E+00   
0.00000000E+00   
0.00000000E+00   
0.00000000E+00   
0.00000000E+00   
0.00000000E+00   
0.00000000E+00   
0.00000000E+00   
0.00000000E+00   
0.00000000E+00   
0.00000000E+00   
0.00000000E+00   
0.00000000E+00   
0.00000000E+00   
0.00000000E+00   
0.00000000E+00   
0.00000000E+00   
0.00000000E+00   
0.00000000E+00   
0.00000000E+00   
0.00000000E+00   
0.00000000E+00   
0.00000000E+00   
0.00000000E+00   
0.00000000E+00   
0.00000000E+00   
0.00000000E+00   
0.00000000E+00   
0.00000000E+00   
0.00000000E+00   
0.00000000E+00   
0.00000000E+00   
0.00000000E+00   
0.00000000E+00   
0.00000000E+00   
0.00000000E+00   
0.00000000E+00   
0.00000000E+00   
0.00000000E+00   
0.00000000E+00   
0.00000000E+00   
0.00000000E+00   
0.00000000E+00   
0.00000000E+00   
0.00000000E+00   
0.00000000E+00   
0.00000000E+00   
0.00000000E+00   
0.00000000E+00   
0.00000000E+00   
0.00000000E+00   
0.00000000E+00   
0.00000000E+00   
0.00000000E+00   
0.00000000E+00   
0.00000000E+00   
0.00000000E+00   
0.00000000E+00   
0.00000000E+00   
0.00000000E+00   
0.00000000E+00   
0.00000000E+00   
0.00000000E+00   
0.00000000E+00   
0.00000000E+00   
0.00000000E+00   
0.00000000E+00   
0.00000000E+00   
0.00000000E+00   
0.00000000E+00   
0.00000000E+00   
0.00000000E+00   
0.00000000E+00   
0.00000000E+00   
0.00000000E+00   
0.00000000E+00   
0.00000000E+00   
0.00000000E+00   
0.00000000E+00   
0.00000000E+00   
0.00000000E+00   
0.00000000E+00   
0.00000000E+00   
0.00000000E+00   
0.00000000E+00   
0.00000000E+00   
0.00000000E+00   
0.00000000E+00   
0.00000000E+00   
0.00000000E+00   
0.00000000E+00   
0.00000000E+00   
0.00000000E+00   
0.00000000E+00   
0.00000000E+00   
0.00000000E+00   
0.00000000E+00   
0.00000000E+00   
0.00000000E+00   
0.00000000E+00   
0.00000000E+00   
0.00000000E+00   
0.00000000E+00   
0.00000000E+00   
0.00000000E+00   
0.00000000E+00   
0.00000000E+00   
0.00000000E+00   
0.00000000E+00   
0.00000000E+00   
0.00000000E+00   
0.00000000E+00   
0.00000000E+00   
0.00000000E+00   
0.00000000E+00   
0.00000000E+00   
0.00000000E+00   
0.00000000E+00   
0.00000000E+00   
0.00000000E+00   
0.00000000E+00   
0.00000000E+00   
0.00000000E+00   
0.00000000E+00   
0.00000000E+00   
0.00000000E+00   
0.00000000E+00   
0.00000000E+00   
0.00000000E+00   
0.00000000E+00   
0.00000000E+00   
0.00000000E+00   
0.00000000E+00   
0.00000000E+00   
0.00000000E+00   
0.00000000E+00   
0.00000000E+00   
0.00000000E+00   
0.00000000E+00   
0.00000000E+00   
0.00000000E+00   
0.00000000E+00   
0.00000000E+00   
0.00000000E+00   
0.00000000E+00   
0.00000000E+00   
0.00000000E+00   
0.00000000E+00   
0.00000000E+00   
0.00000000E+00   
0.00000000E+00   
0.00000000E+00   
0.00000000E+00   
0.00000000E+00   
0.00000000E+00   
0.00000000E+00   
0.00000000E+00   
0.00000000E+00   
0.00000000E+00   
0.00000000E+00   
0.00000000E+00   
0.00000000E+00   
0.00000000E+00   
0.00000000E+00   
0.00000000E+00   
0.00000000E+00   
0.00000000E+00   
0.00000000E+00   
0.00000000E+00   
0.00000000E+00   
0.00000000E+00   
0.00000000E+00   
0.00000000E+00   
0.00000000E+00   
0.00000000E+00   
0.00000000E+00   
0.00000000E+00   
0.00000000E+00   
0.00000000E+00   
0.00000000E+00   
0.00000000E+00   
0.00000000E+00   
0.00000000E+00   
0.00000000E+00   
0.00000000E+00   
0.00000000E+00   
0.00000000E+00   
0.00000000E+00   
0.00000000E+00   
0.00000000E+00   
0.00000000E+00   
0.00000000E+00   
0.00000000E+00   
0.00000000E+00   
0.00000000E+00   
0.00000000E+00   
0.00000000E+00   
0.00000000E+00   
0.00000000E+00   
0.00000000E+00   
0.00000000E+00   
0.00000000E+00   
0.00000000E+00   
0.00000000E+00   
0.00000000E+00   
0.00000000E+00   
0.00000000E+00   
0.00000000E+00   
0.00000000E+00   
0.00000000E+00   
0.00000000E+00   
0.00000000E+00   
0.00000000E+00   
0.00000000E+00   
0.00000000E+00   
0.00000000E+00   
0.00000000E+00   
0.00000000E+00   
0.00000000E+00   
0.00000000E+00   
0.00000000E+00   
0.00000000E+00   
0.00000000E+00   
0.00000000E+00   
0.00000000E+00   
0.00000000E+00   
0.00000000E+00   
0.00000000E+00   
0.00000000E+00   
0.00000000E+00   
0.00000000E+00   
0.00000000E+00   
0.00000000E+00   
0.00000000E+00   
0.00000000E+00   
0.00000000E+00   
0.00000000E+00   
0.00000000E+00   
0.00000000E+00   
0.00000000E+00   
0.00000000E+00   
0.00000000E+00   
0.00000000E+00   
0.00000000E+00   
0.00000000E+00   
0.00000000E+00   
0.00000000E+00   
0.00000000E+00   
0.00000000E+00   
0.00000000E+00   
0.00000000E+00   
0.00000000E+00   
0.00000000E+00   
0.00000000E+00   
0.00000000E+00   
0.00000000E+00   
0.00000000E+00   
0.00000000E+00   
0.00000000E+00   
0.00000000E+00   
0.00000000E+00   
0.00000000E+00   
0.00000000E+00   
0.00000000E+00   
0.00000000E+00   
0.00000000E+00   
0.00000000E+00   
0.00000000E+00   
0.00000000E+00   
0.00000000E+00   
0.00000000E+00   
0.00000000E+00   
0.00000000E+00   
0.00000000E+00   
0.00000000E+00   
0.00000000E+00   
0.00000000E+00   
0.00000000E+00   
0.00000000E+00   
0.00000000E+00   
0.00000000E+00   
0.00000000E+00   
0.00000000E+00   
0.00000000E+00   
0.00000000E+00   
0.00000000E+00   
0.00000000E+00   
0.00000000E+00   
0.00000000E+00   
0.00000000E+00   
0.00000000E+00   
0.00000000E+00   
0.00000000E+00   
0.00000000E+00   
0.00000000E+00   
0.00000000E+00   
0.00000000E+00   
0.00000000E+00   
0.00000000E+00   
0.00000000E+00   
0.00000000E+00   
0.00000000E+00   
0.00000000E+00   
0.00000000E+00   
0.00000000E+00   
0.00000000E+00   
0.00000000E+00   
0.00000000E+00   
0.00000000E+00   
0.00000000E+00   
0.00000000E+00   
0.00000000E+00   
0.00000000E+00   
0.00000000E+00   
0.00000000E+00   
0.00000000E+00   
0.00000000E+00   
0.00000000E+00   
0.00000000E+00   
0.00000000E+00   
0.00000000E+00   
0.00000000E+00   
0.00000000E+00   
0.00000000E+00   
0.00000000E+00   
0.00000000E+00   
0.00000000E+00   
0.00000000E+00   
0.00000000E+00   
0.00000000E+00   
0.00000000E+00   
0.00000000E+00   
0.00000000E+00   
0.00000000E+00   
0.00000000E+00   
0.00000000E+00   
0.00000000E+00   
0.00000000E+00   
0.00000000E+00   
0.00000000E+00   
0.00000000E+00   
0.00000000E+00   
0.00000000E+00   
0.00000000E+00   
0.00000000E+00   
0.00000000E+00   
0.00000000E+00   
0.00000000E+00   
0.00000000E+00   
0.00000000E+00   
0.00000000E+00   
0.00000000E+00   
0.00000000E+00   
0.00000000E+00   
0.00000000E+00   
0.00000000E+00   
0.00000000E+00   
0.00000000E+00   
0.00000000E+00   
0.00000000E+00   
0.00000000E+00   
0.00000000E+00   
0.00000000E+00   
0.00000000E+00   
0.00000000E+00   
0.00000000E+00   
0.00000000E+00   
0.00000000E+00   
0.00000000E+00   
0.00000000E+00   
0.00000000E+00   
0.00000000E+00   
0.00000000E+00   
0.00000000E+00   
0.00000000E+00   
0.00000000E+00   
0.00000000E+00   
0.00000000E+00   
0.00000000E+00   
0.00000000E+00   
0.00000000E+00   
0.00000000E+00   
0.00000000E+00   
0.00000000E+00   
0.00000000E+00   
0.00000000E+00   
0.00000000E+00   
0.00000000E+00   
0.00000000E+00   
0.00000000E+00   
0.00000000E+00   
0.00000000E+00   
0.00000000E+00   
0.00000000E+00   
0.00000000E+00   
0.00000000E+00   
0.00000000E+00   
0.00000000E+00   
0.00000000E+00   
0.00000000E+00   
0.00000000E+00   
0.00000000E+00   
0.00000000E+00   
0.00000000E+00   
0.00000000E+00   
0.00000000E+00   
0.00000000E+00   
0.00000000E+00   
0.00000000E+00   
0.00000000E+00   
0.00000000E+00   
0.00000000E+00   
0.00000000E+00   
0.00000000E+00   
0.00000000E+00   
0.00000000E+00   
0.00000000E+00   
0.00000000E+00   
0.00000000E+00   
0.00000000E+00   
0.00000000E+00   
0.00000000E+00   
0.00000000E+00   
0.00000000E+00   
0.00000000E+00   
0.00000000E+00   
0.00000000E+00   
0.00000000E+00   
0.00000000E+00   
0.00000000E+00   
0.00000000E+00   
0.00000000E+00   
0.00000000E+00   
0.00000000E+00   
0.00000000E+00   
0.00000000E+00   
0.00000000E+00   
0.00000000E+00   
0.00000000E+00   
0.00000000E+00   
0.00000000E+00   
0.00000000E+00   
0.00000000E+00   
0.00000000E+00   
0.00000000E+00   
0.00000000E+00   
0.00000000E+00   
0.00000000E+00   
0.00000000E+00   
0.00000000E+00   
0.00000000E+00   
0.00000000E+00   
0.00000000E+00   
0.00000000E+00   
0.00000000E+00   
0.00000000E+00   
0.00000000E+00   
0.00000000E+00   
0.00000000E+00   
0.00000000E+00   
0.00000000E+00   
0.00000000E+00   
0.00000000E+00   
0.00000000E+00   
0.00000000E+00   
0.00000000E+00   
0.00000000E+00   
0.00000000E+00   
0.00000000E+00   
0.00000000E+00   
0.00000000E+00   
0.00000000E+00   
0.00000000E+00   
0.00000000E+00   
0.00000000E+00   
0.00000000E+00   
0.00000000E+00   
0.00000000E+00   
0.00000000E+00   
0.00000000E+00   
0.00000000E+00   
0.00000000E+00   
0.00000000E+00   
0.00000000E+00   
0.00000000E+00   
0.00000000E+00   
0.00000000E+00   
0.00000000E+00   
0.00000000E+00   
0.00000000E+00   
0.00000000E+00   
0.00000000E+00   
0.00000000E+00   
0.00000000E+00   
0.00000000E+00   
0.00000000E+00   
0.00000000E+00   
0.00000000E+00   
0.00000000E+00   
0.00000000E+00   
0.00000000E+00   
0.00000000E+00   
0.00000000E+00   
0.00000000E+00   
0.00000000E+00   
0.00000000E+00   
0.00000000E+00   
0.00000000E+00   
0.00000000E+00   
0.00000000E+00   
0.00000000E+00   
0.00000000E+00   
0.00000000E+00   
0.00000000E+00   
0.00000000E+00   
0.00000000E+00   
0.00000000E+00   
0.00000000E+00   
0.00000000E+00   
0.00000000E+00   
0.00000000E+00   
0.00000000E+00   
0.00000000E+00   
0.00000000E+00   
0.00000000E+00   
0.00000000E+00   
0.00000000E+00   
0.00000000E+00   
0.00000000E+00   
0.00000000E+00   
0.00000000E+00   
0.00000000E+00   
0.00000000E+00   
0.00000000E+00   
0.00000000E+00   
0.00000000E+00   
0.00000000E+00   
0.00000000E+00   
0.00000000E+00   
0.00000000E+00   
0.00000000E+00   
0.00000000E+00   
0.00000000E+00   
0.00000000E+00   
0.00000000E+00   
0.00000000E+00   
0.00000000E+00   
0.00000000E+00   
0.00000000E+00   
0.00000000E+00   
0.00000000E+00   
0.00000000E+00   
0.00000000E+00   
0.00000000E+00   
0.00000000E+00   
0.00000000E+00   
0.00000000E+00   
0.00000000E+00   
0.00000000E+00   
0.00000000E+00   
0.00000000E+00   
0.00000000E+00   
0.00000000E+00   
0.00000000E+00   
0.00000000E+00   
0.00000000E+00   
0.00000000E+00   
0.00000000E+00   
0.00000000E+00   
0.00000000E+00   
0.00000000E+00   
0.00000000E+00   
0.00000000E+00   
0.00000000E+00   
0.00000000E+00   
0.00000000E+00   
0.00000000E+00   
0.00000000E+00   
0.00000000E+00   
0.00000000E+00   
0.00000000E+00   
0.00000000E+00   
0.00000000E+00   
0.00000000E+00   
0.00000000E+00   
0.00000000E+00   
0.00000000E+00   
0.00000000E+00   
0.00000000E+00   
0.00000000E+00   
0.00000000E+00   
0.00000000E+00   
0.00000000E+00   
0.00000000E+00   
0.00000000E+00   
0.00000000E+00   
0.00000000E+00   
0.00000000E+00   
0.00000000E+00   
0.00000000E+00   
0.00000000E+00   
0.00000000E+00   
0.00000000E+00   
0.00000000E+00   
0.00000000E+00   
0.00000000E+00   
0.00000000E+00   
0.00000000E+00   
0.00000000E+00   
0.00000000E+00   
0.00000000E+00   
0.00000000E+00   
0.00000000E+00   
0.00000000E+00   
0.00000000E+00   
0.00000000E+00   
0.00000000E+00   
0.00000000E+00   
0.00000000E+00   
0.00000000E+00   
0.00000000E+00   
0.00000000E+00   
0.00000000E+00   
0.00000000E+00   
0.00000000E+00   
0.00000000E+00   
0.00000000E+00   
0.00000000E+00   
0.00000000E+00   
0.00000000E+00   
0.00000000E+00   
0.00000000E+00   
0.00000000E+00   
0.00000000E+00   
0.00000000E+00   
0.00000000E+00   
0.00000000E+00   
0.00000000E+00   
0.00000000E+00   
0.00000000E+00   
0.00000000E+00   
0.00000000E+00   
0.00000000E+00   
0.00000000E+00   
0.00000000E+00   
0.00000000E+00   
0.00000000E+00   
0.00000000E+00   
0.00000000E+00   
0.00000000E+00   
0.00000000E+00   
0.00000000E+00   
0.00000000E+00   
0.00000000E+00   
0.00000000E+00   
0.00000000E+00   
0.00000000E+00   
0.00000000E+00   
0.00000000E+00   
0.00000000E+00   
0.00000000E+00   
0.00000000E+00   
0.00000000E+00   
0.00000000E+00   
0.00000000E+00   
0.00000000E+00   
0.00000000E+00   
0.00000000E+00   
0.00000000E+00   
0.00000000E+00   
0.00000000E+00   
0.00000000E+00   
0.00000000E+00   
0.00000000E+00   
0.00000000E+00   
0.00000000E+00   
0.00000000E+00   
0.00000000E+00   
0.00000000E+00   
0.00000000E+00   
0.00000000E+00   
0.00000000E+00   
0.00000000E+00   
0.00000000E+00   
0.00000000E+00   
0.00000000E+00   
0.00000000E+00   
0.00000000E+00   
0.00000000E+00   
0.00000000E+00   
0.00000000E+00   
0.00000000E+00   
0.00000000E+00   
0.00000000E+00   
0.00000000E+00   
0.00000000E+00   
0.00000000E+00   
0.00000000E+00   
0.00000000E+00   
0.00000000E+00   
0.00000000E+00   
0.00000000E+00   
0.00000000E+00   
0.00000000E+00   
0.00000000E+00   
0.00000000E+00   
0.00000000E+00   
0.00000000E+00   
0.00000000E+00   
0.00000000E+00   
0.00000000E+00   
0.00000000E+00   
0.00000000E+00   
0.00000000E+00   
0.00000000E+00   
0.00000000E+00   
0.00000000E+00   
0.00000000E+00   
0.00000000E+00   
0.00000000E+00   
0.00000000E+00   
0.00000000E+00   
0.00000000E+00   
0.00000000E+00   
0.00000000E+00   
0.00000000E+00   
0.00000000E+00   
0.00000000E+00   
0.00000000E+00   
0.00000000E+00   
0.00000000E+00   
0.00000000E+00   
0.00000000E+00   
0.00000000E+00   
0.00000000E+00   
0.00000000E+00   
0.00000000E+00   
0.00000000E+00   
0.00000000E+00   
0.00000000E+00   
0.00000000E+00   
0.00000000E+00   
0.00000000E+00   
0.00000000E+00   
0.00000000E+00   
0.00000000E+00   
0.00000000E+00   
0.00000000E+00   
0.00000000E+00   
0.00000000E+00   
0.00000000E+00   
0.00000000E+00   
0.00000000E+00   
0.00000000E+00   
0.00000000E+00   
0.00000000E+00   
0.00000000E+00   
0.00000000E+00   
0.00000000E+00   
0.00000000E+00   
0.00000000E+00   
0.00000000E+00   
0.00000000E+00   
0.00000000E+00   
0.00000000E+00   
0.00000000E+00   
0.00000000E+00   
0.00000000E+00   
0.00000000E+00   
0.00000000E+00   
0.00000000E+00   
0.00000000E+00   
0.00000000E+00   
0.00000000E+00   
0.00000000E+00   
0.00000000E+00   
0.00000000E+00   
0.00000000E+00   
0.00000000E+00   
0.00000000E+00   
0.00000000E+00   
0.00000000E+00   
0.00000000E+00   
0.00000000E+00   
0.00000000E+00   
0.00000000E+00   
0.00000000E+00   
0.00000000E+00   
0.00000000E+00   
0.00000000E+00   
0.00000000E+00   
0.00000000E+00   
0.00000000E+00   
0.00000000E+00   
0.00000000E+00   
0.00000000E+00   
0.00000000E+00   
0.00000000E+00   
0.00000000E+00   
0.00000000E+00   
0.00000000E+00   
0.00000000E+00   
0.00000000E+00   
0.00000000E+00   
0.00000000E+00   
0.00000000E+00   
0.00000000E+00   
0.00000000E+00   
0.00000000E+00   
0.00000000E+00   
0.00000000E+00   
0.00000000E+00   
0.00000000E+00   
0.00000000E+00   
0.00000000E+00   
0.00000000E+00   
0.00000000E+00   
0.00000000E+00   
0.00000000E+00   
0.00000000E+00   
0.00000000E+00   
0.00000000E+00   
0.00000000E+00   
0.00000000E+00   
0.00000000E+00   
0.00000000E+00   
0.00000000E+00   
0.00000000E+00   
0.00000000E+00   
0.00000000E+00   
0.00000000E+00   
0.00000000E+00   
0.00000000E+00   
0.00000000E+00   
0.00000000E+00   
0.00000000E+00   
0.00000000E+00   
0.00000000E+00   
0.00000000E+00   
0.00000000E+00   
0.00000000E+00   
0.00000000E+00   
0.00000000E+00   
0.00000000E+00   
0.00000000E+00   
0.00000000E+00   
0.00000000E+00   
0.00000000E+00   
0.00000000E+00   
0.00000000E+00   
0.00000000E+00   
0.00000000E+00   
0.00000000E+00   
0.00000000E+00   
0.00000000E+00   
0.00000000E+00   
0.00000000E+00   
0.00000000E+00   
0.00000000E+00   
0.00000000E+00   
0.00000000E+00   
0.00000000E+00   
0.00000000E+00   
0.00000000E+00   
0.00000000E+00   
0.00000000E+00   
0.00000000E+00   
0.00000000E+00   
0.00000000E+00   
0.00000000E+00   
0.00000000E+00   
0.00000000E+00   
0.00000000E+00   
0.00000000E+00   
0.00000000E+00   
0.00000000E+00   
0.00000000E+00   
0.00000000E+00   
0.00000000E+00   
0.00000000E+00   
0.00000000E+00   
0.00000000E+00   
0.00000000E+00   
0.00000000E+00   
0.00000000E+00   
0.00000000E+00   
0.00000000E+00   
0.00000000E+00   
0.00000000E+00   
0.00000000E+00   
0.00000000E+00   
0.00000000E+00   
0.00000000E+00   
0.00000000E+00   
0.00000000E+00   
0.00000000E+00   
0.00000000E+00   
0.00000000E+00   
0.00000000E+00   
0.00000000E+00   
0.00000000E+00   
0.00000000E+00   
0.00000000E+00   
0.00000000E+00   
0.00000000E+00   
0.00000000E+00   
0.00000000E+00   
0.00000000E+00   
0.00000000E+00   
0.00000000E+00   
0.00000000E+00   
0.00000000E+00   
0.00000000E+00   
0.00000000E+00   
0.00000000E+00   
0.00000000E+00   
0.00000000E+00   
0.00000000E+00   
0.00000000E+00   
0.00000000E+00   
0.00000000E+00   
0.00000000E+00   
0.00000000E+00   
0.00000000E+00   
0.00000000E+00   
0.00000000E+00   
0.00000000E+00   
0.00000000E+00   
0.00000000E+00   
0.00000000E+00   
0.00000000E+00   
0.00000000E+00   
0.00000000E+00   
0.00000000E+00   
0.00000000E+00   
0.00000000E+00   
0.00000000E+00   
0.00000000E+00   
0.00000000E+00   
0.00000000E+00   
0.00000000E+00   
0.00000000E+00   
0.00000000E+00   
0.00000000E+00   
0.00000000E+00   
0.00000000E+00   
0.00000000E+00   
0.00000000E+00   
0.00000000E+00   
0.00000000E+00   
0.00000000E+00   
0.00000000E+00   
0.00000000E+00   
0.00000000E+00   
0.00000000E+00   
0.00000000E+00   
0.00000000E+00   
0.00000000E+00   
0.00000000E+00   
0.00000000E+00   
0.00000000E+00   
0.00000000E+00   
0.00000000E+00   
0.00000000E+00   
0.00000000E+00   
0.00000000E+00   
0.00000000E+00   
0.00000000E+00   
0.00000000E+00   
0.00000000E+00   
0.00000000E+00   
0.00000000E+00   
0.00000000E+00   
0.00000000E+00   
0.00000000E+00   
0.00000000E+00   
0.00000000E+00   
0.00000000E+00   
0.00000000E+00   
0.00000000E+00   
0.00000000E+00   
0.00000000E+00   
0.00000000E+00   
0.00000000E+00   
0.00000000E+00   
0.00000000E+00   
0.00000000E+00   
0.00000000E+00   
0.00000000E+00   
0.00000000E+00   
0.00000000E+00   
0.00000000E+00   
0.00000000E+00   
0.00000000E+00   
0.00000000E+00   
0.00000000E+00   
0.00000000E+00   
0.00000000E+00   
0.00000000E+00   
0.00000000E+00   
0.00000000E+00   
0.00000000E+00   
0.00000000E+00   
0.00000000E+00   
0.00000000E+00   
0.00000000E+00   
0.00000000E+00   
0.00000000E+00   
0.00000000E+00   
0.00000000E+00   
0.00000000E+00   
0.00000000E+00   
0.00000000E+00   
0.00000000E+00   
0.00000000E+00   
0.00000000E+00   
0.00000000E+00   
0.00000000E+00   
0.00000000E+00   
0.00000000E+00   
0.00000000E+00   
0.00000000E+00   
0.00000000E+00   
0.00000000E+00   
0.00000000E+00   
0.00000000E+00   
0.00000000E+00   
0.00000000E+00   
0.00000000E+00   
0.00000000E+00   
0.00000000E+00   
0.00000000E+00   
0.00000000E+00   
0.00000000E+00   
0.00000000E+00   
0.00000000E+00   
0.00000000E+00   
0.00000000E+00   
0.00000000E+00   
0.00000000E+00   
0.00000000E+00   
0.00000000E+00   
0.00000000E+00   
0.00000000E+00   
0.00000000E+00   
0.00000000E+00   
0.00000000E+00   
0.00000000E+00   
0.00000000E+00   
0.00000000E+00   
0.00000000E+00   
0.00000000E+00   
0.00000000E+00   
0.00000000E+00   
0.00000000E+00   
0.00000000E+00   
0.00000000E+00   
0.00000000E+00   
0.00000000E+00   
0.00000000E+00   
0.00000000E+00   
0.00000000E+00   
0.00000000E+00   
0.00000000E+00   
0.00000000E+00   
0.00000000E+00   
0.00000000E+00   
0.00000000E+00   
0.00000000E+00   
0.00000000E+00   
0.00000000E+00   
0.00000000E+00   
0.00000000E+00   
0.00000000E+00   
0.00000000E+00   
0.00000000E+00   
0.00000000E+00   
0.00000000E+00   
0.00000000E+00   
0.00000000E+00   
0.00000000E+00   
0.00000000E+00   
0.00000000E+00   
0.00000000E+00   
0.00000000E+00   
0.00000000E+00   
0.00000000E+00   
0.00000000E+00   
0.00000000E+00   
0.00000000E+00   
0.00000000E+00   
0.00000000E+00   
0.00000000E+00   
0.00000000E+00   
0.00000000E+00   
0.00000000E+00   
0.00000000E+00   
0.00000000E+00   
0.00000000E+00   
0.00000000E+00   
0.00000000E+00   
0.00000000E+00   
0.00000000E+00   
0.00000000E+00   
0.00000000E+00   
0.00000000E+00   
0.00000000E+00   
0.00000000E+00   
0.00000000E+00   
0.00000000E+00   
0.00000000E+00   
0.00000000E+00   
0.00000000E+00   
0.00000000E+00   
0.00000000E+00   
0.00000000E+00   
0.00000000E+00   
0.00000000E+00   
0.00000000E+00   
0.00000000E+00   
0.00000000E+00   
0.00000000E+00   
0.00000000E+00   
0.00000000E+00   
0.00000000E+00   
0.00000000E+00   
0.00000000E+00   
0.00000000E+00   
0.00000000E+00   
0.00000000E+00   
0.00000000E+00   
0.00000000E+00   
0.00000000E+00   
0.00000000E+00   
0.00000000E+00   
0.00000000E+00   
0.00000000E+00   
0.00000000E+00   
0.00000000E+00   
0.00000000E+00   
0.00000000E+00   
0.00000000E+00   
0.00000000E+00   
0.00000000E+00   
0.00000000E+00   
0.00000000E+00   
0.00000000E+00   
0.00000000E+00   
0.00000000E+00   
0.00000000E+00   
0.00000000E+00   
0.00000000E+00   
0.00000000E+00   
0.00000000E+00   
0.00000000E+00   
0.00000000E+00   
0.00000000E+00   
0.00000000E+00   
0.00000000E+00   
0.00000000E+00   
0.00000000E+00   
0.00000000E+00   
0.00000000E+00   
0.00000000E+00   
0.00000000E+00   
0.00000000E+00   
0.00000000E+00   
0.00000000E+00   
0.00000000E+00   
0.00000000E+00   
0.00000000E+00   
0.00000000E+00   
0.00000000E+00   
0.00000000E+00   
0.00000000E+00   
0.00000000E+00   
0.00000000E+00   
0.00000000E+00   
0.00000000E+00   
0.00000000E+00   
0.00000000E+00   
0.00000000E+00   
0.00000000E+00   
0.00000000E+00   
0.00000000E+00   
0.00000000E+00   
0.00000000E+00   
0.00000000E+00   
0.00000000E+00   
0.00000000E+00   
0.00000000E+00   
0.00000000E+00   
0.00000000E+00   
0.00000000E+00   
0.00000000E+00   
0.00000000E+00   
0.00000000E+00   
0.00000000E+00   
0.00000000E+00   
0.00000000E+00   
0.00000000E+00   
0.00000000E+00   
0.00000000E+00   
0.00000000E+00   
0.00000000E+00   
0.00000000E+00   
0.00000000E+00   
0.00000000E+00   
0.00000000E+00   
0.00000000E+00   
0.00000000E+00   
0.00000000E+00   
0.00000000E+00   
0.00000000E+00   
0.00000000E+00   
0.00000000E+00   
0.00000000E+00   
0.00000000E+00   
0.00000000E+00   
0.00000000E+00   
0.00000000E+00   
0.00000000E+00   
0.00000000E+00   
0.00000000E+00   
0.00000000E+00   
0.00000000E+00   
0.00000000E+00   
0.00000000E+00   
0.00000000E+00   
0.00000000E+00   
0.00000000E+00   
0.00000000E+00   
0.00000000E+00   
0.00000000E+00   
0.00000000E+00   
0.00000000E+00   
0.00000000E+00   
0.00000000E+00   
0.00000000E+00   
0.00000000E+00   
0.00000000E+00   
0.00000000E+00   
0.00000000E+00   
0.00000000E+00   
0.00000000E+00   
0.00000000E+00   
0.00000000E+00   
0.00000000E+00   
0.00000000E+00   
0.00000000E+00   
0.00000000E+00   
0.00000000E+00   
0.00000000E+00   
0.00000000E+00   
0.00000000E+00   
0.00000000E+00   
0.00000000E+00   
0.00000000E+00   
0.00000000E+00   
0.00000000E+00   
0.00000000E+00   
0.00000000E+00   
0.00000000E+00   
0.00000000E+00   
0.00000000E+00   
0.00000000E+00   
0.00000000E+00   
0.00000000E+00   
0.00000000E+00   
0.00000000E+00   
0.00000000E+00   
0.00000000E+00   
0.00000000E+00   
0.00000000E+00   
0.00000000E+00   
0.00000000E+00   
0.00000000E+00   
0.00000000E+00   
0.00000000E+00   
0.00000000E+00   
0.00000000E+00   
0.00000000E+00   
0.00000000E+00   
0.00000000E+00   
0.00000000E+00   
0.00000000E+00   
0.00000000E+00   
0.00000000E+00   
0.00000000E+00   
0.00000000E+00   
0.00000000E+00   
0.00000000E+00   
0.00000000E+00   
0.00000000E+00   
0.00000000E+00   
0.00000000E+00   
0.00000000E+00   
0.00000000E+00   
0.00000000E+00   
0.00000000E+00   
0.00000000E+00   
0.00000000E+00   
0.00000000E+00   
0.00000000E+00   
0.00000000E+00   
0.00000000E+00   
0.00000000E+00   
0.00000000E+00   
0.00000000E+00   
0.00000000E+00   
0.00000000E+00   
0.00000000E+00   
0.00000000E+00   
0.00000000E+00   
0.00000000E+00   
0.00000000E+00   
0.00000000E+00   
0.00000000E+00   
0.00000000E+00   
0.00000000E+00   
0.00000000E+00   
0.00000000E+00   
0.00000000E+00   
0.00000000E+00   
0.00000000E+00   
0.00000000E+00   
0.00000000E+00   
0.00000000E+00   
0.00000000E+00   
0.00000000E+00   
0.00000000E+00   
0.00000000E+00   
0.00000000E+00   
0.00000000E+00   
0.00000000E+00   
0.00000000E+00   
0.00000000E+00   
0.00000000E+00   
0.00000000E+00   
0.00000000E+00   
0.00000000E+00   
0.00000000E+00   
0.00000000E+00   
0.00000000E+00   
0.00000000E+00   
0.00000000E+00   
0.00000000E+00   
0.00000000E+00   
0.00000000E+00   
0.00000000E+00   
0.00000000E+00   
0.00000000E+00   
0.00000000E+00   
0.00000000E+00   
0.00000000E+00   
0.00000000E+00   
0.00000000E+00   
0.00000000E+00   
0.00000000E+00   
0.00000000E+00   
0.00000000E+00   
0.00000000E+00   
0.00000000E+00   
0.00000000E+00   
0.00000000E+00   
0.00000000E+00   
0.00000000E+00   
0.00000000E+00   
0.00000000E+00   
0.00000000E+00   
0.00000000E+00   
0.00000000E+00   
0.00000000E+00   
0.00000000E+00   
0.00000000E+00   
0.00000000E+00   
0.00000000E+00   
0.00000000E+00   
0.00000000E+00   
0.00000000E+00   
0.00000000E+00   
0.00000000E+00   
0.00000000E+00   
0.00000000E+00   
0.00000000E+00   
0.00000000E+00   
0.00000000E+00   
0.00000000E+00   
0.00000000E+00   
0.00000000E+00   
0.00000000E+00   
0.00000000E+00   
0.00000000E+00   
0.00000000E+00   
0.00000000E+00   
0.00000000E+00   
0.00000000E+00   
0.00000000E+00   
0.00000000E+00   
0.00000000E+00   
0.00000000E+00   
0.00000000E+00   
0.00000000E+00   
0.00000000E+00   
0.00000000E+00   
0.00000000E+00   
0.00000000E+00   
0.00000000E+00   
0.00000000E+00   
0.00000000E+00   
0.00000000E+00   
0.00000000E+00   
0.00000000E+00   
0.00000000E+00   
0.00000000E+00   
0.00000000E+00   
0.00000000E+00   
0.00000000E+00   
0.00000000E+00   
0.00000000E+00   
0.00000000E+00   
0.00000000E+00   
0.00000000E+00   
0.00000000E+00   
0.00000000E+00   
0.00000000E+00   
0.00000000E+00   
0.00000000E+00   
0.00000000E+00   
0.00000000E+00   
0.00000000E+00   
0.00000000E+00   
0.00000000E+00   
0.00000000E+00   
0.00000000E+00   
0.00000000E+00   
0.00000000E+00   
0.00000000E+00   
0.00000000E+00   
0.00000000E+00   
0.00000000E+00   
0.00000000E+00   
0.00000000E+00   
0.00000000E+00   
0.00000000E+00   
0.00000000E+00   
0.00000000E+00   
0.00000000E+00   
0.00000000E+00   
0.00000000E+00   
0.00000000E+00   
0.00000000E+00   
0.00000000E+00   
0.00000000E+00   
0.00000000E+00   
0.00000000E+00   
0.00000000E+00   
0.00000000E+00   
0.00000000E+00   
0.00000000E+00   
0.00000000E+00   
0.00000000E+00   
0.00000000E+00   
0.00000000E+00   
0.00000000E+00   
0.00000000E+00   
0.00000000E+00   
0.00000000E+00   
0.00000000E+00   
0.00000000E+00   
0.00000000E+00   
0.00000000E+00   
0.00000000E+00   
0.00000000E+00   
0.00000000E+00   
0.00000000E+00   
0.00000000E+00   
0.00000000E+00   
0.00000000E+00   
0.00000000E+00   
0.00000000E+00   
0.00000000E+00   
0.00000000E+00   
0.00000000E+00   
0.00000000E+00   
0.00000000E+00   
0.00000000E+00   
0.00000000E+00   
0.00000000E+00   
0.00000000E+00   
0.00000000E+00   
0.00000000E+00   
0.00000000E+00   
0.00000000E+00   
0.00000000E+00   
0.00000000E+00   
0.00000000E+00   
0.00000000E+00   
0.00000000E+00   
0.00000000E+00   
0.00000000E+00   
0.00000000E+00   
0.00000000E+00   
0.00000000E+00   
0.00000000E+00   
0.00000000E+00   
0.00000000E+00   
0.00000000E+00   
0.00000000E+00   
0.00000000E+00   
0.00000000E+00   
0.00000000E+00   
0.00000000E+00   
0.00000000E+00   
0.00000000E+00   
0.00000000E+00   
0.00000000E+00   
0.00000000E+00   
0.00000000E+00   
0.00000000E+00   
0.00000000E+00   
0.00000000E+00   
0.00000000E+00   
0.00000000E+00   
0.00000000E+00   
0.00000000E+00   
0.00000000E+00   
0.00000000E+00   
0.00000000E+00   
0.00000000E+00   
0.00000000E+00   
0.00000000E+00   
0.00000000E+00   
0.00000000E+00   
0.00000000E+00   
0.00000000E+00   
0.00000000E+00   
0.00000000E+00   
0.00000000E+00   
0.00000000E+00   
0.00000000E+00   
0.00000000E+00   
0.00000000E+00   
0.00000000E+00   
0.00000000E+00   
0.00000000E+00   
0.00000000E+00   
0.00000000E+00   
0.00000000E+00   
0.00000000E+00   
0.00000000E+00   
0.00000000E+00   
0.00000000E+00   
0.00000000E+00   
0.00000000E+00   
0.00000000E+00   
0.00000000E+00   
0.00000000E+00   
0.00000000E+00   
0.00000000E+00   
0.00000000E+00   
0.00000000E+00   
0.00000000E+00   
0.00000000E+00   
0.00000000E+00   
0.00000000E+00   
0.00000000E+00   
0.00000000E+00   
0.00000000E+00   
0.00000000E+00   
0.00000000E+00   
0.00000000E+00   
0.00000000E+00   
0.00000000E+00   
0.00000000E+00   
0.00000000E+00   
0.00000000E+00   
0.00000000E+00   
0.00000000E+00   
0.00000000E+00   
0.00000000E+00   
0.00000000E+00   
0.00000000E+00   
0.00000000E+00   
0.00000000E+00   
0.00000000E+00   
0.00000000E+00   
0.00000000E+00   
0.00000000E+00   
0.00000000E+00   
0.00000000E+00   
0.00000000E+00   
0.00000000E+00   
0.00000000E+00   
0.00000000E+00   
0.00000000E+00   
0.00000000E+00   
0.00000000E+00   
0.00000000E+00   
0.00000000E+00   
0.00000000E+00   
0.00000000E+00   
0.00000000E+00   
0.00000000E+00   
0.00000000E+00   
0.00000000E+00   
0.00000000E+00   
0.00000000E+00   
0.00000000E+00   
0.00000000E+00   
0.00000000E+00   
0.00000000E+00   
0.00000000E+00   
0.00000000E+00   
0.00000000E+00   
0.00000000E+00   
0.00000000E+00   
0.00000000E+00   
0.00000000E+00   
0.00000000E+00   
0.00000000E+00   
0.00000000E+00   
0.00000000E+00   
0.00000000E+00   
0.00000000E+00   
0.00000000E+00   
0.00000000E+00   
0.00000000E+00   
0.00000000E+00   
0.00000000E+00   
0.00000000E+00   
0.00000000E+00   
0.00000000E+00   
0.00000000E+00   
0.00000000E+00   
0.00000000E+00   
0.00000000E+00   
0.00000000E+00   
0.00000000E+00   
0.00000000E+00   
0.00000000E+00   
0.00000000E+00   
0.00000000E+00   
0.00000000E+00   
0.00000000E+00   
0.00000000E+00   
0.00000000E+00   
0.00000000E+00   
0.00000000E+00   
0.00000000E+00   
0.00000000E+00   
0.00000000E+00   
0.00000000E+00   
0.00000000E+00   
0.00000000E+00   
0.00000000E+00   
0.00000000E+00   
0.00000000E+00   
0.00000000E+00   
0.00000000E+00   
0.00000000E+00   
0.00000000E+00   
0.00000000E+00   
0.00000000E+00   
0.00000000E+00   
0.00000000E+00   
0.00000000E+00   
0.00000000E+00   
0.00000000E+00   
0.00000000E+00   
0.00000000E+00   
0.00000000E+00   
0.00000000E+00   
0.00000000E+00   
0.00000000E+00   
0.00000000E+00   
0.00000000E+00   
0.00000000E+00   
0.00000000E+00   
0.00000000E+00   
0.00000000E+00   
0.00000000E+00   
0.00000000E+00   
0.00000000E+00   
0.00000000E+00   
0.00000000E+00   
0.00000000E+00   
0.00000000E+00   
0.00000000E+00   
0.00000000E+00   
0.00000000E+00   
0.00000000E+00   
0.00000000E+00   
0.00000000E+00   
0.00000000E+00   
0.00000000E+00   
0.00000000E+00   
0.00000000E+00   
0.00000000E+00   
0.00000000E+00   
0.00000000E+00   
0.00000000E+00   
0.00000000E+00   
0.00000000E+00   
0.00000000E+00   
!IDEND=

