!FILE=Disk 
!KIND=Spectrum 
!LABORATORY=Oslo Cyclotron Laboratory (OCL) 
!EXPERIMENT= oslo_method_python 
!COMMENT=Made by OMpy 
!TIME=DATE:08-Sep-20 09:57:07   
!CALIBRATION EkeV=6, 0.000000E+00, 2.000400E+00, 0.000000E+00 
!PRECISION=16 
!DIMENSION=1,0:4999 
!CHANNEL=(0:4999) 
1.50524205E+02   
2.58574215E+02   
2.77556611E+02   
3.44104021E+02   
3.59038008E+02   
3.72568214E+02   
3.69186037E+02   
3.94617824E+02   
4.12014403E+02   
4.31202040E+02   
4.43177235E+02   
4.57981596E+02   
4.61545809E+02   
4.35195239E+02   
5.10670634E+02   
5.31879476E+02   
5.46841168E+02   
5.24832667E+02   
5.40488998E+02   
5.82756251E+02   
6.29443689E+02   
6.69932687E+02   
7.12132527E+02   
6.97044209E+02   
8.13103221E+02   
8.55465693E+02   
9.04553311E+02   
1.00298310E+03   
1.05276695E+03   
1.10119324E+03   
1.17807021E+03   
1.22700020E+03   
1.33742408E+03   
1.38246049E+03   
1.40284747E+03   
1.43747640E+03   
1.48680766E+03   
1.60636257E+03   
1.56265413E+03   
1.64352380E+03   
1.67861042E+03   
1.71288588E+03   
1.81507852E+03   
1.81005321E+03   
1.86580586E+03   
1.86332166E+03   
1.83455021E+03   
1.98914073E+03   
1.91618094E+03   
1.98910192E+03   
1.92434297E+03   
1.88208922E+03   
1.98200220E+03   
2.02006901E+03   
2.06057281E+03   
2.08307542E+03   
2.10565273E+03   
2.05731566E+03   
2.01764863E+03   
2.03578246E+03   
2.07979546E+03   
2.07138198E+03   
1.98164663E+03   
1.99158892E+03   
2.00217584E+03   
2.02217844E+03   
2.00898850E+03   
2.01045499E+03   
2.06818804E+03   
2.10698750E+03   
2.04057451E+03   
1.99160672E+03   
2.03650560E+03   
1.97993449E+03   
2.01904741E+03   
1.96058812E+03   
1.90017223E+03   
1.95504191E+03   
1.88504091E+03   
1.95165033E+03   
1.93436347E+03   
1.87039218E+03   
1.86890338E+03   
1.88591618E+03   
1.94845569E+03   
1.97733067E+03   
2.05964283E+03   
1.97484307E+03   
1.99798250E+03   
1.94150600E+03   
2.00501270E+03   
1.97542939E+03   
1.91334497E+03   
1.89080926E+03   
1.91082767E+03   
1.92471134E+03   
1.93183817E+03   
1.79951440E+03   
1.80220804E+03   
1.77537367E+03   
1.74519554E+03   
1.70654591E+03   
1.73158572E+03   
1.76258432E+03   
1.68218004E+03   
1.68012873E+03   
1.65862302E+03   
1.65142008E+03   
1.71381396E+03   
1.68417293E+03   
1.57467774E+03   
1.55987187E+03   
1.59534727E+03   
1.56667383E+03   
1.55003791E+03   
1.54342819E+03   
1.57071474E+03   
1.55858452E+03   
1.56308492E+03   
1.53433357E+03   
1.52397820E+03   
1.60519074E+03   
1.65470124E+03   
1.62825215E+03   
1.71082136E+03   
1.57887167E+03   
1.54528736E+03   
1.54816023E+03   
1.56670024E+03   
1.57362372E+03   
1.48349590E+03   
1.55952741E+03   
1.61369604E+03   
1.51859962E+03   
1.51945919E+03   
1.49954761E+03   
1.50534347E+03   
1.49998740E+03   
1.43797079E+03   
1.46884167E+03   
1.45764973E+03   
1.46574905E+03   
1.45789768E+03   
1.43743309E+03   
1.41573505E+03   
1.37798790E+03   
1.36013533E+03   
1.34214483E+03   
1.30838648E+03   
1.27970224E+03   
1.34274865E+03   
1.28672915E+03   
1.29560032E+03   
1.29945979E+03   
1.31696129E+03   
1.26739328E+03   
1.26181206E+03   
1.26549830E+03   
1.26899600E+03   
1.22369554E+03   
1.24592899E+03   
1.19014743E+03   
1.22348030E+03   
1.15828276E+03   
1.16811052E+03   
1.15227335E+03   
1.06603661E+03   
1.06208082E+03   
1.06245559E+03   
1.04329436E+03   
1.04268684E+03   
1.01508652E+03   
1.00799480E+03   
1.05705791E+03   
9.92631726E+02   
9.89300260E+02   
9.93164433E+02   
9.73201340E+02   
9.83338268E+02   
9.02324065E+02   
8.88458292E+02   
9.19877676E+02   
8.98103721E+02   
9.40617423E+02   
9.03744849E+02   
8.39241648E+02   
8.68667133E+02   
8.67082416E+02   
8.60060012E+02   
8.04131626E+02   
9.07423785E+02   
7.99429886E+02   
8.23463293E+02   
8.09747049E+02   
7.93788458E+02   
8.15030006E+02   
7.59237948E+02   
7.99194439E+02   
8.25522505E+02   
7.69795759E+02   
7.88815463E+02   
7.66151230E+02   
7.94179036E+02   
6.96169434E+02   
7.64432486E+02   
7.36570614E+02   
7.79561212E+02   
7.19002200E+02   
7.02224545E+02   
7.46382376E+02   
7.08502300E+02   
7.08888078E+02   
7.20975995E+02   
7.29413983E+02   
7.03018304E+02   
6.91692839E+02   
7.03790358E+02   
7.10722244E+02   
6.97974695E+02   
6.53364573E+02   
6.59126525E+02   
7.26849070E+02   
6.35734347E+02   
6.59049210E+02   
6.50925885E+02   
6.70929186E+02   
6.67314063E+02   
6.55767153E+02   
6.38908682E+02   
6.61785957E+02   
6.30043909E+02   
6.44532206E+02   
5.93461592E+02   
6.00479396E+02   
6.03306461E+02   
6.23684937E+02   
6.12284357E+02   
5.84109122E+02   
6.00980196E+02   
5.68706741E+02   
5.78548610E+02   
5.50414683E+02   
5.72855171E+02   
5.92505701E+02   
5.70769954E+02   
5.95840368E+02   
5.82579816E+02   
5.67874475E+02   
5.76935687E+02   
5.63707241E+02   
5.50709442E+02   
5.73109122E+02   
5.17703941E+02   
4.58921514E+02   
4.40688138E+02   
4.40688138E+02   
4.40688138E+02   
4.40688138E+02   
4.07318974E+02   
3.33631626E+02   
3.33270854E+02   
3.25877075E+02   
3.31989098E+02   
2.95452991E+02   
3.01933687E+02   
3.13182336E+02   
2.65532206E+02   
3.02187437E+02   
3.12098920E+02   
2.99099520E+02   
3.16319964E+02   
2.97935887E+02   
3.29412583E+02   
3.02705841E+02   
2.70302060E+02   
2.85714143E+02   
2.71612723E+02   
2.74497700E+02   
2.96340768E+02   
3.19815963E+02   
2.60947790E+02   
2.86143529E+02   
3.06353571E+02   
2.86477295E+02   
3.24246649E+02   
3.09745449E+02   
2.66894279E+02   
2.76816863E+02   
2.86286857E+02   
2.63746049E+02   
2.53032206E+02   
2.72542308E+02   
2.45736447E+02   
2.65234647E+02   
2.73928386E+02   
2.75850070E+02   
2.66486397E+02   
2.41336267E+02   
2.45048010E+02   
2.61543609E+02   
2.45235547E+02   
2.42432987E+02   
2.48463993E+02   
2.45913883E+02   
2.51403581E+02   
2.56098020E+02   
2.46066213E+02   
2.48603821E+02   
2.69212142E+02   
2.27544909E+02   
2.50681636E+02   
2.41673035E+02   
2.25673235E+02   
2.32551510E+02   
2.51302460E+02   
2.21032006E+02   
2.53191338E+02   
2.34034207E+02   
2.44164933E+02   
2.39719044E+02   
2.42975395E+02   
2.22958092E+02   
2.30192739E+02   
2.29831666E+02   
2.33858772E+02   
2.14786357E+02   
2.11001000E+02   
2.62925385E+02   
2.45423085E+02   
2.25093519E+02   
2.42315963E+02   
2.20986597E+02   
2.35145329E+02   
2.22711742E+02   
2.42445289E+02   
2.33338368E+02   
2.21927586E+02   
2.03267654E+02   
2.22464593E+02   
2.29777155E+02   
2.36139328E+02   
2.19139828E+02   
2.22946489E+02   
2.07679836E+02   
2.16145429E+02   
2.20322464E+02   
2.30685437E+02   
2.08656931E+02   
1.99778656E+02   
2.13828966E+02   
2.11522004E+02   
2.10558812E+02   
2.16604521E+02   
2.02117724E+02   
1.98398980E+02   
1.97618124E+02   
2.03177435E+02   
1.81753551E+02   
2.01534807E+02   
2.07337267E+02   
1.99061612E+02   
1.84998400E+02   
1.86906981E+02   
1.72066913E+02   
1.73386577E+02   
1.79432987E+02   
1.77104621E+02   
1.62263853E+02   
1.72211142E+02   
1.93512703E+02   
1.88224245E+02   
1.87069014E+02   
1.78961292E+02   
1.84105921E+02   
1.68336667E+02   
1.82784457E+02   
1.75485997E+02   
1.89105121E+02   
1.69455791E+02   
1.82811062E+02   
1.88518604E+02   
1.74076415E+02   
1.78299560E+02   
1.67996699E+02   
1.77883977E+02   
1.73303161E+02   
1.79343269E+02   
1.77309962E+02   
1.81003101E+02   
1.70382176E+02   
1.65443989E+02   
1.50378176E+02   
1.72947690E+02   
1.58093419E+02   
1.83324765E+02   
1.57581816E+02   
1.50051710E+02   
1.68866073E+02   
1.60375375E+02   
1.63436087E+02   
1.68254351E+02   
1.69788358E+02   
1.70675735E+02   
1.58710342E+02   
1.49752250E+02   
1.61272655E+02   
1.53747049E+02   
1.68346769E+02   
1.53101520E+02   
1.59638028E+02   
1.54711642E+02   
1.51372274E+02   
1.43029206E+02   
1.46698340E+02   
1.43357572E+02   
1.78688838E+02   
1.54372174E+02   
1.45696139E+02   
1.62694739E+02   
1.31686137E+02   
1.43035007E+02   
1.43022104E+02   
1.55055211E+02   
1.53378776E+02   
1.40344769E+02   
1.47339168E+02   
1.51063713E+02   
1.29597820E+02   
1.41779656E+02   
1.40655331E+02   
1.29959992E+02   
1.43564213E+02   
1.45267453E+02   
1.32948390E+02   
1.42784657E+02   
1.37658832E+02   
1.30377275E+02   
1.48728946E+02   
1.41732146E+02   
1.45652831E+02   
1.67792358E+02   
1.61357371E+02   
1.41325465E+02   
1.43257652E+02   
1.54484197E+02   
1.37180636E+02   
1.39133727E+02   
1.36066713E+02   
1.60069114E+02   
1.43514303E+02   
1.58107822E+02   
1.40667534E+02   
1.36174535E+02   
1.32474295E+02   
1.41753351E+02   
1.29438788E+02   
1.28394879E+02   
1.50615223E+02   
1.42611222E+02   
1.34974895E+02   
1.19288258E+02   
1.36446789E+02   
1.33931086E+02   
1.20861872E+02   
1.44027205E+02   
9.76749350E+01   
1.45305761E+02   
1.34665733E+02   
1.35400080E+02   
1.23465193E+02   
1.32339768E+02   
1.32404881E+02   
1.10448990E+02   
1.26539508E+02   
1.35647530E+02   
1.29265453E+02   
1.31621824E+02   
1.51265053E+02   
1.38953291E+02   
1.29718244E+02   
1.39872474E+02   
1.31873775E+02   
1.46255051E+02   
1.29492799E+02   
1.40659832E+02   
1.37089618E+02   
1.39333367E+02   
1.38722645E+02   
1.26073615E+02   
1.19111522E+02   
1.22974095E+02   
1.41615823E+02   
1.41456091E+02   
1.20449690E+02   
1.39400080E+02   
1.31669534E+02   
9.78301660E+01   
1.11514803E+02   
1.09524405E+02   
1.10417684E+02   
1.25623925E+02   
1.34030006E+02   
1.27316163E+02   
1.10113123E+02   
1.12231446E+02   
1.05107121E+02   
1.17856971E+02   
1.08807361E+02   
1.19912883E+02   
1.23133527E+02   
9.66850370E+01   
1.22703141E+02   
1.14976395E+02   
1.25139128E+02   
1.35141528E+02   
1.13962793E+02   
1.10380976E+02   
1.11661432E+02   
1.25047710E+02   
1.28690738E+02   
1.31699340E+02   
1.29402581E+02   
1.22573615E+02   
1.20098220E+02   
1.25185437E+02   
1.32835867E+02   
1.25474395E+02   
1.10782056E+02   
1.11423385E+02   
1.15600320E+02   
1.16749750E+02   
9.58828766E+01   
1.01297860E+02   
1.10875775E+02   
1.06168234E+02   
1.18450190E+02   
1.34025605E+02   
1.27009702E+02   
1.02740748E+02   
9.75887177E+01   
1.10763253E+02   
9.32924585E+01   
1.08324665E+02   
1.06307361E+02   
1.03435187E+02   
1.06613623E+02   
1.17773555E+02   
1.06522905E+02   
1.03143429E+02   
1.04898980E+02   
1.14503401E+02   
1.20097720E+02   
1.14020404E+02   
1.10463293E+02   
1.16352270E+02   
1.08523405E+02   
1.18633227E+02   
1.00852871E+02   
1.12638028E+02   
1.05642028E+02   
1.20852070E+02   
1.32545409E+02   
1.13426485E+02   
1.15824365E+02   
1.11201540E+02   
1.12131526E+02   
1.06285657E+02   
1.07023205E+02   
1.02476195E+02   
1.15747449E+02   
1.03291758E+02   
1.20205541E+02   
1.16020804E+02   
1.14668034E+02   
1.07482496E+02   
9.82606521E+01   
1.03594619E+02   
9.25188038E+01   
1.18451790E+02   
1.34538008E+02   
1.09990798E+02   
1.34741148E+02   
1.12826065E+02   
9.42888578E+01   
1.01759152E+02   
1.15087017E+02   
1.04879876E+02   
9.64041808E+01   
9.44603921E+01   
9.39866973E+01   
1.02754651E+02   
1.04595219E+02   
1.07179436E+02   
1.05131126E+02   
9.51208242E+01   
9.92351470E+01   
9.88056611E+01   
1.06149930E+02   
1.05714743E+02   
9.21965393E+01   
1.09617924E+02   
1.06607421E+02   
1.12505301E+02   
1.15989798E+02   
1.07283757E+02   
1.17602721E+02   
1.02219744E+02   
1.08794859E+02   
1.13535907E+02   
1.11583517E+02   
1.06716243E+02   
1.09744849E+02   
1.05983997E+02   
1.01117824E+02   
9.22729546E+01   
1.11704641E+02   
9.78388678E+01   
9.84762953E+01   
9.95385077E+01   
9.32729546E+01   
9.35379076E+01   
1.05497499E+02   
1.01774855E+02   
1.01768054E+02   
1.16772655E+02   
9.12699540E+01   
9.42725545E+01   
9.97718544E+01   
1.10027005E+02   
1.14526505E+02   
1.09757852E+02   
1.04515503E+02   
1.16785257E+02   
8.94736947E+01   
8.97856571E+01   
1.01823665E+02   
9.92503501E+01   
1.05266553E+02   
9.45103021E+01   
1.03020404E+02   
8.12141428E+01   
1.03826665E+02   
9.67210442E+01   
1.00379376E+02   
1.00445089E+02   
9.99865973E+01   
9.93631726E+01   
1.04709042E+02   
8.77790558E+01   
1.08299560E+02   
8.89391878E+01   
1.00667133E+02   
8.57141428E+01   
9.98654731E+01   
9.58252651E+01   
8.36332266E+01   
9.54533907E+01   
8.86782356E+01   
8.57802561E+01   
1.04600320E+02   
9.33693739E+01   
1.05023305E+02   
1.02840868E+02   
1.10437588E+02   
1.18275655E+02   
8.95083017E+01   
9.59154831E+01   
1.02757952E+02   
1.13187538E+02   
9.95764153E+01   
1.09078716E+02   
9.61073215E+01   
8.44095819E+01   
9.45558112E+01   
1.04639128E+02   
9.87116423E+01   
1.06709242E+02   
8.67068414E+01   
1.07961892E+02   
1.02934987E+02   
1.07704041E+02   
8.12930586E+01   
7.69233847E+01   
9.26547309E+01   
9.17549510E+01   
1.07149130E+02   
1.06412883E+02   
9.47241448E+01   
9.42654531E+01   
9.31194239E+01   
9.97938588E+01   
1.05231246E+02   
1.12467093E+02   
1.15020404E+02   
1.06132527E+02   
1.13690838E+02   
8.70086017E+01   
1.19923985E+02   
8.70077015E+01   
1.01019204E+02   
1.09261252E+02   
9.51191238E+01   
9.85825165E+01   
1.01425185E+02   
1.02489798E+02   
1.08366373E+02   
9.01503301E+01   
9.83251650E+01   
1.03236547E+02   
8.58841768E+01   
1.04292058E+02   
9.58058612E+01   
1.08946889E+02   
1.01594519E+02   
1.18739548E+02   
9.20116023E+01   
9.10823165E+01   
1.00902981E+02   
9.71486297E+01   
1.02109922E+02   
1.04446289E+02   
1.08712743E+02   
1.07440688E+02   
8.14917984E+01   
9.17036407E+01   
8.84877976E+01   
9.89233847E+01   
9.46029206E+01   
8.71497299E+01   
9.01830366E+01   
1.01316563E+02   
9.41325265E+01   
8.89816963E+01   
8.86053211E+01   
8.22560512E+01   
1.01724945E+02   
1.05076615E+02   
1.01429086E+02   
1.11972995E+02   
1.14185137E+02   
1.09063413E+02   
1.05462092E+02   
8.56113223E+01   
7.74357872E+01   
9.10045009E+01   
7.64206841E+01   
8.96070214E+01   
8.78229646E+01   
9.98143629E+01   
7.96211242E+01   
9.98196639E+01   
9.34165833E+01   
1.14023705E+02   
9.10204041E+01   
8.86148230E+01   
9.59965993E+01   
1.05449790E+02   
9.14142829E+01   
9.45919184E+01   
9.94472895E+01   
9.42366473E+01   
1.04583917E+02   
8.58230646E+01   
1.09212943E+02   
1.00853171E+02   
9.13765753E+01   
9.08575715E+01   
1.02862372E+02   
9.00657131E+01   
8.67083417E+01   
8.71692338E+01   
8.72943589E+01   
1.04020004E+02   
9.92578516E+01   
9.62117423E+01   
1.03882777E+02   
9.88342669E+01   
8.23695739E+01   
1.09186737E+02   
8.28428686E+01   
1.01260052E+02   
8.94581916E+01   
9.66437287E+01   
1.07458792E+02   
1.04669134E+02   
1.06884177E+02   
9.76908382E+01   
1.04649330E+02   
9.53890778E+01   
8.51240248E+01   
9.27306461E+01   
9.55696139E+01   
8.93719744E+01   
1.21379176E+02   
8.20326065E+01   
9.36533307E+01   
8.91989398E+01   
1.11750650E+02   
9.71173235E+01   
8.31836367E+01   
9.19158832E+01   
9.44011802E+01   
8.64819964E+01   
9.65556111E+01   
9.70188038E+01   
7.57961592E+01   
9.65961192E+01   
1.00902681E+02   
9.33679736E+01   
9.97265453E+01   
1.04735847E+02   
9.38309662E+01   
9.31941388E+01   
8.80660132E+01   
9.33646729E+01   
9.02782557E+01   
1.11886277E+02   
1.00250650E+02   
9.62317463E+01   
9.16360272E+01   
1.01921584E+02   
9.46773355E+01   
1.01020804E+02   
1.15873475E+02   
9.12097419E+01   
1.08772655E+02   
1.05396679E+02   
9.46961392E+01   
9.75132026E+01   
8.66925385E+01   
7.26957391E+01   
9.05044009E+01   
1.01187337E+02   
1.03020004E+02   
9.81861372E+01   
9.25112022E+01   
8.51973395E+01   
1.04680136E+02   
8.65124025E+01   
1.08689338E+02   
9.77261452E+01   
8.92906581E+01   
8.97125425E+01   
1.01019204E+02   
8.83162633E+01   
9.77221444E+01   
1.09696539E+02   
9.09855971E+01   
1.02091218E+02   
1.10502801E+02   
1.09500400E+02   
1.02657331E+02   
9.94951990E+01   
8.91757351E+01   
8.34911982E+01   
9.33846769E+01   
9.29158832E+01   
9.04907982E+01   
8.04275855E+01   
1.08859072E+02   
1.05392679E+02   
8.98618724E+01   
8.64823965E+01   
9.66984397E+01   
8.00261052E+01   
8.98634727E+01   
1.10484297E+02   
1.01174535E+02   
9.89363873E+01   
1.03106021E+02   
9.93246649E+01   
8.96850370E+01   
9.52613523E+01   
8.30717143E+01   
8.44146829E+01   
1.03268154E+02   
9.05708142E+01   
1.06168934E+02   
9.18019604E+01   
9.29040808E+01   
9.55346069E+01   
8.41637327E+01   
8.91629326E+01   
8.38433687E+01   
1.08580416E+02   
9.74370874E+01   
8.37828566E+01   
7.10140028E+01   
9.51234247E+01   
9.73102621E+01   
8.84523905E+01   
8.37399480E+01   
1.01728846E+02   
9.31636327E+01   
9.15846169E+01   
8.04340868E+01   
7.78821764E+01   
9.10160032E+01   
9.17512503E+01   
8.78412683E+01   
7.88965793E+01   
1.13231046E+02   
1.11248450E+02   
8.74347870E+01   
1.10465493E+02   
8.98818764E+01   
1.02608022E+02   
8.62535507E+01   
8.22906581E+01   
1.04152931E+02   
9.92519504E+01   
9.82395479E+01   
1.05398880E+02   
9.99644929E+01   
1.00288258E+02   
9.24203841E+01   
1.09551410E+02   
9.07504501E+01   
9.52220444E+01   
9.64729946E+01   
1.07117223E+02   
1.02387878E+02   
8.27549510E+01   
9.36260252E+01   
6.91899380E+01   
9.08476695E+01   
8.36654331E+01   
9.52432486E+01   
1.11505101E+02   
9.63801760E+01   
9.34277856E+01   
1.17981196E+02   
1.14040208E+02   
9.47929586E+01   
1.08754751E+02   
9.73913783E+01   
1.00400580E+02   
1.06143129E+02   
9.72694539E+01   
7.58814763E+01   
1.07167934E+02   
1.02749350E+02   
9.65089018E+01   
1.06667834E+02   
9.46766353E+01   
1.07389578E+02   
1.16901880E+02   
1.05716543E+02   
8.70180036E+01   
1.05018004E+02   
8.36166233E+01   
1.06226145E+02   
8.74490898E+01   
1.04239348E+02   
1.14731946E+02   
1.08667634E+02   
9.86645329E+01   
1.11730246E+02   
9.01860372E+01   
9.13651730E+01   
9.61640328E+01   
9.22526505E+01   
9.50555111E+01   
8.59337868E+01   
1.03617824E+02   
9.92737548E+01   
9.77917584E+01   
9.56804361E+01   
9.64704941E+01   
9.81309262E+01   
9.51301260E+01   
1.03684037E+02   
9.31301260E+01   
9.76819364E+01   
9.58050610E+01   
9.54596919E+01   
1.02893779E+02   
9.20160032E+01   
9.03648730E+01   
8.80453091E+01   
9.10687137E+01   
1.00404581E+02   
1.00768854E+02   
9.56980396E+01   
9.55943189E+01   
8.47604521E+01   
9.51750350E+01   
8.48601720E+01   
8.88537708E+01   
8.83484697E+01   
9.67468494E+01   
9.13279656E+01   
1.01193439E+02   
9.77376475E+01   
9.10172034E+01   
1.03593119E+02   
9.79346869E+01   
9.27256451E+01   
9.22122424E+01   
9.98193639E+01   
1.00721244E+02   
9.12202440E+01   
1.02317564E+02   
7.65959192E+01   
7.95226045E+01   
8.12334467E+01   
8.97264453E+01   
8.39887978E+01   
9.63747750E+01   
9.16952390E+01   
1.10732446E+02   
1.06020804E+02   
8.81598320E+01   
1.07031106E+02   
9.40009002E+01   
1.05703941E+02   
8.67681536E+01   
9.76246249E+01   
1.07134627E+02   
9.44668934E+01   
9.02971594E+01   
1.05933987E+02   
9.81985397E+01   
9.59212843E+01   
9.41195239E+01   
9.29175835E+01   
1.03944589E+02   
9.45547109E+01   
9.58417684E+01   
9.04908982E+01   
9.93728746E+01   
9.16316263E+01   
9.72353471E+01   
1.09540308E+02   
1.02502100E+02   
1.01449790E+02   
9.61898380E+01   
9.09334867E+01   
1.06511702E+02   
1.02105321E+02   
9.24393879E+01   
8.81021204E+01   
9.65209042E+01   
1.10690738E+02   
9.40224045E+01   
1.04940688E+02   
1.15697540E+02   
9.13190638E+01   
9.92933587E+01   
9.51432286E+01   
9.98202641E+01   
9.37358472E+01   
1.03992498E+02   
1.06102120E+02   
9.49605921E+01   
1.30774955E+02   
8.44164833E+01   
1.05248450E+02   
9.49450890E+01   
1.00935387E+02   
1.03108622E+02   
1.02699840E+02   
7.79922985E+01   
9.10132026E+01   
9.85309062E+01   
9.43160632E+01   
1.00019604E+02   
8.73112623E+01   
1.03510402E+02   
9.70304061E+01   
8.66566313E+01   
1.01446689E+02   
1.14516803E+02   
9.82291458E+01   
1.10684237E+02   
1.05209142E+02   
8.66706341E+01   
1.08330066E+02   
9.33934787E+01   
9.71297259E+01   
9.48849770E+01   
1.06021204E+02   
1.13485897E+02   
9.26230246E+01   
1.01425785E+02   
1.11418684E+02   
1.23303561E+02   
9.41685337E+01   
1.06851970E+02   
1.04507502E+02   
1.03979296E+02   
1.06384477E+02   
1.08518304E+02   
9.97749550E+01   
1.17709442E+02   
9.56391278E+01   
1.07895379E+02   
9.82624525E+01   
1.09593619E+02   
9.19817964E+01   
1.11461092E+02   
9.66764353E+01   
9.50196039E+01   
1.03727045E+02   
9.40216043E+01   
9.94255851E+01   
1.00076115E+02   
1.06278556E+02   
1.03193139E+02   
1.06583517E+02   
9.75727145E+01   
1.10076915E+02   
1.04966293E+02   
1.09803561E+02   
1.17969094E+02   
1.13560712E+02   
1.16593119E+02   
9.33402681E+01   
1.07495299E+02   
9.86497299E+01   
1.00812763E+02   
9.70212042E+01   
1.01428486E+02   
9.77149430E+01   
1.18419084E+02   
1.17776655E+02   
1.16273755E+02   
9.06610322E+01   
1.09243849E+02   
1.10507502E+02   
1.02974695E+02   
9.91174235E+01   
1.02928186E+02   
1.02534407E+02   
1.07018404E+02   
1.18469894E+02   
8.96122224E+01   
8.88832767E+01   
9.41972394E+01   
1.11797059E+02   
1.13582517E+02   
1.06543309E+02   
1.08246449E+02   
8.52162432E+01   
1.13425285E+02   
1.05686737E+02   
1.00312763E+02   
9.52662533E+01   
1.04856371E+02   
1.09659032E+02   
9.83412683E+01   
8.27672535E+01   
9.44291858E+01   
1.05864773E+02   
1.01753651E+02   
1.04437988E+02   
8.53172635E+01   
1.12425085E+02   
1.10058512E+02   
1.04490998E+02   
1.20337968E+02   
9.76242248E+01   
1.01633227E+02   
9.62631526E+01   
1.12882376E+02   
9.80878176E+01   
1.12686537E+02   
1.01253951E+02   
1.03053311E+02   
1.11731446E+02   
1.11245949E+02   
1.00177736E+02   
9.48646729E+01   
1.17143229E+02   
9.51400280E+01   
9.48991798E+01   
9.77265453E+01   
8.92837568E+01   
1.10020004E+02   
1.01767053E+02   
9.72729546E+01   
1.06938088E+02   
1.18698340E+02   
1.12291058E+02   
1.05309162E+02   
8.89404881E+01   
1.37664533E+02   
9.33979796E+01   
1.05773355E+02   
9.73116623E+01   
1.28401280E+02   
1.26237748E+02   
1.11322164E+02   
1.21839168E+02   
9.22876575E+01   
1.02713743E+02   
1.08172334E+02   
9.78740748E+01   
1.16228246E+02   
8.90192038E+01   
9.89600920E+01   
1.26692238E+02   
1.06405281E+02   
1.01797159E+02   
1.13114523E+02   
1.06128226E+02   
1.03950390E+02   
1.12021204E+02   
1.04790158E+02   
9.53810762E+01   
1.15782456E+02   
1.04253551E+02   
1.05973295E+02   
1.09903181E+02   
1.01994199E+02   
1.35927285E+02   
1.09079216E+02   
1.12011502E+02   
9.91498300E+01   
1.02093419E+02   
1.00959892E+02   
1.26918684E+02   
1.27056711E+02   
1.08064813E+02   
1.07960592E+02   
1.13004201E+02   
9.81546309E+01   
9.40010002E+01   
1.13909082E+02   
1.12049110E+02   
1.05085217E+02   
1.18961992E+02   
1.08099520E+02   
1.05012703E+02   
9.69890978E+01   
9.71128226E+01   
1.10935687E+02   
1.16952591E+02   
9.91033207E+01   
9.30282056E+01   
1.02015503E+02   
1.10976695E+02   
1.10036407E+02   
1.07015703E+02   
1.04041208E+02   
1.03021204E+02   
9.20225045E+01   
1.01016303E+02   
1.06021804E+02   
1.19023905E+02   
1.28025105E+02   
1.15016203E+02   
1.01027005E+02   
1.11028806E+02   
1.21997800E+02   
9.90602120E+01   
1.15993599E+02   
1.24077015E+02   
1.23979396E+02   
1.08042308E+02   
1.20007602E+02   
1.26018504E+02   
1.24017704E+02   
1.19027906E+02   
1.03975595E+02   
1.06063713E+02   
1.08921884E+02   
1.07059012E+02   
9.71538308E+01   
1.23946989E+02   
1.18022004E+02   
1.06943689E+02   
1.04063913E+02   
1.08067914E+02   
1.22982797E+02   
1.10062012E+02   
1.20001000E+02   
1.14010502E+02   
1.22055711E+02   
1.20010502E+02   
1.37034307E+02   
1.10946189E+02   
1.04177235E+02   
1.13930286E+02   
9.67717544E+01   
9.64581916E+01   
1.33071314E+02   
1.28786757E+02   
1.14006501E+02   
9.91647329E+01   
1.23878476E+02   
1.03038308E+02   
1.14987798E+02   
1.04283757E+02   
1.09830266E+02   
1.16022805E+02   
1.20228546E+02   
1.25797960E+02   
1.13788358E+02   
1.12097219E+02   
1.14978596E+02   
1.06246149E+02   
1.39444889E+02   
1.32493199E+02   
1.05239848E+02   
1.22957892E+02   
1.15887377E+02   
1.15021204E+02   
1.14903681E+02   
1.10784157E+02   
1.29497299E+02   
1.17171434E+02   
1.13100920E+02   
1.32491198E+02   
1.07277455E+02   
1.06838268E+02   
1.00233247E+02   
1.16995699E+02   
1.18159932E+02   
1.19163933E+02   
1.32054711E+02   
1.11854571E+02   
1.19286357E+02   
1.29467393E+02   
1.16708242E+02   
1.48423485E+02   
1.15236547E+02   
1.29179936E+02   
1.07648330E+02   
1.04532106E+02   
1.24317263E+02   
1.07607922E+02   
1.21827766E+02   
1.21258552E+02   
1.27619924E+02   
1.26502300E+02   
1.12958192E+02   
1.35535307E+02   
1.23092218E+02   
1.13524705E+02   
1.27773455E+02   
1.15575415E+02   
1.33917584E+02   
9.06189238E+01   
1.35176835E+02   
1.25720344E+02   
1.23868774E+02   
1.30396279E+02   
9.18452691E+01   
1.21462993E+02   
1.27544709E+02   
1.30145729E+02   
1.21901480E+02   
1.10982096E+02   
1.14562212E+02   
1.06272655E+02   
1.16722244E+02   
9.49667934E+01   
1.35592118E+02   
1.16462292E+02   
1.16761352E+02   
1.29935387E+02   
1.26437588E+02   
1.12473895E+02   
1.22435987E+02   
1.21933787E+02   
1.17278256E+02   
1.16914283E+02   
1.49931786E+02   
1.29930186E+02   
1.31783657E+02   
1.11559012E+02   
1.24585617E+02   
1.23132827E+02   
1.12514103E+02   
1.26576015E+02   
1.11873075E+02   
1.36432887E+02   
1.27181736E+02   
1.26886377E+02   
1.06699640E+02   
1.15182937E+02   
1.19972895E+02   
1.23918584E+02   
1.24995199E+02   
1.53945789E+02   
1.07914583E+02   
1.30086317E+02   
1.13626225E+02   
1.38804361E+02   
1.31463293E+02   
1.24646229E+02   
1.16170134E+02   
1.23746149E+02   
1.44990398E+02   
1.24142228E+02   
1.35791558E+02   
1.29320364E+02   
1.37836567E+02   
1.09677836E+02   
1.16445389E+02   
1.41026005E+02   
1.38453791E+02   
1.30413683E+02   
1.31396279E+02   
1.29653331E+02   
1.29463793E+02   
1.42522705E+02   
1.22643329E+02   
1.11277656E+02   
1.19988298E+02   
1.49511902E+02   
1.35700840E+02   
1.22565813E+02   
1.17746649E+02   
1.28760752E+02   
1.17757552E+02   
1.21828166E+02   
1.34162633E+02   
1.29009702E+02   
1.30705541E+02   
1.19957692E+02   
1.33026005E+02   
1.30886977E+02   
1.40326065E+02   
1.26583717E+02   
1.25448690E+02   
1.26457892E+02   
1.22595719E+02   
1.38739148E+02   
1.20097520E+02   
1.25261752E+02   
1.45008802E+02   
1.38879776E+02   
1.30617323E+02   
1.31211742E+02   
1.31547810E+02   
1.41802260E+02   
1.34177435E+02   
1.36812563E+02   
1.13860272E+02   
1.28945789E+02   
1.38184237E+02   
1.62875775E+02   
1.47484597E+02   
1.44635627E+02   
1.32103921E+02   
1.28500300E+02   
1.36312362E+02   
1.36503901E+02   
1.38910282E+02   
1.41546909E+02   
1.30298760E+02   
1.38269754E+02   
1.34927485E+02   
1.30113123E+02   
1.49031206E+02   
1.49366273E+02   
1.40445589E+02   
1.41113923E+02   
1.44946089E+02   
1.49453591E+02   
1.41351070E+02   
1.29002601E+02   
1.24883177E+02   
1.38373275E+02   
1.48203041E+02   
1.33810762E+02   
1.28337568E+02   
1.39151630E+02   
1.41881476E+02   
1.42527005E+02   
1.47117524E+02   
1.46491698E+02   
1.29026405E+02   
1.42484497E+02   
1.21114723E+02   
1.20115523E+02   
1.35946689E+02   
1.56665533E+02   
1.58369874E+02   
1.18415183E+02   
1.33726745E+02   
1.34772955E+02   
1.22652330E+02   
1.33724145E+02   
1.62223045E+02   
1.66846669E+02   
1.35025205E+02   
1.29080316E+02   
1.50763353E+02   
1.71263053E+02   
1.62382577E+02   
1.47392078E+02   
1.57326165E+02   
1.49968894E+02   
1.43518804E+02   
1.40126325E+02   
1.40425685E+02   
1.39729446E+02   
1.59526405E+02   
1.38436087E+02   
1.49840568E+02   
1.59613523E+02   
1.36538808E+02   
1.43314963E+02   
1.53158332E+02   
1.59867273E+02   
1.33301860E+02   
1.62850870E+02   
1.31424185E+02   
1.62034007E+02   
1.63980096E+02   
1.73083017E+02   
1.48615223E+02   
1.63543909E+02   
1.33947790E+02   
1.63069914E+02   
1.58170234E+02   
1.57998500E+02   
1.44164233E+02   
1.34854371E+02   
1.71982597E+02   
1.51888678E+02   
1.65033607E+02   
1.64606521E+02   
1.40021304E+02   
1.42139628E+02   
1.51251750E+02   
1.50260752E+02   
1.67023105E+02   
1.47594019E+02   
1.43937387E+02   
1.67511402E+02   
1.64990198E+02   
1.62119024E+02   
1.42456791E+02   
1.42719144E+02   
1.49799760E+02   
1.44189238E+02   
1.62219744E+02   
1.59914483E+02   
1.71445189E+02   
1.54026705E+02   
1.68856371E+02   
1.64386577E+02   
1.58726845E+02   
1.56649130E+02   
1.78288158E+02   
1.60587017E+02   
1.60551910E+02   
1.65737848E+02   
1.47840868E+02   
1.64852871E+02   
1.79353671E+02   
1.46128126E+02   
1.39521704E+02   
1.56554911E+02   
1.43892278E+02   
1.94384977E+02   
1.92421784E+02   
1.76032807E+02   
1.61906681E+02   
1.53912082E+02   
1.62901880E+02   
1.49021004E+02   
1.62703441E+02   
1.62971994E+02   
1.48705241E+02   
1.70884277E+02   
1.67903681E+02   
1.59803961E+02   
1.72001000E+02   
1.55901280E+02   
1.84770554E+02   
1.55681236E+02   
1.72646129E+02   
1.82941588E+02   
1.60008102E+02   
1.44530606E+02   
1.59825565E+02   
1.70777656E+02   
1.45225345E+02   
1.67900180E+02   
1.80232847E+02   
1.54899680E+02   
1.58572515E+02   
1.76764953E+02   
1.78202841E+02   
2.01817463E+02   
1.74855971E+02   
1.52440988E+02   
1.56306261E+02   
1.70032807E+02   
1.54446589E+02   
1.58034007E+02   
1.85062913E+02   
1.49978996E+02   
1.85781056E+02   
1.68572414E+02   
1.77389078E+02   
1.46701040E+02   
1.69421884E+02   
1.86053711E+02   
1.76203041E+02   
1.71033607E+02   
1.74462693E+02   
1.69890778E+02   
1.82900280E+02   
1.93448890E+02   
1.53032406E+02   
1.66479696E+02   
1.69455891E+02   
1.87743749E+02   
1.80952591E+02   
1.94603021E+02   
1.87399680E+02   
1.71769254E+02   
1.62970194E+02   
1.62024105E+02   
1.76629226E+02   
1.54370174E+02   
1.64096519E+02   
1.76020604E+02   
1.81288358E+02   
1.94983697E+02   
1.64183937E+02   
1.59753951E+02   
1.88949490E+02   
1.51308962E+02   
1.77254651E+02   
1.89359172E+02   
1.81044109E+02   
1.70029606E+02   
1.73107121E+02   
1.44501700E+02   
1.90657732E+02   
1.89109622E+02   
2.05682036E+02   
1.99393979E+02   
1.78256351E+02   
1.86230246E+02   
2.09041608E+02   
2.01781356E+02   
1.83617023E+02   
1.69351470E+02   
1.60702240E+02   
1.61164633E+02   
1.78282757E+02   
1.91474295E+02   
1.67676435E+02   
1.98199140E+02   
1.80844469E+02   
1.97102420E+02   
1.89550210E+02   
1.75710142E+02   
1.65824065E+02   
1.77286357E+02   
1.74098720E+02   
2.04090818E+02   
1.62719744E+02   
1.79996399E+02   
1.74726545E+02   
1.91543009E+02   
1.68513803E+02   
1.97704941E+02   
2.11221694E+02   
2.30646129E+02   
2.30646129E+02   
2.30646129E+02   
2.30646129E+02   
2.33463983E+02   
2.77515803E+02   
2.54894479E+02   
2.63107622E+02   
2.60034007E+02   
2.64907281E+02   
2.85595819E+02   
2.65887678E+02   
2.53371074E+02   
2.66506201E+02   
2.50708142E+02   
2.70476695E+02   
2.89455391E+02   
2.54400280E+02   
2.66704541E+02   
2.82004001E+02   
2.59100820E+02   
2.73563113E+02   
2.99467894E+02   
3.11420884E+02   
2.66990398E+02   
2.63236847E+02   
2.82765753E+02   
2.96566113E+02   
2.72191638E+02   
2.92486297E+02   
2.71238748E+02   
2.96366973E+02   
2.92874075E+02   
2.85545709E+02   
3.17356971E+02   
3.03329966E+02   
3.04351070E+02   
2.85594019E+02   
2.98967293E+02   
2.82336767E+02   
2.93229046E+02   
3.01790558E+02   
2.95954391E+02   
2.95954391E+02   
3.21080516E+02   
2.75798160E+02   
2.90873675E+02   
2.93616623E+02   
2.75587918E+02   
2.66266853E+02   
3.22763853E+02   
2.83121124E+02   
2.89687938E+02   
2.95860672E+02   
3.00866873E+02   
2.93027105E+02   
2.75272855E+02   
2.79664433E+02   
2.99921184E+02   
3.04395979E+02   
3.34828166E+02   
3.32192138E+02   
2.89684937E+02   
2.72241148E+02   
2.86553211E+02   
2.79882076E+02   
3.18257151E+02   
3.21573115E+02   
2.95137928E+02   
3.17507301E+02   
2.95184237E+02   
3.30202240E+02   
3.01171134E+02   
3.36868474E+02   
3.18835067E+02   
3.25010802E+02   
3.55952290E+02   
3.09084217E+02   
3.22629726E+02   
3.15489498E+02   
3.24639828E+02   
3.28279856E+02   
3.20259452E+02   
3.01062713E+02   
3.10468794E+02   
3.25278956E+02   
3.49272354E+02   
3.65110022E+02   
3.66009002E+02   
3.43080916E+02   
3.35881776E+02   
3.64424785E+02   
3.26493199E+02   
3.44003301E+02   
3.31652931E+02   
3.37805561E+02   
3.46961992E+02   
3.11417283E+02   
3.26442589E+02   
3.20127826E+02   
3.37650130E+02   
3.24799360E+02   
3.50061412E+02   
3.72913583E+02   
3.77941288E+02   
3.44765853E+02   
3.50947890E+02   
3.32004801E+02   
3.33181636E+02   
3.17952591E+02   
3.38234847E+02   
3.51011902E+02   
3.37040708E+02   
3.45820464E+02   
3.35852470E+02   
3.32048810E+02   
3.33992298E+02   
3.32004301E+02   
3.23142929E+02   
3.45632527E+02   
3.17795159E+02   
3.42406581E+02   
3.35279956E+02   
3.37362472E+02   
3.24450990E+02   
3.60379776E+02   
3.17804761E+02   
3.32900880E+02   
3.49601220E+02   
3.71638128E+02   
3.42417383E+02   
3.43049510E+02   
3.36138728E+02   
3.39286757E+02   
3.53729046E+02   
3.21289158E+02   
3.18733047E+02   
3.25408782E+02   
3.52844369E+02   
3.54846669E+02   
3.73740648E+02   
3.60731146E+02   
3.38054511E+02   
3.28450690E+02   
3.61884177E+02   
3.15314663E+02   
3.30781856E+02   
3.19674735E+02   
3.51971394E+02   
3.35974595E+02   
3.70523505E+02   
3.52932286E+02   
3.30119524E+02   
3.31843269E+02   
3.59810062E+02   
3.26666033E+02   
3.26360272E+02   
3.33619624E+02   
3.08062813E+02   
3.47139228E+02   
3.93081416E+02   
3.80598720E+02   
3.60158332E+02   
3.55912683E+02   
3.62537908E+02   
3.49606921E+02   
3.50473695E+02   
3.38437187E+02   
3.44385077E+02   
3.33341168E+02   
3.58549210E+02   
3.69777055E+02   
3.50712142E+02   
3.20122224E+02   
3.18225045E+02   
3.26638328E+02   
3.20097119E+02   
3.02924085E+02   
3.09398880E+02   
3.24022605E+02   
3.28764553E+02   
3.18655231E+02   
3.23188638E+02   
3.32582517E+02   
3.16451190E+02   
3.10773155E+02   
3.15069214E+02   
3.36133627E+02   
3.39369574E+02   
3.02363973E+02   
3.04844669E+02   
2.91058412E+02   
2.94620824E+02   
3.36183837E+02   
3.24902080E+02   
2.99694439E+02   
3.29819664E+02   
3.24162032E+02   
2.88416483E+02   
3.22343169E+02   
3.08348970E+02   
3.00092619E+02   
3.02050210E+02   
3.13053411E+02   
3.30807862E+02   
3.34069614E+02   
3.17059612E+02   
2.91060412E+02   
2.82057411E+02   
2.89058012E+02   
3.14062613E+02   
3.17562713E+02   
3.13816263E+02   
3.23818664E+02   
3.07359572E+02   
3.33031806E+02   
3.38261552E+02   
3.02265353E+02   
2.92141428E+02   
3.08514903E+02   
3.00140828E+02   
3.15787057E+02   
3.13384277E+02   
2.69921484E+02   
3.03112422E+02   
3.28918884E+02   
3.37886377E+02   
2.92026205E+02   
3.02348170E+02   
3.13834667E+02   
3.09352470E+02   
3.25698240E+02   
3.29648030E+02   
3.18894779E+02   
2.94355071E+02   
3.07848670E+02   
3.29189338E+02   
3.08062012E+02   
2.98586717E+02   
3.26843369E+02   
3.36019204E+02   
2.97480996E+02   
2.92283257E+02   
3.16572414E+02   
3.17471094E+02   
3.12239048E+02   
3.13016503E+02   
2.83171334E+02   
3.13862673E+02   
3.02064813E+02   
3.27393279E+02   
3.31990598E+02   
3.00111722E+02   
2.78469994E+02   
3.18964203E+02   
3.80676135E+02   
3.80676135E+02   
3.80676135E+02   
3.80676135E+02   
3.80676135E+02   
4.78971724E+02   
4.50631926E+02   
4.67265253E+02   
4.89722845E+02   
5.28282256E+02   
5.20375375E+02   
5.39820564E+02   
5.18851470E+02   
5.24345369E+02   
4.97021704E+02   
5.12846569E+02   
4.90458092E+02   
5.31206641E+02   
4.91104421E+02   
5.07569314E+02   
4.82699440E+02   
5.37154731E+02   
5.04272154E+02   
5.38434687E+02   
4.93102420E+02   
4.80939888E+02   
5.22232947E+02   
4.79174735E+02   
4.88978196E+02   
4.82640628E+02   
5.33306161E+02   
5.01939488E+02   
4.97325365E+02   
4.91149030E+02   
5.02055011E+02   
5.33818864E+02   
5.23281156E+02   
4.81354171E+02   
4.81825965E+02   
5.11487898E+02   
5.50129226E+02   
5.29815763E+02   
5.28245249E+02   
5.42964393E+02   
5.28391578E+02   
5.27966693E+02   
5.19544209E+02   
5.33925185E+02   
4.57487497E+02   
4.84490098E+02   
5.01976695E+02   
5.26002801E+02   
5.04508002E+02   
5.17949390E+02   
5.14804961E+02   
5.09463793E+02   
5.09018004E+02   
5.21310962E+02   
5.08563013E+02   
5.45251150E+02   
5.26180036E+02   
4.90117123E+02   
5.22686037E+02   
5.31749450E+02   
5.28067814E+02   
5.40032206E+02   
5.21401980E+02   
5.18922985E+02   
5.31401580E+02   
5.34447289E+02   
5.59655431E+02   
5.51379976E+02   
5.29303061E+02   
5.60902981E+02   
5.73907782E+02   
5.97126025E+02   
5.57223745E+02   
5.40603821E+02   
5.30311862E+02   
5.55803661E+02   
5.47516903E+02   
5.67301460E+02   
5.89371174E+02   
5.54962192E+02   
5.71955391E+02   
5.76723945E+02   
5.83225245E+02   
6.45306661E+02   
6.35562913E+02   
6.28350270E+02   
6.28316063E+02   
6.10005001E+02   
6.22980696E+02   
5.95298760E+02   
5.87075715E+02   
6.17827365E+02   
6.24273255E+02   
6.61894679E+02   
5.86797459E+02   
6.13905181E+02   
5.90556311E+02   
5.69519204E+02   
5.76258652E+02   
5.83116023E+02   
5.66562212E+02   
5.75736347E+02   
5.47376075E+02   
5.86477495E+02   
5.73991998E+02   
5.85177536E+02   
5.67622124E+02   
5.53280956E+02   
5.57737948E+02   
5.56766653E+02   
5.56232146E+02   
5.41660732E+02   
5.68619524E+02   
5.66854871E+02   
5.70480096E+02   
5.47242649E+02   
5.07100820E+02   
5.11722344E+02   
5.16658932E+02   
5.64427185E+02   
5.55476495E+02   
5.53219144E+02   
5.14935587E+02   
5.38905081E+02   
5.34626525E+02   
5.44011502E+02   
4.94091018E+02   
5.02250850E+02   
5.29919284E+02   
5.10033807E+02   
5.01032907E+02   
4.77494299E+02   
4.78836267E+02   
4.16198440E+02   
4.15081216E+02   
4.03029806E+02   
4.09359772E+02   
3.93319464E+02   
3.85704241E+02   
3.76264553E+02   
3.27581216E+02   
3.62840168E+02   
3.47947289E+02   
3.55581916E+02   
3.52631326E+02   
3.34072014E+02   
3.45488698E+02   
3.31438788E+02   
2.95780156E+02   
2.92598220E+02   
3.33777355E+02   
3.25108722E+02   
2.82033607E+02   
3.04735847E+02   
2.90386277E+02   
2.75396279E+02   
2.70385877E+02   
2.92388878E+02   
2.75055011E+02   
2.73716143E+02   
2.69026205E+02   
2.35698640E+02   
2.42733247E+02   
2.21014803E+02   
2.37432587E+02   
2.28997700E+02   
2.08717544E+02   
2.09318064E+02   
2.02714343E+02   
1.83670634E+02   
1.77309962E+02   
1.86598720E+02   
2.00786157E+02   
1.63450790E+02   
1.86313463E+02   
1.75714743E+02   
1.78904381E+02   
1.71188338E+02   
1.68537808E+02   
1.62559712E+02   
1.52866573E+02   
1.80235747E+02   
1.51822665E+02   
1.31653331E+02   
1.46650130E+02   
1.38026005E+02   
1.22990498E+02   
1.29752651E+02   
1.27794559E+02   
1.23448990E+02   
1.21062713E+02   
1.27106621E+02   
1.12678436E+02   
1.30241848E+02   
1.08370774E+02   
1.01744949E+02   
8.51581316E+01   
1.12019204E+02   
1.08468994E+02   
9.62627526E+01   
8.29227846E+01   
9.70176035E+01   
8.31817363E+01   
9.02613523E+01   
9.29620924E+01   
8.91346269E+01   
9.56633327E+01   
8.54881976E+01   
8.94318864E+01   
8.23719744E+01   
7.68893779E+01   
7.13707742E+01   
8.01714343E+01   
7.05725145E+01   
6.59584917E+01   
6.07938588E+01   
5.98689738E+01   
7.58034607E+01   
8.05114023E+01   
5.70723145E+01   
5.25214043E+01   
6.88577716E+01   
5.52465493E+01   
4.99743949E+01   
4.98102621E+01   
5.06811362E+01   
4.77843569E+01   
5.29499900E+01   
4.86261252E+01   
4.65609122E+01   
3.58321664E+01   
3.40013003E+01   
4.51929386E+01   
3.97330466E+01   
4.97582517E+01   
5.17112422E+01   
5.96475295E+01   
6.85382076E+01   
2.48089618E+01   
2.80325065E+01   
3.31071214E+01   
3.04377876E+01   
2.36376275E+01   
2.23727746E+01   
1.80582116E+01   
1.21083217E+01   
1.84798960E+01   
1.67439488E+01   
1.67857572E+01   
1.60032006E+01   
1.78908782E+01   
9.04217844E+00   
8.60172034E+00   
8.60172034E+00   
8.60172034E+00   
8.60172034E+00   
6.99706941E+00   
0.00000000E+00   
0.00000000E+00   
0.00000000E+00   
0.00000000E+00   
0.00000000E+00   
0.00000000E+00   
0.00000000E+00   
0.00000000E+00   
0.00000000E+00   
0.00000000E+00   
0.00000000E+00   
0.00000000E+00   
0.00000000E+00   
0.00000000E+00   
0.00000000E+00   
2.00000000E+00   
0.00000000E+00   
0.00000000E+00   
0.00000000E+00   
0.00000000E+00   
0.00000000E+00   
0.00000000E+00   
0.00000000E+00   
0.00000000E+00   
0.00000000E+00   
0.00000000E+00   
0.00000000E+00   
0.00000000E+00   
0.00000000E+00   
0.00000000E+00   
0.00000000E+00   
0.00000000E+00   
0.00000000E+00   
0.00000000E+00   
0.00000000E+00   
0.00000000E+00   
0.00000000E+00   
0.00000000E+00   
1.00000000E+00   
0.00000000E+00   
0.00000000E+00   
0.00000000E+00   
0.00000000E+00   
0.00000000E+00   
0.00000000E+00   
0.00000000E+00   
0.00000000E+00   
0.00000000E+00   
0.00000000E+00   
0.00000000E+00   
0.00000000E+00   
0.00000000E+00   
3.94378876E-01   
6.05621124E-01   
0.00000000E+00   
0.00000000E+00   
0.00000000E+00   
0.00000000E+00   
0.00000000E+00   
0.00000000E+00   
1.00000000E+00   
0.00000000E+00   
0.00000000E+00   
0.00000000E+00   
0.00000000E+00   
0.00000000E+00   
0.00000000E+00   
0.00000000E+00   
0.00000000E+00   
0.00000000E+00   
0.00000000E+00   
0.00000000E+00   
0.00000000E+00   
0.00000000E+00   
0.00000000E+00   
0.00000000E+00   
0.00000000E+00   
0.00000000E+00   
0.00000000E+00   
0.00000000E+00   
0.00000000E+00   
0.00000000E+00   
0.00000000E+00   
0.00000000E+00   
0.00000000E+00   
0.00000000E+00   
0.00000000E+00   
0.00000000E+00   
0.00000000E+00   
0.00000000E+00   
0.00000000E+00   
0.00000000E+00   
0.00000000E+00   
0.00000000E+00   
0.00000000E+00   
0.00000000E+00   
0.00000000E+00   
0.00000000E+00   
0.00000000E+00   
0.00000000E+00   
0.00000000E+00   
0.00000000E+00   
0.00000000E+00   
0.00000000E+00   
0.00000000E+00   
0.00000000E+00   
0.00000000E+00   
0.00000000E+00   
0.00000000E+00   
0.00000000E+00   
0.00000000E+00   
0.00000000E+00   
0.00000000E+00   
0.00000000E+00   
0.00000000E+00   
0.00000000E+00   
0.00000000E+00   
0.00000000E+00   
0.00000000E+00   
0.00000000E+00   
0.00000000E+00   
0.00000000E+00   
0.00000000E+00   
0.00000000E+00   
0.00000000E+00   
0.00000000E+00   
0.00000000E+00   
0.00000000E+00   
0.00000000E+00   
0.00000000E+00   
0.00000000E+00   
0.00000000E+00   
0.00000000E+00   
0.00000000E+00   
0.00000000E+00   
0.00000000E+00   
0.00000000E+00   
0.00000000E+00   
0.00000000E+00   
0.00000000E+00   
0.00000000E+00   
0.00000000E+00   
0.00000000E+00   
0.00000000E+00   
0.00000000E+00   
0.00000000E+00   
0.00000000E+00   
0.00000000E+00   
0.00000000E+00   
0.00000000E+00   
0.00000000E+00   
1.00000000E+00   
0.00000000E+00   
0.00000000E+00   
0.00000000E+00   
0.00000000E+00   
0.00000000E+00   
0.00000000E+00   
0.00000000E+00   
4.37187437E-01   
5.62812563E-01   
0.00000000E+00   
0.00000000E+00   
0.00000000E+00   
0.00000000E+00   
0.00000000E+00   
0.00000000E+00   
0.00000000E+00   
0.00000000E+00   
0.00000000E+00   
0.00000000E+00   
0.00000000E+00   
0.00000000E+00   
0.00000000E+00   
0.00000000E+00   
0.00000000E+00   
0.00000000E+00   
0.00000000E+00   
0.00000000E+00   
0.00000000E+00   
0.00000000E+00   
0.00000000E+00   
0.00000000E+00   
0.00000000E+00   
0.00000000E+00   
0.00000000E+00   
0.00000000E+00   
0.00000000E+00   
4.48789758E-01   
5.51210242E-01   
0.00000000E+00   
0.00000000E+00   
0.00000000E+00   
0.00000000E+00   
0.00000000E+00   
0.00000000E+00   
0.00000000E+00   
0.00000000E+00   
0.00000000E+00   
0.00000000E+00   
0.00000000E+00   
0.00000000E+00   
0.00000000E+00   
0.00000000E+00   
1.00000000E+00   
0.00000000E+00   
0.00000000E+00   
0.00000000E+00   
0.00000000E+00   
0.00000000E+00   
0.00000000E+00   
0.00000000E+00   
0.00000000E+00   
0.00000000E+00   
4.59191838E-01   
5.40808162E-01   
0.00000000E+00   
0.00000000E+00   
0.00000000E+00   
0.00000000E+00   
0.00000000E+00   
0.00000000E+00   
0.00000000E+00   
0.00000000E+00   
0.00000000E+00   
0.00000000E+00   
0.00000000E+00   
0.00000000E+00   
0.00000000E+00   
0.00000000E+00   
0.00000000E+00   
0.00000000E+00   
0.00000000E+00   
0.00000000E+00   
0.00000000E+00   
0.00000000E+00   
0.00000000E+00   
0.00000000E+00   
0.00000000E+00   
0.00000000E+00   
0.00000000E+00   
0.00000000E+00   
0.00000000E+00   
0.00000000E+00   
1.00000000E+00   
0.00000000E+00   
0.00000000E+00   
0.00000000E+00   
0.00000000E+00   
0.00000000E+00   
0.00000000E+00   
0.00000000E+00   
0.00000000E+00   
0.00000000E+00   
0.00000000E+00   
0.00000000E+00   
0.00000000E+00   
0.00000000E+00   
0.00000000E+00   
0.00000000E+00   
0.00000000E+00   
0.00000000E+00   
0.00000000E+00   
0.00000000E+00   
0.00000000E+00   
0.00000000E+00   
0.00000000E+00   
0.00000000E+00   
0.00000000E+00   
1.00000000E+00   
0.00000000E+00   
0.00000000E+00   
0.00000000E+00   
0.00000000E+00   
0.00000000E+00   
0.00000000E+00   
0.00000000E+00   
0.00000000E+00   
0.00000000E+00   
1.00000000E+00   
0.00000000E+00   
0.00000000E+00   
0.00000000E+00   
0.00000000E+00   
0.00000000E+00   
0.00000000E+00   
4.87997600E-01   
5.12002400E-01   
0.00000000E+00   
0.00000000E+00   
0.00000000E+00   
0.00000000E+00   
0.00000000E+00   
0.00000000E+00   
0.00000000E+00   
0.00000000E+00   
0.00000000E+00   
0.00000000E+00   
0.00000000E+00   
0.00000000E+00   
0.00000000E+00   
0.00000000E+00   
0.00000000E+00   
0.00000000E+00   
0.00000000E+00   
0.00000000E+00   
0.00000000E+00   
0.00000000E+00   
0.00000000E+00   
0.00000000E+00   
0.00000000E+00   
0.00000000E+00   
0.00000000E+00   
0.00000000E+00   
0.00000000E+00   
0.00000000E+00   
0.00000000E+00   
0.00000000E+00   
0.00000000E+00   
0.00000000E+00   
0.00000000E+00   
0.00000000E+00   
0.00000000E+00   
0.00000000E+00   
0.00000000E+00   
0.00000000E+00   
0.00000000E+00   
0.00000000E+00   
0.00000000E+00   
0.00000000E+00   
0.00000000E+00   
0.00000000E+00   
0.00000000E+00   
0.00000000E+00   
0.00000000E+00   
0.00000000E+00   
0.00000000E+00   
0.00000000E+00   
0.00000000E+00   
0.00000000E+00   
0.00000000E+00   
0.00000000E+00   
0.00000000E+00   
0.00000000E+00   
0.00000000E+00   
0.00000000E+00   
0.00000000E+00   
0.00000000E+00   
0.00000000E+00   
0.00000000E+00   
5.13602721E-01   
4.86397279E-01   
0.00000000E+00   
0.00000000E+00   
0.00000000E+00   
0.00000000E+00   
0.00000000E+00   
5.16403281E-01   
4.83596719E-01   
0.00000000E+00   
0.00000000E+00   
0.00000000E+00   
0.00000000E+00   
0.00000000E+00   
0.00000000E+00   
0.00000000E+00   
0.00000000E+00   
0.00000000E+00   
0.00000000E+00   
0.00000000E+00   
0.00000000E+00   
0.00000000E+00   
0.00000000E+00   
0.00000000E+00   
0.00000000E+00   
0.00000000E+00   
0.00000000E+00   
0.00000000E+00   
0.00000000E+00   
0.00000000E+00   
0.00000000E+00   
0.00000000E+00   
0.00000000E+00   
0.00000000E+00   
0.00000000E+00   
0.00000000E+00   
0.00000000E+00   
0.00000000E+00   
0.00000000E+00   
0.00000000E+00   
0.00000000E+00   
0.00000000E+00   
0.00000000E+00   
0.00000000E+00   
0.00000000E+00   
0.00000000E+00   
0.00000000E+00   
0.00000000E+00   
0.00000000E+00   
0.00000000E+00   
0.00000000E+00   
0.00000000E+00   
0.00000000E+00   
0.00000000E+00   
0.00000000E+00   
0.00000000E+00   
0.00000000E+00   
0.00000000E+00   
0.00000000E+00   
0.00000000E+00   
0.00000000E+00   
0.00000000E+00   
0.00000000E+00   
0.00000000E+00   
0.00000000E+00   
0.00000000E+00   
0.00000000E+00   
0.00000000E+00   
0.00000000E+00   
0.00000000E+00   
0.00000000E+00   
0.00000000E+00   
5.42408482E-01   
4.57591518E-01   
0.00000000E+00   
0.00000000E+00   
0.00000000E+00   
0.00000000E+00   
0.00000000E+00   
0.00000000E+00   
0.00000000E+00   
0.00000000E+00   
0.00000000E+00   
0.00000000E+00   
0.00000000E+00   
0.00000000E+00   
5.48009602E-01   
4.51990398E-01   
0.00000000E+00   
0.00000000E+00   
0.00000000E+00   
0.00000000E+00   
1.00000000E+00   
0.00000000E+00   
0.00000000E+00   
0.00000000E+00   
0.00000000E+00   
0.00000000E+00   
0.00000000E+00   
0.00000000E+00   
0.00000000E+00   
0.00000000E+00   
0.00000000E+00   
0.00000000E+00   
0.00000000E+00   
0.00000000E+00   
0.00000000E+00   
0.00000000E+00   
0.00000000E+00   
0.00000000E+00   
0.00000000E+00   
0.00000000E+00   
0.00000000E+00   
0.00000000E+00   
0.00000000E+00   
0.00000000E+00   
0.00000000E+00   
0.00000000E+00   
0.00000000E+00   
0.00000000E+00   
0.00000000E+00   
0.00000000E+00   
0.00000000E+00   
0.00000000E+00   
0.00000000E+00   
0.00000000E+00   
0.00000000E+00   
5.64412883E-01   
4.35587117E-01   
0.00000000E+00   
0.00000000E+00   
0.00000000E+00   
0.00000000E+00   
0.00000000E+00   
0.00000000E+00   
0.00000000E+00   
0.00000000E+00   
0.00000000E+00   
0.00000000E+00   
0.00000000E+00   
0.00000000E+00   
0.00000000E+00   
0.00000000E+00   
0.00000000E+00   
0.00000000E+00   
0.00000000E+00   
0.00000000E+00   
0.00000000E+00   
0.00000000E+00   
0.00000000E+00   
0.00000000E+00   
0.00000000E+00   
0.00000000E+00   
0.00000000E+00   
0.00000000E+00   
0.00000000E+00   
0.00000000E+00   
0.00000000E+00   
0.00000000E+00   
0.00000000E+00   
0.00000000E+00   
0.00000000E+00   
0.00000000E+00   
0.00000000E+00   
0.00000000E+00   
0.00000000E+00   
0.00000000E+00   
0.00000000E+00   
0.00000000E+00   
0.00000000E+00   
0.00000000E+00   
0.00000000E+00   
0.00000000E+00   
0.00000000E+00   
0.00000000E+00   
0.00000000E+00   
0.00000000E+00   
0.00000000E+00   
0.00000000E+00   
0.00000000E+00   
0.00000000E+00   
0.00000000E+00   
0.00000000E+00   
0.00000000E+00   
0.00000000E+00   
0.00000000E+00   
0.00000000E+00   
0.00000000E+00   
0.00000000E+00   
0.00000000E+00   
0.00000000E+00   
0.00000000E+00   
0.00000000E+00   
0.00000000E+00   
0.00000000E+00   
0.00000000E+00   
0.00000000E+00   
0.00000000E+00   
0.00000000E+00   
0.00000000E+00   
0.00000000E+00   
0.00000000E+00   
0.00000000E+00   
0.00000000E+00   
0.00000000E+00   
0.00000000E+00   
0.00000000E+00   
0.00000000E+00   
0.00000000E+00   
0.00000000E+00   
0.00000000E+00   
0.00000000E+00   
0.00000000E+00   
0.00000000E+00   
0.00000000E+00   
0.00000000E+00   
0.00000000E+00   
0.00000000E+00   
0.00000000E+00   
0.00000000E+00   
0.00000000E+00   
0.00000000E+00   
0.00000000E+00   
0.00000000E+00   
0.00000000E+00   
0.00000000E+00   
0.00000000E+00   
0.00000000E+00   
0.00000000E+00   
0.00000000E+00   
0.00000000E+00   
0.00000000E+00   
0.00000000E+00   
0.00000000E+00   
0.00000000E+00   
0.00000000E+00   
0.00000000E+00   
0.00000000E+00   
0.00000000E+00   
0.00000000E+00   
0.00000000E+00   
0.00000000E+00   
0.00000000E+00   
0.00000000E+00   
0.00000000E+00   
0.00000000E+00   
0.00000000E+00   
0.00000000E+00   
0.00000000E+00   
0.00000000E+00   
0.00000000E+00   
0.00000000E+00   
0.00000000E+00   
0.00000000E+00   
0.00000000E+00   
0.00000000E+00   
0.00000000E+00   
0.00000000E+00   
0.00000000E+00   
0.00000000E+00   
0.00000000E+00   
0.00000000E+00   
0.00000000E+00   
0.00000000E+00   
0.00000000E+00   
0.00000000E+00   
0.00000000E+00   
0.00000000E+00   
0.00000000E+00   
0.00000000E+00   
0.00000000E+00   
0.00000000E+00   
0.00000000E+00   
0.00000000E+00   
0.00000000E+00   
0.00000000E+00   
0.00000000E+00   
0.00000000E+00   
0.00000000E+00   
0.00000000E+00   
0.00000000E+00   
0.00000000E+00   
0.00000000E+00   
0.00000000E+00   
0.00000000E+00   
0.00000000E+00   
0.00000000E+00   
0.00000000E+00   
0.00000000E+00   
0.00000000E+00   
0.00000000E+00   
0.00000000E+00   
0.00000000E+00   
0.00000000E+00   
0.00000000E+00   
0.00000000E+00   
0.00000000E+00   
0.00000000E+00   
0.00000000E+00   
0.00000000E+00   
0.00000000E+00   
0.00000000E+00   
0.00000000E+00   
0.00000000E+00   
0.00000000E+00   
0.00000000E+00   
0.00000000E+00   
0.00000000E+00   
0.00000000E+00   
0.00000000E+00   
0.00000000E+00   
0.00000000E+00   
0.00000000E+00   
0.00000000E+00   
0.00000000E+00   
0.00000000E+00   
0.00000000E+00   
0.00000000E+00   
0.00000000E+00   
0.00000000E+00   
0.00000000E+00   
0.00000000E+00   
0.00000000E+00   
0.00000000E+00   
0.00000000E+00   
0.00000000E+00   
0.00000000E+00   
0.00000000E+00   
0.00000000E+00   
0.00000000E+00   
0.00000000E+00   
0.00000000E+00   
0.00000000E+00   
0.00000000E+00   
0.00000000E+00   
0.00000000E+00   
0.00000000E+00   
0.00000000E+00   
0.00000000E+00   
0.00000000E+00   
0.00000000E+00   
0.00000000E+00   
0.00000000E+00   
0.00000000E+00   
0.00000000E+00   
0.00000000E+00   
0.00000000E+00   
0.00000000E+00   
0.00000000E+00   
0.00000000E+00   
0.00000000E+00   
0.00000000E+00   
0.00000000E+00   
0.00000000E+00   
0.00000000E+00   
0.00000000E+00   
0.00000000E+00   
0.00000000E+00   
0.00000000E+00   
0.00000000E+00   
0.00000000E+00   
0.00000000E+00   
0.00000000E+00   
0.00000000E+00   
0.00000000E+00   
0.00000000E+00   
0.00000000E+00   
0.00000000E+00   
0.00000000E+00   
0.00000000E+00   
0.00000000E+00   
0.00000000E+00   
0.00000000E+00   
0.00000000E+00   
0.00000000E+00   
0.00000000E+00   
0.00000000E+00   
0.00000000E+00   
0.00000000E+00   
0.00000000E+00   
0.00000000E+00   
0.00000000E+00   
0.00000000E+00   
0.00000000E+00   
0.00000000E+00   
0.00000000E+00   
0.00000000E+00   
0.00000000E+00   
0.00000000E+00   
0.00000000E+00   
0.00000000E+00   
0.00000000E+00   
0.00000000E+00   
0.00000000E+00   
0.00000000E+00   
0.00000000E+00   
0.00000000E+00   
0.00000000E+00   
0.00000000E+00   
0.00000000E+00   
0.00000000E+00   
0.00000000E+00   
0.00000000E+00   
0.00000000E+00   
0.00000000E+00   
0.00000000E+00   
0.00000000E+00   
0.00000000E+00   
0.00000000E+00   
0.00000000E+00   
0.00000000E+00   
0.00000000E+00   
0.00000000E+00   
0.00000000E+00   
0.00000000E+00   
0.00000000E+00   
0.00000000E+00   
0.00000000E+00   
0.00000000E+00   
0.00000000E+00   
0.00000000E+00   
0.00000000E+00   
0.00000000E+00   
0.00000000E+00   
0.00000000E+00   
0.00000000E+00   
0.00000000E+00   
0.00000000E+00   
0.00000000E+00   
0.00000000E+00   
0.00000000E+00   
0.00000000E+00   
0.00000000E+00   
0.00000000E+00   
0.00000000E+00   
0.00000000E+00   
0.00000000E+00   
0.00000000E+00   
0.00000000E+00   
0.00000000E+00   
0.00000000E+00   
0.00000000E+00   
0.00000000E+00   
0.00000000E+00   
0.00000000E+00   
0.00000000E+00   
0.00000000E+00   
0.00000000E+00   
0.00000000E+00   
0.00000000E+00   
0.00000000E+00   
0.00000000E+00   
0.00000000E+00   
0.00000000E+00   
0.00000000E+00   
0.00000000E+00   
0.00000000E+00   
0.00000000E+00   
0.00000000E+00   
0.00000000E+00   
0.00000000E+00   
0.00000000E+00   
0.00000000E+00   
0.00000000E+00   
0.00000000E+00   
0.00000000E+00   
0.00000000E+00   
0.00000000E+00   
0.00000000E+00   
0.00000000E+00   
0.00000000E+00   
0.00000000E+00   
0.00000000E+00   
0.00000000E+00   
0.00000000E+00   
0.00000000E+00   
0.00000000E+00   
0.00000000E+00   
0.00000000E+00   
0.00000000E+00   
0.00000000E+00   
0.00000000E+00   
0.00000000E+00   
0.00000000E+00   
0.00000000E+00   
0.00000000E+00   
0.00000000E+00   
0.00000000E+00   
0.00000000E+00   
0.00000000E+00   
0.00000000E+00   
0.00000000E+00   
0.00000000E+00   
0.00000000E+00   
0.00000000E+00   
0.00000000E+00   
0.00000000E+00   
0.00000000E+00   
0.00000000E+00   
0.00000000E+00   
0.00000000E+00   
0.00000000E+00   
0.00000000E+00   
0.00000000E+00   
0.00000000E+00   
0.00000000E+00   
0.00000000E+00   
0.00000000E+00   
0.00000000E+00   
0.00000000E+00   
0.00000000E+00   
0.00000000E+00   
0.00000000E+00   
0.00000000E+00   
0.00000000E+00   
0.00000000E+00   
0.00000000E+00   
0.00000000E+00   
0.00000000E+00   
0.00000000E+00   
0.00000000E+00   
0.00000000E+00   
0.00000000E+00   
0.00000000E+00   
0.00000000E+00   
0.00000000E+00   
0.00000000E+00   
0.00000000E+00   
0.00000000E+00   
0.00000000E+00   
0.00000000E+00   
0.00000000E+00   
0.00000000E+00   
0.00000000E+00   
0.00000000E+00   
0.00000000E+00   
0.00000000E+00   
0.00000000E+00   
0.00000000E+00   
0.00000000E+00   
0.00000000E+00   
0.00000000E+00   
0.00000000E+00   
0.00000000E+00   
0.00000000E+00   
0.00000000E+00   
0.00000000E+00   
0.00000000E+00   
0.00000000E+00   
0.00000000E+00   
0.00000000E+00   
0.00000000E+00   
0.00000000E+00   
0.00000000E+00   
0.00000000E+00   
0.00000000E+00   
0.00000000E+00   
0.00000000E+00   
0.00000000E+00   
0.00000000E+00   
0.00000000E+00   
0.00000000E+00   
0.00000000E+00   
0.00000000E+00   
0.00000000E+00   
0.00000000E+00   
0.00000000E+00   
0.00000000E+00   
0.00000000E+00   
0.00000000E+00   
0.00000000E+00   
0.00000000E+00   
0.00000000E+00   
0.00000000E+00   
0.00000000E+00   
0.00000000E+00   
0.00000000E+00   
0.00000000E+00   
0.00000000E+00   
0.00000000E+00   
0.00000000E+00   
0.00000000E+00   
0.00000000E+00   
0.00000000E+00   
0.00000000E+00   
0.00000000E+00   
0.00000000E+00   
0.00000000E+00   
0.00000000E+00   
0.00000000E+00   
0.00000000E+00   
0.00000000E+00   
0.00000000E+00   
0.00000000E+00   
0.00000000E+00   
0.00000000E+00   
0.00000000E+00   
0.00000000E+00   
0.00000000E+00   
0.00000000E+00   
0.00000000E+00   
0.00000000E+00   
0.00000000E+00   
0.00000000E+00   
0.00000000E+00   
0.00000000E+00   
0.00000000E+00   
0.00000000E+00   
0.00000000E+00   
0.00000000E+00   
0.00000000E+00   
0.00000000E+00   
0.00000000E+00   
0.00000000E+00   
0.00000000E+00   
0.00000000E+00   
0.00000000E+00   
0.00000000E+00   
0.00000000E+00   
0.00000000E+00   
0.00000000E+00   
0.00000000E+00   
0.00000000E+00   
0.00000000E+00   
0.00000000E+00   
0.00000000E+00   
0.00000000E+00   
0.00000000E+00   
0.00000000E+00   
0.00000000E+00   
0.00000000E+00   
0.00000000E+00   
0.00000000E+00   
0.00000000E+00   
0.00000000E+00   
0.00000000E+00   
0.00000000E+00   
0.00000000E+00   
0.00000000E+00   
0.00000000E+00   
0.00000000E+00   
0.00000000E+00   
0.00000000E+00   
0.00000000E+00   
0.00000000E+00   
0.00000000E+00   
0.00000000E+00   
0.00000000E+00   
0.00000000E+00   
0.00000000E+00   
0.00000000E+00   
0.00000000E+00   
0.00000000E+00   
0.00000000E+00   
0.00000000E+00   
0.00000000E+00   
0.00000000E+00   
0.00000000E+00   
0.00000000E+00   
0.00000000E+00   
0.00000000E+00   
0.00000000E+00   
0.00000000E+00   
0.00000000E+00   
0.00000000E+00   
0.00000000E+00   
0.00000000E+00   
0.00000000E+00   
0.00000000E+00   
0.00000000E+00   
0.00000000E+00   
0.00000000E+00   
0.00000000E+00   
0.00000000E+00   
0.00000000E+00   
0.00000000E+00   
0.00000000E+00   
0.00000000E+00   
0.00000000E+00   
0.00000000E+00   
0.00000000E+00   
0.00000000E+00   
0.00000000E+00   
0.00000000E+00   
0.00000000E+00   
0.00000000E+00   
0.00000000E+00   
0.00000000E+00   
0.00000000E+00   
0.00000000E+00   
0.00000000E+00   
0.00000000E+00   
0.00000000E+00   
0.00000000E+00   
0.00000000E+00   
0.00000000E+00   
0.00000000E+00   
0.00000000E+00   
0.00000000E+00   
0.00000000E+00   
0.00000000E+00   
0.00000000E+00   
0.00000000E+00   
0.00000000E+00   
0.00000000E+00   
0.00000000E+00   
0.00000000E+00   
0.00000000E+00   
0.00000000E+00   
0.00000000E+00   
0.00000000E+00   
0.00000000E+00   
0.00000000E+00   
0.00000000E+00   
0.00000000E+00   
0.00000000E+00   
0.00000000E+00   
0.00000000E+00   
0.00000000E+00   
0.00000000E+00   
0.00000000E+00   
0.00000000E+00   
0.00000000E+00   
0.00000000E+00   
0.00000000E+00   
0.00000000E+00   
0.00000000E+00   
0.00000000E+00   
0.00000000E+00   
0.00000000E+00   
0.00000000E+00   
0.00000000E+00   
0.00000000E+00   
0.00000000E+00   
0.00000000E+00   
0.00000000E+00   
0.00000000E+00   
0.00000000E+00   
0.00000000E+00   
0.00000000E+00   
0.00000000E+00   
0.00000000E+00   
0.00000000E+00   
0.00000000E+00   
0.00000000E+00   
0.00000000E+00   
0.00000000E+00   
0.00000000E+00   
0.00000000E+00   
0.00000000E+00   
0.00000000E+00   
0.00000000E+00   
0.00000000E+00   
0.00000000E+00   
0.00000000E+00   
0.00000000E+00   
0.00000000E+00   
0.00000000E+00   
0.00000000E+00   
0.00000000E+00   
0.00000000E+00   
0.00000000E+00   
0.00000000E+00   
0.00000000E+00   
0.00000000E+00   
0.00000000E+00   
0.00000000E+00   
0.00000000E+00   
0.00000000E+00   
0.00000000E+00   
0.00000000E+00   
0.00000000E+00   
0.00000000E+00   
0.00000000E+00   
0.00000000E+00   
0.00000000E+00   
0.00000000E+00   
0.00000000E+00   
0.00000000E+00   
0.00000000E+00   
0.00000000E+00   
0.00000000E+00   
0.00000000E+00   
0.00000000E+00   
0.00000000E+00   
0.00000000E+00   
0.00000000E+00   
0.00000000E+00   
0.00000000E+00   
0.00000000E+00   
0.00000000E+00   
0.00000000E+00   
0.00000000E+00   
0.00000000E+00   
0.00000000E+00   
0.00000000E+00   
0.00000000E+00   
0.00000000E+00   
0.00000000E+00   
0.00000000E+00   
0.00000000E+00   
0.00000000E+00   
0.00000000E+00   
0.00000000E+00   
0.00000000E+00   
0.00000000E+00   
0.00000000E+00   
0.00000000E+00   
0.00000000E+00   
0.00000000E+00   
0.00000000E+00   
0.00000000E+00   
0.00000000E+00   
0.00000000E+00   
0.00000000E+00   
0.00000000E+00   
0.00000000E+00   
0.00000000E+00   
0.00000000E+00   
0.00000000E+00   
0.00000000E+00   
0.00000000E+00   
0.00000000E+00   
0.00000000E+00   
0.00000000E+00   
0.00000000E+00   
0.00000000E+00   
0.00000000E+00   
0.00000000E+00   
0.00000000E+00   
0.00000000E+00   
0.00000000E+00   
0.00000000E+00   
0.00000000E+00   
0.00000000E+00   
0.00000000E+00   
0.00000000E+00   
0.00000000E+00   
0.00000000E+00   
0.00000000E+00   
0.00000000E+00   
0.00000000E+00   
0.00000000E+00   
0.00000000E+00   
0.00000000E+00   
0.00000000E+00   
0.00000000E+00   
0.00000000E+00   
0.00000000E+00   
0.00000000E+00   
0.00000000E+00   
0.00000000E+00   
0.00000000E+00   
0.00000000E+00   
0.00000000E+00   
0.00000000E+00   
0.00000000E+00   
0.00000000E+00   
0.00000000E+00   
0.00000000E+00   
0.00000000E+00   
0.00000000E+00   
0.00000000E+00   
0.00000000E+00   
0.00000000E+00   
0.00000000E+00   
0.00000000E+00   
0.00000000E+00   
0.00000000E+00   
0.00000000E+00   
0.00000000E+00   
0.00000000E+00   
0.00000000E+00   
0.00000000E+00   
0.00000000E+00   
0.00000000E+00   
0.00000000E+00   
0.00000000E+00   
0.00000000E+00   
0.00000000E+00   
0.00000000E+00   
0.00000000E+00   
0.00000000E+00   
0.00000000E+00   
0.00000000E+00   
0.00000000E+00   
0.00000000E+00   
0.00000000E+00   
0.00000000E+00   
0.00000000E+00   
0.00000000E+00   
0.00000000E+00   
0.00000000E+00   
0.00000000E+00   
0.00000000E+00   
0.00000000E+00   
0.00000000E+00   
0.00000000E+00   
0.00000000E+00   
0.00000000E+00   
0.00000000E+00   
0.00000000E+00   
0.00000000E+00   
0.00000000E+00   
0.00000000E+00   
0.00000000E+00   
0.00000000E+00   
0.00000000E+00   
0.00000000E+00   
0.00000000E+00   
0.00000000E+00   
0.00000000E+00   
0.00000000E+00   
0.00000000E+00   
0.00000000E+00   
0.00000000E+00   
0.00000000E+00   
0.00000000E+00   
0.00000000E+00   
0.00000000E+00   
0.00000000E+00   
0.00000000E+00   
0.00000000E+00   
0.00000000E+00   
0.00000000E+00   
0.00000000E+00   
0.00000000E+00   
0.00000000E+00   
0.00000000E+00   
0.00000000E+00   
0.00000000E+00   
0.00000000E+00   
0.00000000E+00   
0.00000000E+00   
0.00000000E+00   
0.00000000E+00   
0.00000000E+00   
0.00000000E+00   
0.00000000E+00   
0.00000000E+00   
0.00000000E+00   
0.00000000E+00   
0.00000000E+00   
0.00000000E+00   
0.00000000E+00   
0.00000000E+00   
0.00000000E+00   
0.00000000E+00   
0.00000000E+00   
0.00000000E+00   
0.00000000E+00   
0.00000000E+00   
0.00000000E+00   
0.00000000E+00   
0.00000000E+00   
0.00000000E+00   
0.00000000E+00   
0.00000000E+00   
0.00000000E+00   
0.00000000E+00   
0.00000000E+00   
0.00000000E+00   
0.00000000E+00   
0.00000000E+00   
0.00000000E+00   
0.00000000E+00   
0.00000000E+00   
0.00000000E+00   
0.00000000E+00   
0.00000000E+00   
0.00000000E+00   
0.00000000E+00   
0.00000000E+00   
0.00000000E+00   
0.00000000E+00   
0.00000000E+00   
0.00000000E+00   
0.00000000E+00   
0.00000000E+00   
0.00000000E+00   
0.00000000E+00   
0.00000000E+00   
0.00000000E+00   
0.00000000E+00   
0.00000000E+00   
0.00000000E+00   
0.00000000E+00   
0.00000000E+00   
0.00000000E+00   
0.00000000E+00   
0.00000000E+00   
0.00000000E+00   
0.00000000E+00   
0.00000000E+00   
0.00000000E+00   
0.00000000E+00   
0.00000000E+00   
0.00000000E+00   
0.00000000E+00   
0.00000000E+00   
0.00000000E+00   
0.00000000E+00   
0.00000000E+00   
0.00000000E+00   
0.00000000E+00   
0.00000000E+00   
0.00000000E+00   
0.00000000E+00   
0.00000000E+00   
0.00000000E+00   
0.00000000E+00   
0.00000000E+00   
0.00000000E+00   
0.00000000E+00   
0.00000000E+00   
0.00000000E+00   
0.00000000E+00   
0.00000000E+00   
0.00000000E+00   
0.00000000E+00   
0.00000000E+00   
0.00000000E+00   
0.00000000E+00   
0.00000000E+00   
0.00000000E+00   
0.00000000E+00   
0.00000000E+00   
0.00000000E+00   
0.00000000E+00   
0.00000000E+00   
0.00000000E+00   
0.00000000E+00   
0.00000000E+00   
0.00000000E+00   
0.00000000E+00   
0.00000000E+00   
0.00000000E+00   
0.00000000E+00   
0.00000000E+00   
0.00000000E+00   
0.00000000E+00   
0.00000000E+00   
0.00000000E+00   
0.00000000E+00   
0.00000000E+00   
0.00000000E+00   
0.00000000E+00   
0.00000000E+00   
0.00000000E+00   
0.00000000E+00   
0.00000000E+00   
0.00000000E+00   
0.00000000E+00   
0.00000000E+00   
0.00000000E+00   
0.00000000E+00   
0.00000000E+00   
0.00000000E+00   
0.00000000E+00   
0.00000000E+00   
0.00000000E+00   
0.00000000E+00   
0.00000000E+00   
0.00000000E+00   
0.00000000E+00   
0.00000000E+00   
0.00000000E+00   
0.00000000E+00   
0.00000000E+00   
0.00000000E+00   
0.00000000E+00   
0.00000000E+00   
0.00000000E+00   
0.00000000E+00   
0.00000000E+00   
0.00000000E+00   
0.00000000E+00   
0.00000000E+00   
0.00000000E+00   
0.00000000E+00   
0.00000000E+00   
0.00000000E+00   
0.00000000E+00   
0.00000000E+00   
0.00000000E+00   
0.00000000E+00   
0.00000000E+00   
0.00000000E+00   
0.00000000E+00   
0.00000000E+00   
0.00000000E+00   
0.00000000E+00   
0.00000000E+00   
0.00000000E+00   
0.00000000E+00   
0.00000000E+00   
0.00000000E+00   
0.00000000E+00   
0.00000000E+00   
0.00000000E+00   
0.00000000E+00   
0.00000000E+00   
0.00000000E+00   
0.00000000E+00   
0.00000000E+00   
0.00000000E+00   
0.00000000E+00   
0.00000000E+00   
0.00000000E+00   
0.00000000E+00   
0.00000000E+00   
0.00000000E+00   
0.00000000E+00   
0.00000000E+00   
0.00000000E+00   
0.00000000E+00   
0.00000000E+00   
0.00000000E+00   
0.00000000E+00   
0.00000000E+00   
0.00000000E+00   
0.00000000E+00   
0.00000000E+00   
0.00000000E+00   
0.00000000E+00   
0.00000000E+00   
0.00000000E+00   
0.00000000E+00   
0.00000000E+00   
0.00000000E+00   
0.00000000E+00   
0.00000000E+00   
0.00000000E+00   
0.00000000E+00   
0.00000000E+00   
0.00000000E+00   
0.00000000E+00   
0.00000000E+00   
0.00000000E+00   
0.00000000E+00   
0.00000000E+00   
0.00000000E+00   
0.00000000E+00   
0.00000000E+00   
0.00000000E+00   
0.00000000E+00   
0.00000000E+00   
0.00000000E+00   
0.00000000E+00   
0.00000000E+00   
0.00000000E+00   
0.00000000E+00   
0.00000000E+00   
0.00000000E+00   
0.00000000E+00   
0.00000000E+00   
0.00000000E+00   
0.00000000E+00   
0.00000000E+00   
0.00000000E+00   
0.00000000E+00   
0.00000000E+00   
0.00000000E+00   
0.00000000E+00   
0.00000000E+00   
0.00000000E+00   
0.00000000E+00   
0.00000000E+00   
0.00000000E+00   
0.00000000E+00   
0.00000000E+00   
0.00000000E+00   
0.00000000E+00   
0.00000000E+00   
0.00000000E+00   
0.00000000E+00   
0.00000000E+00   
0.00000000E+00   
0.00000000E+00   
0.00000000E+00   
0.00000000E+00   
0.00000000E+00   
0.00000000E+00   
0.00000000E+00   
0.00000000E+00   
0.00000000E+00   
0.00000000E+00   
0.00000000E+00   
0.00000000E+00   
0.00000000E+00   
0.00000000E+00   
0.00000000E+00   
0.00000000E+00   
0.00000000E+00   
0.00000000E+00   
0.00000000E+00   
0.00000000E+00   
0.00000000E+00   
0.00000000E+00   
0.00000000E+00   
0.00000000E+00   
0.00000000E+00   
0.00000000E+00   
0.00000000E+00   
0.00000000E+00   
0.00000000E+00   
0.00000000E+00   
0.00000000E+00   
0.00000000E+00   
0.00000000E+00   
0.00000000E+00   
0.00000000E+00   
0.00000000E+00   
0.00000000E+00   
0.00000000E+00   
0.00000000E+00   
0.00000000E+00   
0.00000000E+00   
0.00000000E+00   
0.00000000E+00   
0.00000000E+00   
0.00000000E+00   
0.00000000E+00   
0.00000000E+00   
0.00000000E+00   
0.00000000E+00   
0.00000000E+00   
0.00000000E+00   
0.00000000E+00   
0.00000000E+00   
0.00000000E+00   
0.00000000E+00   
0.00000000E+00   
0.00000000E+00   
0.00000000E+00   
0.00000000E+00   
0.00000000E+00   
0.00000000E+00   
0.00000000E+00   
0.00000000E+00   
0.00000000E+00   
0.00000000E+00   
0.00000000E+00   
0.00000000E+00   
0.00000000E+00   
0.00000000E+00   
0.00000000E+00   
0.00000000E+00   
0.00000000E+00   
0.00000000E+00   
0.00000000E+00   
0.00000000E+00   
0.00000000E+00   
0.00000000E+00   
0.00000000E+00   
0.00000000E+00   
0.00000000E+00   
0.00000000E+00   
0.00000000E+00   
0.00000000E+00   
0.00000000E+00   
0.00000000E+00   
0.00000000E+00   
0.00000000E+00   
0.00000000E+00   
0.00000000E+00   
0.00000000E+00   
0.00000000E+00   
0.00000000E+00   
0.00000000E+00   
0.00000000E+00   
0.00000000E+00   
0.00000000E+00   
0.00000000E+00   
0.00000000E+00   
0.00000000E+00   
0.00000000E+00   
0.00000000E+00   
0.00000000E+00   
0.00000000E+00   
0.00000000E+00   
0.00000000E+00   
0.00000000E+00   
0.00000000E+00   
0.00000000E+00   
0.00000000E+00   
0.00000000E+00   
0.00000000E+00   
0.00000000E+00   
0.00000000E+00   
0.00000000E+00   
0.00000000E+00   
0.00000000E+00   
0.00000000E+00   
0.00000000E+00   
0.00000000E+00   
0.00000000E+00   
0.00000000E+00   
0.00000000E+00   
0.00000000E+00   
0.00000000E+00   
0.00000000E+00   
0.00000000E+00   
0.00000000E+00   
0.00000000E+00   
0.00000000E+00   
0.00000000E+00   
0.00000000E+00   
0.00000000E+00   
0.00000000E+00   
0.00000000E+00   
0.00000000E+00   
0.00000000E+00   
0.00000000E+00   
0.00000000E+00   
0.00000000E+00   
0.00000000E+00   
0.00000000E+00   
0.00000000E+00   
0.00000000E+00   
0.00000000E+00   
0.00000000E+00   
0.00000000E+00   
0.00000000E+00   
0.00000000E+00   
0.00000000E+00   
0.00000000E+00   
0.00000000E+00   
0.00000000E+00   
0.00000000E+00   
0.00000000E+00   
0.00000000E+00   
0.00000000E+00   
0.00000000E+00   
0.00000000E+00   
0.00000000E+00   
0.00000000E+00   
0.00000000E+00   
0.00000000E+00   
0.00000000E+00   
0.00000000E+00   
0.00000000E+00   
0.00000000E+00   
0.00000000E+00   
0.00000000E+00   
0.00000000E+00   
0.00000000E+00   
0.00000000E+00   
0.00000000E+00   
0.00000000E+00   
0.00000000E+00   
0.00000000E+00   
0.00000000E+00   
0.00000000E+00   
0.00000000E+00   
0.00000000E+00   
0.00000000E+00   
0.00000000E+00   
0.00000000E+00   
0.00000000E+00   
0.00000000E+00   
0.00000000E+00   
0.00000000E+00   
0.00000000E+00   
0.00000000E+00   
0.00000000E+00   
0.00000000E+00   
0.00000000E+00   
0.00000000E+00   
0.00000000E+00   
0.00000000E+00   
0.00000000E+00   
0.00000000E+00   
0.00000000E+00   
0.00000000E+00   
0.00000000E+00   
0.00000000E+00   
0.00000000E+00   
0.00000000E+00   
0.00000000E+00   
0.00000000E+00   
0.00000000E+00   
0.00000000E+00   
0.00000000E+00   
0.00000000E+00   
0.00000000E+00   
0.00000000E+00   
0.00000000E+00   
0.00000000E+00   
0.00000000E+00   
0.00000000E+00   
0.00000000E+00   
0.00000000E+00   
0.00000000E+00   
0.00000000E+00   
0.00000000E+00   
0.00000000E+00   
0.00000000E+00   
0.00000000E+00   
0.00000000E+00   
0.00000000E+00   
0.00000000E+00   
0.00000000E+00   
0.00000000E+00   
0.00000000E+00   
0.00000000E+00   
0.00000000E+00   
0.00000000E+00   
0.00000000E+00   
0.00000000E+00   
0.00000000E+00   
0.00000000E+00   
0.00000000E+00   
0.00000000E+00   
0.00000000E+00   
0.00000000E+00   
0.00000000E+00   
0.00000000E+00   
0.00000000E+00   
0.00000000E+00   
0.00000000E+00   
0.00000000E+00   
0.00000000E+00   
0.00000000E+00   
0.00000000E+00   
0.00000000E+00   
0.00000000E+00   
0.00000000E+00   
0.00000000E+00   
0.00000000E+00   
0.00000000E+00   
0.00000000E+00   
0.00000000E+00   
0.00000000E+00   
0.00000000E+00   
0.00000000E+00   
0.00000000E+00   
0.00000000E+00   
0.00000000E+00   
0.00000000E+00   
0.00000000E+00   
0.00000000E+00   
0.00000000E+00   
0.00000000E+00   
0.00000000E+00   
0.00000000E+00   
0.00000000E+00   
0.00000000E+00   
0.00000000E+00   
0.00000000E+00   
0.00000000E+00   
0.00000000E+00   
0.00000000E+00   
0.00000000E+00   
0.00000000E+00   
0.00000000E+00   
0.00000000E+00   
0.00000000E+00   
0.00000000E+00   
0.00000000E+00   
0.00000000E+00   
0.00000000E+00   
0.00000000E+00   
0.00000000E+00   
0.00000000E+00   
0.00000000E+00   
0.00000000E+00   
0.00000000E+00   
0.00000000E+00   
0.00000000E+00   
0.00000000E+00   
0.00000000E+00   
0.00000000E+00   
0.00000000E+00   
0.00000000E+00   
0.00000000E+00   
0.00000000E+00   
0.00000000E+00   
0.00000000E+00   
0.00000000E+00   
0.00000000E+00   
0.00000000E+00   
0.00000000E+00   
0.00000000E+00   
0.00000000E+00   
0.00000000E+00   
0.00000000E+00   
0.00000000E+00   
0.00000000E+00   
0.00000000E+00   
0.00000000E+00   
0.00000000E+00   
0.00000000E+00   
0.00000000E+00   
0.00000000E+00   
0.00000000E+00   
0.00000000E+00   
0.00000000E+00   
0.00000000E+00   
0.00000000E+00   
0.00000000E+00   
0.00000000E+00   
0.00000000E+00   
0.00000000E+00   
0.00000000E+00   
0.00000000E+00   
0.00000000E+00   
0.00000000E+00   
0.00000000E+00   
0.00000000E+00   
0.00000000E+00   
0.00000000E+00   
0.00000000E+00   
0.00000000E+00   
0.00000000E+00   
0.00000000E+00   
0.00000000E+00   
0.00000000E+00   
0.00000000E+00   
0.00000000E+00   
0.00000000E+00   
0.00000000E+00   
0.00000000E+00   
0.00000000E+00   
0.00000000E+00   
0.00000000E+00   
0.00000000E+00   
0.00000000E+00   
0.00000000E+00   
0.00000000E+00   
0.00000000E+00   
0.00000000E+00   
0.00000000E+00   
0.00000000E+00   
0.00000000E+00   
0.00000000E+00   
0.00000000E+00   
0.00000000E+00   
0.00000000E+00   
0.00000000E+00   
0.00000000E+00   
0.00000000E+00   
0.00000000E+00   
0.00000000E+00   
0.00000000E+00   
0.00000000E+00   
0.00000000E+00   
0.00000000E+00   
0.00000000E+00   
0.00000000E+00   
0.00000000E+00   
0.00000000E+00   
0.00000000E+00   
0.00000000E+00   
0.00000000E+00   
0.00000000E+00   
0.00000000E+00   
0.00000000E+00   
0.00000000E+00   
0.00000000E+00   
0.00000000E+00   
0.00000000E+00   
0.00000000E+00   
0.00000000E+00   
0.00000000E+00   
0.00000000E+00   
0.00000000E+00   
0.00000000E+00   
0.00000000E+00   
0.00000000E+00   
0.00000000E+00   
0.00000000E+00   
0.00000000E+00   
0.00000000E+00   
0.00000000E+00   
0.00000000E+00   
0.00000000E+00   
0.00000000E+00   
0.00000000E+00   
0.00000000E+00   
0.00000000E+00   
0.00000000E+00   
0.00000000E+00   
0.00000000E+00   
0.00000000E+00   
0.00000000E+00   
0.00000000E+00   
0.00000000E+00   
0.00000000E+00   
0.00000000E+00   
0.00000000E+00   
0.00000000E+00   
0.00000000E+00   
0.00000000E+00   
0.00000000E+00   
0.00000000E+00   
0.00000000E+00   
0.00000000E+00   
0.00000000E+00   
0.00000000E+00   
0.00000000E+00   
0.00000000E+00   
0.00000000E+00   
0.00000000E+00   
0.00000000E+00   
0.00000000E+00   
0.00000000E+00   
0.00000000E+00   
0.00000000E+00   
0.00000000E+00   
0.00000000E+00   
0.00000000E+00   
0.00000000E+00   
0.00000000E+00   
0.00000000E+00   
0.00000000E+00   
0.00000000E+00   
0.00000000E+00   
0.00000000E+00   
0.00000000E+00   
0.00000000E+00   
0.00000000E+00   
0.00000000E+00   
0.00000000E+00   
0.00000000E+00   
0.00000000E+00   
0.00000000E+00   
0.00000000E+00   
0.00000000E+00   
0.00000000E+00   
0.00000000E+00   
0.00000000E+00   
0.00000000E+00   
0.00000000E+00   
0.00000000E+00   
0.00000000E+00   
0.00000000E+00   
0.00000000E+00   
0.00000000E+00   
0.00000000E+00   
0.00000000E+00   
0.00000000E+00   
0.00000000E+00   
0.00000000E+00   
0.00000000E+00   
0.00000000E+00   
0.00000000E+00   
0.00000000E+00   
0.00000000E+00   
0.00000000E+00   
0.00000000E+00   
0.00000000E+00   
0.00000000E+00   
0.00000000E+00   
0.00000000E+00   
0.00000000E+00   
0.00000000E+00   
0.00000000E+00   
0.00000000E+00   
0.00000000E+00   
0.00000000E+00   
0.00000000E+00   
0.00000000E+00   
0.00000000E+00   
0.00000000E+00   
0.00000000E+00   
0.00000000E+00   
0.00000000E+00   
0.00000000E+00   
0.00000000E+00   
0.00000000E+00   
0.00000000E+00   
0.00000000E+00   
0.00000000E+00   
0.00000000E+00   
0.00000000E+00   
0.00000000E+00   
0.00000000E+00   
0.00000000E+00   
0.00000000E+00   
0.00000000E+00   
0.00000000E+00   
0.00000000E+00   
0.00000000E+00   
0.00000000E+00   
0.00000000E+00   
0.00000000E+00   
0.00000000E+00   
0.00000000E+00   
0.00000000E+00   
0.00000000E+00   
0.00000000E+00   
0.00000000E+00   
0.00000000E+00   
0.00000000E+00   
0.00000000E+00   
0.00000000E+00   
0.00000000E+00   
0.00000000E+00   
0.00000000E+00   
0.00000000E+00   
0.00000000E+00   
0.00000000E+00   
0.00000000E+00   
0.00000000E+00   
0.00000000E+00   
0.00000000E+00   
0.00000000E+00   
0.00000000E+00   
0.00000000E+00   
0.00000000E+00   
0.00000000E+00   
0.00000000E+00   
0.00000000E+00   
0.00000000E+00   
0.00000000E+00   
0.00000000E+00   
0.00000000E+00   
0.00000000E+00   
0.00000000E+00   
0.00000000E+00   
0.00000000E+00   
0.00000000E+00   
0.00000000E+00   
0.00000000E+00   
0.00000000E+00   
0.00000000E+00   
0.00000000E+00   
0.00000000E+00   
0.00000000E+00   
0.00000000E+00   
0.00000000E+00   
0.00000000E+00   
0.00000000E+00   
0.00000000E+00   
0.00000000E+00   
0.00000000E+00   
0.00000000E+00   
0.00000000E+00   
0.00000000E+00   
0.00000000E+00   
0.00000000E+00   
0.00000000E+00   
0.00000000E+00   
0.00000000E+00   
0.00000000E+00   
0.00000000E+00   
0.00000000E+00   
0.00000000E+00   
0.00000000E+00   
0.00000000E+00   
0.00000000E+00   
0.00000000E+00   
0.00000000E+00   
0.00000000E+00   
0.00000000E+00   
0.00000000E+00   
0.00000000E+00   
0.00000000E+00   
0.00000000E+00   
0.00000000E+00   
0.00000000E+00   
0.00000000E+00   
0.00000000E+00   
0.00000000E+00   
0.00000000E+00   
0.00000000E+00   
0.00000000E+00   
0.00000000E+00   
0.00000000E+00   
0.00000000E+00   
0.00000000E+00   
0.00000000E+00   
0.00000000E+00   
0.00000000E+00   
0.00000000E+00   
0.00000000E+00   
0.00000000E+00   
0.00000000E+00   
0.00000000E+00   
0.00000000E+00   
0.00000000E+00   
0.00000000E+00   
0.00000000E+00   
0.00000000E+00   
0.00000000E+00   
0.00000000E+00   
0.00000000E+00   
0.00000000E+00   
0.00000000E+00   
0.00000000E+00   
0.00000000E+00   
0.00000000E+00   
0.00000000E+00   
0.00000000E+00   
0.00000000E+00   
0.00000000E+00   
0.00000000E+00   
0.00000000E+00   
0.00000000E+00   
0.00000000E+00   
0.00000000E+00   
0.00000000E+00   
0.00000000E+00   
0.00000000E+00   
0.00000000E+00   
0.00000000E+00   
0.00000000E+00   
0.00000000E+00   
0.00000000E+00   
0.00000000E+00   
0.00000000E+00   
0.00000000E+00   
0.00000000E+00   
0.00000000E+00   
0.00000000E+00   
0.00000000E+00   
0.00000000E+00   
0.00000000E+00   
0.00000000E+00   
0.00000000E+00   
0.00000000E+00   
0.00000000E+00   
0.00000000E+00   
0.00000000E+00   
0.00000000E+00   
0.00000000E+00   
0.00000000E+00   
0.00000000E+00   
0.00000000E+00   
0.00000000E+00   
0.00000000E+00   
0.00000000E+00   
0.00000000E+00   
0.00000000E+00   
0.00000000E+00   
0.00000000E+00   
0.00000000E+00   
0.00000000E+00   
0.00000000E+00   
0.00000000E+00   
0.00000000E+00   
0.00000000E+00   
0.00000000E+00   
0.00000000E+00   
0.00000000E+00   
0.00000000E+00   
0.00000000E+00   
0.00000000E+00   
0.00000000E+00   
0.00000000E+00   
0.00000000E+00   
0.00000000E+00   
0.00000000E+00   
0.00000000E+00   
0.00000000E+00   
0.00000000E+00   
0.00000000E+00   
0.00000000E+00   
0.00000000E+00   
0.00000000E+00   
0.00000000E+00   
0.00000000E+00   
0.00000000E+00   
0.00000000E+00   
0.00000000E+00   
0.00000000E+00   
0.00000000E+00   
0.00000000E+00   
0.00000000E+00   
0.00000000E+00   
0.00000000E+00   
0.00000000E+00   
0.00000000E+00   
0.00000000E+00   
0.00000000E+00   
0.00000000E+00   
0.00000000E+00   
0.00000000E+00   
0.00000000E+00   
0.00000000E+00   
0.00000000E+00   
0.00000000E+00   
0.00000000E+00   
0.00000000E+00   
0.00000000E+00   
0.00000000E+00   
0.00000000E+00   
0.00000000E+00   
0.00000000E+00   
0.00000000E+00   
0.00000000E+00   
0.00000000E+00   
0.00000000E+00   
0.00000000E+00   
0.00000000E+00   
0.00000000E+00   
0.00000000E+00   
0.00000000E+00   
0.00000000E+00   
0.00000000E+00   
0.00000000E+00   
0.00000000E+00   
0.00000000E+00   
0.00000000E+00   
0.00000000E+00   
0.00000000E+00   
0.00000000E+00   
0.00000000E+00   
0.00000000E+00   
0.00000000E+00   
0.00000000E+00   
0.00000000E+00   
0.00000000E+00   
0.00000000E+00   
0.00000000E+00   
0.00000000E+00   
0.00000000E+00   
0.00000000E+00   
0.00000000E+00   
0.00000000E+00   
0.00000000E+00   
0.00000000E+00   
0.00000000E+00   
0.00000000E+00   
0.00000000E+00   
0.00000000E+00   
0.00000000E+00   
0.00000000E+00   
0.00000000E+00   
0.00000000E+00   
0.00000000E+00   
0.00000000E+00   
0.00000000E+00   
0.00000000E+00   
0.00000000E+00   
0.00000000E+00   
0.00000000E+00   
0.00000000E+00   
0.00000000E+00   
0.00000000E+00   
0.00000000E+00   
0.00000000E+00   
0.00000000E+00   
0.00000000E+00   
0.00000000E+00   
0.00000000E+00   
0.00000000E+00   
0.00000000E+00   
0.00000000E+00   
0.00000000E+00   
0.00000000E+00   
0.00000000E+00   
0.00000000E+00   
0.00000000E+00   
0.00000000E+00   
0.00000000E+00   
0.00000000E+00   
0.00000000E+00   
0.00000000E+00   
0.00000000E+00   
0.00000000E+00   
0.00000000E+00   
0.00000000E+00   
0.00000000E+00   
0.00000000E+00   
0.00000000E+00   
0.00000000E+00   
0.00000000E+00   
0.00000000E+00   
0.00000000E+00   
0.00000000E+00   
0.00000000E+00   
0.00000000E+00   
0.00000000E+00   
0.00000000E+00   
0.00000000E+00   
0.00000000E+00   
0.00000000E+00   
0.00000000E+00   
0.00000000E+00   
0.00000000E+00   
0.00000000E+00   
0.00000000E+00   
0.00000000E+00   
0.00000000E+00   
0.00000000E+00   
0.00000000E+00   
0.00000000E+00   
0.00000000E+00   
0.00000000E+00   
0.00000000E+00   
0.00000000E+00   
0.00000000E+00   
0.00000000E+00   
0.00000000E+00   
0.00000000E+00   
0.00000000E+00   
0.00000000E+00   
0.00000000E+00   
0.00000000E+00   
0.00000000E+00   
0.00000000E+00   
0.00000000E+00   
0.00000000E+00   
0.00000000E+00   
0.00000000E+00   
0.00000000E+00   
0.00000000E+00   
0.00000000E+00   
0.00000000E+00   
0.00000000E+00   
0.00000000E+00   
0.00000000E+00   
0.00000000E+00   
0.00000000E+00   
0.00000000E+00   
0.00000000E+00   
0.00000000E+00   
0.00000000E+00   
0.00000000E+00   
0.00000000E+00   
0.00000000E+00   
0.00000000E+00   
0.00000000E+00   
0.00000000E+00   
0.00000000E+00   
0.00000000E+00   
0.00000000E+00   
0.00000000E+00   
0.00000000E+00   
0.00000000E+00   
0.00000000E+00   
0.00000000E+00   
0.00000000E+00   
0.00000000E+00   
0.00000000E+00   
0.00000000E+00   
0.00000000E+00   
0.00000000E+00   
0.00000000E+00   
0.00000000E+00   
0.00000000E+00   
0.00000000E+00   
0.00000000E+00   
0.00000000E+00   
0.00000000E+00   
0.00000000E+00   
0.00000000E+00   
0.00000000E+00   
0.00000000E+00   
0.00000000E+00   
0.00000000E+00   
0.00000000E+00   
0.00000000E+00   
0.00000000E+00   
0.00000000E+00   
0.00000000E+00   
0.00000000E+00   
0.00000000E+00   
0.00000000E+00   
0.00000000E+00   
0.00000000E+00   
0.00000000E+00   
0.00000000E+00   
0.00000000E+00   
0.00000000E+00   
0.00000000E+00   
0.00000000E+00   
0.00000000E+00   
0.00000000E+00   
0.00000000E+00   
0.00000000E+00   
0.00000000E+00   
0.00000000E+00   
0.00000000E+00   
0.00000000E+00   
0.00000000E+00   
0.00000000E+00   
0.00000000E+00   
0.00000000E+00   
0.00000000E+00   
0.00000000E+00   
0.00000000E+00   
0.00000000E+00   
0.00000000E+00   
0.00000000E+00   
0.00000000E+00   
0.00000000E+00   
0.00000000E+00   
0.00000000E+00   
0.00000000E+00   
0.00000000E+00   
0.00000000E+00   
0.00000000E+00   
0.00000000E+00   
0.00000000E+00   
0.00000000E+00   
0.00000000E+00   
0.00000000E+00   
0.00000000E+00   
0.00000000E+00   
0.00000000E+00   
0.00000000E+00   
0.00000000E+00   
0.00000000E+00   
0.00000000E+00   
0.00000000E+00   
0.00000000E+00   
0.00000000E+00   
0.00000000E+00   
0.00000000E+00   
0.00000000E+00   
0.00000000E+00   
0.00000000E+00   
0.00000000E+00   
0.00000000E+00   
0.00000000E+00   
0.00000000E+00   
0.00000000E+00   
0.00000000E+00   
0.00000000E+00   
0.00000000E+00   
0.00000000E+00   
0.00000000E+00   
0.00000000E+00   
0.00000000E+00   
0.00000000E+00   
0.00000000E+00   
0.00000000E+00   
0.00000000E+00   
0.00000000E+00   
0.00000000E+00   
0.00000000E+00   
0.00000000E+00   
0.00000000E+00   
0.00000000E+00   
0.00000000E+00   
0.00000000E+00   
0.00000000E+00   
0.00000000E+00   
0.00000000E+00   
0.00000000E+00   
0.00000000E+00   
0.00000000E+00   
0.00000000E+00   
0.00000000E+00   
0.00000000E+00   
0.00000000E+00   
0.00000000E+00   
0.00000000E+00   
0.00000000E+00   
0.00000000E+00   
0.00000000E+00   
0.00000000E+00   
0.00000000E+00   
0.00000000E+00   
0.00000000E+00   
0.00000000E+00   
0.00000000E+00   
0.00000000E+00   
0.00000000E+00   
0.00000000E+00   
0.00000000E+00   
0.00000000E+00   
0.00000000E+00   
0.00000000E+00   
0.00000000E+00   
0.00000000E+00   
0.00000000E+00   
0.00000000E+00   
0.00000000E+00   
0.00000000E+00   
0.00000000E+00   
0.00000000E+00   
0.00000000E+00   
0.00000000E+00   
0.00000000E+00   
0.00000000E+00   
0.00000000E+00   
0.00000000E+00   
0.00000000E+00   
0.00000000E+00   
0.00000000E+00   
0.00000000E+00   
0.00000000E+00   
0.00000000E+00   
0.00000000E+00   
0.00000000E+00   
0.00000000E+00   
0.00000000E+00   
0.00000000E+00   
0.00000000E+00   
0.00000000E+00   
0.00000000E+00   
0.00000000E+00   
0.00000000E+00   
0.00000000E+00   
0.00000000E+00   
0.00000000E+00   
0.00000000E+00   
0.00000000E+00   
0.00000000E+00   
0.00000000E+00   
0.00000000E+00   
0.00000000E+00   
0.00000000E+00   
0.00000000E+00   
0.00000000E+00   
0.00000000E+00   
0.00000000E+00   
0.00000000E+00   
0.00000000E+00   
0.00000000E+00   
0.00000000E+00   
0.00000000E+00   
0.00000000E+00   
0.00000000E+00   
0.00000000E+00   
0.00000000E+00   
0.00000000E+00   
0.00000000E+00   
0.00000000E+00   
0.00000000E+00   
0.00000000E+00   
0.00000000E+00   
0.00000000E+00   
0.00000000E+00   
0.00000000E+00   
0.00000000E+00   
0.00000000E+00   
0.00000000E+00   
0.00000000E+00   
0.00000000E+00   
0.00000000E+00   
0.00000000E+00   
0.00000000E+00   
0.00000000E+00   
0.00000000E+00   
0.00000000E+00   
0.00000000E+00   
0.00000000E+00   
0.00000000E+00   
0.00000000E+00   
0.00000000E+00   
0.00000000E+00   
0.00000000E+00   
0.00000000E+00   
0.00000000E+00   
0.00000000E+00   
0.00000000E+00   
0.00000000E+00   
0.00000000E+00   
0.00000000E+00   
0.00000000E+00   
0.00000000E+00   
0.00000000E+00   
0.00000000E+00   
0.00000000E+00   
0.00000000E+00   
0.00000000E+00   
0.00000000E+00   
0.00000000E+00   
0.00000000E+00   
0.00000000E+00   
0.00000000E+00   
0.00000000E+00   
0.00000000E+00   
0.00000000E+00   
0.00000000E+00   
0.00000000E+00   
0.00000000E+00   
0.00000000E+00   
0.00000000E+00   
0.00000000E+00   
0.00000000E+00   
0.00000000E+00   
0.00000000E+00   
0.00000000E+00   
0.00000000E+00   
0.00000000E+00   
0.00000000E+00   
0.00000000E+00   
0.00000000E+00   
0.00000000E+00   
0.00000000E+00   
0.00000000E+00   
0.00000000E+00   
0.00000000E+00   
0.00000000E+00   
0.00000000E+00   
0.00000000E+00   
0.00000000E+00   
0.00000000E+00   
0.00000000E+00   
0.00000000E+00   
0.00000000E+00   
0.00000000E+00   
0.00000000E+00   
0.00000000E+00   
0.00000000E+00   
0.00000000E+00   
0.00000000E+00   
0.00000000E+00   
0.00000000E+00   
0.00000000E+00   
0.00000000E+00   
0.00000000E+00   
0.00000000E+00   
0.00000000E+00   
0.00000000E+00   
0.00000000E+00   
0.00000000E+00   
0.00000000E+00   
0.00000000E+00   
0.00000000E+00   
0.00000000E+00   
0.00000000E+00   
0.00000000E+00   
0.00000000E+00   
0.00000000E+00   
0.00000000E+00   
0.00000000E+00   
0.00000000E+00   
0.00000000E+00   
0.00000000E+00   
0.00000000E+00   
0.00000000E+00   
0.00000000E+00   
0.00000000E+00   
0.00000000E+00   
0.00000000E+00   
0.00000000E+00   
0.00000000E+00   
0.00000000E+00   
0.00000000E+00   
0.00000000E+00   
0.00000000E+00   
0.00000000E+00   
0.00000000E+00   
0.00000000E+00   
0.00000000E+00   
0.00000000E+00   
0.00000000E+00   
0.00000000E+00   
0.00000000E+00   
0.00000000E+00   
0.00000000E+00   
0.00000000E+00   
0.00000000E+00   
0.00000000E+00   
0.00000000E+00   
0.00000000E+00   
0.00000000E+00   
0.00000000E+00   
0.00000000E+00   
0.00000000E+00   
0.00000000E+00   
0.00000000E+00   
0.00000000E+00   
0.00000000E+00   
0.00000000E+00   
0.00000000E+00   
0.00000000E+00   
0.00000000E+00   
0.00000000E+00   
0.00000000E+00   
0.00000000E+00   
0.00000000E+00   
0.00000000E+00   
0.00000000E+00   
0.00000000E+00   
0.00000000E+00   
0.00000000E+00   
0.00000000E+00   
0.00000000E+00   
0.00000000E+00   
0.00000000E+00   
0.00000000E+00   
0.00000000E+00   
0.00000000E+00   
0.00000000E+00   
0.00000000E+00   
0.00000000E+00   
0.00000000E+00   
0.00000000E+00   
0.00000000E+00   
0.00000000E+00   
0.00000000E+00   
0.00000000E+00   
0.00000000E+00   
0.00000000E+00   
0.00000000E+00   
0.00000000E+00   
0.00000000E+00   
0.00000000E+00   
0.00000000E+00   
0.00000000E+00   
0.00000000E+00   
0.00000000E+00   
0.00000000E+00   
0.00000000E+00   
0.00000000E+00   
0.00000000E+00   
0.00000000E+00   
0.00000000E+00   
0.00000000E+00   
0.00000000E+00   
0.00000000E+00   
0.00000000E+00   
0.00000000E+00   
0.00000000E+00   
0.00000000E+00   
0.00000000E+00   
0.00000000E+00   
0.00000000E+00   
0.00000000E+00   
0.00000000E+00   
0.00000000E+00   
0.00000000E+00   
0.00000000E+00   
0.00000000E+00   
0.00000000E+00   
0.00000000E+00   
0.00000000E+00   
0.00000000E+00   
0.00000000E+00   
0.00000000E+00   
0.00000000E+00   
0.00000000E+00   
0.00000000E+00   
0.00000000E+00   
0.00000000E+00   
0.00000000E+00   
0.00000000E+00   
0.00000000E+00   
0.00000000E+00   
0.00000000E+00   
0.00000000E+00   
0.00000000E+00   
0.00000000E+00   
0.00000000E+00   
0.00000000E+00   
0.00000000E+00   
0.00000000E+00   
0.00000000E+00   
0.00000000E+00   
0.00000000E+00   
0.00000000E+00   
0.00000000E+00   
0.00000000E+00   
0.00000000E+00   
0.00000000E+00   
0.00000000E+00   
0.00000000E+00   
0.00000000E+00   
0.00000000E+00   
0.00000000E+00   
0.00000000E+00   
0.00000000E+00   
0.00000000E+00   
0.00000000E+00   
0.00000000E+00   
0.00000000E+00   
0.00000000E+00   
0.00000000E+00   
0.00000000E+00   
!IDEND=

