!FILE=Disk 
!KIND=Spectrum 
!LABORATORY=Oslo Cyclotron Laboratory (OCL) 
!EXPERIMENT= oslo_method_python 
!COMMENT=Made by OMpy 
!TIME=DATE:08-Sep-20 09:57:21   
!CALIBRATION EkeV=6, 0.000000E+00, 2.000400E+00, 0.000000E+00 
!PRECISION=16 
!DIMENSION=1,0:4999 
!CHANNEL=(0:4999) 
1.69030406E+02   
3.11571014E+02   
3.39075615E+02   
3.96608622E+02   
4.36110422E+02   
4.06048410E+02   
4.12127626E+02   
4.91160032E+02   
4.83158832E+02   
4.94547810E+02   
4.92182837E+02   
5.54281656E+02   
5.63022004E+02   
5.70554611E+02   
5.73353271E+02   
6.33200840E+02   
6.78461292E+02   
6.77927185E+02   
6.78394179E+02   
6.72624525E+02   
7.51331266E+02   
7.98125225E+02   
8.25045109E+02   
8.94664133E+02   
9.76235247E+02   
1.00460572E+03   
1.15737988E+03   
1.24423565E+03   
1.29384007E+03   
1.42075195E+03   
1.41088658E+03   
1.51149810E+03   
1.59342108E+03   
1.70698470E+03   
1.73894899E+03   
1.81575985E+03   
1.85761232E+03   
1.99802591E+03   
1.97958762E+03   
2.00578036E+03   
2.10085247E+03   
2.16916533E+03   
2.22851810E+03   
2.25925225E+03   
2.25009772E+03   
2.34950630E+03   
2.35773415E+03   
2.39222635E+03   
2.41517403E+03   
2.34959202E+03   
2.42396519E+03   
2.44251030E+03   
2.46776905E+03   
2.51015323E+03   
2.48344719E+03   
2.47913013E+03   
2.46902621E+03   
2.51917714E+03   
2.59286587E+03   
2.50700360E+03   
2.44526735E+03   
2.55099780E+03   
2.50183827E+03   
2.42520644E+03   
2.54690928E+03   
2.51026435E+03   
2.45682356E+03   
2.57063443E+03   
2.50111082E+03   
2.48393219E+03   
2.44388858E+03   
2.42888368E+03   
2.38349060E+03   
2.42012392E+03   
2.40741928E+03   
2.43900830E+03   
2.43043729E+03   
2.44133367E+03   
2.32091578E+03   
2.33218654E+03   
2.35444109E+03   
2.30417624E+03   
2.38845299E+03   
2.40255361E+03   
2.39849620E+03   
2.34049170E+03   
2.43329386E+03   
2.51422855E+03   
2.45674835E+03   
2.37933827E+03   
2.45524195E+03   
2.41339218E+03   
2.38075895E+03   
2.37613943E+03   
2.33554041E+03   
2.28696089E+03   
2.21705781E+03   
2.23036947E+03   
2.22074585E+03   
2.19736127E+03   
2.16173905E+03   
2.12602951E+03   
2.14310852E+03   
2.10076835E+03   
2.11004651E+03   
2.04148750E+03   
2.05517423E+03   
1.97643079E+03   
1.99409592E+03   
1.98056251E+03   
2.03196349E+03   
1.98669074E+03   
1.92059772E+03   
1.93438208E+03   
1.93556531E+03   
1.94213133E+03   
1.87293269E+03   
1.84830066E+03   
1.84073505E+03   
1.80414133E+03   
1.82752380E+03   
1.81801120E+03   
1.95282256E+03   
1.94399680E+03   
1.90404591E+03   
1.86881126E+03   
1.88974665E+03   
1.89133957E+03   
1.92487908E+03   
1.87271554E+03   
1.87382667E+03   
1.84390618E+03   
1.79635207E+03   
1.77235207E+03   
1.78808972E+03   
1.76643389E+03   
1.76896949E+03   
1.70793969E+03   
1.70876565E+03   
1.69401180E+03   
1.70187568E+03   
1.62213603E+03   
1.65135037E+03   
1.58781476E+03   
1.61953421E+03   
1.69771834E+03   
1.60354501E+03   
1.57416613E+03   
1.63828146E+03   
1.65701500E+03   
1.60688758E+03   
1.57895349E+03   
1.54751350E+03   
1.53752991E+03   
1.53637698E+03   
1.53118244E+03   
1.48792679E+03   
1.51018944E+03   
1.50225315E+03   
1.45159962E+03   
1.47017173E+03   
1.43232186E+03   
1.41625425E+03   
1.37463393E+03   
1.41498150E+03   
1.42341768E+03   
1.37612232E+03   
1.37590328E+03   
1.29322605E+03   
1.32739158E+03   
1.23607822E+03   
1.22727075E+03   
1.20141868E+03   
1.25804681E+03   
1.21611282E+03   
1.17575795E+03   
1.17151420E+03   
1.12208862E+03   
1.11150390E+03   
1.12236117E+03   
1.12722354E+03   
1.10552791E+03   
1.08567724E+03   
1.10301690E+03   
1.06295389E+03   
1.02534647E+03   
1.02251960E+03   
1.00775315E+03   
9.84764953E+02   
1.02351580E+03   
1.02189798E+03   
9.62793859E+02   
9.48799360E+02   
9.77868474E+02   
1.00940948E+03   
9.70897479E+02   
9.41438788E+02   
9.14093719E+02   
9.05861472E+02   
9.08758652E+02   
9.28401180E+02   
9.43214543E+02   
9.12720644E+02   
8.87961992E+02   
8.71543309E+02   
9.33953591E+02   
8.99493799E+02   
8.48735447E+02   
8.91423785E+02   
8.82598420E+02   
8.55140428E+02   
8.67686737E+02   
8.64055511E+02   
8.49652831E+02   
8.50147429E+02   
8.39206741E+02   
8.30992398E+02   
8.00492198E+02   
8.26138128E+02   
7.67229646E+02   
8.27152230E+02   
7.84330666E+02   
8.27687738E+02   
8.01765553E+02   
8.08651230E+02   
8.08626325E+02   
7.80627926E+02   
7.58470794E+02   
7.97493999E+02   
7.99823665E+02   
7.66342068E+02   
7.82751050E+02   
7.68042609E+02   
7.44692238E+02   
7.30988898E+02   
7.61042208E+02   
7.88298160E+02   
7.25898080E+02   
7.27340468E+02   
7.30135227E+02   
7.29546609E+02   
7.10881576E+02   
7.00283757E+02   
6.90028406E+02   
6.88245749E+02   
6.99477996E+02   
6.92971594E+02   
6.58929486E+02   
6.95724345E+02   
6.81140928E+02   
6.43136927E+02   
6.60913083E+02   
6.60954891E+02   
5.36814413E+02   
5.03100620E+02   
5.03100620E+02   
5.03100620E+02   
5.03100620E+02   
4.49697890E+02   
3.47764553E+02   
3.41532106E+02   
3.38432987E+02   
3.63656731E+02   
3.48783057E+02   
3.17404381E+02   
3.29551110E+02   
3.46970294E+02   
3.34993399E+02   
3.29422885E+02   
3.35519804E+02   
3.28617023E+02   
3.22895979E+02   
3.27541608E+02   
3.28986497E+02   
3.48069214E+02   
3.42136327E+02   
3.38948990E+02   
3.26290858E+02   
3.17563613E+02   
3.33347169E+02   
3.24944989E+02   
3.09576815E+02   
3.38515203E+02   
3.05097620E+02   
3.11677035E+02   
3.24449390E+02   
3.16824065E+02   
2.96231946E+02   
2.99364473E+02   
3.21216543E+02   
2.84808562E+02   
2.84367974E+02   
2.80820364E+02   
3.12193739E+02   
2.91970894E+02   
2.80232647E+02   
2.73147530E+02   
2.99437387E+02   
2.63048110E+02   
2.86022505E+02   
3.15059212E+02   
3.01438588E+02   
2.80921884E+02   
2.75710042E+02   
2.55191738E+02   
2.82900480E+02   
2.87192539E+02   
2.80451990E+02   
2.66432186E+02   
2.74302861E+02   
2.32577716E+02   
2.83032807E+02   
2.78932687E+02   
2.79924885E+02   
2.60037207E+02   
2.25820964E+02   
2.47026805E+02   
2.33062613E+02   
2.62206141E+02   
2.80799160E+02   
2.49233047E+02   
2.45702841E+02   
2.41451990E+02   
2.45163333E+02   
2.81199540E+02   
2.32010602E+02   
2.28959192E+02   
2.41770254E+02   
2.47258152E+02   
2.41100020E+02   
2.21732847E+02   
2.27576915E+02   
2.38314063E+02   
2.32682236E+02   
2.20569714E+02   
2.11112623E+02   
2.29657532E+02   
2.51411782E+02   
2.16775555E+02   
2.12230646E+02   
2.52859072E+02   
2.39506401E+02   
2.53497399E+02   
2.22321664E+02   
2.30993299E+02   
2.17166733E+02   
2.41512402E+02   
2.42488698E+02   
1.92730646E+02   
2.09436287E+02   
2.36840868E+02   
2.10211942E+02   
2.19227045E+02   
1.94398180E+02   
1.95308462E+02   
2.30118924E+02   
2.45044409E+02   
2.01968694E+02   
2.11189838E+02   
2.09961092E+02   
2.09394579E+02   
2.01104521E+02   
1.85972294E+02   
2.12392979E+02   
1.86746349E+02   
2.17622124E+02   
2.09211842E+02   
1.95218744E+02   
1.83564113E+02   
1.95638828E+02   
1.93726445E+02   
1.90818764E+02   
1.66323965E+02   
1.72106621E+02   
1.89140628E+02   
1.85135827E+02   
1.93842368E+02   
1.90643729E+02   
1.80692639E+02   
2.02826965E+02   
1.68993799E+02   
1.86304061E+02   
2.01429486E+02   
1.93545409E+02   
1.73457592E+02   
1.90537407E+02   
1.72599220E+02   
1.61924885E+02   
1.93797259E+02   
1.85106621E+02   
1.59258352E+02   
1.62283857E+02   
1.90947289E+02   
1.57888978E+02   
1.81159732E+02   
1.78165333E+02   
1.72960492E+02   
1.62649630E+02   
1.84444889E+02   
1.80014703E+02   
1.66414783E+02   
1.59051710E+02   
1.54710342E+02   
1.50000200E+02   
1.73710342E+02   
1.70046509E+02   
1.49044109E+02   
1.56009002E+02   
1.75350370E+02   
1.66354371E+02   
1.77387578E+02   
1.46418584E+02   
1.32669834E+02   
1.45033307E+02   
1.39025905E+02   
1.68356871E+02   
1.79701640E+02   
1.71033607E+02   
1.67372675E+02   
1.50683237E+02   
1.65366073E+02   
1.58722645E+02   
1.47035607E+02   
1.45646929E+02   
1.35716443E+02   
1.48722044E+02   
1.48620524E+02   
1.46735547E+02   
1.48014903E+02   
1.50028006E+02   
1.53094819E+02   
1.51288558E+02   
1.63161332E+02   
1.63995399E+02   
1.53402781E+02   
1.51225145E+02   
1.38004101E+02   
1.49127225E+02   
1.36005301E+02   
1.27272054E+02   
1.62169934E+02   
1.58972595E+02   
1.54738148E+02   
1.56838268E+02   
1.42634727E+02   
1.33552410E+02   
1.41993299E+02   
1.43065113E+02   
1.33196539E+02   
1.30502200E+02   
1.28865573E+02   
1.17384877E+02   
1.45196839E+02   
1.53073515E+02   
1.30893879E+02   
1.19391278E+02   
1.52853971E+02   
1.41469094E+02   
1.19810062E+02   
1.50131826E+02   
1.41820364E+02   
1.50449590E+02   
1.47768554E+02   
1.31748450E+02   
1.25024005E+02   
1.29141428E+02   
1.21786757E+02   
1.06647530E+02   
1.13145429E+02   
1.27213743E+02   
1.30962092E+02   
1.21780156E+02   
1.27649130E+02   
1.08200340E+02   
1.22611822E+02   
1.30576815E+02   
1.13810262E+02   
1.43916283E+02   
1.24054211E+02   
1.31857972E+02   
1.39798160E+02   
1.27870674E+02   
1.25567514E+02   
1.28332967E+02   
1.22413683E+02   
1.07224745E+02   
1.38607421E+02   
1.31638328E+02   
1.41459192E+02   
1.40379376E+02   
1.25066813E+02   
1.14058812E+02   
1.11415283E+02   
1.18139928E+02   
1.18393279E+02   
1.17722244E+02   
1.24421684E+02   
1.26811762E+02   
1.26839768E+02   
1.15026005E+02   
1.27022805E+02   
1.30221844E+02   
1.26826965E+02   
1.19010002E+02   
1.11231446E+02   
1.12938488E+02   
1.31159932E+02   
1.06345669E+02   
1.09460892E+02   
1.21432086E+02   
1.04616723E+02   
1.36501200E+02   
1.17137528E+02   
1.15318164E+02   
1.03729746E+02   
1.17960492E+02   
1.22685637E+02   
1.15888778E+02   
1.11388578E+02   
1.35980096E+02   
1.12571414E+02   
1.16650030E+02   
1.35099820E+02   
1.27439688E+02   
1.12570814E+02   
1.24313363E+02   
1.09287057E+02   
1.25493099E+02   
1.05597920E+02   
1.11409482E+02   
1.28163133E+02   
1.18763253E+02   
1.09883277E+02   
9.38867774E+01   
1.07152531E+02   
1.06881576E+02   
9.91639328E+01   
1.08881376E+02   
1.23600020E+02   
1.21445589E+02   
1.16874075E+02   
1.14021604E+02   
1.32494299E+02   
1.01679136E+02   
1.07762753E+02   
1.12023205E+02   
9.67113423E+01   
1.26806461E+02   
1.18674035E+02   
1.13422384E+02   
1.08460092E+02   
1.19226845E+02   
1.25676935E+02   
1.07371874E+02   
1.09196739E+02   
1.13852070E+02   
1.18528206E+02   
1.42689738E+02   
1.12344269E+02   
1.25326165E+02   
1.26060912E+02   
1.07950690E+02   
1.05720944E+02   
1.05496199E+02   
1.06844069E+02   
1.14366573E+02   
9.59544909E+01   
1.04467193E+02   
1.05658032E+02   
1.14383577E+02   
9.54772955E+01   
1.01735147E+02   
1.15495199E+02   
1.03105021E+02   
1.14130126E+02   
1.04563513E+02   
1.27369974E+02   
9.63659732E+01   
1.05139328E+02   
9.88990798E+01   
1.05073915E+02   
1.02766553E+02   
9.14162833E+01   
9.26197239E+01   
1.15622625E+02   
1.02007902E+02   
1.05096719E+02   
1.08490098E+02   
1.05814463E+02   
1.05283757E+02   
9.72829566E+01   
1.09385277E+02   
1.06337568E+02   
9.42833567E+01   
9.86905381E+01   
1.01779756E+02   
9.81136227E+01   
1.05497700E+02   
1.05759852E+02   
9.65817163E+01   
1.01940388E+02   
9.10964193E+01   
1.15839368E+02   
9.64559912E+01   
9.02761552E+01   
9.69245849E+01   
1.01507702E+02   
1.03620524E+02   
9.54782957E+01   
9.82515503E+01   
1.03276955E+02   
9.28082617E+01   
9.62333467E+01   
1.08784457E+02   
9.75279056E+01   
1.00257552E+02   
1.12513303E+02   
9.37914583E+01   
1.10512903E+02   
7.50532106E+01   
8.02501500E+01   
8.10044009E+01   
1.08505101E+02   
1.05276755E+02   
1.05522905E+02   
1.07020604E+02   
9.47666533E+01   
9.52715543E+01   
8.30080016E+01   
9.22867574E+01   
1.02791058E+02   
8.82187437E+01   
9.20160032E+01   
9.53315663E+01   
1.01515903E+02   
8.52175435E+01   
9.48094619E+01   
1.03756051E+02   
8.82209442E+01   
8.75749150E+01   
8.37016403E+01   
9.02859572E+01   
7.79889978E+01   
8.68028606E+01   
8.32283457E+01   
8.90816163E+01   
9.68466693E+01   
9.37814563E+01   
9.71499300E+01   
9.10176035E+01   
9.04970994E+01   
9.37774555E+01   
9.24950990E+01   
9.66767353E+01   
8.54982997E+01   
9.41609322E+01   
1.12220044E+02   
9.51043209E+01   
1.06309162E+02   
8.01453291E+01   
1.05480196E+02   
9.61405281E+01   
9.20188038E+01   
9.69078816E+01   
1.01256551E+02   
9.86582316E+01   
1.05552511E+02   
8.21847369E+01   
9.16925385E+01   
8.81827365E+01   
9.13374675E+01   
1.03695039E+02   
1.10718044E+02   
9.86349270E+01   
9.31748350E+01   
1.03019204E+02   
9.63311662E+01   
8.30204041E+01   
1.02192038E+02   
9.32176435E+01   
9.72457491E+01   
8.50176035E+01   
8.66559312E+01   
9.37934587E+01   
8.41511302E+01   
8.17273455E+01   
9.14785957E+01   
8.68737748E+01   
8.27693539E+01   
7.59326865E+01   
8.78811762E+01   
9.23491698E+01   
8.22498500E+01   
7.16840368E+01   
7.83487698E+01   
8.45772154E+01   
1.07914083E+02   
9.39998000E+01   
8.84566913E+01   
8.30335067E+01   
9.58973795E+01   
1.01068614E+02   
9.49649930E+01   
8.99240848E+01   
8.92002400E+01   
1.13313163E+02   
9.48042609E+01   
9.40220044E+01   
9.78881776E+01   
8.16141228E+01   
8.05841168E+01   
9.20164033E+01   
8.56612322E+01   
9.61570314E+01   
8.18026605E+01   
1.00307261E+02   
9.58737748E+01   
8.22964593E+01   
8.98038608E+01   
1.05107522E+02   
7.71378276E+01   
9.33823765E+01   
9.54394879E+01   
7.93851770E+01   
9.60180036E+01   
8.87595519E+01   
9.24390878E+01   
9.02732547E+01   
7.72257451E+01   
9.03109622E+01   
8.93458692E+01   
8.02229446E+01   
8.37388478E+01   
9.68457692E+01   
9.50487097E+01   
7.28102621E+01   
8.16057211E+01   
1.02967794E+02   
1.09771254E+02   
9.34752951E+01   
8.45031006E+01   
7.91819364E+01   
8.82038408E+01   
7.72324465E+01   
7.26212242E+01   
8.41979396E+01   
8.62118424E+01   
8.46263253E+01   
6.88177636E+01   
7.36151230E+01   
8.54128826E+01   
9.66219244E+01   
8.94113823E+01   
7.84349870E+01   
7.73988798E+01   
8.19937988E+01   
7.64203841E+01   
9.26503301E+01   
8.95907181E+01   
7.57997600E+01   
8.64902981E+01   
1.07364873E+02   
7.82109422E+01   
8.30702140E+01   
9.29902981E+01   
8.21487297E+01   
7.52065413E+01   
7.40481096E+01   
9.59714943E+01   
8.25210042E+01   
9.78675735E+01   
9.21684337E+01   
9.22089418E+01   
8.78270654E+01   
9.33489698E+01   
7.57383477E+01   
8.29133827E+01   
7.55275055E+01   
9.16191238E+01   
7.97132426E+01   
7.92041408E+01   
8.50793159E+01   
8.15135027E+01   
8.05225045E+01   
8.05071014E+01   
8.63431686E+01   
8.68330666E+01   
8.12380476E+01   
8.89067814E+01   
7.90419084E+01   
7.84396879E+01   
8.50009002E+01   
9.52172434E+01   
7.23822765E+01   
8.85628126E+01   
8.31969394E+01   
9.58387678E+01   
8.11908382E+01   
9.14872975E+01   
8.26416283E+01   
6.32749550E+01   
8.85033007E+01   
9.31985397E+01   
8.06621324E+01   
8.57325465E+01   
9.60184037E+01   
8.33730746E+01   
8.80713143E+01   
9.43169634E+01   
9.24883977E+01   
9.16665333E+01   
8.77201440E+01   
8.93670734E+01   
9.20164033E+01   
7.38870774E+01   
8.25821164E+01   
9.25800160E+01   
8.84599920E+01   
8.28122625E+01   
9.62277455E+01   
9.45352070E+01   
8.87321464E+01   
9.04507902E+01   
8.90208042E+01   
7.22533507E+01   
8.53158632E+01   
8.20172034E+01   
9.45240048E+01   
7.03530706E+01   
7.40152030E+01   
7.30152030E+01   
7.61785357E+01   
8.31857371E+01   
6.76813363E+01   
9.06861372E+01   
1.05200940E+02   
8.28278656E+01   
8.73458692E+01   
8.98634727E+01   
8.88690738E+01   
7.26405281E+01   
8.65444089E+01   
7.55068014E+01   
9.02041408E+01   
9.10460092E+01   
9.08298660E+01   
8.34711942E+01   
8.97281456E+01   
8.86609322E+01   
7.30172034E+01   
7.59339868E+01   
8.07377475E+01   
8.91084217E+01   
7.82398480E+01   
9.12753551E+01   
8.74387878E+01   
8.07009402E+01   
8.60164033E+01   
9.59206841E+01   
9.06437287E+01   
9.18618724E+01   
8.45713143E+01   
9.00844169E+01   
8.60981196E+01   
7.90888178E+01   
8.65548110E+01   
8.70905181E+01   
8.95556111E+01   
9.66428286E+01   
8.99319864E+01   
8.11685337E+01   
8.18650730E+01   
7.74130826E+01   
7.99752951E+01   
8.83617724E+01   
7.66165233E+01   
7.02106421E+01   
9.17363473E+01   
7.88436687E+01   
8.11252250E+01   
8.22777556E+01   
7.08176635E+01   
9.74844969E+01   
8.12183437E+01   
6.10373075E+01   
7.89713943E+01   
7.58718744E+01   
7.95683137E+01   
9.65997199E+01   
7.81819364E+01   
7.98641728E+01   
8.78771754E+01   
8.58713743E+01   
8.13030606E+01   
7.87278456E+01   
6.71569314E+01   
7.84387878E+01   
8.31680336E+01   
9.00323065E+01   
8.24391878E+01   
8.38778756E+01   
9.81820364E+01   
7.98814763E+01   
9.90208042E+01   
8.32308462E+01   
8.10503101E+01   
6.08024605E+01   
7.61489298E+01   
6.86020204E+01   
8.72431486E+01   
8.67465493E+01   
8.39660932E+01   
9.28571714E+01   
9.37712543E+01   
6.78219644E+01   
8.20846169E+01   
8.35450090E+01   
1.04224545E+02   
8.89399880E+01   
7.24119824E+01   
9.09605921E+01   
7.05429086E+01   
7.99685937E+01   
9.54970994E+01   
8.74111822E+01   
8.00574115E+01   
7.42750550E+01   
8.22420484E+01   
9.16042208E+01   
8.66099220E+01   
7.19893979E+01   
8.45051010E+01   
6.45391078E+01   
7.28724745E+01   
8.41319264E+01   
9.01375275E+01   
8.87749550E+01   
7.52646529E+01   
8.45159032E+01   
7.57673535E+01   
8.41401280E+01   
6.51259252E+01   
8.52914583E+01   
8.40180036E+01   
8.90180036E+01   
8.11397279E+01   
7.20801160E+01   
8.41086217E+01   
8.47077415E+01   
8.40148030E+01   
8.71345269E+01   
8.32984597E+01   
1.02897880E+02   
7.14394879E+01   
8.51224245E+01   
7.70201040E+01   
7.50734147E+01   
8.14305861E+01   
8.34345869E+01   
7.82965593E+01   
8.75519104E+01   
8.07083417E+01   
8.53244649E+01   
8.00471094E+01   
7.60998200E+01   
9.19022805E+01   
9.05830166E+01   
8.37722545E+01   
6.70315063E+01   
9.15576115E+01   
9.01431286E+01   
7.88995799E+01   
8.67949590E+01   
8.55755151E+01   
7.35609122E+01   
9.50386077E+01   
9.90208042E+01   
9.26743349E+01   
9.99098820E+01   
9.09918984E+01   
8.70457091E+01   
8.34821964E+01   
8.01969394E+01   
6.76555311E+01   
9.19527906E+01   
7.61809362E+01   
8.63816763E+01   
6.79602921E+01   
8.19671934E+01   
8.85999200E+01   
8.37068414E+01   
9.33291658E+01   
8.46355271E+01   
8.89903981E+01   
8.09386877E+01   
8.97108422E+01   
7.72198440E+01   
7.87228446E+01   
9.02094419E+01   
8.54172835E+01   
8.30180036E+01   
8.81185237E+01   
8.75134027E+01   
9.43271654E+01   
7.80008002E+01   
8.86247249E+01   
8.22118424E+01   
8.44040808E+01   
8.30148030E+01   
8.46303261E+01   
8.41121224E+01   
7.34440888E+01   
9.80184037E+01   
7.70581116E+01   
6.98257652E+01   
9.06399280E+01   
8.48297660E+01   
8.38313663E+01   
7.26656331E+01   
9.76334267E+01   
7.19472895E+01   
8.73735747E+01   
9.06519304E+01   
8.82887578E+01   
8.49258852E+01   
6.82855571E+01   
8.73006601E+01   
9.41962392E+01   
7.95487097E+01   
8.41340268E+01   
7.63349670E+01   
7.74892979E+01   
6.80156031E+01   
9.63616723E+01   
9.81194239E+01   
7.39942989E+01   
6.70989198E+01   
8.24187838E+01   
9.43398680E+01   
7.59444889E+01   
8.23450690E+01   
8.77680536E+01   
1.01853371E+02   
8.59276855E+01   
8.29334867E+01   
9.63428686E+01   
9.34451890E+01   
8.32599520E+01   
8.88549710E+01   
8.47764553E+01   
7.48151630E+01   
7.42519504E+01   
8.15393079E+01   
9.02300460E+01   
8.55660132E+01   
7.51718344E+01   
8.42424485E+01   
8.85580116E+01   
7.52463493E+01   
8.35589118E+01   
7.91694339E+01   
8.56406281E+01   
7.31429286E+01   
8.52680536E+01   
7.47583517E+01   
8.02023405E+01   
9.15777155E+01   
7.63324665E+01   
8.12303461E+01   
8.40741148E+01   
8.12319464E+01   
7.96590318E+01   
8.45140028E+01   
9.94506901E+01   
7.95088018E+01   
7.22243449E+01   
8.45288058E+01   
8.58100620E+01   
8.02920584E+01   
7.58801760E+01   
8.32203441E+01   
8.68813763E+01   
9.90131026E+01   
7.97521504E+01   
8.01529306E+01   
8.06233247E+01   
8.42159432E+01   
7.39924985E+01   
7.21096219E+01   
8.35954191E+01   
8.16962392E+01   
7.05866173E+01   
7.90761152E+01   
7.90753151E+01   
8.97639528E+01   
7.43225645E+01   
8.71536307E+01   
9.13830766E+01   
8.47731546E+01   
7.83774755E+01   
8.37755551E+01   
8.73125625E+01   
7.69550910E+01   
8.20144029E+01   
9.37238448E+01   
8.19586917E+01   
8.56729346E+01   
7.74175835E+01   
7.32424485E+01   
7.71270254E+01   
9.22340468E+01   
7.42408482E+01   
8.01278256E+01   
7.21262252E+01   
5.56116223E+01   
8.88840768E+01   
7.28733747E+01   
9.46436287E+01   
8.49642929E+01   
8.76003201E+01   
8.17443489E+01   
8.26043209E+01   
7.03234647E+01   
8.94094819E+01   
8.44212843E+01   
8.99674935E+01   
7.80669134E+01   
7.11639328E+01   
1.07579416E+02   
6.79336867E+01   
8.17734547E+01   
7.81559312E+01   
8.74967994E+01   
8.88776755E+01   
8.23411682E+01   
7.69698940E+01   
8.40613123E+01   
7.21054211E+01   
8.17922585E+01   
7.01491298E+01   
8.38844769E+01   
8.13632727E+01   
7.10994199E+01   
6.91403281E+01   
8.25484097E+01   
8.26406281E+01   
8.95979196E+01   
8.95640128E+01   
8.21399280E+01   
7.73781756E+01   
8.66165233E+01   
9.39782957E+01   
9.01347269E+01   
1.03901280E+02   
7.90180036E+01   
9.82442488E+01   
7.40529106E+01   
9.29044809E+01   
7.81624325E+01   
8.56537307E+01   
8.63758752E+01   
9.06970394E+01   
7.72976595E+01   
8.07391478E+01   
8.63594719E+01   
8.97784557E+01   
9.11504301E+01   
9.27852571E+01   
8.22134427E+01   
8.88554711E+01   
1.04669234E+02   
7.77111422E+01   
9.66427285E+01   
8.42319464E+01   
9.49854971E+01   
8.28971794E+01   
9.58124625E+01   
7.03383677E+01   
6.83580716E+01   
8.17301460E+01   
8.10706141E+01   
9.37959592E+01   
8.09906981E+01   
8.00445089E+01   
9.29131826E+01   
9.31991398E+01   
8.28898780E+01   
9.68440688E+01   
8.34867974E+01   
9.37484497E+01   
6.91365273E+01   
9.27829566E+01   
8.83406681E+01   
8.29243849E+01   
9.78612723E+01   
8.02141428E+01   
8.90365073E+01   
8.99520904E+01   
8.17904581E+01   
8.72616523E+01   
8.89958992E+01   
7.40546109E+01   
8.09584917E+01   
8.49978996E+01   
7.69624925E+01   
7.99825965E+01   
8.21053211E+01   
7.81351270E+01   
9.17334467E+01   
8.51335267E+01   
9.01436287E+01   
8.49382877E+01   
1.04882677E+02   
8.90929186E+01   
6.92581516E+01   
7.88608722E+01   
7.60027005E+01   
1.03861572E+02   
8.91712342E+01   
6.21495299E+01   
7.28949790E+01   
8.49594919E+01   
8.89634927E+01   
1.06967493E+02   
8.41937387E+01   
8.39763953E+01   
1.01923785E+02   
8.80742148E+01   
7.41119224E+01   
8.09653931E+01   
8.10318064E+01   
8.80156031E+01   
8.20501100E+01   
7.10136027E+01   
8.29647930E+01   
9.09768954E+01   
8.70461092E+01   
1.03002901E+02   
8.50548110E+01   
8.19786957E+01   
9.30266053E+01   
9.20283057E+01   
8.90201040E+01   
7.00493099E+01   
8.99695939E+01   
8.10247049E+01   
9.10171034E+01   
7.20269054E+01   
7.50132026E+01   
8.60169034E+01   
8.10173035E+01   
9.20106021E+01   
7.00213043E+01   
8.80224045E+01   
9.59913983E+01   
7.70193039E+01   
8.40487097E+01   
9.70033007E+01   
9.30133027E+01   
7.50047009E+01   
8.20238048E+01   
7.60019004E+01   
8.70709142E+01   
9.29421884E+01   
8.50785157E+01   
9.29486897E+01   
8.40806161E+01   
9.39962993E+01   
8.50689138E+01   
9.39480896E+01   
7.70820164E+01   
9.29404881E+01   
8.40880176E+01   
8.90944189E+01   
1.01902781E+02   
8.70786157E+01   
9.29228846E+01   
7.70933187E+01   
9.58688738E+01   
8.01679336E+01   
9.09814963E+01   
8.49155831E+01   
8.70009002E+01   
7.40946189E+01   
8.80577115E+01   
8.10315063E+01   
8.39734947E+01   
9.08955791E+01   
7.41372274E+01   
9.30005001E+01   
8.90323065E+01   
9.10331066E+01   
8.89654931E+01   
7.12781556E+01   
8.77709542E+01   
8.28695739E+01   
7.12372474E+01   
9.58838768E+01   
8.11903381E+01   
1.06137828E+02   
9.87568514E+01   
9.31191238E+01   
9.60176035E+01   
8.11036207E+01   
1.07041108E+02   
9.49972995E+01   
8.70646129E+01   
8.58813763E+01   
7.49470894E+01   
7.99207842E+01   
8.00391078E+01   
8.42128426E+01   
8.59932987E+01   
8.68649730E+01   
9.59896979E+01   
7.91730346E+01   
9.92579516E+01   
9.28585717E+01   
8.71013203E+01   
9.18246649E+01   
9.26116223E+01   
1.06422785E+02   
9.42791558E+01   
9.07847570E+01   
8.63764753E+01   
9.33859772E+01   
7.30140028E+01   
7.51695339E+01   
8.40790158E+01   
9.39848970E+01   
9.07256451E+01   
8.76342268E+01   
1.05556911E+02   
8.11488298E+01   
8.03554711E+01   
1.06123325E+02   
9.60216043E+01   
1.07635427E+02   
8.30882176E+01   
8.57666533E+01   
7.51241248E+01   
7.79429886E+01   
7.93866773E+01   
8.45695139E+01   
8.94696939E+01   
9.00196039E+01   
9.37873575E+01   
8.90172034E+01   
7.61752350E+01   
9.32183437E+01   
9.36580316E+01   
8.71393279E+01   
8.31006201E+01   
9.29361872E+01   
9.30184037E+01   
8.13568714E+01   
1.03338268E+02   
7.92307461E+01   
9.96691338E+01   
7.97165433E+01   
8.88431686E+01   
8.94211842E+01   
1.14526205E+02   
7.52455491E+01   
1.02341368E+02   
9.66060212E+01   
9.88790758E+01   
8.37353471E+01   
8.23006601E+01   
8.82096419E+01   
8.52128426E+01   
1.03387978E+02   
8.56053211E+01   
1.02317864E+02   
9.64741948E+01   
9.65157031E+01   
9.24204841E+01   
8.37624525E+01   
8.24280856E+01   
9.87596519E+01   
8.07495499E+01   
9.08646729E+01   
1.01384277E+02   
8.42308462E+01   
8.51801360E+01   
9.63678736E+01   
7.63430686E+01   
9.99620924E+01   
7.51833367E+01   
9.47943589E+01   
9.40300060E+01   
9.63997800E+01   
8.47336467E+01   
7.96498300E+01   
9.94424885E+01   
8.27260452E+01   
8.47201440E+01   
9.35475095E+01   
9.51957391E+01   
9.31981396E+01   
1.01683037E+02   
9.54168834E+01   
9.10422084E+01   
8.45672134E+01   
8.73361672E+01   
7.94489898E+01   
8.18274655E+01   
7.65291058E+01   
1.04024005E+02   
9.70014003E+01   
8.76607321E+01   
9.00216043E+01   
9.68262653E+01   
9.94134827E+01   
1.07363673E+02   
1.06284057E+02   
9.62198440E+01   
7.62907582E+01   
1.07563313E+02   
1.13532306E+02   
8.24274855E+01   
9.91574315E+01   
9.02281456E+01   
8.35622124E+01   
1.03411882E+02   
9.76700340E+01   
9.10296059E+01   
7.45074015E+01   
1.04520604E+02   
9.30927185E+01   
8.88030606E+01   
9.10915183E+01   
9.26536307E+01   
9.05026005E+01   
9.39752951E+01   
9.70939188E+01   
8.50947189E+01   
1.03020404E+02   
9.79448890E+01   
1.05247750E+02   
1.11021204E+02   
1.01941788E+02   
1.12560812E+02   
9.08633727E+01   
8.34850970E+01   
8.46284257E+01   
1.00939288E+02   
9.27802561E+01   
8.68910782E+01   
1.06660132E+02   
1.08461792E+02   
8.17790558E+01   
1.01750050E+02   
1.01963893E+02   
9.21652330E+01   
1.05283157E+02   
9.36969394E+01   
9.23438688E+01   
9.07720544E+01   
1.12429586E+02   
9.45105021E+01   
7.64541908E+01   
9.51059212E+01   
9.88501700E+01   
9.55908182E+01   
9.36731346E+01   
8.89706941E+01   
1.06975795E+02   
7.36663333E+01   
7.52785557E+01   
8.35174035E+01   
1.12958192E+02   
9.28397680E+01   
9.31067213E+01   
8.63772755E+01   
8.61998400E+01   
1.09475695E+02   
8.77488498E+01   
1.05371174E+02   
9.25762152E+01   
9.32663533E+01   
8.27943589E+01   
9.95349070E+01   
9.30471094E+01   
1.05271454E+02   
9.19252851E+01   
9.93561712E+01   
9.02066413E+01   
9.63037608E+01   
9.08816763E+01   
1.05696239E+02   
9.87035407E+01   
8.74036807E+01   
8.63820764E+01   
9.66515303E+01   
9.28033607E+01   
1.01637928E+02   
8.09064813E+01   
9.38141628E+01   
9.47214443E+01   
9.33209642E+01   
1.01819764E+02   
9.42226445E+01   
9.25288058E+01   
1.14207842E+02   
1.03508402E+02   
8.77370474E+01   
1.06330166E+02   
1.10090318E+02   
1.05602721E+02   
1.01016803E+02   
9.41687337E+01   
1.09654631E+02   
9.58098620E+01   
1.07645829E+02   
8.71239248E+01   
9.49784957E+01   
8.88073615E+01   
1.10375675E+02   
1.06205541E+02   
1.17047910E+02   
1.12106421E+02   
1.13277255E+02   
8.79072815E+01   
9.44560912E+01   
8.06870374E+01   
9.82382476E+01   
9.72398480E+01   
9.47990598E+01   
1.03133127E+02   
1.08358572E+02   
1.06895579E+02   
1.01358172E+02   
1.18155231E+02   
1.02201240E+02   
1.01589218E+02   
1.00331266E+02   
9.05138028E+01   
1.06520604E+02   
9.18286657E+01   
1.01554711E+02   
9.26682336E+01   
9.53685737E+01   
9.21957391E+01   
8.13693739E+01   
9.80168034E+01   
8.72542509E+01   
1.08447089E+02   
1.09663833E+02   
8.87020404E+01   
9.20997199E+01   
1.07726645E+02   
8.13141628E+01   
8.63849770E+01   
1.13387377E+02   
1.02900480E+02   
9.95315063E+01   
9.77895579E+01   
9.61285257E+01   
9.95247049E+01   
8.17701540E+01   
8.98932787E+01   
9.11437287E+01   
1.11774355E+02   
1.09764353E+02   
9.63985797E+01   
1.01387177E+02   
1.03671434E+02   
1.13151530E+02   
1.06593819E+02   
1.08401780E+02   
8.84041808E+01   
1.03793959E+02   
1.07633027E+02   
9.14101820E+01   
1.11194539E+02   
1.19940288E+02   
1.06798860E+02   
9.72320464E+01   
9.26019204E+01   
1.20626625E+02   
1.12358772E+02   
1.05952290E+02   
1.02489098E+02   
1.14887678E+02   
1.00812262E+02   
9.68828766E+01   
9.60441088E+01   
1.14514003E+02   
1.22542008E+02   
8.38315663E+01   
1.15256151E+02   
1.24601020E+02   
9.81194239E+01   
1.00160332E+02   
1.05331166E+02   
1.05575715E+02   
9.58832767E+01   
1.12929086E+02   
9.40365073E+01   
8.19600920E+01   
9.00365073E+01   
1.01865573E+02   
9.60119024E+01   
1.12740148E+02   
1.07169234E+02   
9.23071614E+01   
9.55932186E+01   
1.12453791E+02   
1.15153331E+02   
8.80192038E+01   
1.10150830E+02   
8.41778356E+01   
1.08728946E+02   
9.67488498E+01   
1.06435887E+02   
1.11872875E+02   
9.34306861E+01   
1.01050310E+02   
9.73931786E+01   
9.45376075E+01   
1.08535507E+02   
1.09255751E+02   
1.24230446E+02   
8.90695139E+01   
1.07669834E+02   
1.07019204E+02   
9.50192038E+01   
9.65646129E+01   
1.05321864E+02   
1.14018804E+02   
1.04476995E+02   
9.49387878E+01   
1.01180036E+02   
9.21715343E+01   
1.01863673E+02   
8.37081416E+01   
8.43437688E+01   
1.07111522E+02   
1.12906981E+02   
9.77992599E+01   
9.58628726E+01   
1.03804861E+02   
1.07233547E+02   
1.02072314E+02   
9.79160832E+01   
1.01656531E+02   
1.09272755E+02   
8.56997399E+01   
8.88580716E+01   
1.07743249E+02   
1.07060012E+02   
1.02055211E+02   
1.04342669E+02   
1.04477796E+02   
1.17212342E+02   
1.27347469E+02   
1.18859672E+02   
1.08330666E+02   
1.13222344E+02   
1.09157532E+02   
1.16237548E+02   
8.98428686E+01   
1.16005601E+02   
1.26185537E+02   
1.07698140E+02   
1.02520604E+02   
8.36861372E+01   
1.08207542E+02   
1.29494999E+02   
9.75334067E+01   
1.26684537E+02   
1.15344669E+02   
9.24446889E+01   
1.38503001E+02   
1.19281456E+02   
9.82151430E+01   
1.00140328E+02   
1.04248350E+02   
1.38648130E+02   
1.14950090E+02   
1.17090718E+02   
1.12501000E+02   
9.77545509E+01   
9.88492699E+01   
1.03976795E+02   
1.04146729E+02   
1.02718944E+02   
1.23073215E+02   
1.09670534E+02   
1.25135327E+02   
1.45968294E+02   
1.35732547E+02   
1.14119824E+02   
1.20397580E+02   
1.10094419E+02   
1.15167033E+02   
1.03528306E+02   
1.31614823E+02   
1.27817764E+02   
1.13120724E+02   
1.06658932E+02   
1.01012102E+02   
1.20574815E+02   
9.98344669E+01   
8.50217043E+01   
1.08116823E+02   
1.07008302E+02   
1.13018404E+02   
9.73862773E+01   
9.96782356E+01   
1.11685437E+02   
1.10989898E+02   
1.05207542E+02   
1.09138028E+02   
1.24111722E+02   
1.10365473E+02   
1.34410082E+02   
1.09961492E+02   
1.22342569E+02   
1.16029206E+02   
1.07499500E+02   
1.07478396E+02   
1.27266653E+02   
1.15922585E+02   
1.22552811E+02   
1.21259052E+02   
1.04122925E+02   
1.16174035E+02   
1.19259452E+02   
1.00332867E+02   
1.16983697E+02   
1.09090618E+02   
9.91146229E+01   
1.12442589E+02   
1.36521304E+02   
1.30940888E+02   
1.06192839E+02   
1.21393179E+02   
1.23696239E+02   
1.06216743E+02   
1.00807762E+02   
1.16248150E+02   
1.09586817E+02   
1.09430186E+02   
1.13427786E+02   
1.14400180E+02   
1.16037007E+02   
1.23822565E+02   
1.11026905E+02   
1.05422384E+02   
9.88146629E+01   
9.74263853E+01   
1.20028906E+02   
1.24427085E+02   
1.35214643E+02   
1.09252551E+02   
1.27823665E+02   
1.21566213E+02   
1.14059012E+02   
1.13023605E+02   
1.21456791E+02   
1.36744149E+02   
1.18280956E+02   
1.14994699E+02   
1.33260452E+02   
1.31611322E+02   
1.21574015E+02   
1.12266453E+02   
1.39726845E+02   
1.39695339E+02   
1.05231146E+02   
1.15741648E+02   
1.15770754E+02   
1.22506301E+02   
1.22279356E+02   
1.23972995E+02   
1.06332066E+02   
1.22614223E+02   
1.12753151E+02   
1.19508802E+02   
1.29237948E+02   
1.24107321E+02   
1.03011602E+02   
1.41102120E+02   
1.17095719E+02   
1.27240748E+02   
1.33026405E+02   
1.20457491E+02   
1.31459092E+02   
1.37648230E+02   
1.37008702E+02   
1.28038508E+02   
1.20763953E+02   
1.54988298E+02   
1.27881876E+02   
1.33960192E+02   
1.46098020E+02   
1.30644729E+02   
1.27007101E+02   
1.31539508E+02   
1.21419184E+02   
1.28144629E+02   
1.24704441E+02   
1.25131326E+02   
1.13912983E+02   
1.29911482E+02   
1.28585217E+02   
1.24237648E+02   
1.26605921E+02   
1.42458792E+02   
1.29150130E+02   
1.33651230E+02   
1.27473495E+02   
1.37152931E+02   
1.26288658E+02   
1.38854771E+02   
1.27976495E+02   
1.34615623E+02   
1.16074315E+02   
1.47853171E+02   
1.32598420E+02   
1.23648730E+02   
1.15562112E+02   
1.12170134E+02   
1.29016903E+02   
1.20796859E+02   
1.26800960E+02   
1.56716543E+02   
1.32796059E+02   
1.28351070E+02   
1.44729846E+02   
1.25867073E+02   
1.36563713E+02   
1.27924485E+02   
1.34917283E+02   
1.34961792E+02   
1.30259552E+02   
1.47966993E+02   
1.21138828E+02   
1.26441288E+02   
1.43209342E+02   
1.33656131E+02   
1.35111722E+02   
1.39456491E+02   
1.33595819E+02   
1.17272855E+02   
1.35507502E+02   
1.44269554E+02   
1.32151030E+02   
1.27708042E+02   
1.38787658E+02   
1.28893079E+02   
1.33438288E+02   
1.35542909E+02   
1.25510702E+02   
1.39939788E+02   
1.41545309E+02   
1.52108222E+02   
1.33562312E+02   
1.21978396E+02   
1.35516303E+02   
1.37556711E+02   
1.23761852E+02   
1.33010202E+02   
1.40737848E+02   
1.55798660E+02   
1.35547510E+02   
1.48275555E+02   
1.34044809E+02   
1.37541708E+02   
1.10777455E+02   
1.07261552E+02   
1.38764253E+02   
1.42530306E+02   
1.45776655E+02   
1.42276755E+02   
1.32770654E+02   
1.34803861E+02   
1.51032006E+02   
1.43022605E+02   
1.62788658E+02   
1.45259552E+02   
1.56268154E+02   
1.27742048E+02   
1.36891478E+02   
1.49175535E+02   
1.39749850E+02   
1.33301360E+02   
1.43561312E+02   
1.51771654E+02   
1.42311362E+02   
1.50543909E+02   
1.45545509E+02   
1.56578916E+02   
1.51708442E+02   
1.54148730E+02   
1.22578916E+02   
1.48621924E+02   
1.51990598E+02   
1.35123525E+02   
1.35151830E+02   
1.37811062E+02   
1.37813463E+02   
1.43601720E+02   
1.57393579E+02   
1.53671234E+02   
1.47979796E+02   
1.43922384E+02   
1.40291558E+02   
1.48142829E+02   
1.49413983E+02   
1.66322665E+02   
1.57888078E+02   
1.48968194E+02   
1.49436987E+02   
1.24622525E+02   
1.38825865E+02   
1.44503801E+02   
1.55638528E+02   
1.60985097E+02   
1.62050010E+02   
1.37180436E+02   
1.43987097E+02   
1.19374175E+02   
1.47270654E+02   
1.48677435E+02   
1.64367674E+02   
1.54419184E+02   
1.38853171E+02   
1.37834467E+02   
1.57217043E+02   
1.50298460E+02   
1.32393779E+02   
1.43493599E+02   
1.58482897E+02   
1.59657031E+02   
1.67880976E+02   
1.55554411E+02   
1.46271254E+02   
1.31474095E+02   
1.38454091E+02   
1.44695339E+02   
1.47593919E+02   
1.38194539E+02   
1.44800360E+02   
1.46254051E+02   
1.58422985E+02   
1.38631426E+02   
1.33747249E+02   
1.51830366E+02   
1.54065513E+02   
1.41903381E+02   
1.59346869E+02   
1.67397680E+02   
1.52464093E+02   
1.38745249E+02   
1.42009702E+02   
1.52015303E+02   
1.55329466E+02   
1.57452591E+02   
1.50469994E+02   
1.52884677E+02   
1.56459292E+02   
1.52462793E+02   
1.66310062E+02   
1.81198140E+02   
1.77019004E+02   
1.52746049E+02   
1.66472995E+02   
1.74305061E+02   
1.62877776E+02   
1.71790258E+02   
1.62693039E+02   
1.46770154E+02   
1.55742448E+02   
1.67997099E+02   
1.62067714E+02   
1.73116823E+02   
1.60867574E+02   
1.70375275E+02   
1.71427886E+02   
1.47667634E+02   
1.48619924E+02   
1.69679236E+02   
1.62738748E+02   
1.60503801E+02   
1.60556211E+02   
1.55576715E+02   
1.52187337E+02   
1.73807762E+02   
1.68438488E+02   
1.56517003E+02   
1.91438088E+02   
1.68754851E+02   
1.56591918E+02   
1.59543009E+02   
1.65342368E+02   
1.72925485E+02   
1.68335967E+02   
1.67531806E+02   
1.49632326E+02   
1.55537407E+02   
1.72033607E+02   
1.60543409E+02   
1.63128526E+02   
1.63217844E+02   
1.62394079E+02   
1.50705541E+02   
1.96683537E+02   
1.87301560E+02   
1.67818164E+02   
1.56289158E+02   
1.54170934E+02   
1.79482496E+02   
1.91280756E+02   
1.82966793E+02   
1.79873375E+02   
1.52957191E+02   
1.71492498E+02   
1.66815963E+02   
1.85483097E+02   
1.76270254E+02   
1.76725645E+02   
1.62385377E+02   
1.59684237E+02   
1.72656331E+02   
1.78990498E+02   
1.75653531E+02   
1.92270454E+02   
1.76165033E+02   
1.62283657E+02   
1.65416283E+02   
1.74156231E+02   
1.74663133E+02   
1.70263653E+02   
1.71808362E+02   
1.76254051E+02   
1.64342468E+02   
1.76931686E+02   
1.77095819E+02   
1.93071614E+02   
1.62009202E+02   
1.91594519E+02   
1.73809062E+02   
1.67987097E+02   
1.77627025E+02   
1.66162733E+02   
1.73546809E+02   
1.69196439E+02   
1.75953391E+02   
1.75958192E+02   
1.78641828E+02   
1.82681136E+02   
1.94038808E+02   
1.66880976E+02   
1.72032406E+02   
1.78154431E+02   
1.62440288E+02   
1.87826465E+02   
1.79844469E+02   
1.72844969E+02   
1.95384477E+02   
1.94336267E+02   
1.76101920E+02   
1.81990198E+02   
1.68786457E+02   
1.80208342E+02   
1.83384077E+02   
1.80446889E+02   
1.91943389E+02   
1.82409882E+02   
1.73011802E+02   
1.74732246E+02   
1.85396679E+02   
1.89997600E+02   
1.84368774E+02   
1.92044909E+02   
1.88363473E+02   
1.94366673E+02   
2.01713843E+02   
1.83368674E+02   
1.93039208E+02   
1.94704941E+02   
1.82047109E+02   
1.92025005E+02   
2.01710242E+02   
2.05686737E+02   
1.89692138E+02   
1.72712643E+02   
1.60071214E+02   
2.04407281E+02   
1.97311762E+02   
2.11437888E+02   
1.95649630E+02   
2.07451890E+02   
2.00721944E+02   
2.06513503E+02   
1.70804261E+02   
1.90698440E+02   
1.95505001E+02   
2.01822565E+02   
1.82833467E+02   
2.19065113E+02   
1.90331766E+02   
1.94778556E+02   
2.15986197E+02   
1.91118024E+02   
1.75932086E+02   
1.90287457E+02   
1.78380376E+02   
1.80173635E+02   
2.23696039E+02   
1.99276255E+02   
1.96535207E+02   
1.93500900E+02   
1.80399180E+02   
2.13632126E+02   
1.70724445E+02   
2.07521604E+02   
2.05949790E+02   
2.08756851E+02   
2.08667534E+02   
2.04533707E+02   
2.05942188E+02   
1.84732947E+02   
1.88995499E+02   
1.96336867E+02   
1.97905681E+02   
2.16947489E+02   
1.93376275E+02   
2.00807562E+02   
1.97746249E+02   
2.01811462E+02   
2.22293259E+02   
2.28671734E+02   
2.17205041E+02   
1.89553811E+02   
2.01748350E+02   
1.92361172E+02   
2.23427586E+02   
2.11244549E+02   
2.17405181E+02   
2.16969694E+02   
2.05461892E+02   
2.15187838E+02   
2.04139128E+02   
2.36222545E+02   
2.10634927E+02   
2.21923685E+02   
1.98126825E+02   
2.10718344E+02   
2.14765153E+02   
2.07235747E+02   
2.11145829E+02   
1.73864173E+02   
2.15565913E+02   
2.25048310E+02   
2.15765953E+02   
2.16675635E+02   
1.89132326E+02   
1.95933587E+02   
2.00147229E+02   
2.22233847E+02   
2.11480996E+02   
2.07436487E+02   
2.22210942E+02   
2.16980196E+02   
2.20002701E+02   
2.11097820E+02   
2.19879376E+02   
2.21991498E+02   
2.14674435E+02   
2.10630226E+02   
2.05166633E+02   
1.98925385E+02   
2.57461492E+02   
2.70054011E+02   
2.70054011E+02   
2.70054011E+02   
2.70054011E+02   
2.79746149E+02   
3.38035207E+02   
3.28489998E+02   
3.05188538E+02   
3.17923285E+02   
3.16306661E+02   
3.51569714E+02   
3.30073415E+02   
3.54320064E+02   
3.69845969E+02   
3.47659032E+02   
3.21954291E+02   
3.35161932E+02   
3.25687237E+02   
3.33956691E+02   
3.20794159E+02   
3.40372875E+02   
3.45931286E+02   
3.46188238E+02   
3.37581116E+02   
3.14056311E+02   
3.59880176E+02   
3.22059312E+02   
3.30029706E+02   
3.66040108E+02   
3.41270554E+02   
3.24532507E+02   
3.07885877E+02   
3.29161232E+02   
3.48756251E+02   
3.43146629E+02   
3.40064313E+02   
3.29320264E+02   
3.61690038E+02   
3.62893579E+02   
3.40616323E+02   
3.53296459E+02   
3.51457592E+02   
3.38786257E+02   
3.69840768E+02   
3.59029106E+02   
3.38955391E+02   
3.49857171E+02   
3.64733747E+02   
3.50290458E+02   
3.50805861E+02   
3.53987898E+02   
3.44417483E+02   
3.19150630E+02   
3.51813063E+02   
3.63996999E+02   
3.65141428E+02   
3.52366473E+02   
3.63287658E+02   
3.81356771E+02   
3.92081616E+02   
3.57294459E+02   
3.54401780E+02   
3.76467594E+02   
3.83279256E+02   
3.73387477E+02   
3.90315463E+02   
3.73474395E+02   
3.85077215E+02   
3.63890178E+02   
3.52282557E+02   
3.60063013E+02   
3.80064713E+02   
3.99885677E+02   
3.55077916E+02   
3.89669434E+02   
3.60044109E+02   
3.53733147E+02   
4.03277255E+02   
3.82423285E+02   
3.55501400E+02   
3.75107021E+02   
3.93868474E+02   
3.80998400E+02   
3.72583917E+02   
3.66960892E+02   
3.98036207E+02   
3.98027405E+02   
4.42228746E+02   
4.30682837E+02   
4.36461692E+02   
4.43608222E+02   
4.46935887E+02   
4.19389378E+02   
4.47781856E+02   
4.09866073E+02   
4.34806161E+02   
4.36898380E+02   
4.23871674E+02   
4.19188538E+02   
4.02542709E+02   
4.16659332E+02   
4.33913083E+02   
4.11549010E+02   
4.01674535E+02   
4.11239948E+02   
4.07470694E+02   
4.00087217E+02   
4.34979596E+02   
4.03222244E+02   
4.26911982E+02   
4.08235047E+02   
4.03775555E+02   
4.04247249E+02   
4.09330966E+02   
3.74409082E+02   
3.97427886E+02   
4.18980896E+02   
4.02661232E+02   
3.76435387E+02   
3.83516703E+02   
4.29733747E+02   
4.01244849E+02   
4.21443089E+02   
4.09780656E+02   
4.30758452E+02   
4.40981196E+02   
4.05139028E+02   
4.00130926E+02   
3.95013403E+02   
3.72500000E+02   
3.92425385E+02   
3.98306261E+02   
3.98220744E+02   
3.87299460E+02   
4.19808862E+02   
4.26381276E+02   
3.95761852E+02   
4.20900580E+02   
4.48005201E+02   
4.06532607E+02   
4.26027105E+02   
4.43082717E+02   
4.31112923E+02   
4.05502901E+02   
4.24513003E+02   
4.01794459E+02   
4.18235847E+02   
4.44365673E+02   
4.02235947E+02   
4.38824665E+02   
4.44347369E+02   
4.22201740E+02   
4.14538308E+02   
4.16573115E+02   
4.17106321E+02   
4.23812362E+02   
4.43186537E+02   
4.33617724E+02   
4.27226745E+02   
3.94337367E+02   
4.15435887E+02   
4.22425385E+02   
4.37366573E+02   
4.35853771E+02   
4.10981996E+02   
3.96375175E+02   
4.21459292E+02   
4.08839968E+02   
4.11717143E+02   
4.21017704E+02   
3.87059412E+02   
3.90630126E+02   
3.87330266E+02   
3.87362372E+02   
3.82740748E+02   
3.70336567E+02   
3.63923485E+02   
3.37534907E+02   
3.91108822E+02   
3.77553811E+02   
3.62653831E+02   
3.65051410E+02   
3.59638228E+02   
3.45510802E+02   
3.47177235E+02   
3.42976495E+02   
3.53481996E+02   
3.71673235E+02   
3.47793159E+02   
3.27873075E+02   
3.45225045E+02   
3.41334267E+02   
3.57442689E+02   
3.46036107E+02   
3.51004701E+02   
3.51928086E+02   
3.64628226E+02   
3.10661132E+02   
3.44163633E+02   
3.44431786E+02   
3.56560912E+02   
3.57068814E+02   
3.40260852E+02   
3.45686337E+02   
3.48692739E+02   
3.54994899E+02   
3.62513103E+02   
3.47448990E+02   
3.58246249E+02   
3.37981296E+02   
3.38981196E+02   
3.19426885E+02   
3.38772555E+02   
3.39800360E+02   
3.18805161E+02   
3.81924685E+02   
3.38005801E+02   
3.16185937E+02   
3.21942088E+02   
3.29275555E+02   
3.36117924E+02   
3.54692438E+02   
3.63170134E+02   
3.28064013E+02   
3.37505401E+02   
3.83453891E+02   
3.46309562E+02   
3.43993099E+02   
3.38069214E+02   
3.25722645E+02   
3.22636627E+02   
3.14676035E+02   
3.30313563E+02   
3.36817664E+02   
3.23206441E+02   
3.20668434E+02   
3.21702641E+02   
3.32286957E+02   
3.32257852E+02   
3.13802661E+02   
3.67337467E+02   
3.08767053E+02   
2.98964993E+02   
3.21977696E+02   
2.95999200E+02   
3.36730646E+02   
3.28742148E+02   
3.08244449E+02   
3.25765953E+02   
3.16358072E+02   
2.92878876E+02   
3.09847469E+02   
3.33595619E+02   
3.19036507E+02   
3.42123015E+02   
4.33486697E+02   
4.33486697E+02   
4.33486697E+02   
4.33486697E+02   
4.33486697E+02   
5.15561082E+02   
5.41137127E+02   
5.54916383E+02   
5.59922785E+02   
5.66823665E+02   
5.62360372E+02   
5.90189938E+02   
5.82431286E+02   
5.81592919E+02   
5.89781856E+02   
6.01811662E+02   
5.60804461E+02   
5.80757351E+02   
5.74594719E+02   
5.46383677E+02   
5.72176735E+02   
5.92339268E+02   
5.43401680E+02   
5.61202340E+02   
5.93909982E+02   
6.00369174E+02   
5.76914583E+02   
5.86915983E+02   
5.80129126E+02   
6.09126925E+02   
5.82845569E+02   
5.80551310E+02   
5.72397179E+02   
5.81949990E+02   
5.84684037E+02   
6.23859972E+02   
5.86082917E+02   
5.99261152E+02   
5.97864473E+02   
5.78153131E+02   
5.94560912E+02   
5.39623225E+02   
5.62212442E+02   
5.99609122E+02   
6.05969694E+02   
5.67220044E+02   
5.58924785E+02   
5.66690438E+02   
5.83054011E+02   
5.77841268E+02   
5.45160032E+02   
5.63327165E+02   
5.81155631E+02   
5.64746049E+02   
5.80972795E+02   
6.08964793E+02   
6.00236847E+02   
6.06193639E+02   
5.90164833E+02   
5.80987197E+02   
5.79196839E+02   
5.84128026E+02   
5.99569214E+02   
6.18595619E+02   
5.70140028E+02   
5.91141628E+02   
5.82607622E+02   
5.71113223E+02   
5.87112422E+02   
5.72634027E+02   
6.04106421E+02   
5.90040808E+02   
5.80218444E+02   
6.06620024E+02   
6.11105221E+02   
6.08629226E+02   
5.81581216E+02   
6.14212442E+02   
6.27568814E+02   
5.94433587E+02   
6.37448490E+02   
5.95491598E+02   
6.25289658E+02   
6.25472795E+02   
6.40561612E+02   
6.46928886E+02   
6.29415983E+02   
6.79604921E+02   
7.14640428E+02   
7.05954791E+02   
7.19740848E+02   
6.85307962E+02   
7.44060112E+02   
7.28387177E+02   
6.17769954E+02   
6.43881276E+02   
6.82550510E+02   
6.92131126E+02   
6.56931586E+02   
6.33508402E+02   
6.13870874E+02   
6.44073215E+02   
6.41042008E+02   
6.38839668E+02   
6.19229946E+02   
5.90725245E+02   
6.54668434E+02   
6.08574815E+02   
6.24802060E+02   
5.98319464E+02   
5.74830466E+02   
5.97393679E+02   
5.69830366E+02   
6.23296059E+02   
5.72416883E+02   
6.08756851E+02   
5.56272555E+02   
5.15697740E+02   
5.94558512E+02   
6.16055311E+02   
5.99732847E+02   
6.16307862E+02   
5.67981596E+02   
5.48633627E+02   
5.45929186E+02   
6.12049310E+02   
5.73021604E+02   
5.74634327E+02   
5.06777255E+02   
5.74775055E+02   
5.31464493E+02   
5.31999200E+02   
4.98522004E+02   
5.27730846E+02   
5.32305961E+02   
4.78205241E+02   
5.06269854E+02   
4.27198040E+02   
4.44769354E+02   
4.75704241E+02   
4.47847670E+02   
4.06374575E+02   
4.23512302E+02   
4.36726345E+02   
3.93446589E+02   
3.89290758E+02   
3.80990298E+02   
3.96209742E+02   
3.71911382E+02   
3.70963793E+02   
3.41796159E+02   
3.64801460E+02   
3.30473295E+02   
3.58588318E+02   
3.32364973E+02   
3.34017403E+02   
2.99346469E+02   
3.47672835E+02   
3.21602420E+02   
3.37140028E+02   
3.13876575E+02   
2.85656131E+02   
3.00838668E+02   
2.89206141E+02   
2.68133127E+02   
2.63065313E+02   
2.87649830E+02   
2.66751650E+02   
2.55351570E+02   
2.76806761E+02   
2.51178336E+02   
2.20921484E+02   
2.26169734E+02   
2.23824665E+02   
2.14924085E+02   
2.13672034E+02   
2.16218044E+02   
1.91885077E+02   
1.86595119E+02   
1.68669634E+02   
1.74219944E+02   
1.50577516E+02   
1.69305661E+02   
1.67320964E+02   
1.81009002E+02   
1.49916283E+02   
1.62619824E+02   
1.68130026E+02   
1.63195939E+02   
1.49092719E+02   
1.43126825E+02   
1.49128426E+02   
1.36579816E+02   
1.19022404E+02   
1.13065113E+02   
1.13286957E+02   
1.29679636E+02   
1.10609922E+02   
1.10155931E+02   
1.12206541E+02   
1.21173835E+02   
1.04589918E+02   
1.02771754E+02   
1.03259452E+02   
9.93377676E+01   
1.02800760E+02   
1.02353171E+02   
9.52428486E+01   
9.80050010E+01   
9.15700140E+01   
8.19140828E+01   
8.75555111E+01   
7.74772955E+01   
8.28084617E+01   
9.99300860E+01   
7.77514503E+01   
7.56583317E+01   
7.96936387E+01   
7.36189238E+01   
6.81674335E+01   
5.55235047E+01   
7.78038608E+01   
8.50843169E+01   
7.56411282E+01   
5.34503901E+01   
7.43920784E+01   
5.91246249E+01   
4.30096019E+01   
5.49604921E+01   
5.43179636E+01   
5.68372675E+01   
4.20946189E+01   
4.27435487E+01   
3.62365473E+01   
4.05772154E+01   
3.74730946E+01   
3.93047610E+01   
3.35744149E+01   
4.32382476E+01   
4.82065413E+01   
8.49897980E+01   
6.03141628E+01   
2.75752150E+01   
3.04280856E+01   
3.31539308E+01   
2.71484297E+01   
1.91474295E+01   
1.58620724E+01   
1.95764153E+01   
1.78587718E+01   
1.92964593E+01   
2.24315863E+01   
1.51347269E+01   
1.51516303E+01   
6.97989598E+00   
8.41140228E+00   
9.60192038E+00   
9.60192038E+00   
9.60192038E+00   
9.60192038E+00   
6.83128626E+00   
0.00000000E+00   
0.00000000E+00   
0.00000000E+00   
0.00000000E+00   
0.00000000E+00   
0.00000000E+00   
0.00000000E+00   
0.00000000E+00   
0.00000000E+00   
0.00000000E+00   
0.00000000E+00   
0.00000000E+00   
0.00000000E+00   
0.00000000E+00   
0.00000000E+00   
5.00000000E+00   
0.00000000E+00   
0.00000000E+00   
0.00000000E+00   
0.00000000E+00   
0.00000000E+00   
0.00000000E+00   
0.00000000E+00   
0.00000000E+00   
0.00000000E+00   
0.00000000E+00   
0.00000000E+00   
0.00000000E+00   
0.00000000E+00   
0.00000000E+00   
0.00000000E+00   
0.00000000E+00   
0.00000000E+00   
0.00000000E+00   
0.00000000E+00   
0.00000000E+00   
0.00000000E+00   
0.00000000E+00   
0.00000000E+00   
0.00000000E+00   
0.00000000E+00   
0.00000000E+00   
0.00000000E+00   
0.00000000E+00   
0.00000000E+00   
0.00000000E+00   
0.00000000E+00   
5.96419284E-01   
4.03580716E-01   
0.00000000E+00   
0.00000000E+00   
0.00000000E+00   
0.00000000E+00   
0.00000000E+00   
0.00000000E+00   
0.00000000E+00   
0.00000000E+00   
0.00000000E+00   
0.00000000E+00   
0.00000000E+00   
0.00000000E+00   
0.00000000E+00   
0.00000000E+00   
0.00000000E+00   
0.00000000E+00   
0.00000000E+00   
0.00000000E+00   
0.00000000E+00   
0.00000000E+00   
0.00000000E+00   
0.00000000E+00   
0.00000000E+00   
0.00000000E+00   
0.00000000E+00   
0.00000000E+00   
0.00000000E+00   
6.08021604E-01   
3.91978396E-01   
0.00000000E+00   
0.00000000E+00   
1.00000000E+00   
0.00000000E+00   
0.00000000E+00   
0.00000000E+00   
0.00000000E+00   
0.00000000E+00   
0.00000000E+00   
0.00000000E+00   
0.00000000E+00   
0.00000000E+00   
0.00000000E+00   
0.00000000E+00   
0.00000000E+00   
0.00000000E+00   
0.00000000E+00   
0.00000000E+00   
0.00000000E+00   
0.00000000E+00   
0.00000000E+00   
0.00000000E+00   
0.00000000E+00   
0.00000000E+00   
0.00000000E+00   
0.00000000E+00   
0.00000000E+00   
0.00000000E+00   
6.20024005E-01   
3.79975995E-01   
0.00000000E+00   
0.00000000E+00   
0.00000000E+00   
0.00000000E+00   
0.00000000E+00   
0.00000000E+00   
0.00000000E+00   
0.00000000E+00   
0.00000000E+00   
0.00000000E+00   
0.00000000E+00   
0.00000000E+00   
0.00000000E+00   
0.00000000E+00   
0.00000000E+00   
0.00000000E+00   
0.00000000E+00   
0.00000000E+00   
0.00000000E+00   
6.28425685E-01   
3.71574315E-01   
0.00000000E+00   
0.00000000E+00   
0.00000000E+00   
0.00000000E+00   
0.00000000E+00   
0.00000000E+00   
0.00000000E+00   
0.00000000E+00   
0.00000000E+00   
0.00000000E+00   
0.00000000E+00   
0.00000000E+00   
0.00000000E+00   
0.00000000E+00   
0.00000000E+00   
0.00000000E+00   
0.00000000E+00   
0.00000000E+00   
0.00000000E+00   
0.00000000E+00   
0.00000000E+00   
0.00000000E+00   
0.00000000E+00   
0.00000000E+00   
0.00000000E+00   
0.00000000E+00   
2.00000000E+00   
0.00000000E+00   
0.00000000E+00   
0.00000000E+00   
0.00000000E+00   
0.00000000E+00   
0.00000000E+00   
0.00000000E+00   
0.00000000E+00   
0.00000000E+00   
0.00000000E+00   
0.00000000E+00   
0.00000000E+00   
0.00000000E+00   
0.00000000E+00   
0.00000000E+00   
0.00000000E+00   
0.00000000E+00   
0.00000000E+00   
0.00000000E+00   
0.00000000E+00   
0.00000000E+00   
0.00000000E+00   
0.00000000E+00   
0.00000000E+00   
0.00000000E+00   
0.00000000E+00   
0.00000000E+00   
0.00000000E+00   
0.00000000E+00   
0.00000000E+00   
0.00000000E+00   
0.00000000E+00   
0.00000000E+00   
0.00000000E+00   
0.00000000E+00   
0.00000000E+00   
0.00000000E+00   
0.00000000E+00   
0.00000000E+00   
0.00000000E+00   
0.00000000E+00   
0.00000000E+00   
0.00000000E+00   
0.00000000E+00   
0.00000000E+00   
0.00000000E+00   
0.00000000E+00   
0.00000000E+00   
0.00000000E+00   
0.00000000E+00   
0.00000000E+00   
0.00000000E+00   
0.00000000E+00   
0.00000000E+00   
0.00000000E+00   
0.00000000E+00   
0.00000000E+00   
0.00000000E+00   
0.00000000E+00   
0.00000000E+00   
0.00000000E+00   
0.00000000E+00   
0.00000000E+00   
0.00000000E+00   
0.00000000E+00   
0.00000000E+00   
0.00000000E+00   
0.00000000E+00   
0.00000000E+00   
0.00000000E+00   
0.00000000E+00   
0.00000000E+00   
0.00000000E+00   
0.00000000E+00   
0.00000000E+00   
0.00000000E+00   
0.00000000E+00   
0.00000000E+00   
0.00000000E+00   
0.00000000E+00   
0.00000000E+00   
0.00000000E+00   
0.00000000E+00   
6.73234647E-01   
3.26765353E-01   
0.00000000E+00   
0.00000000E+00   
0.00000000E+00   
0.00000000E+00   
6.75635127E-01   
3.24364873E-01   
0.00000000E+00   
0.00000000E+00   
0.00000000E+00   
0.00000000E+00   
0.00000000E+00   
0.00000000E+00   
0.00000000E+00   
0.00000000E+00   
0.00000000E+00   
0.00000000E+00   
0.00000000E+00   
0.00000000E+00   
0.00000000E+00   
0.00000000E+00   
0.00000000E+00   
0.00000000E+00   
0.00000000E+00   
0.00000000E+00   
0.00000000E+00   
0.00000000E+00   
0.00000000E+00   
6.84836967E-01   
3.15163033E-01   
0.00000000E+00   
0.00000000E+00   
0.00000000E+00   
0.00000000E+00   
0.00000000E+00   
0.00000000E+00   
0.00000000E+00   
0.00000000E+00   
0.00000000E+00   
0.00000000E+00   
0.00000000E+00   
0.00000000E+00   
0.00000000E+00   
0.00000000E+00   
0.00000000E+00   
0.00000000E+00   
0.00000000E+00   
0.00000000E+00   
0.00000000E+00   
0.00000000E+00   
0.00000000E+00   
0.00000000E+00   
0.00000000E+00   
0.00000000E+00   
0.00000000E+00   
0.00000000E+00   
0.00000000E+00   
0.00000000E+00   
0.00000000E+00   
0.00000000E+00   
0.00000000E+00   
0.00000000E+00   
0.00000000E+00   
0.00000000E+00   
0.00000000E+00   
0.00000000E+00   
0.00000000E+00   
7.00440088E-01   
2.99559912E-01   
0.00000000E+00   
0.00000000E+00   
0.00000000E+00   
0.00000000E+00   
0.00000000E+00   
0.00000000E+00   
0.00000000E+00   
0.00000000E+00   
0.00000000E+00   
0.00000000E+00   
0.00000000E+00   
0.00000000E+00   
0.00000000E+00   
0.00000000E+00   
0.00000000E+00   
1.00000000E+00   
0.00000000E+00   
0.00000000E+00   
0.00000000E+00   
0.00000000E+00   
0.00000000E+00   
0.00000000E+00   
0.00000000E+00   
0.00000000E+00   
0.00000000E+00   
0.00000000E+00   
0.00000000E+00   
0.00000000E+00   
0.00000000E+00   
0.00000000E+00   
0.00000000E+00   
0.00000000E+00   
0.00000000E+00   
0.00000000E+00   
0.00000000E+00   
0.00000000E+00   
0.00000000E+00   
0.00000000E+00   
0.00000000E+00   
0.00000000E+00   
0.00000000E+00   
0.00000000E+00   
0.00000000E+00   
0.00000000E+00   
0.00000000E+00   
0.00000000E+00   
0.00000000E+00   
1.00000000E+00   
0.00000000E+00   
0.00000000E+00   
0.00000000E+00   
0.00000000E+00   
0.00000000E+00   
0.00000000E+00   
0.00000000E+00   
0.00000000E+00   
0.00000000E+00   
0.00000000E+00   
0.00000000E+00   
0.00000000E+00   
0.00000000E+00   
0.00000000E+00   
0.00000000E+00   
0.00000000E+00   
0.00000000E+00   
0.00000000E+00   
0.00000000E+00   
0.00000000E+00   
0.00000000E+00   
0.00000000E+00   
0.00000000E+00   
0.00000000E+00   
0.00000000E+00   
0.00000000E+00   
1.00000000E+00   
0.00000000E+00   
0.00000000E+00   
0.00000000E+00   
0.00000000E+00   
0.00000000E+00   
0.00000000E+00   
0.00000000E+00   
0.00000000E+00   
0.00000000E+00   
0.00000000E+00   
0.00000000E+00   
7.35647129E-01   
2.64352871E-01   
0.00000000E+00   
0.00000000E+00   
0.00000000E+00   
0.00000000E+00   
0.00000000E+00   
0.00000000E+00   
0.00000000E+00   
0.00000000E+00   
0.00000000E+00   
0.00000000E+00   
0.00000000E+00   
1.00000000E+00   
0.00000000E+00   
0.00000000E+00   
0.00000000E+00   
0.00000000E+00   
0.00000000E+00   
0.00000000E+00   
0.00000000E+00   
0.00000000E+00   
0.00000000E+00   
0.00000000E+00   
0.00000000E+00   
0.00000000E+00   
0.00000000E+00   
0.00000000E+00   
0.00000000E+00   
0.00000000E+00   
0.00000000E+00   
0.00000000E+00   
0.00000000E+00   
0.00000000E+00   
0.00000000E+00   
0.00000000E+00   
0.00000000E+00   
0.00000000E+00   
0.00000000E+00   
0.00000000E+00   
0.00000000E+00   
0.00000000E+00   
0.00000000E+00   
0.00000000E+00   
0.00000000E+00   
0.00000000E+00   
0.00000000E+00   
0.00000000E+00   
0.00000000E+00   
0.00000000E+00   
0.00000000E+00   
0.00000000E+00   
0.00000000E+00   
0.00000000E+00   
0.00000000E+00   
0.00000000E+00   
0.00000000E+00   
0.00000000E+00   
0.00000000E+00   
0.00000000E+00   
0.00000000E+00   
0.00000000E+00   
0.00000000E+00   
0.00000000E+00   
0.00000000E+00   
0.00000000E+00   
1.52410482E+00   
4.75895179E-01   
0.00000000E+00   
0.00000000E+00   
0.00000000E+00   
0.00000000E+00   
0.00000000E+00   
0.00000000E+00   
0.00000000E+00   
0.00000000E+00   
0.00000000E+00   
0.00000000E+00   
0.00000000E+00   
0.00000000E+00   
0.00000000E+00   
0.00000000E+00   
3.84226845E+00   
1.15773155E+00   
0.00000000E+00   
0.00000000E+00   
0.00000000E+00   
0.00000000E+00   
0.00000000E+00   
0.00000000E+00   
0.00000000E+00   
0.00000000E+00   
0.00000000E+00   
0.00000000E+00   
0.00000000E+00   
0.00000000E+00   
0.00000000E+00   
0.00000000E+00   
0.00000000E+00   
0.00000000E+00   
0.00000000E+00   
0.00000000E+00   
0.00000000E+00   
0.00000000E+00   
7.77255451E-01   
2.22744549E-01   
0.00000000E+00   
0.00000000E+00   
0.00000000E+00   
0.00000000E+00   
0.00000000E+00   
0.00000000E+00   
0.00000000E+00   
0.00000000E+00   
7.81256251E-01   
2.18743749E-01   
0.00000000E+00   
0.00000000E+00   
0.00000000E+00   
0.00000000E+00   
0.00000000E+00   
0.00000000E+00   
0.00000000E+00   
0.00000000E+00   
0.00000000E+00   
0.00000000E+00   
0.00000000E+00   
0.00000000E+00   
0.00000000E+00   
0.00000000E+00   
0.00000000E+00   
0.00000000E+00   
0.00000000E+00   
0.00000000E+00   
0.00000000E+00   
0.00000000E+00   
0.00000000E+00   
0.00000000E+00   
0.00000000E+00   
0.00000000E+00   
0.00000000E+00   
0.00000000E+00   
0.00000000E+00   
0.00000000E+00   
0.00000000E+00   
0.00000000E+00   
0.00000000E+00   
0.00000000E+00   
0.00000000E+00   
0.00000000E+00   
0.00000000E+00   
0.00000000E+00   
0.00000000E+00   
0.00000000E+00   
0.00000000E+00   
0.00000000E+00   
0.00000000E+00   
0.00000000E+00   
0.00000000E+00   
0.00000000E+00   
0.00000000E+00   
0.00000000E+00   
0.00000000E+00   
0.00000000E+00   
0.00000000E+00   
0.00000000E+00   
1.00000000E+00   
0.00000000E+00   
0.00000000E+00   
0.00000000E+00   
8.03660732E-01   
1.00040008E+00   
1.19593919E+00   
0.00000000E+00   
0.00000000E+00   
0.00000000E+00   
0.00000000E+00   
0.00000000E+00   
0.00000000E+00   
0.00000000E+00   
0.00000000E+00   
0.00000000E+00   
0.00000000E+00   
0.00000000E+00   
0.00000000E+00   
0.00000000E+00   
0.00000000E+00   
0.00000000E+00   
0.00000000E+00   
0.00000000E+00   
0.00000000E+00   
0.00000000E+00   
0.00000000E+00   
0.00000000E+00   
0.00000000E+00   
0.00000000E+00   
0.00000000E+00   
0.00000000E+00   
0.00000000E+00   
0.00000000E+00   
0.00000000E+00   
0.00000000E+00   
0.00000000E+00   
0.00000000E+00   
0.00000000E+00   
0.00000000E+00   
0.00000000E+00   
0.00000000E+00   
0.00000000E+00   
0.00000000E+00   
0.00000000E+00   
0.00000000E+00   
0.00000000E+00   
0.00000000E+00   
0.00000000E+00   
0.00000000E+00   
0.00000000E+00   
0.00000000E+00   
1.00000000E+00   
0.00000000E+00   
0.00000000E+00   
0.00000000E+00   
0.00000000E+00   
0.00000000E+00   
0.00000000E+00   
0.00000000E+00   
0.00000000E+00   
0.00000000E+00   
0.00000000E+00   
0.00000000E+00   
8.27665533E-01   
1.72334467E-01   
0.00000000E+00   
0.00000000E+00   
0.00000000E+00   
0.00000000E+00   
0.00000000E+00   
0.00000000E+00   
0.00000000E+00   
0.00000000E+00   
0.00000000E+00   
0.00000000E+00   
0.00000000E+00   
0.00000000E+00   
0.00000000E+00   
0.00000000E+00   
0.00000000E+00   
0.00000000E+00   
0.00000000E+00   
0.00000000E+00   
0.00000000E+00   
0.00000000E+00   
0.00000000E+00   
0.00000000E+00   
0.00000000E+00   
0.00000000E+00   
0.00000000E+00   
0.00000000E+00   
0.00000000E+00   
0.00000000E+00   
0.00000000E+00   
0.00000000E+00   
0.00000000E+00   
0.00000000E+00   
0.00000000E+00   
0.00000000E+00   
0.00000000E+00   
0.00000000E+00   
0.00000000E+00   
0.00000000E+00   
0.00000000E+00   
0.00000000E+00   
0.00000000E+00   
0.00000000E+00   
0.00000000E+00   
0.00000000E+00   
0.00000000E+00   
0.00000000E+00   
0.00000000E+00   
0.00000000E+00   
0.00000000E+00   
0.00000000E+00   
0.00000000E+00   
0.00000000E+00   
0.00000000E+00   
0.00000000E+00   
0.00000000E+00   
0.00000000E+00   
0.00000000E+00   
0.00000000E+00   
0.00000000E+00   
0.00000000E+00   
0.00000000E+00   
0.00000000E+00   
0.00000000E+00   
0.00000000E+00   
0.00000000E+00   
0.00000000E+00   
0.00000000E+00   
0.00000000E+00   
0.00000000E+00   
0.00000000E+00   
0.00000000E+00   
0.00000000E+00   
0.00000000E+00   
0.00000000E+00   
0.00000000E+00   
0.00000000E+00   
0.00000000E+00   
0.00000000E+00   
0.00000000E+00   
0.00000000E+00   
0.00000000E+00   
0.00000000E+00   
0.00000000E+00   
0.00000000E+00   
0.00000000E+00   
0.00000000E+00   
0.00000000E+00   
0.00000000E+00   
0.00000000E+00   
0.00000000E+00   
2.00000000E+00   
0.00000000E+00   
0.00000000E+00   
0.00000000E+00   
0.00000000E+00   
0.00000000E+00   
0.00000000E+00   
0.00000000E+00   
0.00000000E+00   
0.00000000E+00   
0.00000000E+00   
0.00000000E+00   
0.00000000E+00   
0.00000000E+00   
0.00000000E+00   
0.00000000E+00   
1.00000000E+00   
0.00000000E+00   
0.00000000E+00   
0.00000000E+00   
0.00000000E+00   
0.00000000E+00   
0.00000000E+00   
0.00000000E+00   
0.00000000E+00   
0.00000000E+00   
0.00000000E+00   
0.00000000E+00   
0.00000000E+00   
0.00000000E+00   
0.00000000E+00   
0.00000000E+00   
0.00000000E+00   
0.00000000E+00   
0.00000000E+00   
0.00000000E+00   
0.00000000E+00   
0.00000000E+00   
0.00000000E+00   
0.00000000E+00   
0.00000000E+00   
0.00000000E+00   
0.00000000E+00   
0.00000000E+00   
0.00000000E+00   
0.00000000E+00   
0.00000000E+00   
0.00000000E+00   
0.00000000E+00   
0.00000000E+00   
0.00000000E+00   
0.00000000E+00   
0.00000000E+00   
0.00000000E+00   
0.00000000E+00   
0.00000000E+00   
0.00000000E+00   
0.00000000E+00   
0.00000000E+00   
0.00000000E+00   
0.00000000E+00   
0.00000000E+00   
0.00000000E+00   
0.00000000E+00   
0.00000000E+00   
0.00000000E+00   
0.00000000E+00   
0.00000000E+00   
0.00000000E+00   
0.00000000E+00   
0.00000000E+00   
0.00000000E+00   
0.00000000E+00   
0.00000000E+00   
0.00000000E+00   
0.00000000E+00   
0.00000000E+00   
0.00000000E+00   
0.00000000E+00   
0.00000000E+00   
0.00000000E+00   
0.00000000E+00   
0.00000000E+00   
0.00000000E+00   
0.00000000E+00   
0.00000000E+00   
0.00000000E+00   
0.00000000E+00   
0.00000000E+00   
0.00000000E+00   
0.00000000E+00   
0.00000000E+00   
0.00000000E+00   
0.00000000E+00   
0.00000000E+00   
0.00000000E+00   
0.00000000E+00   
0.00000000E+00   
0.00000000E+00   
0.00000000E+00   
0.00000000E+00   
0.00000000E+00   
0.00000000E+00   
0.00000000E+00   
0.00000000E+00   
0.00000000E+00   
0.00000000E+00   
0.00000000E+00   
0.00000000E+00   
0.00000000E+00   
0.00000000E+00   
0.00000000E+00   
0.00000000E+00   
0.00000000E+00   
0.00000000E+00   
0.00000000E+00   
0.00000000E+00   
0.00000000E+00   
0.00000000E+00   
0.00000000E+00   
0.00000000E+00   
0.00000000E+00   
0.00000000E+00   
0.00000000E+00   
0.00000000E+00   
0.00000000E+00   
0.00000000E+00   
0.00000000E+00   
0.00000000E+00   
0.00000000E+00   
0.00000000E+00   
0.00000000E+00   
0.00000000E+00   
0.00000000E+00   
0.00000000E+00   
0.00000000E+00   
0.00000000E+00   
0.00000000E+00   
0.00000000E+00   
0.00000000E+00   
0.00000000E+00   
0.00000000E+00   
0.00000000E+00   
0.00000000E+00   
0.00000000E+00   
0.00000000E+00   
0.00000000E+00   
0.00000000E+00   
0.00000000E+00   
0.00000000E+00   
0.00000000E+00   
0.00000000E+00   
0.00000000E+00   
0.00000000E+00   
0.00000000E+00   
0.00000000E+00   
0.00000000E+00   
0.00000000E+00   
0.00000000E+00   
0.00000000E+00   
0.00000000E+00   
0.00000000E+00   
0.00000000E+00   
0.00000000E+00   
0.00000000E+00   
0.00000000E+00   
0.00000000E+00   
0.00000000E+00   
0.00000000E+00   
0.00000000E+00   
0.00000000E+00   
0.00000000E+00   
0.00000000E+00   
0.00000000E+00   
0.00000000E+00   
0.00000000E+00   
0.00000000E+00   
0.00000000E+00   
0.00000000E+00   
0.00000000E+00   
0.00000000E+00   
0.00000000E+00   
0.00000000E+00   
0.00000000E+00   
0.00000000E+00   
0.00000000E+00   
0.00000000E+00   
0.00000000E+00   
0.00000000E+00   
0.00000000E+00   
0.00000000E+00   
0.00000000E+00   
0.00000000E+00   
0.00000000E+00   
0.00000000E+00   
0.00000000E+00   
0.00000000E+00   
0.00000000E+00   
0.00000000E+00   
0.00000000E+00   
0.00000000E+00   
0.00000000E+00   
0.00000000E+00   
0.00000000E+00   
0.00000000E+00   
0.00000000E+00   
0.00000000E+00   
0.00000000E+00   
0.00000000E+00   
0.00000000E+00   
0.00000000E+00   
0.00000000E+00   
0.00000000E+00   
0.00000000E+00   
0.00000000E+00   
0.00000000E+00   
0.00000000E+00   
0.00000000E+00   
0.00000000E+00   
0.00000000E+00   
0.00000000E+00   
0.00000000E+00   
0.00000000E+00   
0.00000000E+00   
0.00000000E+00   
0.00000000E+00   
0.00000000E+00   
0.00000000E+00   
0.00000000E+00   
0.00000000E+00   
0.00000000E+00   
0.00000000E+00   
0.00000000E+00   
0.00000000E+00   
0.00000000E+00   
0.00000000E+00   
0.00000000E+00   
0.00000000E+00   
0.00000000E+00   
0.00000000E+00   
0.00000000E+00   
0.00000000E+00   
0.00000000E+00   
0.00000000E+00   
0.00000000E+00   
0.00000000E+00   
0.00000000E+00   
0.00000000E+00   
0.00000000E+00   
0.00000000E+00   
0.00000000E+00   
0.00000000E+00   
0.00000000E+00   
0.00000000E+00   
0.00000000E+00   
0.00000000E+00   
0.00000000E+00   
0.00000000E+00   
0.00000000E+00   
0.00000000E+00   
0.00000000E+00   
0.00000000E+00   
0.00000000E+00   
0.00000000E+00   
0.00000000E+00   
0.00000000E+00   
0.00000000E+00   
0.00000000E+00   
0.00000000E+00   
0.00000000E+00   
0.00000000E+00   
0.00000000E+00   
0.00000000E+00   
0.00000000E+00   
0.00000000E+00   
0.00000000E+00   
0.00000000E+00   
0.00000000E+00   
0.00000000E+00   
0.00000000E+00   
0.00000000E+00   
0.00000000E+00   
0.00000000E+00   
0.00000000E+00   
0.00000000E+00   
0.00000000E+00   
0.00000000E+00   
0.00000000E+00   
0.00000000E+00   
0.00000000E+00   
0.00000000E+00   
0.00000000E+00   
0.00000000E+00   
0.00000000E+00   
0.00000000E+00   
0.00000000E+00   
0.00000000E+00   
0.00000000E+00   
0.00000000E+00   
0.00000000E+00   
0.00000000E+00   
0.00000000E+00   
0.00000000E+00   
0.00000000E+00   
0.00000000E+00   
0.00000000E+00   
0.00000000E+00   
0.00000000E+00   
0.00000000E+00   
0.00000000E+00   
0.00000000E+00   
0.00000000E+00   
0.00000000E+00   
0.00000000E+00   
0.00000000E+00   
0.00000000E+00   
0.00000000E+00   
0.00000000E+00   
0.00000000E+00   
0.00000000E+00   
0.00000000E+00   
0.00000000E+00   
0.00000000E+00   
0.00000000E+00   
0.00000000E+00   
0.00000000E+00   
0.00000000E+00   
0.00000000E+00   
0.00000000E+00   
0.00000000E+00   
0.00000000E+00   
0.00000000E+00   
0.00000000E+00   
0.00000000E+00   
0.00000000E+00   
0.00000000E+00   
0.00000000E+00   
0.00000000E+00   
0.00000000E+00   
0.00000000E+00   
0.00000000E+00   
0.00000000E+00   
0.00000000E+00   
0.00000000E+00   
0.00000000E+00   
0.00000000E+00   
0.00000000E+00   
0.00000000E+00   
0.00000000E+00   
0.00000000E+00   
0.00000000E+00   
0.00000000E+00   
0.00000000E+00   
0.00000000E+00   
0.00000000E+00   
0.00000000E+00   
0.00000000E+00   
0.00000000E+00   
0.00000000E+00   
0.00000000E+00   
0.00000000E+00   
0.00000000E+00   
0.00000000E+00   
0.00000000E+00   
0.00000000E+00   
0.00000000E+00   
0.00000000E+00   
0.00000000E+00   
0.00000000E+00   
0.00000000E+00   
0.00000000E+00   
0.00000000E+00   
0.00000000E+00   
0.00000000E+00   
0.00000000E+00   
0.00000000E+00   
0.00000000E+00   
0.00000000E+00   
0.00000000E+00   
0.00000000E+00   
0.00000000E+00   
0.00000000E+00   
0.00000000E+00   
0.00000000E+00   
0.00000000E+00   
0.00000000E+00   
0.00000000E+00   
0.00000000E+00   
0.00000000E+00   
0.00000000E+00   
0.00000000E+00   
0.00000000E+00   
0.00000000E+00   
0.00000000E+00   
0.00000000E+00   
0.00000000E+00   
0.00000000E+00   
0.00000000E+00   
0.00000000E+00   
0.00000000E+00   
0.00000000E+00   
0.00000000E+00   
0.00000000E+00   
0.00000000E+00   
0.00000000E+00   
0.00000000E+00   
0.00000000E+00   
0.00000000E+00   
0.00000000E+00   
0.00000000E+00   
0.00000000E+00   
0.00000000E+00   
0.00000000E+00   
0.00000000E+00   
0.00000000E+00   
0.00000000E+00   
0.00000000E+00   
0.00000000E+00   
0.00000000E+00   
0.00000000E+00   
0.00000000E+00   
0.00000000E+00   
0.00000000E+00   
0.00000000E+00   
0.00000000E+00   
0.00000000E+00   
0.00000000E+00   
0.00000000E+00   
0.00000000E+00   
0.00000000E+00   
0.00000000E+00   
0.00000000E+00   
0.00000000E+00   
0.00000000E+00   
0.00000000E+00   
0.00000000E+00   
0.00000000E+00   
0.00000000E+00   
0.00000000E+00   
0.00000000E+00   
0.00000000E+00   
0.00000000E+00   
0.00000000E+00   
0.00000000E+00   
0.00000000E+00   
0.00000000E+00   
0.00000000E+00   
0.00000000E+00   
0.00000000E+00   
0.00000000E+00   
0.00000000E+00   
0.00000000E+00   
0.00000000E+00   
0.00000000E+00   
0.00000000E+00   
0.00000000E+00   
0.00000000E+00   
0.00000000E+00   
0.00000000E+00   
0.00000000E+00   
0.00000000E+00   
0.00000000E+00   
0.00000000E+00   
0.00000000E+00   
0.00000000E+00   
0.00000000E+00   
0.00000000E+00   
0.00000000E+00   
0.00000000E+00   
0.00000000E+00   
0.00000000E+00   
0.00000000E+00   
0.00000000E+00   
0.00000000E+00   
0.00000000E+00   
0.00000000E+00   
0.00000000E+00   
0.00000000E+00   
0.00000000E+00   
0.00000000E+00   
0.00000000E+00   
0.00000000E+00   
0.00000000E+00   
0.00000000E+00   
0.00000000E+00   
0.00000000E+00   
0.00000000E+00   
0.00000000E+00   
0.00000000E+00   
0.00000000E+00   
0.00000000E+00   
0.00000000E+00   
0.00000000E+00   
0.00000000E+00   
0.00000000E+00   
0.00000000E+00   
0.00000000E+00   
0.00000000E+00   
0.00000000E+00   
0.00000000E+00   
0.00000000E+00   
0.00000000E+00   
0.00000000E+00   
0.00000000E+00   
0.00000000E+00   
0.00000000E+00   
0.00000000E+00   
0.00000000E+00   
0.00000000E+00   
0.00000000E+00   
0.00000000E+00   
0.00000000E+00   
0.00000000E+00   
0.00000000E+00   
0.00000000E+00   
0.00000000E+00   
0.00000000E+00   
0.00000000E+00   
0.00000000E+00   
0.00000000E+00   
0.00000000E+00   
0.00000000E+00   
0.00000000E+00   
0.00000000E+00   
0.00000000E+00   
0.00000000E+00   
0.00000000E+00   
0.00000000E+00   
0.00000000E+00   
0.00000000E+00   
0.00000000E+00   
0.00000000E+00   
0.00000000E+00   
0.00000000E+00   
0.00000000E+00   
0.00000000E+00   
0.00000000E+00   
0.00000000E+00   
0.00000000E+00   
0.00000000E+00   
0.00000000E+00   
0.00000000E+00   
0.00000000E+00   
0.00000000E+00   
0.00000000E+00   
0.00000000E+00   
0.00000000E+00   
0.00000000E+00   
0.00000000E+00   
0.00000000E+00   
0.00000000E+00   
0.00000000E+00   
0.00000000E+00   
0.00000000E+00   
0.00000000E+00   
0.00000000E+00   
0.00000000E+00   
0.00000000E+00   
0.00000000E+00   
0.00000000E+00   
0.00000000E+00   
0.00000000E+00   
0.00000000E+00   
0.00000000E+00   
0.00000000E+00   
0.00000000E+00   
0.00000000E+00   
0.00000000E+00   
0.00000000E+00   
0.00000000E+00   
0.00000000E+00   
0.00000000E+00   
0.00000000E+00   
0.00000000E+00   
0.00000000E+00   
0.00000000E+00   
0.00000000E+00   
0.00000000E+00   
0.00000000E+00   
0.00000000E+00   
0.00000000E+00   
0.00000000E+00   
0.00000000E+00   
0.00000000E+00   
0.00000000E+00   
0.00000000E+00   
0.00000000E+00   
0.00000000E+00   
0.00000000E+00   
0.00000000E+00   
0.00000000E+00   
0.00000000E+00   
0.00000000E+00   
0.00000000E+00   
0.00000000E+00   
0.00000000E+00   
0.00000000E+00   
0.00000000E+00   
0.00000000E+00   
0.00000000E+00   
0.00000000E+00   
0.00000000E+00   
0.00000000E+00   
0.00000000E+00   
0.00000000E+00   
0.00000000E+00   
0.00000000E+00   
0.00000000E+00   
0.00000000E+00   
0.00000000E+00   
0.00000000E+00   
0.00000000E+00   
0.00000000E+00   
0.00000000E+00   
0.00000000E+00   
0.00000000E+00   
0.00000000E+00   
0.00000000E+00   
0.00000000E+00   
0.00000000E+00   
0.00000000E+00   
0.00000000E+00   
0.00000000E+00   
0.00000000E+00   
0.00000000E+00   
0.00000000E+00   
0.00000000E+00   
0.00000000E+00   
0.00000000E+00   
0.00000000E+00   
0.00000000E+00   
0.00000000E+00   
0.00000000E+00   
0.00000000E+00   
0.00000000E+00   
0.00000000E+00   
0.00000000E+00   
0.00000000E+00   
0.00000000E+00   
0.00000000E+00   
0.00000000E+00   
0.00000000E+00   
0.00000000E+00   
0.00000000E+00   
0.00000000E+00   
0.00000000E+00   
0.00000000E+00   
0.00000000E+00   
0.00000000E+00   
0.00000000E+00   
0.00000000E+00   
0.00000000E+00   
0.00000000E+00   
0.00000000E+00   
0.00000000E+00   
0.00000000E+00   
0.00000000E+00   
0.00000000E+00   
0.00000000E+00   
0.00000000E+00   
0.00000000E+00   
0.00000000E+00   
0.00000000E+00   
0.00000000E+00   
0.00000000E+00   
0.00000000E+00   
0.00000000E+00   
0.00000000E+00   
0.00000000E+00   
0.00000000E+00   
0.00000000E+00   
0.00000000E+00   
0.00000000E+00   
0.00000000E+00   
0.00000000E+00   
0.00000000E+00   
0.00000000E+00   
0.00000000E+00   
0.00000000E+00   
0.00000000E+00   
0.00000000E+00   
0.00000000E+00   
0.00000000E+00   
0.00000000E+00   
0.00000000E+00   
0.00000000E+00   
0.00000000E+00   
0.00000000E+00   
0.00000000E+00   
0.00000000E+00   
0.00000000E+00   
0.00000000E+00   
0.00000000E+00   
0.00000000E+00   
0.00000000E+00   
0.00000000E+00   
0.00000000E+00   
0.00000000E+00   
0.00000000E+00   
0.00000000E+00   
0.00000000E+00   
0.00000000E+00   
0.00000000E+00   
0.00000000E+00   
0.00000000E+00   
0.00000000E+00   
0.00000000E+00   
0.00000000E+00   
0.00000000E+00   
0.00000000E+00   
0.00000000E+00   
0.00000000E+00   
0.00000000E+00   
0.00000000E+00   
0.00000000E+00   
0.00000000E+00   
0.00000000E+00   
0.00000000E+00   
0.00000000E+00   
0.00000000E+00   
0.00000000E+00   
0.00000000E+00   
0.00000000E+00   
0.00000000E+00   
0.00000000E+00   
0.00000000E+00   
0.00000000E+00   
0.00000000E+00   
0.00000000E+00   
0.00000000E+00   
0.00000000E+00   
0.00000000E+00   
0.00000000E+00   
0.00000000E+00   
0.00000000E+00   
0.00000000E+00   
0.00000000E+00   
0.00000000E+00   
0.00000000E+00   
0.00000000E+00   
0.00000000E+00   
0.00000000E+00   
0.00000000E+00   
0.00000000E+00   
0.00000000E+00   
0.00000000E+00   
0.00000000E+00   
0.00000000E+00   
0.00000000E+00   
0.00000000E+00   
0.00000000E+00   
0.00000000E+00   
0.00000000E+00   
0.00000000E+00   
0.00000000E+00   
0.00000000E+00   
0.00000000E+00   
0.00000000E+00   
0.00000000E+00   
0.00000000E+00   
0.00000000E+00   
0.00000000E+00   
0.00000000E+00   
0.00000000E+00   
0.00000000E+00   
0.00000000E+00   
0.00000000E+00   
0.00000000E+00   
0.00000000E+00   
0.00000000E+00   
0.00000000E+00   
0.00000000E+00   
0.00000000E+00   
0.00000000E+00   
0.00000000E+00   
0.00000000E+00   
0.00000000E+00   
0.00000000E+00   
0.00000000E+00   
0.00000000E+00   
0.00000000E+00   
0.00000000E+00   
0.00000000E+00   
0.00000000E+00   
0.00000000E+00   
0.00000000E+00   
0.00000000E+00   
0.00000000E+00   
0.00000000E+00   
0.00000000E+00   
0.00000000E+00   
0.00000000E+00   
0.00000000E+00   
0.00000000E+00   
0.00000000E+00   
0.00000000E+00   
0.00000000E+00   
0.00000000E+00   
0.00000000E+00   
0.00000000E+00   
0.00000000E+00   
0.00000000E+00   
0.00000000E+00   
0.00000000E+00   
0.00000000E+00   
0.00000000E+00   
0.00000000E+00   
0.00000000E+00   
0.00000000E+00   
0.00000000E+00   
0.00000000E+00   
0.00000000E+00   
0.00000000E+00   
0.00000000E+00   
0.00000000E+00   
0.00000000E+00   
0.00000000E+00   
0.00000000E+00   
0.00000000E+00   
0.00000000E+00   
0.00000000E+00   
0.00000000E+00   
0.00000000E+00   
0.00000000E+00   
0.00000000E+00   
0.00000000E+00   
0.00000000E+00   
0.00000000E+00   
0.00000000E+00   
0.00000000E+00   
0.00000000E+00   
0.00000000E+00   
0.00000000E+00   
0.00000000E+00   
0.00000000E+00   
0.00000000E+00   
0.00000000E+00   
0.00000000E+00   
0.00000000E+00   
0.00000000E+00   
0.00000000E+00   
0.00000000E+00   
0.00000000E+00   
0.00000000E+00   
0.00000000E+00   
0.00000000E+00   
0.00000000E+00   
0.00000000E+00   
0.00000000E+00   
0.00000000E+00   
0.00000000E+00   
0.00000000E+00   
0.00000000E+00   
0.00000000E+00   
0.00000000E+00   
0.00000000E+00   
0.00000000E+00   
0.00000000E+00   
0.00000000E+00   
0.00000000E+00   
0.00000000E+00   
0.00000000E+00   
0.00000000E+00   
0.00000000E+00   
0.00000000E+00   
0.00000000E+00   
0.00000000E+00   
0.00000000E+00   
0.00000000E+00   
0.00000000E+00   
0.00000000E+00   
0.00000000E+00   
0.00000000E+00   
0.00000000E+00   
0.00000000E+00   
0.00000000E+00   
0.00000000E+00   
0.00000000E+00   
0.00000000E+00   
0.00000000E+00   
0.00000000E+00   
0.00000000E+00   
0.00000000E+00   
0.00000000E+00   
0.00000000E+00   
0.00000000E+00   
0.00000000E+00   
0.00000000E+00   
0.00000000E+00   
0.00000000E+00   
0.00000000E+00   
0.00000000E+00   
0.00000000E+00   
0.00000000E+00   
0.00000000E+00   
0.00000000E+00   
0.00000000E+00   
0.00000000E+00   
0.00000000E+00   
0.00000000E+00   
0.00000000E+00   
0.00000000E+00   
0.00000000E+00   
0.00000000E+00   
0.00000000E+00   
0.00000000E+00   
0.00000000E+00   
0.00000000E+00   
0.00000000E+00   
0.00000000E+00   
0.00000000E+00   
0.00000000E+00   
0.00000000E+00   
0.00000000E+00   
0.00000000E+00   
0.00000000E+00   
0.00000000E+00   
0.00000000E+00   
0.00000000E+00   
0.00000000E+00   
0.00000000E+00   
0.00000000E+00   
0.00000000E+00   
0.00000000E+00   
0.00000000E+00   
0.00000000E+00   
0.00000000E+00   
0.00000000E+00   
0.00000000E+00   
0.00000000E+00   
0.00000000E+00   
0.00000000E+00   
0.00000000E+00   
0.00000000E+00   
0.00000000E+00   
0.00000000E+00   
0.00000000E+00   
0.00000000E+00   
0.00000000E+00   
0.00000000E+00   
0.00000000E+00   
0.00000000E+00   
0.00000000E+00   
0.00000000E+00   
0.00000000E+00   
0.00000000E+00   
0.00000000E+00   
0.00000000E+00   
0.00000000E+00   
0.00000000E+00   
0.00000000E+00   
0.00000000E+00   
0.00000000E+00   
0.00000000E+00   
0.00000000E+00   
0.00000000E+00   
0.00000000E+00   
0.00000000E+00   
0.00000000E+00   
0.00000000E+00   
0.00000000E+00   
0.00000000E+00   
0.00000000E+00   
0.00000000E+00   
0.00000000E+00   
0.00000000E+00   
0.00000000E+00   
0.00000000E+00   
0.00000000E+00   
0.00000000E+00   
0.00000000E+00   
0.00000000E+00   
0.00000000E+00   
0.00000000E+00   
0.00000000E+00   
0.00000000E+00   
0.00000000E+00   
0.00000000E+00   
0.00000000E+00   
0.00000000E+00   
0.00000000E+00   
0.00000000E+00   
0.00000000E+00   
0.00000000E+00   
0.00000000E+00   
0.00000000E+00   
0.00000000E+00   
0.00000000E+00   
0.00000000E+00   
0.00000000E+00   
0.00000000E+00   
0.00000000E+00   
0.00000000E+00   
0.00000000E+00   
0.00000000E+00   
0.00000000E+00   
0.00000000E+00   
0.00000000E+00   
0.00000000E+00   
0.00000000E+00   
0.00000000E+00   
0.00000000E+00   
0.00000000E+00   
0.00000000E+00   
0.00000000E+00   
0.00000000E+00   
0.00000000E+00   
0.00000000E+00   
0.00000000E+00   
0.00000000E+00   
0.00000000E+00   
0.00000000E+00   
0.00000000E+00   
0.00000000E+00   
0.00000000E+00   
0.00000000E+00   
0.00000000E+00   
0.00000000E+00   
0.00000000E+00   
0.00000000E+00   
0.00000000E+00   
0.00000000E+00   
0.00000000E+00   
0.00000000E+00   
0.00000000E+00   
0.00000000E+00   
0.00000000E+00   
0.00000000E+00   
0.00000000E+00   
0.00000000E+00   
0.00000000E+00   
0.00000000E+00   
0.00000000E+00   
0.00000000E+00   
0.00000000E+00   
0.00000000E+00   
0.00000000E+00   
0.00000000E+00   
0.00000000E+00   
0.00000000E+00   
0.00000000E+00   
0.00000000E+00   
0.00000000E+00   
0.00000000E+00   
0.00000000E+00   
0.00000000E+00   
0.00000000E+00   
0.00000000E+00   
0.00000000E+00   
0.00000000E+00   
0.00000000E+00   
0.00000000E+00   
0.00000000E+00   
0.00000000E+00   
0.00000000E+00   
0.00000000E+00   
0.00000000E+00   
0.00000000E+00   
0.00000000E+00   
0.00000000E+00   
0.00000000E+00   
0.00000000E+00   
0.00000000E+00   
0.00000000E+00   
0.00000000E+00   
0.00000000E+00   
0.00000000E+00   
0.00000000E+00   
0.00000000E+00   
0.00000000E+00   
0.00000000E+00   
0.00000000E+00   
0.00000000E+00   
0.00000000E+00   
0.00000000E+00   
0.00000000E+00   
0.00000000E+00   
0.00000000E+00   
0.00000000E+00   
0.00000000E+00   
0.00000000E+00   
0.00000000E+00   
0.00000000E+00   
0.00000000E+00   
0.00000000E+00   
0.00000000E+00   
0.00000000E+00   
0.00000000E+00   
0.00000000E+00   
0.00000000E+00   
0.00000000E+00   
0.00000000E+00   
0.00000000E+00   
0.00000000E+00   
0.00000000E+00   
0.00000000E+00   
0.00000000E+00   
0.00000000E+00   
0.00000000E+00   
0.00000000E+00   
0.00000000E+00   
0.00000000E+00   
0.00000000E+00   
0.00000000E+00   
0.00000000E+00   
0.00000000E+00   
0.00000000E+00   
0.00000000E+00   
0.00000000E+00   
0.00000000E+00   
0.00000000E+00   
0.00000000E+00   
0.00000000E+00   
0.00000000E+00   
0.00000000E+00   
0.00000000E+00   
0.00000000E+00   
0.00000000E+00   
0.00000000E+00   
0.00000000E+00   
0.00000000E+00   
0.00000000E+00   
0.00000000E+00   
0.00000000E+00   
0.00000000E+00   
0.00000000E+00   
0.00000000E+00   
0.00000000E+00   
0.00000000E+00   
0.00000000E+00   
0.00000000E+00   
0.00000000E+00   
0.00000000E+00   
0.00000000E+00   
0.00000000E+00   
0.00000000E+00   
0.00000000E+00   
0.00000000E+00   
0.00000000E+00   
0.00000000E+00   
0.00000000E+00   
0.00000000E+00   
0.00000000E+00   
0.00000000E+00   
0.00000000E+00   
0.00000000E+00   
0.00000000E+00   
0.00000000E+00   
0.00000000E+00   
0.00000000E+00   
0.00000000E+00   
0.00000000E+00   
0.00000000E+00   
0.00000000E+00   
0.00000000E+00   
0.00000000E+00   
0.00000000E+00   
0.00000000E+00   
0.00000000E+00   
0.00000000E+00   
0.00000000E+00   
0.00000000E+00   
0.00000000E+00   
0.00000000E+00   
0.00000000E+00   
0.00000000E+00   
0.00000000E+00   
0.00000000E+00   
0.00000000E+00   
0.00000000E+00   
0.00000000E+00   
0.00000000E+00   
0.00000000E+00   
0.00000000E+00   
0.00000000E+00   
0.00000000E+00   
0.00000000E+00   
0.00000000E+00   
0.00000000E+00   
0.00000000E+00   
0.00000000E+00   
0.00000000E+00   
0.00000000E+00   
0.00000000E+00   
0.00000000E+00   
0.00000000E+00   
0.00000000E+00   
0.00000000E+00   
0.00000000E+00   
0.00000000E+00   
0.00000000E+00   
0.00000000E+00   
0.00000000E+00   
0.00000000E+00   
0.00000000E+00   
0.00000000E+00   
0.00000000E+00   
0.00000000E+00   
0.00000000E+00   
0.00000000E+00   
0.00000000E+00   
0.00000000E+00   
0.00000000E+00   
0.00000000E+00   
0.00000000E+00   
0.00000000E+00   
0.00000000E+00   
0.00000000E+00   
0.00000000E+00   
0.00000000E+00   
0.00000000E+00   
0.00000000E+00   
0.00000000E+00   
0.00000000E+00   
0.00000000E+00   
0.00000000E+00   
0.00000000E+00   
0.00000000E+00   
0.00000000E+00   
0.00000000E+00   
0.00000000E+00   
0.00000000E+00   
0.00000000E+00   
0.00000000E+00   
0.00000000E+00   
0.00000000E+00   
0.00000000E+00   
0.00000000E+00   
0.00000000E+00   
0.00000000E+00   
0.00000000E+00   
0.00000000E+00   
0.00000000E+00   
0.00000000E+00   
0.00000000E+00   
0.00000000E+00   
0.00000000E+00   
0.00000000E+00   
0.00000000E+00   
0.00000000E+00   
0.00000000E+00   
0.00000000E+00   
0.00000000E+00   
0.00000000E+00   
0.00000000E+00   
0.00000000E+00   
0.00000000E+00   
0.00000000E+00   
0.00000000E+00   
0.00000000E+00   
0.00000000E+00   
0.00000000E+00   
0.00000000E+00   
0.00000000E+00   
0.00000000E+00   
0.00000000E+00   
0.00000000E+00   
0.00000000E+00   
0.00000000E+00   
0.00000000E+00   
0.00000000E+00   
0.00000000E+00   
0.00000000E+00   
0.00000000E+00   
0.00000000E+00   
0.00000000E+00   
0.00000000E+00   
0.00000000E+00   
0.00000000E+00   
0.00000000E+00   
0.00000000E+00   
0.00000000E+00   
0.00000000E+00   
0.00000000E+00   
0.00000000E+00   
0.00000000E+00   
0.00000000E+00   
0.00000000E+00   
0.00000000E+00   
0.00000000E+00   
0.00000000E+00   
0.00000000E+00   
0.00000000E+00   
0.00000000E+00   
0.00000000E+00   
0.00000000E+00   
0.00000000E+00   
0.00000000E+00   
0.00000000E+00   
0.00000000E+00   
0.00000000E+00   
0.00000000E+00   
0.00000000E+00   
0.00000000E+00   
0.00000000E+00   
0.00000000E+00   
0.00000000E+00   
0.00000000E+00   
0.00000000E+00   
0.00000000E+00   
0.00000000E+00   
0.00000000E+00   
0.00000000E+00   
0.00000000E+00   
0.00000000E+00   
0.00000000E+00   
0.00000000E+00   
0.00000000E+00   
0.00000000E+00   
0.00000000E+00   
0.00000000E+00   
0.00000000E+00   
0.00000000E+00   
0.00000000E+00   
0.00000000E+00   
0.00000000E+00   
0.00000000E+00   
0.00000000E+00   
0.00000000E+00   
0.00000000E+00   
0.00000000E+00   
0.00000000E+00   
0.00000000E+00   
0.00000000E+00   
0.00000000E+00   
0.00000000E+00   
0.00000000E+00   
0.00000000E+00   
0.00000000E+00   
0.00000000E+00   
0.00000000E+00   
0.00000000E+00   
0.00000000E+00   
0.00000000E+00   
0.00000000E+00   
0.00000000E+00   
0.00000000E+00   
0.00000000E+00   
0.00000000E+00   
0.00000000E+00   
0.00000000E+00   
0.00000000E+00   
0.00000000E+00   
0.00000000E+00   
0.00000000E+00   
0.00000000E+00   
0.00000000E+00   
0.00000000E+00   
0.00000000E+00   
0.00000000E+00   
0.00000000E+00   
0.00000000E+00   
0.00000000E+00   
0.00000000E+00   
0.00000000E+00   
0.00000000E+00   
0.00000000E+00   
0.00000000E+00   
0.00000000E+00   
0.00000000E+00   
0.00000000E+00   
0.00000000E+00   
0.00000000E+00   
0.00000000E+00   
0.00000000E+00   
0.00000000E+00   
0.00000000E+00   
0.00000000E+00   
0.00000000E+00   
0.00000000E+00   
0.00000000E+00   
0.00000000E+00   
0.00000000E+00   
0.00000000E+00   
0.00000000E+00   
0.00000000E+00   
0.00000000E+00   
0.00000000E+00   
0.00000000E+00   
0.00000000E+00   
0.00000000E+00   
0.00000000E+00   
0.00000000E+00   
0.00000000E+00   
0.00000000E+00   
0.00000000E+00   
0.00000000E+00   
0.00000000E+00   
0.00000000E+00   
0.00000000E+00   
0.00000000E+00   
0.00000000E+00   
0.00000000E+00   
0.00000000E+00   
0.00000000E+00   
0.00000000E+00   
0.00000000E+00   
0.00000000E+00   
0.00000000E+00   
0.00000000E+00   
0.00000000E+00   
0.00000000E+00   
0.00000000E+00   
0.00000000E+00   
0.00000000E+00   
0.00000000E+00   
0.00000000E+00   
0.00000000E+00   
0.00000000E+00   
0.00000000E+00   
0.00000000E+00   
0.00000000E+00   
0.00000000E+00   
0.00000000E+00   
0.00000000E+00   
0.00000000E+00   
0.00000000E+00   
0.00000000E+00   
0.00000000E+00   
0.00000000E+00   
0.00000000E+00   
0.00000000E+00   
0.00000000E+00   
0.00000000E+00   
0.00000000E+00   
0.00000000E+00   
0.00000000E+00   
0.00000000E+00   
0.00000000E+00   
0.00000000E+00   
0.00000000E+00   
0.00000000E+00   
0.00000000E+00   
0.00000000E+00   
0.00000000E+00   
0.00000000E+00   
0.00000000E+00   
0.00000000E+00   
0.00000000E+00   
0.00000000E+00   
0.00000000E+00   
0.00000000E+00   
0.00000000E+00   
0.00000000E+00   
0.00000000E+00   
0.00000000E+00   
0.00000000E+00   
0.00000000E+00   
0.00000000E+00   
0.00000000E+00   
0.00000000E+00   
0.00000000E+00   
0.00000000E+00   
0.00000000E+00   
0.00000000E+00   
0.00000000E+00   
0.00000000E+00   
0.00000000E+00   
0.00000000E+00   
0.00000000E+00   
0.00000000E+00   
0.00000000E+00   
0.00000000E+00   
0.00000000E+00   
0.00000000E+00   
0.00000000E+00   
0.00000000E+00   
0.00000000E+00   
0.00000000E+00   
0.00000000E+00   
0.00000000E+00   
0.00000000E+00   
0.00000000E+00   
0.00000000E+00   
0.00000000E+00   
0.00000000E+00   
0.00000000E+00   
0.00000000E+00   
0.00000000E+00   
0.00000000E+00   
0.00000000E+00   
0.00000000E+00   
0.00000000E+00   
0.00000000E+00   
0.00000000E+00   
0.00000000E+00   
0.00000000E+00   
0.00000000E+00   
0.00000000E+00   
0.00000000E+00   
0.00000000E+00   
0.00000000E+00   
0.00000000E+00   
0.00000000E+00   
0.00000000E+00   
0.00000000E+00   
0.00000000E+00   
0.00000000E+00   
0.00000000E+00   
0.00000000E+00   
0.00000000E+00   
0.00000000E+00   
0.00000000E+00   
0.00000000E+00   
0.00000000E+00   
0.00000000E+00   
0.00000000E+00   
0.00000000E+00   
0.00000000E+00   
0.00000000E+00   
0.00000000E+00   
0.00000000E+00   
0.00000000E+00   
0.00000000E+00   
0.00000000E+00   
0.00000000E+00   
0.00000000E+00   
0.00000000E+00   
0.00000000E+00   
0.00000000E+00   
0.00000000E+00   
0.00000000E+00   
0.00000000E+00   
0.00000000E+00   
0.00000000E+00   
0.00000000E+00   
0.00000000E+00   
0.00000000E+00   
0.00000000E+00   
0.00000000E+00   
0.00000000E+00   
0.00000000E+00   
0.00000000E+00   
0.00000000E+00   
0.00000000E+00   
0.00000000E+00   
0.00000000E+00   
0.00000000E+00   
0.00000000E+00   
0.00000000E+00   
0.00000000E+00   
0.00000000E+00   
0.00000000E+00   
0.00000000E+00   
0.00000000E+00   
0.00000000E+00   
0.00000000E+00   
0.00000000E+00   
0.00000000E+00   
0.00000000E+00   
0.00000000E+00   
0.00000000E+00   
0.00000000E+00   
0.00000000E+00   
0.00000000E+00   
0.00000000E+00   
0.00000000E+00   
0.00000000E+00   
0.00000000E+00   
0.00000000E+00   
0.00000000E+00   
0.00000000E+00   
0.00000000E+00   
0.00000000E+00   
0.00000000E+00   
0.00000000E+00   
0.00000000E+00   
0.00000000E+00   
0.00000000E+00   
0.00000000E+00   
0.00000000E+00   
0.00000000E+00   
0.00000000E+00   
0.00000000E+00   
0.00000000E+00   
0.00000000E+00   
0.00000000E+00   
0.00000000E+00   
0.00000000E+00   
0.00000000E+00   
0.00000000E+00   
0.00000000E+00   
0.00000000E+00   
0.00000000E+00   
0.00000000E+00   
0.00000000E+00   
0.00000000E+00   
0.00000000E+00   
0.00000000E+00   
0.00000000E+00   
!IDEND=

