!FILE=Disk 
!KIND=Spectrum 
!LABORATORY=Oslo Cyclotron Laboratory (OCL) 
!EXPERIMENT= oslo_method_python 
!COMMENT=Made by OMpy 
!TIME=DATE:08-Sep-20 09:57:30   
!CALIBRATION EkeV=6, 0.000000E+00, 2.000400E+00, 0.000000E+00 
!PRECISION=16 
!DIMENSION=1,0:4999 
!CHANNEL=(0:4999) 
1.77032807E+02   
3.33578216E+02   
3.94593019E+02   
4.20597019E+02   
4.37598620E+02   
4.58093219E+02   
5.16146829E+02   
5.40212442E+02   
5.39562613E+02   
5.59695039E+02   
5.63696639E+02   
6.01721044E+02   
6.53042809E+02   
6.37663433E+02   
6.85314063E+02   
6.71746649E+02   
7.53694239E+02   
7.60318864E+02   
7.75608622E+02   
8.17837067E+02   
8.93412883E+02   
9.53220744E+02   
9.80388978E+02   
9.80887477E+02   
1.10604141E+03   
1.17476335E+03   
1.29282617E+03   
1.35989138E+03   
1.53307301E+03   
1.60243539E+03   
1.62697059E+03   
1.78013983E+03   
1.82497590E+03   
1.90409032E+03   
1.97110842E+03   
2.04341968E+03   
2.12221524E+03   
2.27687948E+03   
2.29240488E+03   
2.35003381E+03   
2.51112973E+03   
2.43432697E+03   
2.49759332E+03   
2.51202050E+03   
2.55419684E+03   
2.57119334E+03   
2.66064313E+03   
2.65902410E+03   
2.72196499E+03   
2.71839338E+03   
2.74078126E+03   
2.84589328E+03   
2.83904391E+03   
2.86357221E+03   
2.85799140E+03   
2.87184047E+03   
2.74726625E+03   
2.78257852E+03   
2.83404461E+03   
2.83308672E+03   
2.89311242E+03   
2.90424445E+03   
2.80790788E+03   
2.82473335E+03   
2.81493139E+03   
2.83729316E+03   
2.78888018E+03   
2.79794539E+03   
2.74958312E+03   
2.79530716E+03   
2.75601690E+03   
2.79724595E+03   
2.70967834E+03   
2.75453621E+03   
2.69953681E+03   
2.72818114E+03   
2.67927976E+03   
2.62891988E+03   
2.81461072E+03   
2.63101420E+03   
2.67180996E+03   
2.71634207E+03   
2.70267714E+03   
2.65186117E+03   
2.63000710E+03   
2.65885637E+03   
2.79265903E+03   
2.81309162E+03   
2.85737367E+03   
2.73729476E+03   
2.73366243E+03   
2.70706531E+03   
2.73091298E+03   
2.68254691E+03   
2.70342118E+03   
2.61706791E+03   
2.59075605E+03   
2.63052400E+03   
2.54115263E+03   
2.45562733E+03   
2.47090368E+03   
2.42996329E+03   
2.38607722E+03   
2.31399330E+03   
2.32062593E+03   
2.35971974E+03   
2.30615933E+03   
2.36466553E+03   
2.25545319E+03   
2.25266993E+03   
2.26452601E+03   
2.22448440E+03   
2.11147760E+03   
2.14531966E+03   
2.06757351E+03   
2.00378976E+03   
2.09711102E+03   
2.12502060E+03   
2.07758702E+03   
2.01240808E+03   
2.06974915E+03   
2.02750080E+03   
1.99653601E+03   
2.13081116E+03   
2.08833617E+03   
2.11367584E+03   
2.13391878E+03   
2.12880826E+03   
2.13750120E+03   
2.05291448E+03   
2.04729686E+03   
2.02779486E+03   
1.97996879E+03   
1.98979686E+03   
2.02130376E+03   
1.94907812E+03   
1.95695689E+03   
1.90370854E+03   
1.89449040E+03   
1.87103661E+03   
1.84202400E+03   
1.84966133E+03   
1.87157802E+03   
1.92216713E+03   
1.86178366E+03   
1.84488488E+03   
1.76979596E+03   
1.76166583E+03   
1.74778946E+03   
1.77954941E+03   
1.73626795E+03   
1.72316723E+03   
1.68365183E+03   
1.67966733E+03   
1.68091068E+03   
1.67236307E+03   
1.64576925E+03   
1.62670594E+03   
1.60750040E+03   
1.66570654E+03   
1.56017023E+03   
1.57495899E+03   
1.49976855E+03   
1.52856591E+03   
1.50959902E+03   
1.51131816E+03   
1.53686947E+03   
1.52199710E+03   
1.51429406E+03   
1.43678596E+03   
1.46839008E+03   
1.34364843E+03   
1.31986447E+03   
1.34607532E+03   
1.24243759E+03   
1.28951180E+03   
1.27158312E+03   
1.27239038E+03   
1.22554101E+03   
1.20253781E+03   
1.27340238E+03   
1.24219794E+03   
1.19393329E+03   
1.16302961E+03   
1.21107512E+03   
1.19759902E+03   
1.15405291E+03   
1.17422845E+03   
1.16849090E+03   
1.14181626E+03   
1.11524415E+03   
1.05725355E+03   
1.11467974E+03   
1.05309912E+03   
1.07281336E+03   
1.03942468E+03   
1.05535377E+03   
1.04910762E+03   
1.11348260E+03   
1.08342148E+03   
1.02198290E+03   
1.04877085E+03   
1.03350200E+03   
1.01081566E+03   
9.92134127E+02   
1.02016383E+03   
1.02400070E+03   
9.55204241E+02   
1.01086397E+03   
1.01903021E+03   
9.68850570E+02   
9.60899380E+02   
9.51354271E+02   
1.02061502E+03   
9.59565913E+02   
9.49557912E+02   
8.93543209E+02   
9.46826465E+02   
8.89401380E+02   
8.73745949E+02   
9.01642529E+02   
9.28424285E+02   
8.89395579E+02   
8.78605121E+02   
9.10620824E+02   
8.66019104E+02   
9.03493199E+02   
8.26131526E+02   
8.28434287E+02   
8.56141528E+02   
8.71202040E+02   
8.51402781E+02   
8.74321864E+02   
7.99721644E+02   
8.33809462E+02   
8.11755051E+02   
8.49026705E+02   
8.24171234E+02   
8.49056711E+02   
8.34372875E+02   
8.11869374E+02   
7.94646829E+02   
8.35402781E+02   
7.85912382E+02   
7.92611822E+02   
7.86925585E+02   
8.00967594E+02   
7.38990498E+02   
7.57954391E+02   
7.40153331E+02   
7.71549110E+02   
6.96126325E+02   
7.20765653E+02   
5.74086247E+02   
5.34706941E+02   
5.34706941E+02   
5.34706941E+02   
5.34706941E+02   
4.88062523E+02   
3.44169034E+02   
3.65608322E+02   
3.81172134E+02   
3.58304361E+02   
3.69309962E+02   
3.27170034E+02   
3.80648030E+02   
3.80652731E+02   
3.82112723E+02   
3.68612823E+02   
3.55762052E+02   
3.50441988E+02   
3.67329166E+02   
3.80206941E+02   
3.66576115E+02   
3.45871074E+02   
3.47868774E+02   
3.41720144E+02   
3.80463793E+02   
3.41011702E+02   
3.56571614E+02   
3.32722144E+02   
3.12289258E+02   
3.41516903E+02   
3.36746949E+02   
3.49524105E+02   
3.46313963E+02   
3.40295259E+02   
3.39221744E+02   
3.24757652E+02   
3.40678636E+02   
3.31387678E+02   
3.40138228E+02   
3.39450990E+02   
2.98893379E+02   
3.32184437E+02   
3.05287658E+02   
3.05871774E+02   
2.81101320E+02   
3.08969994E+02   
3.10950190E+02   
2.89978796E+02   
2.97958492E+02   
2.61881176E+02   
3.01937988E+02   
3.22090618E+02   
2.96950890E+02   
2.81249150E+02   
2.79478096E+02   
2.96595119E+02   
2.91569714E+02   
2.98395579E+02   
2.86952290E+02   
2.77054411E+02   
2.80182336E+02   
2.69295259E+02   
2.64061012E+02   
2.77934287E+02   
2.74579916E+02   
2.84511902E+02   
2.29913283E+02   
2.52050410E+02   
2.46907281E+02   
2.67080616E+02   
2.75828166E+02   
2.67087317E+02   
2.40827766E+02   
2.43679436E+02   
2.38835367E+02   
2.73788758E+02   
2.41046109E+02   
2.50113323E+02   
2.89808662E+02   
2.73767253E+02   
2.46017303E+02   
2.47721344E+02   
2.52760852E+02   
2.74056411E+02   
2.56910682E+02   
2.45129026E+02   
2.46320464E+02   
2.66504701E+02   
2.70234047E+02   
2.69143329E+02   
2.54801760E+02   
2.67493799E+02   
2.63758252E+02   
2.26218244E+02   
2.54437888E+02   
2.38705341E+02   
2.16842869E+02   
2.27204341E+02   
2.21922585E+02   
2.35685437E+02   
2.37686237E+02   
2.33747149E+02   
2.26985497E+02   
2.48471894E+02   
2.25834467E+02   
2.42760752E+02   
2.13402981E+02   
1.97757952E+02   
2.06665433E+02   
2.13070814E+02   
2.37627726E+02   
1.94276955E+02   
2.13756951E+02   
2.23289258E+02   
1.68162332E+02   
2.06566813E+02   
2.32289858E+02   
2.24418084E+02   
2.26377475E+02   
2.07363073E+02   
2.04986697E+02   
1.98140628E+02   
1.99790658E+02   
2.05886277E+02   
1.83434687E+02   
2.08900080E+02   
1.90210942E+02   
2.17131826E+02   
1.89516503E+02   
1.76610022E+02   
1.75933287E+02   
1.96573115E+02   
1.92309962E+02   
2.06350070E+02   
1.98836267E+02   
1.75793759E+02   
1.83183137E+02   
2.04415883E+02   
1.85978996E+02   
1.71301760E+02   
1.80781456E+02   
2.01752450E+02   
1.95748450E+02   
1.87037608E+02   
1.76309862E+02   
1.91171034E+02   
1.68373775E+02   
2.01276455E+02   
1.87093119E+02   
1.88662432E+02   
1.69100820E+02   
1.54062212E+02   
1.62990898E+02   
1.68022304E+02   
1.68437988E+02   
1.61979496E+02   
1.72663833E+02   
1.79046509E+02   
1.93056311E+02   
1.80364473E+02   
1.83369774E+02   
1.67371474E+02   
1.64699440E+02   
1.72700340E+02   
1.65031706E+02   
1.70708242E+02   
1.66687137E+02   
1.58704141E+02   
1.67719144E+02   
1.64994199E+02   
1.70690738E+02   
1.42368474E+02   
1.69061712E+02   
1.50997499E+02   
1.54713743E+02   
1.44688338E+02   
1.52702240E+02   
1.41719744E+02   
1.48341868E+02   
1.41646529E+02   
1.49822865E+02   
1.44820164E+02   
1.52879076E+02   
1.41612222E+02   
1.51403981E+02   
1.51004501E+02   
1.61029606E+02   
1.57972194E+02   
1.57440288E+02   
1.55676335E+02   
1.51416783E+02   
1.40575415E+02   
1.36740148E+02   
1.38206541E+02   
1.38739748E+02   
1.49628026E+02   
1.33619924E+02   
1.50630026E+02   
1.36500300E+02   
1.34833967E+02   
1.83833567E+02   
1.50221644E+02   
1.32569714E+02   
1.48042408E+02   
1.53885877E+02   
1.30928986E+02   
1.45027205E+02   
1.50606521E+02   
1.37817163E+02   
1.28177636E+02   
1.34394879E+02   
1.25998200E+02   
1.30286257E+02   
1.30969694E+02   
1.32967293E+02   
1.31901580E+02   
1.37904181E+02   
1.36834667E+02   
1.38043409E+02   
1.56275455E+02   
1.39135627E+02   
1.42854871E+02   
1.27675235E+02   
1.19238548E+02   
1.16733947E+02   
1.35233247E+02   
1.31646729E+02   
1.47490798E+02   
1.40412583E+02   
1.28175935E+02   
1.29637528E+02   
1.34880476E+02   
1.41663033E+02   
1.30611222E+02   
1.25109922E+02   
1.27112322E+02   
1.54681436E+02   
1.33246649E+02   
1.47636727E+02   
1.38361772E+02   
1.28604321E+02   
1.30236647E+02   
1.13647530E+02   
1.23802561E+02   
1.15939688E+02   
1.23513603E+02   
1.30328166E+02   
1.20624725E+02   
1.19526005E+02   
1.34530006E+02   
1.20102320E+02   
1.37653131E+02   
1.18089118E+02   
1.21452090E+02   
1.41461692E+02   
1.13630226E+02   
1.32429786E+02   
1.16057912E+02   
1.07727846E+02   
1.19253851E+02   
1.28615123E+02   
1.22025205E+02   
1.12669034E+02   
1.01848170E+02   
1.28023205E+02   
1.39682737E+02   
1.21869574E+02   
1.18225545E+02   
1.27354471E+02   
1.13946989E+02   
1.28641028E+02   
1.15089718E+02   
1.22029206E+02   
1.22237648E+02   
1.19531806E+02   
1.26357972E+02   
1.39277556E+02   
1.30783957E+02   
1.13296659E+02   
1.15875375E+02   
1.12165133E+02   
1.32739848E+02   
1.16598220E+02   
1.26598520E+02   
1.13592218E+02   
1.21170334E+02   
1.18298460E+02   
1.23603221E+02   
1.10457291E+02   
1.19156631E+02   
1.15435987E+02   
1.04892579E+02   
1.08895779E+02   
1.27898980E+02   
1.05678436E+02   
1.07618024E+02   
1.19341868E+02   
1.06662032E+02   
1.09623225E+02   
1.06300960E+02   
1.12135827E+02   
1.30013203E+02   
1.18193539E+02   
1.13357071E+02   
1.08793159E+02   
1.10871274E+02   
1.13787157E+02   
9.52973595E+01   
9.83690738E+01   
1.23498200E+02   
1.09921784E+02   
1.05569914E+02   
1.03747049E+02   
1.01934687E+02   
1.05742949E+02   
8.49291858E+01   
1.02389378E+02   
1.11751050E+02   
9.82945589E+01   
9.48999800E+01   
1.10498400E+02   
1.21698340E+02   
1.00613023E+02   
9.99429886E+01   
1.10870374E+02   
1.02442188E+02   
9.31668334E+01   
1.12340868E+02   
1.05626525E+02   
1.23083517E+02   
1.19156831E+02   
1.04553511E+02   
9.92231446E+01   
1.11756251E+02   
1.17492098E+02   
1.16551910E+02   
9.25503101E+01   
9.83399680E+01   
1.14702440E+02   
1.10650730E+02   
1.00179336E+02   
1.02709242E+02   
1.00592519E+02   
1.04587718E+02   
1.06059112E+02   
1.02235847E+02   
9.69355871E+01   
1.06279756E+02   
1.01722845E+02   
9.85395079E+01   
1.09952390E+02   
1.07831066E+02   
9.26297259E+01   
1.03897980E+02   
1.13535907E+02   
8.13825765E+01   
9.29651930E+01   
9.45291058E+01   
9.99953991E+01   
9.15085017E+01   
1.05001000E+02   
9.65291058E+01   
9.65125025E+01   
9.72741548E+01   
8.52969594E+01   
1.14481096E+02   
9.50482096E+01   
9.02693539E+01   
1.04514503E+02   
9.45161032E+01   
1.06513303E+02   
9.62741548E+01   
1.08021204E+02   
9.90094019E+01   
9.22801560E+01   
9.55407081E+01   
7.72223445E+01   
8.37756551E+01   
9.87902581E+01   
9.82791558E+01   
9.67332466E+01   
9.47706541E+01   
9.55427085E+01   
1.07246349E+02   
9.75479096E+01   
9.72427485E+01   
8.60180036E+01   
9.87992599E+01   
1.19020004E+02   
8.24212843E+01   
8.53165633E+01   
9.41114223E+01   
8.69559912E+01   
1.02812062E+02   
1.12334167E+02   
9.44290858E+01   
9.89407882E+01   
9.57009402E+01   
9.76138228E+01   
1.02106021E+02   
1.05259352E+02   
8.28781756E+01   
7.73023605E+01   
1.01016803E+02   
9.94625925E+01   
8.90979196E+01   
9.37115423E+01   
8.13883777E+01   
9.78933787E+01   
9.51916383E+01   
8.99030806E+01   
9.54858972E+01   
9.25493099E+01   
9.51508302E+01   
8.05832166E+01   
8.50164033E+01   
1.15284157E+02   
9.59073815E+01   
9.11636327E+01   
1.02170034E+02   
8.41706341E+01   
7.51643329E+01   
8.01059212E+01   
1.00101020E+02   
1.02791058E+02   
7.97060412E+01   
7.93006601E+01   
7.93319664E+01   
9.81515303E+01   
9.49309862E+01   
1.02568514E+02   
9.13792759E+01   
1.00825965E+02   
1.08664733E+02   
8.83933787E+01   
9.67468494E+01   
8.69346869E+01   
9.22256451E+01   
9.51254251E+01   
1.01466293E+02   
9.39097820E+01   
1.16240848E+02   
8.46864373E+01   
8.07907582E+01   
8.64701940E+01   
9.69168834E+01   
9.91223245E+01   
7.33380676E+01   
9.30172034E+01   
7.66740348E+01   
8.01418284E+01   
8.98361672E+01   
8.21990398E+01   
8.78002601E+01   
8.03196639E+01   
1.00716343E+02   
7.01794359E+01   
8.05621124E+01   
9.66045209E+01   
9.48661732E+01   
8.75941188E+01   
9.78733747E+01   
7.05837167E+01   
8.71071214E+01   
9.90232046E+01   
9.42113423E+01   
9.96229246E+01   
8.28936787E+01   
1.01153531E+02   
9.49220844E+01   
8.33359672E+01   
7.71750350E+01   
8.86464293E+01   
8.20160032E+01   
1.04717644E+02   
9.32289458E+01   
1.04395579E+02   
8.65141028E+01   
9.53209642E+01   
8.79187838E+01   
9.93636727E+01   
8.46683337E+01   
8.99298860E+01   
6.73608722E+01   
8.85276055E+01   
8.70184037E+01   
9.56308262E+01   
9.87573515E+01   
9.98536707E+01   
6.34552911E+01   
7.44075815E+01   
9.60057011E+01   
7.74218844E+01   
9.18095619E+01   
7.44312863E+01   
8.12130426E+01   
8.10182036E+01   
7.30154031E+01   
9.10201040E+01   
8.26156231E+01   
7.93927786E+01   
8.80387077E+01   
8.04122825E+01   
8.18319664E+01   
6.39877976E+01   
7.46213243E+01   
9.06229246E+01   
7.36032206E+01   
8.60614123E+01   
9.86795359E+01   
7.81908382E+01   
9.53801760E+01   
8.82121424E+01   
7.93713743E+01   
8.23657732E+01   
7.90497099E+01   
8.16301260E+01   
9.27143429E+01   
9.30200040E+01   
8.58840768E+01   
9.44896979E+01   
8.68763753E+01   
9.51580316E+01   
8.14491898E+01   
8.90184037E+01   
1.01018404E+02   
8.65828166E+01   
8.27681536E+01   
9.98915783E+01   
9.99616923E+01   
8.17531506E+01   
8.55253051E+01   
7.51320264E+01   
9.04204841E+01   
8.08701740E+01   
6.58621724E+01   
7.39079816E+01   
9.32802561E+01   
6.46668334E+01   
8.18302661E+01   
1.04093019E+02   
7.50235047E+01   
9.41982396E+01   
8.18329666E+01   
7.67393479E+01   
7.65556111E+01   
8.27703541E+01   
8.65592118E+01   
6.73501700E+01   
8.79716943E+01   
8.22701540E+01   
7.02645529E+01   
9.74600920E+01   
8.28601720E+01   
8.45472094E+01   
7.89559912E+01   
7.32505501E+01   
7.01361272E+01   
9.64907982E+01   
9.94931986E+01   
7.77645529E+01   
7.43634727E+01   
8.33194639E+01   
7.96693339E+01   
8.19791958E+01   
8.07445489E+01   
8.16381276E+01   
7.27053411E+01   
8.02161432E+01   
8.08430686E+01   
7.58438688E+01   
7.48446689E+01   
7.65428086E+01   
8.89635927E+01   
8.90324065E+01   
7.60276055E+01   
8.70140028E+01   
7.71753351E+01   
8.30160032E+01   
8.66837367E+01   
7.81809362E+01   
8.21865373E+01   
6.85044009E+01   
8.63590718E+01   
6.95112022E+01   
7.68378676E+01   
7.10132026E+01   
8.21945389E+01   
7.56685337E+01   
9.07325465E+01   
9.38318664E+01   
7.06385277E+01   
1.01190838E+02   
7.63515703E+01   
7.91753351E+01   
7.88534707E+01   
8.35732146E+01   
7.42958592E+01   
7.71301260E+01   
6.93762753E+01   
8.65380076E+01   
8.35404081E+01   
8.45428086E+01   
8.60172034E+01   
8.40573115E+01   
6.34815963E+01   
8.60443089E+01   
9.64610922E+01   
8.35077015E+01   
8.20160032E+01   
7.01794359E+01   
7.70067013E+01   
8.53230646E+01   
9.17081416E+01   
7.98626725E+01   
7.09311862E+01   
7.96444289E+01   
1.01803361E+02   
9.23230646E+01   
9.00761152E+01   
8.89630926E+01   
7.45209042E+01   
7.53631726E+01   
8.46227245E+01   
8.12523505E+01   
7.00815163E+01   
8.77213443E+01   
7.70866173E+01   
7.53921784E+01   
7.24864973E+01   
9.40826165E+01   
7.26515303E+01   
8.75768154E+01   
9.23058612E+01   
6.48839768E+01   
8.36995399E+01   
7.41714343E+01   
1.01290458E+02   
7.75966193E+01   
8.00156031E+01   
7.35857171E+01   
7.42982597E+01   
8.43124625E+01   
8.04312863E+01   
7.44502901E+01   
9.05940188E+01   
7.71378276E+01   
6.95944189E+01   
7.95968194E+01   
9.84877976E+01   
8.84056811E+01   
8.61876375E+01   
7.02583517E+01   
7.66032206E+01   
8.02902581E+01   
7.27425485E+01   
7.84247850E+01   
7.36080216E+01   
8.93397680E+01   
8.51533307E+01   
7.02287457E+01   
7.64167834E+01   
9.22049410E+01   
9.39548910E+01   
9.23480696E+01   
7.69424885E+01   
8.12373475E+01   
8.84155831E+01   
8.70999200E+01   
7.87714543E+01   
7.21441288E+01   
7.57119424E+01   
7.11469294E+01   
8.21115223E+01   
7.54377876E+01   
7.84007802E+01   
7.22452490E+01   
8.95055011E+01   
8.65645129E+01   
8.74560912E+01   
6.86782356E+01   
7.42470494E+01   
7.23955791E+01   
9.25159032E+01   
7.38932787E+01   
9.00160032E+01   
8.15125025E+01   
6.68804761E+01   
9.10384077E+01   
7.78950790E+01   
8.48760752E+01   
8.91607321E+01   
6.49659932E+01   
6.84053811E+01   
8.20140028E+01   
8.92908582E+01   
6.13377676E+01   
8.66950390E+01   
7.51357271E+01   
7.40160032E+01   
6.48456691E+01   
7.60132026E+01   
7.17777556E+01   
6.23659732E+01   
7.60128026E+01   
7.83136627E+01   
7.72733547E+01   
6.92199440E+01   
7.55523105E+01   
7.25898180E+01   
7.90970194E+01   
9.41034207E+01   
7.73842769E+01   
7.85615123E+01   
7.60164033E+01   
7.05790158E+01   
6.60235047E+01   
6.92287457E+01   
8.59003801E+01   
7.52394479E+01   
8.40168034E+01   
7.75674135E+01   
7.59050810E+01   
6.19990998E+01   
7.16848370E+01   
6.85787157E+01   
7.43387678E+01   
8.12591518E+01   
9.10501100E+01   
7.97680536E+01   
7.66559312E+01   
6.74388878E+01   
7.60128026E+01   
7.38542709E+01   
8.51778356E+01   
9.26475295E+01   
9.54344869E+01   
8.56015203E+01   
8.06047209E+01   
7.02546509E+01   
7.24248850E+01   
6.16259252E+01   
6.19090818E+01   
8.30861172E+01   
7.50280056E+01   
6.66179236E+01   
7.56107221E+01   
7.71177235E+01   
7.66135227E+01   
7.41141228E+01   
7.61133227E+01   
7.70144029E+01   
7.99166833E+01   
7.95282056E+01   
6.32767554E+01   
8.07568514E+01   
7.24973995E+01   
9.27276455E+01   
9.96347269E+01   
7.26820364E+01   
7.49202841E+01   
7.02975595E+01   
6.33888778E+01   
7.88257652E+01   
7.20132026E+01   
6.64757952E+01   
7.53663733E+01   
8.92802561E+01   
7.85651130E+01   
9.12874575E+01   
6.38326665E+01   
8.46539308E+01   
8.35543109E+01   
7.80136027E+01   
7.11914383E+01   
7.85965193E+01   
6.78122625E+01   
8.58401680E+01   
9.13178636E+01   
7.98018604E+01   
7.71890378E+01   
7.69290858E+01   
7.94441888E+01   
1.00221944E+02   
6.69750950E+01   
7.50128026E+01   
7.80034007E+01   
6.40222044E+01   
8.30130026E+01   
6.09246849E+01   
6.71007201E+01   
6.50949190E+01   
8.03586717E+01   
7.19342869E+01   
7.60160032E+01   
7.63380676E+01   
8.83734747E+01   
8.02567514E+01   
8.41750350E+01   
7.60156031E+01   
6.72511502E+01   
6.78581716E+01   
7.68597720E+01   
8.65521104E+01   
7.37875575E+01   
7.90144029E+01   
8.50905181E+01   
7.96354271E+01   
5.85432086E+01   
8.19382877E+01   
7.80449090E+01   
7.80188038E+01   
7.97559512E+01   
8.15016003E+01   
6.05488098E+01   
9.61963393E+01   
6.88124625E+01   
7.00148030E+01   
7.67295459E+01   
8.40164033E+01   
6.94394879E+01   
6.61542308E+01   
8.65252050E+01   
7.59466893E+01   
7.81542308E+01   
5.29062813E+01   
8.19886977E+01   
7.14226845E+01   
7.40140028E+01   
6.58801760E+01   
7.44803961E+01   
6.98797760E+01   
7.68156631E+01   
7.27527506E+01   
8.10805161E+01   
7.10152030E+01   
7.98869774E+01   
6.15257051E+01   
6.42660532E+01   
7.79416883E+01   
8.05181036E+01   
5.60086017E+01   
7.60827165E+01   
7.57691538E+01   
8.13814763E+01   
7.43479696E+01   
7.31983397E+01   
8.54793959E+01   
7.70880176E+01   
8.01884377E+01   
8.19602921E+01   
7.56003201E+01   
7.67843569E+01   
7.38191638E+01   
7.74420884E+01   
6.49586917E+01   
7.56789358E+01   
8.42408482E+01   
7.32376475E+01   
7.81246249E+01   
7.58504701E+01   
9.34740948E+01   
6.64693939E+01   
6.63686737E+01   
8.26957391E+01   
6.82256451E+01   
7.58576715E+01   
7.99117824E+01   
7.87594519E+01   
8.02216443E+01   
7.71679336E+01   
9.55642128E+01   
6.98141628E+01   
7.65686137E+01   
6.86247249E+01   
1.05164733E+02   
6.72585517E+01   
8.41114223E+01   
7.18732747E+01   
7.01102220E+01   
9.17830566E+01   
6.95709142E+01   
8.87842569E+01   
8.37882577E+01   
9.16575315E+01   
7.06431286E+01   
7.88820764E+01   
7.37096419E+01   
7.72782557E+01   
8.32734547E+01   
6.51836367E+01   
7.34645929E+01   
6.92257451E+01   
8.66847369E+01   
8.67729546E+01   
7.06689338E+01   
6.92149430E+01   
6.86947389E+01   
7.22514503E+01   
6.68964793E+01   
8.09373875E+01   
7.21676335E+01   
8.19381876E+01   
7.70517103E+01   
8.06449290E+01   
9.00180036E+01   
7.11985397E+01   
7.19445889E+01   
7.69814963E+01   
6.44709942E+01   
8.45289058E+01   
8.30176035E+01   
8.89501900E+01   
7.04180836E+01   
7.39477896E+01   
7.09818964E+01   
5.93679736E+01   
6.60104021E+01   
6.80104021E+01   
7.06086217E+01   
6.90461092E+01   
8.00453091E+01   
8.01336267E+01   
7.95150030E+01   
9.29621924E+01   
6.86764353E+01   
7.77024405E+01   
7.10437087E+01   
6.61248250E+01   
1.07879476E+02   
6.73075615E+01   
7.58810762E+01   
7.58336667E+01   
6.83200640E+01   
8.96629326E+01   
7.40417083E+01   
8.70409082E+01   
6.11823365E+01   
7.70136027E+01   
8.98532707E+01   
8.49488898E+01   
6.82386477E+01   
8.37748550E+01   
7.22736547E+01   
7.90759152E+01   
7.78684737E+01   
6.32359472E+01   
8.28330666E+01   
7.18595719E+01   
7.49037808E+01   
7.53711742E+01   
8.57042408E+01   
8.71604321E+01   
8.10848170E+01   
8.09125825E+01   
7.90494099E+01   
6.51283257E+01   
9.17144429E+01   
7.12958592E+01   
6.70281056E+01   
6.39837968E+01   
7.79148830E+01   
9.19478896E+01   
8.41381276E+01   
6.99502901E+01   
8.00418084E+01   
7.20886177E+01   
7.39901980E+01   
8.10370074E+01   
8.29154831E+01   
6.91222244E+01   
8.19323865E+01   
7.30358072E+01   
6.60528106E+01   
8.29427886E+01   
7.50682136E+01   
9.18527706E+01   
6.92153431E+01   
7.89397880E+01   
7.90237047E+01   
8.99903981E+01   
8.00912182E+01   
8.59333867E+01   
1.00034707E+02   
7.90323065E+01   
7.80479096E+01   
7.39889978E+01   
6.90530106E+01   
9.49492899E+01   
8.20428086E+01   
7.00339068E+01   
7.00367073E+01   
6.69904981E+01   
7.10162032E+01   
8.20065013E+01   
7.50196039E+01   
7.00116023E+01   
7.40156031E+01   
7.00198040E+01   
8.50092018E+01   
8.40163033E+01   
8.00209042E+01   
8.40118024E+01   
8.90318064E+01   
8.09621924E+01   
6.30808162E+01   
8.59797960E+01   
8.00449090E+01   
8.10129026E+01   
8.19967994E+01   
8.60101020E+01   
7.40329066E+01   
7.59848970E+01   
7.50412082E+01   
7.89236847E+01   
5.71233247E+01   
7.30089018E+01   
7.80330066E+01   
8.29736947E+01   
6.60334067E+01   
8.39779956E+01   
7.50837167E+01   
8.10275055E+01   
8.10497099E+01   
7.69410882E+01   
7.59814963E+01   
7.50862172E+01   
8.10418084E+01   
9.50180036E+01   
7.99262853E+01   
8.21232246E+01   
8.89766953E+01   
8.30172034E+01   
8.90760152E+01   
9.79281856E+01   
7.49543909E+01   
6.80784157E+01   
7.31794359E+01   
9.98032607E+01   
6.22033407E+01   
9.08970794E+01   
8.19988998E+01   
7.50713143E+01   
7.69427886E+01   
8.69395879E+01   
7.90144029E+01   
7.10542108E+01   
7.30152030E+01   
7.41601320E+01   
9.20602120E+01   
8.08467694E+01   
6.62127425E+01   
8.78184637E+01   
8.31972394E+01   
8.48801760E+01   
8.38988798E+01   
7.88948790E+01   
6.63040608E+01   
8.02395479E+01   
9.20961192E+01   
9.26394279E+01   
8.13009602E+01   
9.18888778E+01   
7.99649930E+01   
7.21802360E+01   
1.02744949E+02   
8.38485697E+01   
7.03815763E+01   
8.27604521E+01   
7.64226845E+01   
8.64896979E+01   
8.49537908E+01   
7.04673935E+01   
9.41723345E+01   
9.26475295E+01   
8.38584717E+01   
8.70778156E+01   
8.24670934E+01   
9.93662733E+01   
6.82772555E+01   
9.10491098E+01   
7.58803761E+01   
7.10144029E+01   
7.52226445E+01   
8.67359472E+01   
8.02621524E+01   
8.13036607E+01   
9.03100620E+01   
9.40684137E+01   
6.74947990E+01   
7.78300660E+01   
7.93188638E+01   
8.22103421E+01   
9.67498500E+01   
7.66660332E+01   
8.62119424E+01   
7.83755751E+01   
9.13347670E+01   
7.41353271E+01   
7.29321864E+01   
7.57607522E+01   
8.40208042E+01   
8.87669534E+01   
9.38902781E+01   
8.10603121E+01   
8.70611122E+01   
7.80180036E+01   
8.07964593E+01   
8.10160032E+01   
7.54219844E+01   
8.76100220E+01   
7.80619124E+01   
8.25721144E+01   
9.03205641E+01   
7.27796559E+01   
7.38683737E+01   
8.83496699E+01   
7.79181836E+01   
9.03549710E+01   
9.76239248E+01   
6.61126225E+01   
7.61142228E+01   
8.09145829E+01   
8.58257652E+01   
9.74585917E+01   
7.54284857E+01   
1.01292859E+02   
6.78570714E+01   
6.74344869E+01   
9.35911182E+01   
6.86549310E+01   
8.43410682E+01   
8.14768954E+01   
8.20160032E+01   
9.70160032E+01   
8.61270254E+01   
7.77372474E+01   
8.76905381E+01   
8.17360472E+01   
8.31038208E+01   
7.06438288E+01   
6.70735147E+01   
7.38410682E+01   
6.98973795E+01   
7.33686737E+01   
8.75998200E+01   
6.91933387E+01   
8.08591718E+01   
8.82311462E+01   
7.81985397E+01   
7.48933787E+01   
7.67679536E+01   
7.44501900E+01   
8.83930786E+01   
1.03388078E+02   
8.76976395E+01   
8.32688538E+01   
7.62720544E+01   
9.05634127E+01   
7.04693939E+01   
8.93612723E+01   
7.19351870E+01   
8.57580516E+01   
6.75441088E+01   
7.28860772E+01   
8.29385877E+01   
7.71669334E+01   
9.15410082E+01   
8.12225445E+01   
7.27411482E+01   
7.63635727E+01   
8.01091218E+01   
7.32784557E+01   
8.44542909E+01   
8.28034607E+01   
8.03731746E+01   
9.30176035E+01   
8.96560312E+01   
7.62157431E+01   
6.64498900E+01   
6.69400880E+01   
7.33827766E+01   
7.83124625E+01   
8.62409482E+01   
9.67175435E+01   
8.39408882E+01   
8.60160032E+01   
9.07791558E+01   
9.13295659E+01   
8.33223645E+01   
6.67879576E+01   
7.75493099E+01   
8.46409282E+01   
7.47027405E+01   
7.83039608E+01   
7.60461092E+01   
8.67368474E+01   
9.04951990E+01   
6.94171834E+01   
7.34477896E+01   
7.01540308E+01   
8.97726545E+01   
9.15934187E+01   
9.98545709E+01   
9.51049210E+01   
7.80148030E+01   
7.77630526E+01   
8.31940388E+01   
9.29344869E+01   
9.03592719E+01   
9.47376475E+01   
8.77876575E+01   
8.90685137E+01   
7.76206241E+01   
1.04232346E+02   
6.95006001E+01   
8.44370874E+01   
7.29838968E+01   
9.01942388E+01   
8.24631926E+01   
1.02482496E+02   
8.58373675E+01   
8.42873575E+01   
8.46526305E+01   
8.88358672E+01   
7.96491298E+01   
6.54731946E+01   
8.22925585E+01   
9.63876775E+01   
8.14839968E+01   
9.58333667E+01   
9.11743349E+01   
9.33557712E+01   
8.22445489E+01   
8.34476895E+01   
8.13980796E+01   
9.12094419E+01   
8.41515303E+01   
7.58852771E+01   
8.41443289E+01   
7.82098420E+01   
7.51135227E+01   
7.17042408E+01   
9.25252050E+01   
8.17194439E+01   
8.39160832E+01   
8.36147229E+01   
9.02150430E+01   
7.93165633E+01   
8.38245649E+01   
9.03944789E+01   
8.73181636E+01   
7.42414483E+01   
9.26075215E+01   
9.73980796E+01   
7.86707341E+01   
8.92933587E+01   
8.80180036E+01   
8.82849570E+01   
9.50664133E+01   
9.00695139E+01   
8.11215243E+01   
8.24412883E+01   
9.73377676E+01   
8.94119824E+01   
8.31632326E+01   
8.90782156E+01   
8.39884977E+01   
9.03433687E+01   
9.24727946E+01   
8.11259252E+01   
8.39175835E+01   
7.27850570E+01   
9.32335467E+01   
9.53531706E+01   
8.76831366E+01   
7.21210242E+01   
8.15857171E+01   
9.26661332E+01   
7.76927385E+01   
8.70381076E+01   
9.26529306E+01   
9.47865573E+01   
8.39321864E+01   
8.44780956E+01   
1.01672635E+02   
8.96702340E+01   
8.90168034E+01   
8.44331866E+01   
8.42490498E+01   
7.75455091E+01   
7.33677736E+01   
8.77785557E+01   
9.28454691E+01   
8.27789558E+01   
7.05383077E+01   
8.51347269E+01   
7.60981196E+01   
7.50188038E+01   
9.61709342E+01   
8.33805761E+01   
8.63829766E+01   
9.39388878E+01   
8.30797159E+01   
8.27753551E+01   
8.91561312E+01   
8.21505301E+01   
8.23935787E+01   
7.57615523E+01   
8.63919784E+01   
9.92668534E+01   
8.48842769E+01   
7.83929786E+01   
8.75083017E+01   
7.49034807E+01   
8.62714543E+01   
9.56802360E+01   
1.14482496E+02   
8.62750550E+01   
8.61145229E+01   
8.15337067E+01   
7.54580916E+01   
6.51853371E+01   
8.37545509E+01   
7.91463293E+01   
8.24623925E+01   
9.87561512E+01   
9.26222244E+01   
8.99561912E+01   
8.22129426E+01   
7.82172434E+01   
8.22838568E+01   
8.66884377E+01   
9.56146229E+01   
8.01527305E+01   
1.01611422E+02   
7.25120024E+01   
1.05112623E+02   
7.92890578E+01   
8.66050210E+01   
9.21154231E+01   
8.28804761E+01   
7.53580716E+01   
8.86779356E+01   
9.19310862E+01   
7.22677536E+01   
8.12954591E+01   
9.17180436E+01   
8.57518504E+01   
8.85672134E+01   
7.83208642E+01   
8.51498300E+01   
8.12985597E+01   
1.03450290E+02   
8.93039608E+01   
9.08693739E+01   
7.17415483E+01   
9.57305461E+01   
9.57158432E+01   
7.91758352E+01   
9.58350670E+01   
6.31794359E+01   
7.03807762E+01   
9.54103821E+01   
9.79601920E+01   
7.38668734E+01   
8.11974395E+01   
6.90555111E+01   
9.78712743E+01   
1.06677435E+02   
8.28103621E+01   
1.07071714E+02   
8.30679136E+01   
8.34154831E+01   
8.87498500E+01   
7.78291658E+01   
8.02559512E+01   
9.40602120E+01   
1.09036107E+02   
8.54757952E+01   
9.20176035E+01   
9.23243649E+01   
6.86305261E+01   
8.40979196E+01   
8.05522104E+01   
9.11051210E+01   
9.05243049E+01   
7.85141028E+01   
9.03326665E+01   
9.22915583E+01   
7.98580716E+01   
7.67000400E+01   
1.19172034E+02   
9.36021204E+01   
9.02918584E+01   
9.06718344E+01   
7.67728546E+01   
8.36593319E+01   
9.69300860E+01   
7.98200640E+01   
8.76317263E+01   
9.40772154E+01   
8.72882577E+01   
9.00448090E+01   
8.16925385E+01   
7.80368074E+01   
8.58024605E+01   
8.35434087E+01   
9.87009402E+01   
9.09879976E+01   
1.00201940E+02   
9.28524705E+01   
9.63526705E+01   
7.70164033E+01   
7.88548710E+01   
1.06005201E+02   
7.96929386E+01   
9.25126025E+01   
8.27037407E+01   
9.13142629E+01   
6.73702741E+01   
9.18472695E+01   
9.23574715E+01   
1.01676135E+02   
8.63322665E+01   
8.73582717E+01   
9.14546909E+01   
9.75433087E+01   
9.24318864E+01   
9.50580116E+01   
9.81127225E+01   
1.02539008E+02   
9.05414083E+01   
9.06217243E+01   
9.03158632E+01   
6.71371274E+01   
7.92999600E+01   
9.76050210E+01   
9.01983397E+01   
9.37820564E+01   
9.14865973E+01   
8.64841968E+01   
8.74817964E+01   
6.47305461E+01   
9.57337467E+01   
9.31983397E+01   
1.00199140E+02   
9.50196039E+01   
9.86581316E+01   
1.01924485E+02   
8.93838768E+01   
1.00021604E+02   
9.15629126E+01   
8.34701940E+01   
9.49328866E+01   
8.76710342E+01   
1.00103121E+02   
1.00546109E+02   
9.81260252E+01   
1.02094319E+02   
1.11801060E+02   
9.38177636E+01   
7.88078616E+01   
8.91514303E+01   
7.46932386E+01   
9.80871174E+01   
1.03271054E+02   
9.36445289E+01   
9.86429286E+01   
1.09641328E+02   
9.48815763E+01   
9.37258452E+01   
1.02068314E+02   
8.42087417E+01   
9.56361272E+01   
1.01358372E+02   
1.03909082E+02   
9.39393879E+01   
9.76708342E+01   
8.84936987E+01   
9.37665533E+01   
8.67913583E+01   
9.27379476E+01   
1.04880676E+02   
8.89454891E+01   
1.15242248E+02   
1.04022805E+02   
9.42557512E+01   
1.08215943E+02   
9.61881376E+01   
1.00060912E+02   
9.68200640E+01   
1.05224245E+02   
9.64008802E+01   
1.08626825E+02   
9.78069614E+01   
1.14029406E+02   
8.72210442E+01   
9.80109022E+01   
1.00234247E+02   
1.04216243E+02   
9.69916983E+01   
7.32171434E+01   
7.90289058E+01   
9.26423285E+01   
9.94274855E+01   
1.04244849E+02   
9.91845369E+01   
9.90674135E+01   
1.02203441E+02   
9.91448290E+01   
8.22524505E+01   
9.78445689E+01   
8.75062012E+01   
8.05354071E+01   
9.79076815E+01   
8.95498100E+01   
1.01021604E+02   
1.01856571E+02   
1.16768354E+02   
9.93921784E+01   
1.00389778E+02   
8.48597720E+01   
1.05598520E+02   
9.90192038E+01   
9.40192038E+01   
1.06655031E+02   
9.70821164E+01   
1.00894979E+02   
1.07002400E+02   
1.11383377E+02   
9.35997199E+01   
9.33741748E+01   
9.86586317E+01   
8.18132627E+01   
1.06081716E+02   
9.00977195E+01   
1.17236347E+02   
1.03586917E+02   
1.01888178E+02   
9.48457692E+01   
9.55428086E+01   
9.95135027E+01   
1.07339068E+02   
9.62351470E+01   
8.79922985E+01   
1.05800060E+02   
9.30365073E+01   
9.02234447E+01   
1.00241148E+02   
1.10691138E+02   
1.01905781E+02   
9.51313263E+01   
1.06249050E+02   
1.10017303E+02   
9.86926385E+01   
1.08575315E+02   
1.07676335E+02   
9.25932186E+01   
1.07671934E+02   
9.48247650E+01   
1.16600920E+02   
9.34091818E+01   
9.35665133E+01   
9.97034407E+01   
8.56523305E+01   
9.04738948E+01   
9.89636927E+01   
9.40739148E+01   
9.67062412E+01   
9.27904581E+01   
1.09319064E+02   
1.13411182E+02   
9.20208042E+01   
1.08251950E+02   
9.90212042E+01   
9.60781156E+01   
8.46613323E+01   
9.30224045E+01   
1.08457792E+02   
9.82515503E+01   
8.59541908E+01   
1.04082617E+02   
9.34268854E+01   
1.01196539E+02   
1.14551710E+02   
1.11606321E+02   
9.53651730E+01   
1.00910782E+02   
9.83914783E+01   
9.70738148E+01   
1.07167033E+02   
1.10639428E+02   
1.11544509E+02   
1.08064613E+02   
9.17382476E+01   
9.46200240E+01   
1.22095319E+02   
8.61063213E+01   
1.11779256E+02   
9.22953591E+01   
1.12051010E+02   
9.45019004E+01   
1.05959992E+02   
1.07562312E+02   
1.01236547E+02   
9.38010602E+01   
1.07973595E+02   
1.01266753E+02   
9.70612122E+01   
9.32291458E+01   
1.05055211E+02   
9.72513503E+01   
9.12943589E+01   
9.62317463E+01   
1.02291158E+02   
1.14277355E+02   
1.02510102E+02   
9.65449090E+01   
8.95033007E+01   
1.12022605E+02   
1.02268754E+02   
1.12771054E+02   
1.13528306E+02   
1.17513303E+02   
1.07523905E+02   
1.13494299E+02   
1.00034807E+02   
1.01282957E+02   
8.60212042E+01   
1.03260552E+02   
9.60042008E+01   
9.55619124E+01   
1.15079416E+02   
1.18413883E+02   
1.00085017E+02   
1.18511302E+02   
1.10509702E+02   
9.78458692E+01   
1.10425885E+02   
9.72175435E+01   
1.04597119E+02   
9.84046809E+01   
9.38622725E+01   
9.04288858E+01   
9.59860972E+01   
1.14646229E+02   
1.14061812E+02   
1.02935987E+02   
1.10936087E+02   
1.32286357E+02   
1.26881776E+02   
9.96592318E+01   
9.37973595E+01   
1.12657231E+02   
1.03812663E+02   
9.82313463E+01   
9.95507101E+01   
1.06845769E+02   
9.73437688E+01   
9.97544509E+01   
1.12955791E+02   
1.00415183E+02   
1.09887578E+02   
9.84840968E+01   
1.15381976E+02   
1.30313463E+02   
9.78459692E+01   
9.69477896E+01   
1.08366973E+02   
1.14101420E+02   
1.16184437E+02   
1.16216943E+02   
1.24423985E+02   
1.10460392E+02   
1.20208942E+02   
1.24206541E+02   
1.15200040E+02   
1.15387578E+02   
1.12480696E+02   
1.26016503E+02   
9.54732947E+01   
1.11117824E+02   
1.22670534E+02   
1.23474095E+02   
1.11748050E+02   
1.20471294E+02   
1.11469694E+02   
1.18619424E+02   
1.36026805E+02   
1.14030806E+02   
1.11575515E+02   
1.07412182E+02   
1.11743649E+02   
1.20092719E+02   
1.14908182E+02   
1.15505201E+02   
1.03983697E+02   
1.17900980E+02   
1.10677435E+02   
1.22367373E+02   
1.09405881E+02   
1.15356571E+02   
1.14608222E+02   
1.15851570E+02   
1.17487097E+02   
9.74496899E+01   
1.06694439E+02   
1.19617223E+02   
1.26867674E+02   
1.14027906E+02   
1.16595919E+02   
1.23597520E+02   
1.14011002E+02   
1.01317263E+02   
1.09735647E+02   
1.07567313E+02   
1.08938588E+02   
1.31583817E+02   
1.24158132E+02   
1.25445289E+02   
1.18573815E+02   
1.17634827E+02   
1.24245349E+02   
1.17552010E+02   
1.15403581E+02   
1.01104421E+02   
1.16020004E+02   
1.08605521E+02   
1.25900280E+02   
1.09131826E+02   
1.29675935E+02   
1.33673635E+02   
1.35017103E+02   
1.03611522E+02   
1.11430886E+02   
1.28164633E+02   
1.25545009E+02   
1.16211842E+02   
1.21243449E+02   
1.16833767E+02   
1.34597920E+02   
1.24010802E+02   
1.43744849E+02   
1.22821764E+02   
1.34729646E+02   
1.23929086E+02   
1.26729246E+02   
1.28623525E+02   
1.24327566E+02   
1.23408082E+02   
1.09739648E+02   
1.22211442E+02   
1.26353571E+02   
1.15299160E+02   
1.29238248E+02   
1.30712743E+02   
1.31990498E+02   
1.12545009E+02   
1.16802561E+02   
1.07160532E+02   
1.24942288E+02   
1.16655631E+02   
1.25714443E+02   
1.20942288E+02   
1.19559812E+02   
1.26487698E+02   
1.16093419E+02   
1.24034707E+02   
1.31789358E+02   
1.22405281E+02   
1.25532807E+02   
1.31272955E+02   
1.22994199E+02   
1.27605621E+02   
1.21647129E+02   
1.19464993E+02   
1.26335167E+02   
1.22212543E+02   
1.24844469E+02   
1.20266853E+02   
1.28908582E+02   
1.28739948E+02   
1.02852070E+02   
1.22750250E+02   
1.25188738E+02   
1.20077315E+02   
1.24911282E+02   
1.16403781E+02   
1.33245749E+02   
1.12264953E+02   
1.10114623E+02   
1.22252551E+02   
1.39062513E+02   
1.17298260E+02   
1.36497099E+02   
1.60748950E+02   
1.23027205E+02   
1.36385677E+02   
1.14989898E+02   
1.37384477E+02   
1.32485197E+02   
1.26956591E+02   
1.29638628E+02   
1.22057311E+02   
1.38672735E+02   
1.20730546E+02   
1.22700440E+02   
1.20998700E+02   
1.25700440E+02   
1.16746249E+02   
1.27585917E+02   
1.27437988E+02   
1.34212442E+02   
1.33180436E+02   
1.29936287E+02   
1.34485597E+02   
1.23303261E+02   
1.27051010E+02   
1.01996199E+02   
1.20330566E+02   
1.23696439E+02   
1.21695639E+02   
1.47017904E+02   
1.16364473E+02   
1.36694439E+02   
1.25357572E+02   
1.19372875E+02   
1.12351470E+02   
1.20352671E+02   
1.24027005E+02   
1.23697740E+02   
1.29010602E+02   
1.25026305E+02   
1.36363873E+02   
1.24702641E+02   
1.20682937E+02   
1.30407081E+02   
1.53653631E+02   
1.35689238E+02   
1.26102220E+02   
1.39667433E+02   
1.32323465E+02   
1.26333367E+02   
1.28042709E+02   
1.34988998E+02   
1.23103621E+02   
1.28242549E+02   
1.21044309E+02   
1.16481896E+02   
1.33955491E+02   
1.35238448E+02   
1.18210142E+02   
1.26915583E+02   
1.27828366E+02   
1.50403881E+02   
1.40247550E+02   
1.54126125E+02   
1.40893179E+02   
1.39822464E+02   
1.31464193E+02   
1.28098220E+02   
1.25717544E+02   
1.33920684E+02   
1.37353171E+02   
1.32540808E+02   
1.27071514E+02   
1.21590218E+02   
1.27933387E+02   
1.27816963E+02   
1.42677235E+02   
1.22726945E+02   
1.24274755E+02   
1.35375975E+02   
1.44323265E+02   
1.38462492E+02   
1.36235147E+02   
1.33843369E+02   
1.46202541E+02   
1.43852671E+02   
1.23370474E+02   
1.20330766E+02   
1.26939788E+02   
1.29017103E+02   
1.46704041E+02   
1.38247750E+02   
1.31227345E+02   
1.41601720E+02   
1.48312062E+02   
1.19310862E+02   
1.41738748E+02   
1.38098720E+02   
1.21742749E+02   
1.38385577E+02   
1.44823065E+02   
1.29433487E+02   
1.31025205E+02   
1.30268554E+02   
1.36699540E+02   
1.27468694E+02   
1.36302460E+02   
1.35920584E+02   
1.34752751E+02   
1.39028806E+02   
1.48849770E+02   
1.32572114E+02   
1.55671934E+02   
1.61572014E+02   
1.51302060E+02   
1.36744249E+02   
1.36564913E+02   
1.42711042E+02   
1.43904781E+02   
1.36893579E+02   
1.39124325E+02   
1.30494299E+02   
1.39761552E+02   
1.43921284E+02   
1.37656431E+02   
1.34824065E+02   
1.40334267E+02   
1.23806161E+02   
1.44875475E+02   
1.28733347E+02   
1.44916083E+02   
1.58285257E+02   
1.46863273E+02   
1.37212943E+02   
1.45361572E+02   
1.41299460E+02   
1.47785757E+02   
1.53122124E+02   
1.48050610E+02   
1.44773755E+02   
1.45901680E+02   
1.24271254E+02   
1.43669034E+02   
1.50396179E+02   
1.46390578E+02   
1.31419784E+02   
1.36385777E+02   
1.26514103E+02   
1.36754051E+02   
1.39022104E+02   
1.32913983E+02   
1.51444089E+02   
1.47927485E+02   
1.60170734E+02   
1.44557612E+02   
1.47504001E+02   
1.69267654E+02   
1.57502100E+02   
1.38410782E+02   
1.45473795E+02   
1.58518404E+02   
1.48628526E+02   
1.43806661E+02   
1.47563513E+02   
1.33644929E+02   
1.58647229E+02   
1.59273355E+02   
1.65422384E+02   
1.79559412E+02   
1.58099320E+02   
1.68644029E+02   
1.46317764E+02   
1.48623625E+02   
1.38151030E+02   
1.47086917E+02   
1.42412783E+02   
1.35086517E+02   
1.49316963E+02   
1.71373875E+02   
1.56298560E+02   
1.78292959E+02   
1.31895779E+02   
1.33241248E+02   
1.35302460E+02   
1.48209142E+02   
1.59391078E+02   
1.60949990E+02   
1.54179036E+02   
1.55607922E+02   
1.55585017E+02   
1.63341668E+02   
1.49982597E+02   
1.47822765E+02   
1.69409882E+02   
1.72272655E+02   
1.49206641E+02   
1.66791258E+02   
1.59263453E+02   
1.66034407E+02   
1.48046609E+02   
1.69623025E+02   
1.48435687E+02   
1.46432486E+02   
1.60433087E+02   
1.66830866E+02   
1.58846169E+02   
1.74021004E+02   
1.56846669E+02   
1.62011802E+02   
1.83253851E+02   
1.56647530E+02   
1.74404181E+02   
1.72840768E+02   
1.59033607E+02   
1.65676635E+02   
1.65692138E+02   
1.54704141E+02   
1.53873475E+02   
1.60783357E+02   
1.55539708E+02   
1.69337067E+02   
1.61330566E+02   
1.55733447E+02   
1.69424785E+02   
1.66683137E+02   
1.69169734E+02   
1.63127025E+02   
1.64215243E+02   
1.76444789E+02   
1.69159332E+02   
1.65143829E+02   
1.64685437E+02   
1.59854771E+02   
1.55206841E+02   
1.76396979E+02   
1.68730546E+02   
1.69964893E+02   
1.68724445E+02   
1.97066613E+02   
1.59130926E+02   
1.66259352E+02   
1.67790858E+02   
1.72044609E+02   
1.76447990E+02   
1.58114523E+02   
1.48452591E+02   
1.64451990E+02   
1.88542709E+02   
1.72271754E+02   
1.77734147E+02   
1.92105721E+02   
1.82421784E+02   
1.65972695E+02   
1.83398680E+02   
1.94360772E+02   
1.97822765E+02   
1.92246549E+02   
1.76551410E+02   
1.79367774E+02   
1.85232947E+02   
1.77764853E+02   
1.52727546E+02   
1.78370974E+02   
1.65303561E+02   
1.89429886E+02   
1.55310362E+02   
1.69333667E+02   
1.73756451E+02   
1.81119224E+02   
1.80495399E+02   
1.92756851E+02   
1.77754451E+02   
1.64040108E+02   
1.75461592E+02   
1.83750250E+02   
1.70179636E+02   
1.82903481E+02   
1.86630626E+02   
1.97299060E+02   
1.98900380E+02   
1.95746049E+02   
1.77722545E+02   
1.83898380E+02   
1.78602821E+02   
2.03824965E+02   
1.86309262E+02   
1.89739648E+02   
2.05699340E+02   
1.87813463E+02   
1.97778656E+02   
1.68124625E+02   
1.67424085E+02   
1.62599220E+02   
1.82289258E+02   
1.86642529E+02   
1.78981696E+02   
1.77664733E+02   
1.93471794E+02   
1.91720444E+02   
1.74034407E+02   
1.87453291E+02   
2.23967694E+02   
1.91282056E+02   
2.03884677E+02   
1.94959292E+02   
2.20159632E+02   
1.86975795E+02   
1.87012703E+02   
1.84038408E+02   
1.85366773E+02   
1.72403081E+02   
1.60135127E+02   
1.81692639E+02   
1.62039308E+02   
2.01483097E+02   
1.96032507E+02   
1.98828266E+02   
1.89580916E+02   
1.90375975E+02   
2.14995799E+02   
1.86763353E+02   
1.83354871E+02   
1.98381976E+02   
2.03245649E+02   
2.05320664E+02   
2.02043209E+02   
2.01244849E+02   
2.09141628E+02   
2.04391978E+02   
2.08140428E+02   
2.03943589E+02   
2.18429286E+02   
2.01586817E+02   
1.74300360E+02   
1.93682036E+02   
2.13492398E+02   
1.95853971E+02   
2.09035107E+02   
2.15775355E+02   
1.97403581E+02   
2.19950790E+02   
2.07597119E+02   
2.22853271E+02   
2.13062713E+02   
2.00194939E+02   
1.99270254E+02   
2.06014503E+02   
2.05753651E+02   
2.07041608E+02   
1.96030606E+02   
1.96297459E+02   
2.11473495E+02   
2.27264753E+02   
2.21443689E+02   
2.16808362E+02   
2.31356471E+02   
2.08273255E+02   
2.05426385E+02   
2.29041608E+02   
2.07578816E+02   
1.96335667E+02   
1.89110822E+02   
2.09317063E+02   
2.15546709E+02   
2.18754951E+02   
2.32577616E+02   
1.98455291E+02   
1.99629526E+02   
2.11042408E+02   
2.15108822E+02   
2.11435287E+02   
2.18569214E+02   
1.98524305E+02   
2.12637628E+02   
2.09291258E+02   
2.20199540E+02   
2.15573215E+02   
2.21162432E+02   
2.19922384E+02   
2.12925585E+02   
2.26871174E+02   
2.02483797E+02   
1.88305061E+02   
2.16516003E+02   
2.15952090E+02   
2.01287457E+02   
2.16366073E+02   
2.26570414E+02   
2.48736747E+02   
2.28574015E+02   
2.32622825E+02   
2.13620424E+02   
2.33190038E+02   
2.31378376E+02   
2.29430386E+02   
2.48458892E+02   
2.11608422E+02   
2.18385977E+02   
2.20956391E+02   
2.13395979E+02   
2.14504901E+02   
2.14589518E+02   
2.36247149E+02   
2.40808062E+02   
2.53567213E+02   
2.27273255E+02   
2.37450790E+02   
2.22080816E+02   
2.11677736E+02   
2.06479096E+02   
2.29357572E+02   
2.25079616E+02   
2.29722044E+02   
2.17494799E+02   
2.14255651E+02   
2.34167133E+02   
2.41619224E+02   
2.42017203E+02   
2.32804461E+02   
2.36313963E+02   
2.19019604E+02   
2.24483997E+02   
2.32000000E+02   
2.13700440E+02   
2.27533207E+02   
2.15936787E+02   
2.40007201E+02   
2.36560412E+02   
2.25713243E+02   
2.21478796E+02   
2.31134027E+02   
2.30957992E+02   
2.54489998E+02   
2.20647630E+02   
2.02202040E+02   
2.26351170E+02   
2.25487998E+02   
2.17217243E+02   
2.31353171E+02   
2.62999200E+02   
2.56064813E+02   
2.30611622E+02   
2.63065213E+02   
2.27522404E+02   
2.61005601E+02   
2.41648430E+02   
2.59042809E+02   
2.40030806E+02   
2.44032406E+02   
2.30084417E+02   
2.08012402E+02   
2.43050810E+02   
2.36046009E+02   
2.20552811E+02   
2.27534407E+02   
2.11540008E+02   
2.44598420E+02   
2.44032406E+02   
2.62037207E+02   
2.88127626E+02   
3.02060412E+02   
3.02060412E+02   
3.02060412E+02   
3.02060412E+02   
3.07613223E+02   
3.59252050E+02   
3.73517604E+02   
3.66544809E+02   
3.26463993E+02   
3.36270054E+02   
3.86628426E+02   
3.73314763E+02   
3.67290858E+02   
3.75485597E+02   
3.62214443E+02   
3.75515603E+02   
3.52000400E+02   
3.57893979E+02   
3.52639628E+02   
3.67285657E+02   
3.50364773E+02   
3.54070014E+02   
3.77262052E+02   
3.71126025E+02   
3.68770754E+02   
3.72306061E+02   
3.87698040E+02   
3.48285157E+02   
3.39498800E+02   
3.52098420E+02   
3.67584817E+02   
3.72257251E+02   
3.55590818E+02   
3.76394779E+02   
3.79205241E+02   
3.79246049E+02   
3.95620324E+02   
3.78571714E+02   
3.86857972E+02   
3.67329566E+02   
3.92240948E+02   
3.75651530E+02   
3.83034107E+02   
4.19919984E+02   
3.61101520E+02   
3.84185737E+02   
3.75218244E+02   
3.71204541E+02   
4.26824465E+02   
4.08149130E+02   
3.77260452E+02   
3.96318364E+02   
3.72409682E+02   
4.05652430E+02   
3.83435487E+02   
4.01574115E+02   
4.16064513E+02   
3.96409482E+02   
3.93288158E+02   
4.16862272E+02   
4.03510502E+02   
4.05915983E+02   
3.96855171E+02   
3.98433987E+02   
3.72775655E+02   
4.04485697E+02   
3.83848870E+02   
4.20895879E+02   
4.31032907E+02   
4.08897980E+02   
4.50454891E+02   
4.28085217E+02   
4.15573115E+02   
3.79935287E+02   
4.26812863E+02   
4.23419984E+02   
4.53214343E+02   
4.15953691E+02   
3.92999100E+02   
4.17286057E+02   
4.31671034E+02   
4.25915483E+02   
3.96548410E+02   
4.21256351E+02   
4.25006801E+02   
4.50509802E+02   
4.20251150E+02   
4.65226245E+02   
4.83712543E+02   
4.76547610E+02   
4.31396879E+02   
4.26022104E+02   
4.67850770E+02   
4.51871274E+02   
4.67172835E+02   
4.82798060E+02   
4.65134927E+02   
4.59175035E+02   
4.34496699E+02   
4.49769754E+02   
4.30708542E+02   
4.62084417E+02   
4.38952591E+02   
4.32441688E+02   
4.24103821E+02   
4.55984997E+02   
4.77997600E+02   
4.31173935E+02   
4.61084417E+02   
4.58114223E+02   
4.36904381E+02   
4.60377275E+02   
4.61749750E+02   
4.37341468E+02   
4.95874175E+02   
4.43747249E+02   
4.64215643E+02   
4.55335767E+02   
4.71099820E+02   
4.55414783E+02   
4.46838468E+02   
4.50600520E+02   
4.55240948E+02   
4.74536507E+02   
4.69413683E+02   
4.48864373E+02   
4.22636027E+02   
4.47163033E+02   
4.84437888E+02   
4.58298560E+02   
4.59536007E+02   
4.52980096E+02   
4.49405081E+02   
4.58233447E+02   
4.85210442E+02   
4.92883677E+02   
4.50062613E+02   
4.55512302E+02   
4.53555711E+02   
4.57356171E+02   
4.51215243E+02   
4.48951590E+02   
4.44443289E+02   
4.59414683E+02   
4.82310662E+02   
4.54266053E+02   
4.72898480E+02   
4.34670034E+02   
4.28389978E+02   
4.61463493E+02   
4.67903681E+02   
4.32126525E+02   
4.38076915E+02   
4.59114523E+02   
4.72392378E+02   
4.31302961E+02   
4.58786857E+02   
4.87261152E+02   
4.35956391E+02   
4.18885777E+02   
4.08799260E+02   
4.51525105E+02   
4.27775855E+02   
4.34066713E+02   
4.54652030E+02   
4.32652831E+02   
4.56463593E+02   
4.63224945E+02   
4.64408482E+02   
4.70530906E+02   
4.13936087E+02   
4.40085917E+02   
3.96929986E+02   
3.98802561E+02   
4.04771754E+02   
4.03380576E+02   
3.76932386E+02   
4.01302460E+02   
3.76727245E+02   
4.18805261E+02   
4.03630726E+02   
4.05411382E+02   
4.04651530E+02   
3.86245749E+02   
3.88818464E+02   
3.40994999E+02   
3.69691338E+02   
3.92211942E+02   
3.96925185E+02   
3.87135427E+02   
3.85650530E+02   
3.56171134E+02   
3.65307662E+02   
3.75560912E+02   
3.78242448E+02   
3.53969994E+02   
3.59438888E+02   
3.52195639E+02   
3.75502200E+02   
3.59056011E+02   
3.92493399E+02   
3.87747950E+02   
3.73656631E+02   
3.85556911E+02   
3.67350370E+02   
3.31469794E+02   
3.95072414E+02   
3.69448690E+02   
3.70875075E+02   
3.58198940E+02   
3.70354171E+02   
3.63299460E+02   
3.52145729E+02   
3.50065913E+02   
3.76313063E+02   
3.39290858E+02   
3.52939888E+02   
3.38814863E+02   
3.69207341E+02   
3.52895579E+02   
3.51069614E+02   
3.50292759E+02   
3.60802561E+02   
3.28851570E+02   
3.21766653E+02   
3.56302460E+02   
3.62919484E+02   
3.28251450E+02   
3.38437688E+02   
3.35768354E+02   
3.46878376E+02   
3.52068014E+02   
3.30299860E+02   
3.47889878E+02   
3.37757051E+02   
3.52505801E+02   
3.58668434E+02   
3.32689038E+02   
3.62453391E+02   
3.84065313E+02   
3.60271654E+02   
3.57673635E+02   
3.37874175E+02   
3.22469194E+02   
3.49270854E+02   
3.22665133E+02   
3.38865173E+02   
3.39669634E+02   
3.38875275E+02   
3.36274855E+02   
3.25576615E+02   
3.37185137E+02   
3.21119624E+02   
3.28025205E+02   
3.78793229E+02   
4.70294059E+02   
4.70294059E+02   
4.70294059E+02   
4.70294059E+02   
4.70294059E+02   
5.95961602E+02   
6.10330666E+02   
6.38143029E+02   
6.12653831E+02   
6.20778956E+02   
6.15611422E+02   
6.57474295E+02   
6.12269054E+02   
6.29885977E+02   
6.48898780E+02   
6.24294359E+02   
5.96348870E+02   
6.08856671E+02   
6.08492799E+02   
5.85477596E+02   
6.13906981E+02   
6.69160532E+02   
6.15395879E+02   
6.33881476E+02   
6.21356871E+02   
6.10130126E+02   
6.35207141E+02   
6.21823065E+02   
6.13735347E+02   
6.31295859E+02   
6.17748850E+02   
6.50279156E+02   
6.06401180E+02   
6.37334167E+02   
6.50226545E+02   
6.32223145E+02   
6.12327966E+02   
6.24771354E+02   
6.11704641E+02   
6.29399480E+02   
6.17167734E+02   
6.53779056E+02   
6.13954991E+02   
6.25677836E+02   
6.63784857E+02   
6.21614123E+02   
6.06251950E+02   
6.08369674E+02   
6.28620124E+02   
6.31750250E+02   
6.36004101E+02   
6.08233347E+02   
6.11516603E+02   
5.90587317E+02   
6.39323165E+02   
6.16926685E+02   
5.71704841E+02   
5.89673735E+02   
6.56634927E+02   
6.24555211E+02   
6.19016503E+02   
6.47574515E+02   
6.71505901E+02   
5.82505601E+02   
5.94994999E+02   
6.79218544E+02   
6.45348970E+02   
6.47393679E+02   
6.54454691E+02   
6.37680936E+02   
5.94992398E+02   
6.40195439E+02   
6.14988398E+02   
6.48105121E+02   
6.25956691E+02   
6.14506101E+02   
6.35658432E+02   
6.30402080E+02   
6.46949390E+02   
6.47207441E+02   
6.04481596E+02   
6.62073015E+02   
6.44151130E+02   
6.26261252E+02   
6.72096719E+02   
6.46547610E+02   
6.62814863E+02   
7.59887177E+02   
7.39620024E+02   
7.94590918E+02   
8.28981896E+02   
7.69816463E+02   
7.56101720E+02   
7.46136427E+02   
7.16647830E+02   
6.61702941E+02   
7.23598720E+02   
7.41015003E+02   
7.06464793E+02   
6.95196839E+02   
6.94472294E+02   
6.99110122E+02   
6.71512703E+02   
7.30891178E+02   
6.74491998E+02   
6.78721544E+02   
6.64193239E+02   
6.25059612E+02   
6.48126425E+02   
6.26424085E+02   
6.58059512E+02   
6.24049010E+02   
6.60923785E+02   
6.45533907E+02   
6.03053311E+02   
6.22307361E+02   
6.15795759E+02   
6.28815463E+02   
6.43863173E+02   
6.01772855E+02   
6.46733347E+02   
5.90814763E+02   
5.53884177E+02   
5.61144329E+02   
5.94061012E+02   
5.99429686E+02   
5.48451090E+02   
5.23547710E+02   
5.56637628E+02   
5.83991198E+02   
5.46856171E+02   
5.67903981E+02   
5.57633727E+02   
5.42576715E+02   
4.89811062E+02   
5.21125525E+02   
4.59674535E+02   
4.60328866E+02   
4.75735747E+02   
4.59253151E+02   
4.33664533E+02   
3.92302661E+02   
4.11851970E+02   
4.26933887E+02   
4.02682537E+02   
3.74145429E+02   
4.03776455E+02   
4.24593819E+02   
4.05483197E+02   
3.77463193E+02   
3.45734947E+02   
3.68081816E+02   
3.47744949E+02   
3.55400080E+02   
3.50739448E+02   
3.48741148E+02   
3.58410982E+02   
3.34398580E+02   
3.30371774E+02   
3.54765753E+02   
3.27370774E+02   
3.18351470E+02   
2.95389178E+02   
2.75013603E+02   
2.71029006E+02   
3.02476295E+02   
3.08447590E+02   
2.84703841E+02   
2.70596019E+02   
2.61978796E+02   
2.56473295E+02   
2.34844569E+02   
2.27389678E+02   
2.18344669E+02   
2.13789158E+02   
2.06369574E+02   
1.82882977E+02   
1.97037207E+02   
1.97037207E+02   
1.89421384E+02   
1.95621324E+02   
1.82713643E+02   
1.74290158E+02   
1.79782657E+02   
1.81715243E+02   
1.55169034E+02   
1.56428586E+02   
1.68832767E+02   
1.53551610E+02   
1.44074515E+02   
1.50902080E+02   
1.36621424E+02   
1.31617423E+02   
1.21072915E+02   
1.34881276E+02   
1.23122625E+02   
1.40545609E+02   
1.43873675E+02   
1.30026405E+02   
1.29287057E+02   
1.34821464E+02   
1.30314863E+02   
1.04763753E+02   
8.11568314E+01   
9.94513903E+01   
9.30192038E+01   
1.02643929E+02   
9.90184037E+01   
8.31993399E+01   
1.02481196E+02   
9.68208642E+01   
9.35033007E+01   
7.11869374E+01   
6.79430886E+01   
7.35399080E+01   
6.34864973E+01   
7.23215643E+01   
8.41650330E+01   
9.45547109E+01   
6.80115023E+01   
6.74672935E+01   
5.93163633E+01   
6.24201840E+01   
6.30712142E+01   
6.33167634E+01   
6.37064413E+01   
6.47941588E+01   
5.19250850E+01   
6.03511702E+01   
5.28854771E+01   
4.74324865E+01   
4.04024805E+01   
5.14981996E+01   
4.00100020E+01   
4.76123225E+01   
3.91145229E+01   
3.38049610E+01   
3.72082416E+01   
5.72174435E+01   
4.00941188E+01   
1.01416383E+02   
4.95956191E+01   
2.63039608E+01   
2.10885177E+01   
1.74084817E+01   
2.34100820E+01   
2.01153231E+01   
2.03732747E+01   
1.05935187E+01   
1.59354871E+01   
1.80677135E+01   
1.58241648E+01   
1.24152831E+01   
1.17653531E+01   
1.02947590E+01   
6.68409682E+00   
6.80136027E+00   
6.80136027E+00   
6.80136027E+00   
6.80136027E+00   
4.38993799E+00   
0.00000000E+00   
0.00000000E+00   
0.00000000E+00   
0.00000000E+00   
0.00000000E+00   
0.00000000E+00   
0.00000000E+00   
0.00000000E+00   
0.00000000E+00   
0.00000000E+00   
0.00000000E+00   
0.00000000E+00   
0.00000000E+00   
1.00000000E+00   
0.00000000E+00   
2.00000000E+00   
0.00000000E+00   
0.00000000E+00   
0.00000000E+00   
1.00000000E+00   
0.00000000E+00   
0.00000000E+00   
0.00000000E+00   
0.00000000E+00   
0.00000000E+00   
0.00000000E+00   
0.00000000E+00   
0.00000000E+00   
0.00000000E+00   
0.00000000E+00   
0.00000000E+00   
0.00000000E+00   
7.22444489E-01   
2.77555511E-01   
0.00000000E+00   
0.00000000E+00   
0.00000000E+00   
0.00000000E+00   
0.00000000E+00   
0.00000000E+00   
0.00000000E+00   
0.00000000E+00   
0.00000000E+00   
0.00000000E+00   
1.00000000E+00   
0.00000000E+00   
0.00000000E+00   
0.00000000E+00   
0.00000000E+00   
0.00000000E+00   
0.00000000E+00   
1.00000000E+00   
0.00000000E+00   
7.30846169E-01   
2.69153831E-01   
0.00000000E+00   
0.00000000E+00   
0.00000000E+00   
0.00000000E+00   
0.00000000E+00   
0.00000000E+00   
0.00000000E+00   
0.00000000E+00   
0.00000000E+00   
7.35247049E-01   
2.64752951E-01   
0.00000000E+00   
0.00000000E+00   
0.00000000E+00   
7.37247449E-01   
2.62752551E-01   
0.00000000E+00   
7.38447690E-01   
2.61552310E-01   
0.00000000E+00   
0.00000000E+00   
0.00000000E+00   
0.00000000E+00   
0.00000000E+00   
0.00000000E+00   
0.00000000E+00   
0.00000000E+00   
0.00000000E+00   
0.00000000E+00   
0.00000000E+00   
0.00000000E+00   
0.00000000E+00   
0.00000000E+00   
0.00000000E+00   
0.00000000E+00   
0.00000000E+00   
0.00000000E+00   
0.00000000E+00   
0.00000000E+00   
0.00000000E+00   
0.00000000E+00   
0.00000000E+00   
0.00000000E+00   
0.00000000E+00   
0.00000000E+00   
0.00000000E+00   
0.00000000E+00   
0.00000000E+00   
0.00000000E+00   
0.00000000E+00   
1.00000000E+00   
0.00000000E+00   
0.00000000E+00   
0.00000000E+00   
0.00000000E+00   
0.00000000E+00   
0.00000000E+00   
0.00000000E+00   
0.00000000E+00   
0.00000000E+00   
0.00000000E+00   
0.00000000E+00   
0.00000000E+00   
0.00000000E+00   
0.00000000E+00   
0.00000000E+00   
0.00000000E+00   
0.00000000E+00   
0.00000000E+00   
0.00000000E+00   
0.00000000E+00   
0.00000000E+00   
0.00000000E+00   
0.00000000E+00   
0.00000000E+00   
0.00000000E+00   
0.00000000E+00   
0.00000000E+00   
0.00000000E+00   
0.00000000E+00   
0.00000000E+00   
0.00000000E+00   
0.00000000E+00   
0.00000000E+00   
0.00000000E+00   
0.00000000E+00   
0.00000000E+00   
0.00000000E+00   
0.00000000E+00   
0.00000000E+00   
0.00000000E+00   
0.00000000E+00   
0.00000000E+00   
0.00000000E+00   
0.00000000E+00   
0.00000000E+00   
0.00000000E+00   
7.70454091E-01   
2.29545909E-01   
0.00000000E+00   
0.00000000E+00   
0.00000000E+00   
0.00000000E+00   
0.00000000E+00   
0.00000000E+00   
0.00000000E+00   
1.00000000E+00   
0.00000000E+00   
0.00000000E+00   
7.75255051E-01   
2.24744949E-01   
0.00000000E+00   
0.00000000E+00   
0.00000000E+00   
0.00000000E+00   
0.00000000E+00   
0.00000000E+00   
0.00000000E+00   
0.00000000E+00   
0.00000000E+00   
0.00000000E+00   
0.00000000E+00   
0.00000000E+00   
7.80856171E-01   
2.19143829E-01   
0.00000000E+00   
0.00000000E+00   
0.00000000E+00   
0.00000000E+00   
0.00000000E+00   
0.00000000E+00   
0.00000000E+00   
0.00000000E+00   
0.00000000E+00   
0.00000000E+00   
0.00000000E+00   
0.00000000E+00   
0.00000000E+00   
0.00000000E+00   
0.00000000E+00   
0.00000000E+00   
0.00000000E+00   
0.00000000E+00   
0.00000000E+00   
0.00000000E+00   
0.00000000E+00   
0.00000000E+00   
0.00000000E+00   
0.00000000E+00   
0.00000000E+00   
0.00000000E+00   
0.00000000E+00   
0.00000000E+00   
0.00000000E+00   
0.00000000E+00   
0.00000000E+00   
0.00000000E+00   
0.00000000E+00   
0.00000000E+00   
0.00000000E+00   
0.00000000E+00   
0.00000000E+00   
0.00000000E+00   
0.00000000E+00   
0.00000000E+00   
7.97659532E-01   
1.00040008E+00   
1.20194039E+00   
0.00000000E+00   
0.00000000E+00   
0.00000000E+00   
0.00000000E+00   
0.00000000E+00   
0.00000000E+00   
0.00000000E+00   
0.00000000E+00   
0.00000000E+00   
0.00000000E+00   
0.00000000E+00   
0.00000000E+00   
0.00000000E+00   
0.00000000E+00   
0.00000000E+00   
0.00000000E+00   
0.00000000E+00   
0.00000000E+00   
0.00000000E+00   
1.00000000E+00   
0.00000000E+00   
0.00000000E+00   
0.00000000E+00   
0.00000000E+00   
0.00000000E+00   
0.00000000E+00   
0.00000000E+00   
0.00000000E+00   
0.00000000E+00   
0.00000000E+00   
0.00000000E+00   
0.00000000E+00   
0.00000000E+00   
0.00000000E+00   
0.00000000E+00   
0.00000000E+00   
0.00000000E+00   
0.00000000E+00   
0.00000000E+00   
0.00000000E+00   
0.00000000E+00   
0.00000000E+00   
0.00000000E+00   
1.00000000E+00   
0.00000000E+00   
0.00000000E+00   
0.00000000E+00   
0.00000000E+00   
0.00000000E+00   
0.00000000E+00   
0.00000000E+00   
0.00000000E+00   
0.00000000E+00   
0.00000000E+00   
0.00000000E+00   
0.00000000E+00   
1.00000000E+00   
0.00000000E+00   
0.00000000E+00   
0.00000000E+00   
0.00000000E+00   
0.00000000E+00   
0.00000000E+00   
0.00000000E+00   
0.00000000E+00   
0.00000000E+00   
0.00000000E+00   
0.00000000E+00   
0.00000000E+00   
0.00000000E+00   
0.00000000E+00   
0.00000000E+00   
0.00000000E+00   
0.00000000E+00   
0.00000000E+00   
0.00000000E+00   
0.00000000E+00   
0.00000000E+00   
0.00000000E+00   
0.00000000E+00   
0.00000000E+00   
0.00000000E+00   
0.00000000E+00   
0.00000000E+00   
0.00000000E+00   
0.00000000E+00   
0.00000000E+00   
0.00000000E+00   
0.00000000E+00   
0.00000000E+00   
0.00000000E+00   
0.00000000E+00   
0.00000000E+00   
0.00000000E+00   
0.00000000E+00   
0.00000000E+00   
0.00000000E+00   
0.00000000E+00   
0.00000000E+00   
0.00000000E+00   
0.00000000E+00   
0.00000000E+00   
0.00000000E+00   
0.00000000E+00   
0.00000000E+00   
0.00000000E+00   
0.00000000E+00   
0.00000000E+00   
0.00000000E+00   
0.00000000E+00   
0.00000000E+00   
8.43268654E-01   
1.56731346E-01   
0.00000000E+00   
0.00000000E+00   
8.44868974E-01   
1.55131026E-01   
0.00000000E+00   
0.00000000E+00   
0.00000000E+00   
0.00000000E+00   
0.00000000E+00   
0.00000000E+00   
0.00000000E+00   
0.00000000E+00   
0.00000000E+00   
0.00000000E+00   
0.00000000E+00   
0.00000000E+00   
0.00000000E+00   
0.00000000E+00   
0.00000000E+00   
0.00000000E+00   
0.00000000E+00   
0.00000000E+00   
0.00000000E+00   
0.00000000E+00   
0.00000000E+00   
0.00000000E+00   
0.00000000E+00   
0.00000000E+00   
0.00000000E+00   
0.00000000E+00   
0.00000000E+00   
0.00000000E+00   
0.00000000E+00   
0.00000000E+00   
0.00000000E+00   
0.00000000E+00   
0.00000000E+00   
0.00000000E+00   
0.00000000E+00   
0.00000000E+00   
0.00000000E+00   
0.00000000E+00   
0.00000000E+00   
0.00000000E+00   
0.00000000E+00   
0.00000000E+00   
0.00000000E+00   
0.00000000E+00   
0.00000000E+00   
8.63672735E-01   
1.36327265E-01   
0.00000000E+00   
0.00000000E+00   
0.00000000E+00   
0.00000000E+00   
0.00000000E+00   
0.00000000E+00   
0.00000000E+00   
0.00000000E+00   
0.00000000E+00   
0.00000000E+00   
0.00000000E+00   
0.00000000E+00   
0.00000000E+00   
0.00000000E+00   
0.00000000E+00   
0.00000000E+00   
0.00000000E+00   
0.00000000E+00   
0.00000000E+00   
0.00000000E+00   
0.00000000E+00   
0.00000000E+00   
0.00000000E+00   
0.00000000E+00   
0.00000000E+00   
0.00000000E+00   
0.00000000E+00   
0.00000000E+00   
1.00000000E+00   
0.00000000E+00   
0.00000000E+00   
0.00000000E+00   
0.00000000E+00   
0.00000000E+00   
0.00000000E+00   
0.00000000E+00   
0.00000000E+00   
0.00000000E+00   
0.00000000E+00   
0.00000000E+00   
0.00000000E+00   
0.00000000E+00   
0.00000000E+00   
0.00000000E+00   
0.00000000E+00   
0.00000000E+00   
0.00000000E+00   
0.00000000E+00   
0.00000000E+00   
0.00000000E+00   
0.00000000E+00   
0.00000000E+00   
0.00000000E+00   
0.00000000E+00   
1.00000000E+00   
0.00000000E+00   
0.00000000E+00   
0.00000000E+00   
0.00000000E+00   
0.00000000E+00   
0.00000000E+00   
0.00000000E+00   
0.00000000E+00   
0.00000000E+00   
0.00000000E+00   
0.00000000E+00   
0.00000000E+00   
0.00000000E+00   
0.00000000E+00   
0.00000000E+00   
0.00000000E+00   
0.00000000E+00   
0.00000000E+00   
0.00000000E+00   
1.78815763E+00   
1.21184237E+00   
0.00000000E+00   
0.00000000E+00   
0.00000000E+00   
0.00000000E+00   
0.00000000E+00   
0.00000000E+00   
0.00000000E+00   
0.00000000E+00   
0.00000000E+00   
0.00000000E+00   
0.00000000E+00   
0.00000000E+00   
0.00000000E+00   
0.00000000E+00   
6.30336067E+00   
6.96639328E-01   
0.00000000E+00   
0.00000000E+00   
0.00000000E+00   
0.00000000E+00   
0.00000000E+00   
0.00000000E+00   
0.00000000E+00   
0.00000000E+00   
0.00000000E+00   
0.00000000E+00   
0.00000000E+00   
0.00000000E+00   
0.00000000E+00   
0.00000000E+00   
0.00000000E+00   
0.00000000E+00   
1.00000000E+00   
0.00000000E+00   
0.00000000E+00   
0.00000000E+00   
0.00000000E+00   
0.00000000E+00   
0.00000000E+00   
0.00000000E+00   
0.00000000E+00   
0.00000000E+00   
0.00000000E+00   
0.00000000E+00   
0.00000000E+00   
0.00000000E+00   
0.00000000E+00   
0.00000000E+00   
0.00000000E+00   
0.00000000E+00   
0.00000000E+00   
1.00000000E+00   
0.00000000E+00   
0.00000000E+00   
0.00000000E+00   
0.00000000E+00   
0.00000000E+00   
0.00000000E+00   
0.00000000E+00   
2.00000000E+00   
0.00000000E+00   
0.00000000E+00   
0.00000000E+00   
0.00000000E+00   
0.00000000E+00   
0.00000000E+00   
0.00000000E+00   
0.00000000E+00   
0.00000000E+00   
0.00000000E+00   
0.00000000E+00   
0.00000000E+00   
0.00000000E+00   
0.00000000E+00   
0.00000000E+00   
0.00000000E+00   
0.00000000E+00   
0.00000000E+00   
0.00000000E+00   
0.00000000E+00   
0.00000000E+00   
0.00000000E+00   
0.00000000E+00   
0.00000000E+00   
0.00000000E+00   
0.00000000E+00   
0.00000000E+00   
0.00000000E+00   
0.00000000E+00   
0.00000000E+00   
0.00000000E+00   
0.00000000E+00   
0.00000000E+00   
0.00000000E+00   
0.00000000E+00   
0.00000000E+00   
0.00000000E+00   
0.00000000E+00   
0.00000000E+00   
0.00000000E+00   
0.00000000E+00   
0.00000000E+00   
0.00000000E+00   
1.93608722E+00   
6.39127826E-02   
0.00000000E+00   
0.00000000E+00   
0.00000000E+00   
0.00000000E+00   
0.00000000E+00   
0.00000000E+00   
0.00000000E+00   
0.00000000E+00   
0.00000000E+00   
0.00000000E+00   
0.00000000E+00   
0.00000000E+00   
0.00000000E+00   
9.42088418E-01   
5.79115823E-02   
0.00000000E+00   
0.00000000E+00   
0.00000000E+00   
0.00000000E+00   
0.00000000E+00   
0.00000000E+00   
0.00000000E+00   
0.00000000E+00   
0.00000000E+00   
0.00000000E+00   
0.00000000E+00   
0.00000000E+00   
0.00000000E+00   
0.00000000E+00   
0.00000000E+00   
0.00000000E+00   
0.00000000E+00   
0.00000000E+00   
0.00000000E+00   
0.00000000E+00   
0.00000000E+00   
0.00000000E+00   
0.00000000E+00   
0.00000000E+00   
0.00000000E+00   
0.00000000E+00   
0.00000000E+00   
0.00000000E+00   
0.00000000E+00   
0.00000000E+00   
0.00000000E+00   
0.00000000E+00   
0.00000000E+00   
0.00000000E+00   
0.00000000E+00   
0.00000000E+00   
0.00000000E+00   
0.00000000E+00   
0.00000000E+00   
0.00000000E+00   
0.00000000E+00   
0.00000000E+00   
0.00000000E+00   
0.00000000E+00   
0.00000000E+00   
0.00000000E+00   
0.00000000E+00   
0.00000000E+00   
0.00000000E+00   
0.00000000E+00   
0.00000000E+00   
0.00000000E+00   
0.00000000E+00   
0.00000000E+00   
0.00000000E+00   
0.00000000E+00   
0.00000000E+00   
0.00000000E+00   
1.00000000E+00   
0.00000000E+00   
0.00000000E+00   
0.00000000E+00   
0.00000000E+00   
0.00000000E+00   
0.00000000E+00   
0.00000000E+00   
0.00000000E+00   
0.00000000E+00   
0.00000000E+00   
0.00000000E+00   
0.00000000E+00   
0.00000000E+00   
0.00000000E+00   
0.00000000E+00   
0.00000000E+00   
0.00000000E+00   
0.00000000E+00   
0.00000000E+00   
0.00000000E+00   
0.00000000E+00   
0.00000000E+00   
0.00000000E+00   
0.00000000E+00   
0.00000000E+00   
0.00000000E+00   
0.00000000E+00   
0.00000000E+00   
0.00000000E+00   
0.00000000E+00   
0.00000000E+00   
0.00000000E+00   
0.00000000E+00   
0.00000000E+00   
0.00000000E+00   
0.00000000E+00   
0.00000000E+00   
0.00000000E+00   
0.00000000E+00   
0.00000000E+00   
0.00000000E+00   
0.00000000E+00   
0.00000000E+00   
0.00000000E+00   
0.00000000E+00   
0.00000000E+00   
0.00000000E+00   
0.00000000E+00   
0.00000000E+00   
0.00000000E+00   
0.00000000E+00   
0.00000000E+00   
0.00000000E+00   
0.00000000E+00   
0.00000000E+00   
0.00000000E+00   
0.00000000E+00   
0.00000000E+00   
0.00000000E+00   
0.00000000E+00   
0.00000000E+00   
0.00000000E+00   
0.00000000E+00   
0.00000000E+00   
0.00000000E+00   
0.00000000E+00   
0.00000000E+00   
0.00000000E+00   
0.00000000E+00   
0.00000000E+00   
0.00000000E+00   
0.00000000E+00   
0.00000000E+00   
0.00000000E+00   
0.00000000E+00   
0.00000000E+00   
0.00000000E+00   
0.00000000E+00   
0.00000000E+00   
0.00000000E+00   
0.00000000E+00   
0.00000000E+00   
0.00000000E+00   
0.00000000E+00   
0.00000000E+00   
0.00000000E+00   
0.00000000E+00   
0.00000000E+00   
0.00000000E+00   
0.00000000E+00   
1.00020004E-02   
3.98999800E+00   
0.00000000E+00   
0.00000000E+00   
0.00000000E+00   
0.00000000E+00   
0.00000000E+00   
0.00000000E+00   
0.00000000E+00   
0.00000000E+00   
0.00000000E+00   
0.00000000E+00   
0.00000000E+00   
0.00000000E+00   
0.00000000E+00   
0.00000000E+00   
0.00000000E+00   
0.00000000E+00   
0.00000000E+00   
0.00000000E+00   
0.00000000E+00   
0.00000000E+00   
0.00000000E+00   
0.00000000E+00   
0.00000000E+00   
0.00000000E+00   
0.00000000E+00   
0.00000000E+00   
0.00000000E+00   
0.00000000E+00   
0.00000000E+00   
0.00000000E+00   
0.00000000E+00   
0.00000000E+00   
0.00000000E+00   
0.00000000E+00   
0.00000000E+00   
0.00000000E+00   
0.00000000E+00   
0.00000000E+00   
0.00000000E+00   
0.00000000E+00   
0.00000000E+00   
0.00000000E+00   
0.00000000E+00   
0.00000000E+00   
0.00000000E+00   
0.00000000E+00   
0.00000000E+00   
0.00000000E+00   
0.00000000E+00   
0.00000000E+00   
0.00000000E+00   
0.00000000E+00   
0.00000000E+00   
0.00000000E+00   
0.00000000E+00   
0.00000000E+00   
0.00000000E+00   
0.00000000E+00   
0.00000000E+00   
0.00000000E+00   
0.00000000E+00   
0.00000000E+00   
0.00000000E+00   
0.00000000E+00   
0.00000000E+00   
0.00000000E+00   
0.00000000E+00   
0.00000000E+00   
0.00000000E+00   
0.00000000E+00   
0.00000000E+00   
0.00000000E+00   
0.00000000E+00   
0.00000000E+00   
0.00000000E+00   
0.00000000E+00   
0.00000000E+00   
0.00000000E+00   
0.00000000E+00   
0.00000000E+00   
0.00000000E+00   
0.00000000E+00   
0.00000000E+00   
0.00000000E+00   
0.00000000E+00   
0.00000000E+00   
0.00000000E+00   
0.00000000E+00   
0.00000000E+00   
0.00000000E+00   
0.00000000E+00   
0.00000000E+00   
0.00000000E+00   
0.00000000E+00   
0.00000000E+00   
0.00000000E+00   
0.00000000E+00   
0.00000000E+00   
0.00000000E+00   
0.00000000E+00   
0.00000000E+00   
0.00000000E+00   
0.00000000E+00   
0.00000000E+00   
0.00000000E+00   
0.00000000E+00   
0.00000000E+00   
0.00000000E+00   
0.00000000E+00   
0.00000000E+00   
0.00000000E+00   
0.00000000E+00   
0.00000000E+00   
0.00000000E+00   
0.00000000E+00   
0.00000000E+00   
0.00000000E+00   
0.00000000E+00   
0.00000000E+00   
0.00000000E+00   
0.00000000E+00   
0.00000000E+00   
0.00000000E+00   
0.00000000E+00   
0.00000000E+00   
0.00000000E+00   
0.00000000E+00   
0.00000000E+00   
0.00000000E+00   
0.00000000E+00   
0.00000000E+00   
0.00000000E+00   
0.00000000E+00   
0.00000000E+00   
0.00000000E+00   
0.00000000E+00   
0.00000000E+00   
0.00000000E+00   
0.00000000E+00   
0.00000000E+00   
0.00000000E+00   
0.00000000E+00   
0.00000000E+00   
0.00000000E+00   
0.00000000E+00   
0.00000000E+00   
0.00000000E+00   
0.00000000E+00   
0.00000000E+00   
0.00000000E+00   
0.00000000E+00   
0.00000000E+00   
0.00000000E+00   
0.00000000E+00   
0.00000000E+00   
0.00000000E+00   
0.00000000E+00   
0.00000000E+00   
0.00000000E+00   
0.00000000E+00   
0.00000000E+00   
0.00000000E+00   
0.00000000E+00   
0.00000000E+00   
0.00000000E+00   
0.00000000E+00   
0.00000000E+00   
0.00000000E+00   
0.00000000E+00   
0.00000000E+00   
0.00000000E+00   
0.00000000E+00   
0.00000000E+00   
0.00000000E+00   
0.00000000E+00   
0.00000000E+00   
0.00000000E+00   
0.00000000E+00   
0.00000000E+00   
0.00000000E+00   
0.00000000E+00   
0.00000000E+00   
0.00000000E+00   
0.00000000E+00   
0.00000000E+00   
0.00000000E+00   
0.00000000E+00   
0.00000000E+00   
0.00000000E+00   
0.00000000E+00   
0.00000000E+00   
0.00000000E+00   
0.00000000E+00   
0.00000000E+00   
0.00000000E+00   
0.00000000E+00   
0.00000000E+00   
0.00000000E+00   
0.00000000E+00   
0.00000000E+00   
0.00000000E+00   
0.00000000E+00   
0.00000000E+00   
0.00000000E+00   
0.00000000E+00   
0.00000000E+00   
0.00000000E+00   
0.00000000E+00   
0.00000000E+00   
0.00000000E+00   
0.00000000E+00   
0.00000000E+00   
0.00000000E+00   
0.00000000E+00   
0.00000000E+00   
0.00000000E+00   
0.00000000E+00   
0.00000000E+00   
0.00000000E+00   
0.00000000E+00   
0.00000000E+00   
0.00000000E+00   
0.00000000E+00   
0.00000000E+00   
0.00000000E+00   
0.00000000E+00   
0.00000000E+00   
0.00000000E+00   
0.00000000E+00   
0.00000000E+00   
0.00000000E+00   
0.00000000E+00   
0.00000000E+00   
0.00000000E+00   
0.00000000E+00   
0.00000000E+00   
0.00000000E+00   
0.00000000E+00   
0.00000000E+00   
0.00000000E+00   
0.00000000E+00   
0.00000000E+00   
0.00000000E+00   
0.00000000E+00   
0.00000000E+00   
0.00000000E+00   
0.00000000E+00   
0.00000000E+00   
0.00000000E+00   
0.00000000E+00   
0.00000000E+00   
0.00000000E+00   
0.00000000E+00   
0.00000000E+00   
0.00000000E+00   
0.00000000E+00   
0.00000000E+00   
0.00000000E+00   
0.00000000E+00   
0.00000000E+00   
0.00000000E+00   
0.00000000E+00   
0.00000000E+00   
0.00000000E+00   
0.00000000E+00   
0.00000000E+00   
0.00000000E+00   
0.00000000E+00   
0.00000000E+00   
0.00000000E+00   
0.00000000E+00   
0.00000000E+00   
0.00000000E+00   
0.00000000E+00   
0.00000000E+00   
0.00000000E+00   
0.00000000E+00   
0.00000000E+00   
0.00000000E+00   
0.00000000E+00   
0.00000000E+00   
0.00000000E+00   
0.00000000E+00   
0.00000000E+00   
0.00000000E+00   
0.00000000E+00   
0.00000000E+00   
0.00000000E+00   
0.00000000E+00   
0.00000000E+00   
0.00000000E+00   
0.00000000E+00   
0.00000000E+00   
0.00000000E+00   
0.00000000E+00   
0.00000000E+00   
0.00000000E+00   
0.00000000E+00   
0.00000000E+00   
0.00000000E+00   
0.00000000E+00   
0.00000000E+00   
0.00000000E+00   
0.00000000E+00   
0.00000000E+00   
0.00000000E+00   
0.00000000E+00   
0.00000000E+00   
0.00000000E+00   
0.00000000E+00   
0.00000000E+00   
0.00000000E+00   
0.00000000E+00   
0.00000000E+00   
0.00000000E+00   
0.00000000E+00   
0.00000000E+00   
0.00000000E+00   
0.00000000E+00   
0.00000000E+00   
0.00000000E+00   
0.00000000E+00   
0.00000000E+00   
0.00000000E+00   
0.00000000E+00   
0.00000000E+00   
0.00000000E+00   
0.00000000E+00   
0.00000000E+00   
0.00000000E+00   
0.00000000E+00   
0.00000000E+00   
0.00000000E+00   
0.00000000E+00   
0.00000000E+00   
0.00000000E+00   
0.00000000E+00   
0.00000000E+00   
0.00000000E+00   
0.00000000E+00   
0.00000000E+00   
0.00000000E+00   
0.00000000E+00   
0.00000000E+00   
0.00000000E+00   
0.00000000E+00   
0.00000000E+00   
0.00000000E+00   
0.00000000E+00   
0.00000000E+00   
0.00000000E+00   
0.00000000E+00   
0.00000000E+00   
0.00000000E+00   
0.00000000E+00   
0.00000000E+00   
0.00000000E+00   
0.00000000E+00   
0.00000000E+00   
0.00000000E+00   
0.00000000E+00   
0.00000000E+00   
0.00000000E+00   
0.00000000E+00   
0.00000000E+00   
0.00000000E+00   
0.00000000E+00   
0.00000000E+00   
0.00000000E+00   
0.00000000E+00   
0.00000000E+00   
0.00000000E+00   
0.00000000E+00   
0.00000000E+00   
0.00000000E+00   
0.00000000E+00   
0.00000000E+00   
0.00000000E+00   
0.00000000E+00   
0.00000000E+00   
0.00000000E+00   
0.00000000E+00   
0.00000000E+00   
0.00000000E+00   
0.00000000E+00   
0.00000000E+00   
0.00000000E+00   
0.00000000E+00   
0.00000000E+00   
0.00000000E+00   
0.00000000E+00   
0.00000000E+00   
0.00000000E+00   
0.00000000E+00   
0.00000000E+00   
0.00000000E+00   
0.00000000E+00   
0.00000000E+00   
0.00000000E+00   
0.00000000E+00   
0.00000000E+00   
0.00000000E+00   
0.00000000E+00   
0.00000000E+00   
0.00000000E+00   
0.00000000E+00   
0.00000000E+00   
0.00000000E+00   
0.00000000E+00   
0.00000000E+00   
0.00000000E+00   
0.00000000E+00   
0.00000000E+00   
0.00000000E+00   
0.00000000E+00   
0.00000000E+00   
0.00000000E+00   
0.00000000E+00   
0.00000000E+00   
0.00000000E+00   
0.00000000E+00   
0.00000000E+00   
0.00000000E+00   
0.00000000E+00   
0.00000000E+00   
0.00000000E+00   
0.00000000E+00   
0.00000000E+00   
0.00000000E+00   
0.00000000E+00   
0.00000000E+00   
0.00000000E+00   
0.00000000E+00   
0.00000000E+00   
0.00000000E+00   
0.00000000E+00   
0.00000000E+00   
0.00000000E+00   
0.00000000E+00   
0.00000000E+00   
0.00000000E+00   
0.00000000E+00   
0.00000000E+00   
0.00000000E+00   
0.00000000E+00   
0.00000000E+00   
0.00000000E+00   
0.00000000E+00   
0.00000000E+00   
0.00000000E+00   
0.00000000E+00   
0.00000000E+00   
0.00000000E+00   
0.00000000E+00   
0.00000000E+00   
0.00000000E+00   
0.00000000E+00   
0.00000000E+00   
0.00000000E+00   
0.00000000E+00   
0.00000000E+00   
0.00000000E+00   
0.00000000E+00   
0.00000000E+00   
0.00000000E+00   
0.00000000E+00   
0.00000000E+00   
0.00000000E+00   
0.00000000E+00   
0.00000000E+00   
0.00000000E+00   
0.00000000E+00   
0.00000000E+00   
0.00000000E+00   
0.00000000E+00   
0.00000000E+00   
0.00000000E+00   
0.00000000E+00   
0.00000000E+00   
0.00000000E+00   
0.00000000E+00   
0.00000000E+00   
0.00000000E+00   
0.00000000E+00   
0.00000000E+00   
0.00000000E+00   
0.00000000E+00   
0.00000000E+00   
0.00000000E+00   
0.00000000E+00   
0.00000000E+00   
0.00000000E+00   
0.00000000E+00   
0.00000000E+00   
0.00000000E+00   
0.00000000E+00   
0.00000000E+00   
0.00000000E+00   
0.00000000E+00   
0.00000000E+00   
0.00000000E+00   
0.00000000E+00   
0.00000000E+00   
0.00000000E+00   
0.00000000E+00   
0.00000000E+00   
0.00000000E+00   
0.00000000E+00   
0.00000000E+00   
0.00000000E+00   
0.00000000E+00   
0.00000000E+00   
0.00000000E+00   
0.00000000E+00   
0.00000000E+00   
0.00000000E+00   
0.00000000E+00   
0.00000000E+00   
0.00000000E+00   
0.00000000E+00   
0.00000000E+00   
0.00000000E+00   
0.00000000E+00   
0.00000000E+00   
0.00000000E+00   
0.00000000E+00   
0.00000000E+00   
0.00000000E+00   
0.00000000E+00   
0.00000000E+00   
0.00000000E+00   
0.00000000E+00   
0.00000000E+00   
0.00000000E+00   
0.00000000E+00   
0.00000000E+00   
0.00000000E+00   
0.00000000E+00   
0.00000000E+00   
0.00000000E+00   
0.00000000E+00   
0.00000000E+00   
0.00000000E+00   
0.00000000E+00   
0.00000000E+00   
0.00000000E+00   
0.00000000E+00   
0.00000000E+00   
0.00000000E+00   
0.00000000E+00   
0.00000000E+00   
0.00000000E+00   
0.00000000E+00   
0.00000000E+00   
0.00000000E+00   
0.00000000E+00   
0.00000000E+00   
0.00000000E+00   
0.00000000E+00   
0.00000000E+00   
0.00000000E+00   
0.00000000E+00   
0.00000000E+00   
0.00000000E+00   
0.00000000E+00   
0.00000000E+00   
0.00000000E+00   
0.00000000E+00   
0.00000000E+00   
0.00000000E+00   
0.00000000E+00   
0.00000000E+00   
0.00000000E+00   
0.00000000E+00   
0.00000000E+00   
0.00000000E+00   
0.00000000E+00   
0.00000000E+00   
0.00000000E+00   
0.00000000E+00   
0.00000000E+00   
0.00000000E+00   
0.00000000E+00   
0.00000000E+00   
0.00000000E+00   
0.00000000E+00   
0.00000000E+00   
0.00000000E+00   
0.00000000E+00   
0.00000000E+00   
0.00000000E+00   
0.00000000E+00   
0.00000000E+00   
0.00000000E+00   
0.00000000E+00   
0.00000000E+00   
0.00000000E+00   
0.00000000E+00   
0.00000000E+00   
0.00000000E+00   
0.00000000E+00   
0.00000000E+00   
0.00000000E+00   
0.00000000E+00   
0.00000000E+00   
0.00000000E+00   
0.00000000E+00   
0.00000000E+00   
0.00000000E+00   
0.00000000E+00   
0.00000000E+00   
0.00000000E+00   
0.00000000E+00   
0.00000000E+00   
0.00000000E+00   
0.00000000E+00   
0.00000000E+00   
0.00000000E+00   
0.00000000E+00   
0.00000000E+00   
0.00000000E+00   
0.00000000E+00   
0.00000000E+00   
0.00000000E+00   
0.00000000E+00   
0.00000000E+00   
0.00000000E+00   
0.00000000E+00   
0.00000000E+00   
0.00000000E+00   
0.00000000E+00   
0.00000000E+00   
0.00000000E+00   
0.00000000E+00   
0.00000000E+00   
0.00000000E+00   
0.00000000E+00   
0.00000000E+00   
0.00000000E+00   
0.00000000E+00   
0.00000000E+00   
0.00000000E+00   
0.00000000E+00   
0.00000000E+00   
0.00000000E+00   
0.00000000E+00   
0.00000000E+00   
0.00000000E+00   
0.00000000E+00   
0.00000000E+00   
0.00000000E+00   
0.00000000E+00   
0.00000000E+00   
0.00000000E+00   
0.00000000E+00   
0.00000000E+00   
0.00000000E+00   
0.00000000E+00   
0.00000000E+00   
0.00000000E+00   
0.00000000E+00   
0.00000000E+00   
0.00000000E+00   
0.00000000E+00   
0.00000000E+00   
0.00000000E+00   
0.00000000E+00   
0.00000000E+00   
0.00000000E+00   
0.00000000E+00   
0.00000000E+00   
0.00000000E+00   
0.00000000E+00   
0.00000000E+00   
0.00000000E+00   
0.00000000E+00   
0.00000000E+00   
0.00000000E+00   
0.00000000E+00   
0.00000000E+00   
0.00000000E+00   
0.00000000E+00   
0.00000000E+00   
0.00000000E+00   
0.00000000E+00   
0.00000000E+00   
0.00000000E+00   
0.00000000E+00   
0.00000000E+00   
0.00000000E+00   
0.00000000E+00   
0.00000000E+00   
0.00000000E+00   
0.00000000E+00   
0.00000000E+00   
0.00000000E+00   
0.00000000E+00   
0.00000000E+00   
0.00000000E+00   
0.00000000E+00   
0.00000000E+00   
0.00000000E+00   
0.00000000E+00   
0.00000000E+00   
0.00000000E+00   
0.00000000E+00   
0.00000000E+00   
0.00000000E+00   
0.00000000E+00   
0.00000000E+00   
0.00000000E+00   
0.00000000E+00   
0.00000000E+00   
0.00000000E+00   
0.00000000E+00   
0.00000000E+00   
0.00000000E+00   
0.00000000E+00   
0.00000000E+00   
0.00000000E+00   
0.00000000E+00   
0.00000000E+00   
0.00000000E+00   
0.00000000E+00   
0.00000000E+00   
0.00000000E+00   
0.00000000E+00   
0.00000000E+00   
0.00000000E+00   
0.00000000E+00   
0.00000000E+00   
0.00000000E+00   
0.00000000E+00   
0.00000000E+00   
0.00000000E+00   
0.00000000E+00   
0.00000000E+00   
0.00000000E+00   
0.00000000E+00   
0.00000000E+00   
0.00000000E+00   
0.00000000E+00   
0.00000000E+00   
0.00000000E+00   
0.00000000E+00   
0.00000000E+00   
0.00000000E+00   
0.00000000E+00   
0.00000000E+00   
0.00000000E+00   
0.00000000E+00   
0.00000000E+00   
0.00000000E+00   
0.00000000E+00   
0.00000000E+00   
0.00000000E+00   
0.00000000E+00   
0.00000000E+00   
0.00000000E+00   
0.00000000E+00   
0.00000000E+00   
0.00000000E+00   
0.00000000E+00   
0.00000000E+00   
0.00000000E+00   
0.00000000E+00   
0.00000000E+00   
0.00000000E+00   
0.00000000E+00   
0.00000000E+00   
0.00000000E+00   
0.00000000E+00   
0.00000000E+00   
0.00000000E+00   
0.00000000E+00   
0.00000000E+00   
0.00000000E+00   
0.00000000E+00   
0.00000000E+00   
0.00000000E+00   
0.00000000E+00   
0.00000000E+00   
0.00000000E+00   
0.00000000E+00   
0.00000000E+00   
0.00000000E+00   
0.00000000E+00   
0.00000000E+00   
0.00000000E+00   
0.00000000E+00   
0.00000000E+00   
0.00000000E+00   
0.00000000E+00   
0.00000000E+00   
0.00000000E+00   
0.00000000E+00   
0.00000000E+00   
0.00000000E+00   
0.00000000E+00   
0.00000000E+00   
0.00000000E+00   
0.00000000E+00   
0.00000000E+00   
0.00000000E+00   
0.00000000E+00   
0.00000000E+00   
0.00000000E+00   
0.00000000E+00   
0.00000000E+00   
0.00000000E+00   
0.00000000E+00   
0.00000000E+00   
0.00000000E+00   
0.00000000E+00   
0.00000000E+00   
0.00000000E+00   
0.00000000E+00   
0.00000000E+00   
0.00000000E+00   
0.00000000E+00   
0.00000000E+00   
0.00000000E+00   
0.00000000E+00   
0.00000000E+00   
0.00000000E+00   
0.00000000E+00   
0.00000000E+00   
0.00000000E+00   
0.00000000E+00   
0.00000000E+00   
0.00000000E+00   
0.00000000E+00   
0.00000000E+00   
0.00000000E+00   
0.00000000E+00   
0.00000000E+00   
0.00000000E+00   
0.00000000E+00   
0.00000000E+00   
0.00000000E+00   
0.00000000E+00   
0.00000000E+00   
0.00000000E+00   
0.00000000E+00   
0.00000000E+00   
0.00000000E+00   
0.00000000E+00   
0.00000000E+00   
0.00000000E+00   
0.00000000E+00   
0.00000000E+00   
0.00000000E+00   
0.00000000E+00   
0.00000000E+00   
0.00000000E+00   
0.00000000E+00   
0.00000000E+00   
0.00000000E+00   
0.00000000E+00   
0.00000000E+00   
0.00000000E+00   
0.00000000E+00   
0.00000000E+00   
0.00000000E+00   
0.00000000E+00   
0.00000000E+00   
0.00000000E+00   
0.00000000E+00   
0.00000000E+00   
0.00000000E+00   
0.00000000E+00   
0.00000000E+00   
0.00000000E+00   
0.00000000E+00   
0.00000000E+00   
0.00000000E+00   
0.00000000E+00   
0.00000000E+00   
0.00000000E+00   
0.00000000E+00   
0.00000000E+00   
0.00000000E+00   
0.00000000E+00   
0.00000000E+00   
0.00000000E+00   
0.00000000E+00   
0.00000000E+00   
0.00000000E+00   
0.00000000E+00   
0.00000000E+00   
0.00000000E+00   
0.00000000E+00   
0.00000000E+00   
0.00000000E+00   
0.00000000E+00   
0.00000000E+00   
0.00000000E+00   
0.00000000E+00   
0.00000000E+00   
0.00000000E+00   
0.00000000E+00   
0.00000000E+00   
0.00000000E+00   
0.00000000E+00   
0.00000000E+00   
0.00000000E+00   
0.00000000E+00   
0.00000000E+00   
0.00000000E+00   
0.00000000E+00   
0.00000000E+00   
0.00000000E+00   
0.00000000E+00   
0.00000000E+00   
0.00000000E+00   
0.00000000E+00   
0.00000000E+00   
0.00000000E+00   
0.00000000E+00   
0.00000000E+00   
0.00000000E+00   
0.00000000E+00   
0.00000000E+00   
0.00000000E+00   
0.00000000E+00   
0.00000000E+00   
0.00000000E+00   
0.00000000E+00   
0.00000000E+00   
0.00000000E+00   
0.00000000E+00   
0.00000000E+00   
0.00000000E+00   
0.00000000E+00   
0.00000000E+00   
0.00000000E+00   
0.00000000E+00   
0.00000000E+00   
0.00000000E+00   
0.00000000E+00   
0.00000000E+00   
0.00000000E+00   
0.00000000E+00   
0.00000000E+00   
0.00000000E+00   
0.00000000E+00   
0.00000000E+00   
0.00000000E+00   
0.00000000E+00   
0.00000000E+00   
0.00000000E+00   
0.00000000E+00   
0.00000000E+00   
0.00000000E+00   
0.00000000E+00   
0.00000000E+00   
0.00000000E+00   
0.00000000E+00   
0.00000000E+00   
0.00000000E+00   
0.00000000E+00   
0.00000000E+00   
0.00000000E+00   
0.00000000E+00   
0.00000000E+00   
0.00000000E+00   
0.00000000E+00   
0.00000000E+00   
0.00000000E+00   
0.00000000E+00   
0.00000000E+00   
0.00000000E+00   
0.00000000E+00   
0.00000000E+00   
0.00000000E+00   
0.00000000E+00   
0.00000000E+00   
0.00000000E+00   
0.00000000E+00   
0.00000000E+00   
0.00000000E+00   
0.00000000E+00   
0.00000000E+00   
0.00000000E+00   
0.00000000E+00   
0.00000000E+00   
0.00000000E+00   
0.00000000E+00   
0.00000000E+00   
0.00000000E+00   
0.00000000E+00   
0.00000000E+00   
0.00000000E+00   
0.00000000E+00   
0.00000000E+00   
0.00000000E+00   
0.00000000E+00   
0.00000000E+00   
0.00000000E+00   
0.00000000E+00   
0.00000000E+00   
0.00000000E+00   
0.00000000E+00   
0.00000000E+00   
0.00000000E+00   
0.00000000E+00   
0.00000000E+00   
0.00000000E+00   
0.00000000E+00   
0.00000000E+00   
0.00000000E+00   
0.00000000E+00   
0.00000000E+00   
0.00000000E+00   
0.00000000E+00   
0.00000000E+00   
0.00000000E+00   
0.00000000E+00   
0.00000000E+00   
0.00000000E+00   
0.00000000E+00   
0.00000000E+00   
0.00000000E+00   
0.00000000E+00   
0.00000000E+00   
0.00000000E+00   
0.00000000E+00   
0.00000000E+00   
0.00000000E+00   
0.00000000E+00   
0.00000000E+00   
0.00000000E+00   
0.00000000E+00   
0.00000000E+00   
0.00000000E+00   
0.00000000E+00   
0.00000000E+00   
0.00000000E+00   
0.00000000E+00   
0.00000000E+00   
0.00000000E+00   
0.00000000E+00   
0.00000000E+00   
0.00000000E+00   
0.00000000E+00   
0.00000000E+00   
0.00000000E+00   
0.00000000E+00   
0.00000000E+00   
0.00000000E+00   
0.00000000E+00   
0.00000000E+00   
0.00000000E+00   
0.00000000E+00   
0.00000000E+00   
0.00000000E+00   
0.00000000E+00   
0.00000000E+00   
0.00000000E+00   
0.00000000E+00   
0.00000000E+00   
0.00000000E+00   
0.00000000E+00   
0.00000000E+00   
0.00000000E+00   
0.00000000E+00   
0.00000000E+00   
0.00000000E+00   
0.00000000E+00   
0.00000000E+00   
0.00000000E+00   
0.00000000E+00   
0.00000000E+00   
0.00000000E+00   
0.00000000E+00   
0.00000000E+00   
0.00000000E+00   
0.00000000E+00   
0.00000000E+00   
0.00000000E+00   
0.00000000E+00   
0.00000000E+00   
0.00000000E+00   
0.00000000E+00   
0.00000000E+00   
0.00000000E+00   
0.00000000E+00   
0.00000000E+00   
0.00000000E+00   
0.00000000E+00   
0.00000000E+00   
0.00000000E+00   
0.00000000E+00   
0.00000000E+00   
0.00000000E+00   
0.00000000E+00   
0.00000000E+00   
0.00000000E+00   
0.00000000E+00   
0.00000000E+00   
0.00000000E+00   
0.00000000E+00   
0.00000000E+00   
0.00000000E+00   
0.00000000E+00   
0.00000000E+00   
0.00000000E+00   
0.00000000E+00   
0.00000000E+00   
0.00000000E+00   
0.00000000E+00   
0.00000000E+00   
0.00000000E+00   
0.00000000E+00   
0.00000000E+00   
0.00000000E+00   
0.00000000E+00   
0.00000000E+00   
0.00000000E+00   
0.00000000E+00   
0.00000000E+00   
0.00000000E+00   
0.00000000E+00   
0.00000000E+00   
0.00000000E+00   
0.00000000E+00   
0.00000000E+00   
0.00000000E+00   
0.00000000E+00   
0.00000000E+00   
0.00000000E+00   
0.00000000E+00   
0.00000000E+00   
0.00000000E+00   
0.00000000E+00   
0.00000000E+00   
0.00000000E+00   
0.00000000E+00   
0.00000000E+00   
0.00000000E+00   
0.00000000E+00   
0.00000000E+00   
0.00000000E+00   
0.00000000E+00   
0.00000000E+00   
0.00000000E+00   
0.00000000E+00   
0.00000000E+00   
0.00000000E+00   
0.00000000E+00   
0.00000000E+00   
0.00000000E+00   
0.00000000E+00   
0.00000000E+00   
0.00000000E+00   
0.00000000E+00   
0.00000000E+00   
0.00000000E+00   
0.00000000E+00   
0.00000000E+00   
0.00000000E+00   
0.00000000E+00   
0.00000000E+00   
0.00000000E+00   
0.00000000E+00   
0.00000000E+00   
0.00000000E+00   
0.00000000E+00   
0.00000000E+00   
0.00000000E+00   
0.00000000E+00   
0.00000000E+00   
0.00000000E+00   
0.00000000E+00   
0.00000000E+00   
0.00000000E+00   
0.00000000E+00   
0.00000000E+00   
0.00000000E+00   
0.00000000E+00   
0.00000000E+00   
0.00000000E+00   
0.00000000E+00   
0.00000000E+00   
0.00000000E+00   
0.00000000E+00   
0.00000000E+00   
0.00000000E+00   
0.00000000E+00   
0.00000000E+00   
0.00000000E+00   
0.00000000E+00   
0.00000000E+00   
0.00000000E+00   
0.00000000E+00   
0.00000000E+00   
0.00000000E+00   
0.00000000E+00   
0.00000000E+00   
0.00000000E+00   
0.00000000E+00   
0.00000000E+00   
0.00000000E+00   
0.00000000E+00   
0.00000000E+00   
0.00000000E+00   
0.00000000E+00   
0.00000000E+00   
0.00000000E+00   
0.00000000E+00   
0.00000000E+00   
0.00000000E+00   
0.00000000E+00   
0.00000000E+00   
0.00000000E+00   
0.00000000E+00   
0.00000000E+00   
0.00000000E+00   
0.00000000E+00   
0.00000000E+00   
0.00000000E+00   
0.00000000E+00   
0.00000000E+00   
0.00000000E+00   
0.00000000E+00   
0.00000000E+00   
0.00000000E+00   
0.00000000E+00   
0.00000000E+00   
0.00000000E+00   
0.00000000E+00   
0.00000000E+00   
0.00000000E+00   
0.00000000E+00   
0.00000000E+00   
0.00000000E+00   
0.00000000E+00   
0.00000000E+00   
0.00000000E+00   
0.00000000E+00   
0.00000000E+00   
0.00000000E+00   
0.00000000E+00   
!IDEND=

