!FILE=Disk 
!KIND=Spectrum 
!LABORATORY=Oslo Cyclotron Laboratory (OCL) 
!EXPERIMENT= oslo_method_python 
!COMMENT=Made by OMpy 
!TIME=DATE:08-Sep-20 09:57:39   
!CALIBRATION EkeV=6, 0.000000E+00, 2.000400E+00, 0.000000E+00 
!PRECISION=16 
!DIMENSION=1,0:4999 
!CHANNEL=(0:4999) 
2.00533807E+02   
3.85582617E+02   
3.84085617E+02   
4.67660632E+02   
5.11064013E+02   
4.81592619E+02   
5.05151630E+02   
5.57169234E+02   
5.89214043E+02   
5.98536607E+02   
6.40829066E+02   
6.37080016E+02   
6.48635427E+02   
6.87830666E+02   
7.01994799E+02   
7.21284057E+02   
7.58100320E+02   
8.67665433E+02   
9.24945889E+02   
9.29585417E+02   
9.00739048E+02   
9.98140328E+02   
1.06823675E+03   
1.17058652E+03   
1.24787187E+03   
1.28680056E+03   
1.44067243E+03   
1.50574535E+03   
1.68297289E+03   
1.73588958E+03   
1.83390728E+03   
1.95944759E+03   
2.11036777E+03   
2.22025195E+03   
2.26991148E+03   
2.28736647E+03   
2.35555911E+03   
2.39789978E+03   
2.50133687E+03   
2.57259442E+03   
2.77723115E+03   
2.76043919E+03   
2.83550540E+03   
2.80866713E+03   
2.88574065E+03   
2.94559922E+03   
2.93362472E+03   
3.01387137E+03   
3.03811542E+03   
3.06659152E+03   
3.13301990E+03   
3.14606571E+03   
3.07712733E+03   
3.11828676E+03   
3.20168334E+03   
3.22808462E+03   
3.11211142E+03   
3.10760442E+03   
3.22122124E+03   
3.17689528E+03   
3.21083767E+03   
3.22718864E+03   
3.16863083E+03   
3.23583497E+03   
3.08445759E+03   
3.04130076E+03   
3.01435377E+03   
3.10231956E+03   
3.17346889E+03   
3.14765823E+03   
3.11577285E+03   
3.09040208E+03   
3.00461592E+03   
3.06852921E+03   
3.05064113E+03   
2.98418584E+03   
2.99124275E+03   
2.98414203E+03   
3.02335547E+03   
2.99290108E+03   
2.95490388E+03   
2.95003651E+03   
2.92449500E+03   
3.01037377E+03   
3.05395299E+03   
2.99736997E+03   
3.00723615E+03   
3.09896269E+03   
3.03898590E+03   
3.05873015E+03   
3.08941608E+03   
3.04528286E+03   
2.98985837E+03   
2.97466223E+03   
2.98353211E+03   
2.91536757E+03   
2.87987778E+03   
2.89314663E+03   
2.80330056E+03   
2.78446509E+03   
2.66040078E+03   
2.74686987E+03   
2.73667413E+03   
2.67001310E+03   
2.55576655E+03   
2.62979796E+03   
2.61969344E+03   
2.62608482E+03   
2.50208002E+03   
2.44338278E+03   
2.44738998E+03   
2.45168344E+03   
2.41831776E+03   
2.44621444E+03   
2.33510242E+03   
2.26375035E+03   
2.25704571E+03   
2.32201380E+03   
2.32398040E+03   
2.24378916E+03   
2.29661872E+03   
2.27829776E+03   
2.23146909E+03   
2.31881296E+03   
2.27109472E+03   
2.36377395E+03   
2.27618474E+03   
2.29086987E+03   
2.29556571E+03   
2.17371464E+03   
2.21967644E+03   
2.17990988E+03   
2.23554361E+03   
2.25495989E+03   
2.16040658E+03   
2.12856161E+03   
2.13544809E+03   
2.11168594E+03   
2.06464463E+03   
2.00930456E+03   
2.04428846E+03   
2.07478696E+03   
2.06605781E+03   
2.00436637E+03   
2.01911352E+03   
1.97029766E+03   
1.90543389E+03   
1.95885177E+03   
1.92693509E+03   
1.83294059E+03   
1.85168584E+03   
1.84247159E+03   
1.87784377E+03   
1.80595599E+03   
1.80084087E+03   
1.80558972E+03   
1.84186897E+03   
1.80834767E+03   
1.75590368E+03   
1.77455081E+03   
1.75599110E+03   
1.76608322E+03   
1.71120064E+03   
1.70400730E+03   
1.68104811E+03   
1.70233257E+03   
1.64951300E+03   
1.65153671E+03   
1.65626475E+03   
1.54098550E+03   
1.60110172E+03   
1.48349060E+03   
1.44640918E+03   
1.36465393E+03   
1.39821994E+03   
1.45586917E+03   
1.46446349E+03   
1.39340828E+03   
1.35127866E+03   
1.36011572E+03   
1.31856341E+03   
1.28152531E+03   
1.32197750E+03   
1.37462282E+03   
1.35552040E+03   
1.25533887E+03   
1.22546729E+03   
1.29382406E+03   
1.27000240E+03   
1.23824905E+03   
1.20168044E+03   
1.21494599E+03   
1.19901620E+03   
1.20105011E+03   
1.21828556E+03   
1.21514863E+03   
1.17477896E+03   
1.14059092E+03   
1.17275595E+03   
1.16525575E+03   
1.16194499E+03   
1.08403921E+03   
1.10383077E+03   
1.11249810E+03   
1.08221154E+03   
1.08067894E+03   
1.14138968E+03   
1.10889698E+03   
1.07596809E+03   
1.06829036E+03   
1.06138748E+03   
1.08682947E+03   
1.08331916E+03   
1.06495809E+03   
1.05650690E+03   
1.00693899E+03   
1.00890488E+03   
1.02773695E+03   
1.00397219E+03   
1.05951610E+03   
1.03234047E+03   
9.69191438E+02   
9.79382176E+02   
1.01914553E+03   
1.02527826E+03   
1.02689328E+03   
1.02792659E+03   
9.59105421E+02   
9.40507602E+02   
9.42676035E+02   
9.23657131E+02   
9.23854471E+02   
9.33823865E+02   
9.54666033E+02   
8.96999400E+02   
8.95248450E+02   
9.38887578E+02   
8.66160232E+02   
8.71467293E+02   
8.92626825E+02   
8.96184037E+02   
8.81739548E+02   
8.65732847E+02   
8.91170034E+02   
8.29963493E+02   
8.59751650E+02   
8.35223945E+02   
8.54543009E+02   
8.49759952E+02   
8.56183737E+02   
7.88959392E+02   
8.52554011E+02   
8.33580916E+02   
6.60415483E+02   
6.18123625E+02   
6.18123625E+02   
6.18123625E+02   
6.18123625E+02   
5.37868674E+02   
3.72523905E+02   
4.32514003E+02   
3.75987197E+02   
4.05297560E+02   
4.15035407E+02   
3.89969194E+02   
3.95139828E+02   
3.57522705E+02   
3.76714143E+02   
3.87400580E+02   
3.76395179E+02   
4.02375475E+02   
3.79128126E+02   
3.80726845E+02   
3.81514503E+02   
3.57662332E+02   
3.68951390E+02   
3.89904681E+02   
3.84628326E+02   
3.90239748E+02   
3.48906681E+02   
3.69867974E+02   
3.97205041E+02   
4.11630726E+02   
3.65493299E+02   
3.67551210E+02   
3.58371574E+02   
3.58460192E+02   
3.82759852E+02   
3.61619324E+02   
3.83691538E+02   
3.61913383E+02   
3.38672134E+02   
3.44768954E+02   
3.32773755E+02   
3.49364673E+02   
3.11086517E+02   
3.24051910E+02   
3.13736047E+02   
3.35491598E+02   
3.31682637E+02   
3.12303661E+02   
3.39581516E+02   
3.08788558E+02   
3.11607722E+02   
3.08950890E+02   
3.19813563E+02   
2.93944089E+02   
2.90055211E+02   
2.94691238E+02   
2.83290658E+02   
3.08680636E+02   
3.26050810E+02   
2.99313463E+02   
3.13568914E+02   
3.21442989E+02   
2.96766953E+02   
2.88597119E+02   
2.80403381E+02   
2.73428586E+02   
3.08078216E+02   
2.90750750E+02   
2.95852370E+02   
2.98347469E+02   
2.98802360E+02   
3.27767453E+02   
2.83488398E+02   
2.99078516E+02   
2.57917784E+02   
2.82681336E+02   
2.83633327E+02   
2.68269354E+02   
2.53464093E+02   
2.66812262E+02   
3.32359572E+02   
2.82445289E+02   
2.53706941E+02   
2.36026105E+02   
2.60684637E+02   
2.61498000E+02   
2.84602020E+02   
2.90229646E+02   
2.92969194E+02   
2.99054711E+02   
2.76958192E+02   
2.92054411E+02   
2.55119224E+02   
2.38721744E+02   
2.45571014E+02   
2.25098820E+02   
2.46405381E+02   
2.40087317E+02   
2.51533607E+02   
2.37846869E+02   
2.11711442E+02   
2.37239548E+02   
2.47492298E+02   
2.40258352E+02   
2.45548410E+02   
2.40042008E+02   
2.38277155E+02   
2.18878976E+02   
2.32712643E+02   
2.13793659E+02   
2.08786757E+02   
2.19400580E+02   
1.91121424E+02   
2.32256551E+02   
2.23818964E+02   
2.10634527E+02   
2.18807261E+02   
2.19989098E+02   
2.25045609E+02   
2.31237848E+02   
2.11060212E+02   
1.95087918E+02   
2.16693239E+02   
2.13293159E+02   
2.08088918E+02   
2.10600820E+02   
2.16828966E+02   
2.15692639E+02   
1.83472394E+02   
1.82384977E+02   
2.08918484E+02   
1.98656531E+02   
1.88042809E+02   
2.02259452E+02   
1.89551010E+02   
2.19628826E+02   
1.94517804E+02   
2.09538108E+02   
1.88629026E+02   
1.84662933E+02   
1.88693839E+02   
1.95089818E+02   
1.86692639E+02   
1.78376175E+02   
1.88329566E+02   
2.03587317E+02   
1.60268354E+02   
1.68670534E+02   
1.52958792E+02   
1.82358072E+02   
1.89312563E+02   
1.88084717E+02   
1.86104121E+02   
1.56320564E+02   
1.93025105E+02   
1.77383477E+02   
1.80707942E+02   
1.73363273E+02   
1.85053911E+02   
1.90002601E+02   
1.86384877E+02   
1.89356871E+02   
1.91379776E+02   
1.81369174E+02   
1.78706441E+02   
1.58347670E+02   
1.64719144E+02   
1.69703841E+02   
1.82367373E+02   
1.69662032E+02   
1.79781256E+02   
1.59955691E+02   
1.71732747E+02   
1.81740748E+02   
1.66972895E+02   
1.80089618E+02   
1.59959692E+02   
1.53720144E+02   
1.83431786E+02   
1.62306861E+02   
1.63053511E+02   
1.55622224E+02   
1.69582817E+02   
1.44405481E+02   
1.63527105E+02   
1.53850270E+02   
1.56191038E+02   
1.40328266E+02   
1.41618524E+02   
1.62892078E+02   
1.66519604E+02   
1.53673535E+02   
1.49454291E+02   
1.40317063E+02   
1.51239648E+02   
1.52461492E+02   
1.48989698E+02   
1.53830366E+02   
1.68309462E+02   
1.58349370E+02   
1.64667133E+02   
1.33938188E+02   
1.35522204E+02   
1.22040408E+02   
1.48736547E+02   
1.31275555E+02   
1.54346169E+02   
1.65345369E+02   
1.49182837E+02   
1.32450390E+02   
1.39083517E+02   
1.44028406E+02   
1.33204541E+02   
1.61105721E+02   
1.32591618E+02   
1.44711242E+02   
1.49904581E+02   
1.38899780E+02   
1.30404081E+02   
1.36783757E+02   
1.25892579E+02   
1.39545509E+02   
1.40508102E+02   
1.36739148E+02   
1.35314463E+02   
1.43175435E+02   
1.47645529E+02   
1.34259452E+02   
1.26485697E+02   
1.23330566E+02   
1.16862573E+02   
1.40040708E+02   
1.24472094E+02   
1.54754751E+02   
1.35851170E+02   
1.33980396E+02   
1.25942488E+02   
1.12585217E+02   
1.16056411E+02   
1.20262553E+02   
1.37000800E+02   
1.07864973E+02   
1.48911682E+02   
1.34341768E+02   
1.17216643E+02   
1.38516403E+02   
1.16035607E+02   
1.22623125E+02   
1.24331766E+02   
1.37730646E+02   
1.46911282E+02   
1.12515603E+02   
1.18534007E+02   
1.21214243E+02   
1.27350570E+02   
1.28840568E+02   
1.27247750E+02   
1.17949690E+02   
1.23567113E+02   
1.26363373E+02   
1.24727045E+02   
1.31257051E+02   
1.24436887E+02   
1.15838868E+02   
1.11504501E+02   
1.17780156E+02   
1.18977295E+02   
1.17149930E+02   
1.27609122E+02   
1.26825065E+02   
1.27645029E+02   
1.29026405E+02   
1.29344469E+02   
1.36287057E+02   
1.33314563E+02   
1.33313763E+02   
1.10736647E+02   
1.28615023E+02   
1.02584817E+02   
1.08301860E+02   
1.14330266E+02   
1.25866373E+02   
1.38738648E+02   
1.18593019E+02   
1.32031806E+02   
1.25880476E+02   
1.14867173E+02   
1.09440388E+02   
1.18452891E+02   
1.09039708E+02   
1.10391778E+02   
1.13936787E+02   
1.21232947E+02   
1.13938088E+02   
1.00302160E+02   
1.26970794E+02   
1.04751750E+02   
1.15423285E+02   
1.01172234E+02   
9.93438688E+01   
1.09348670E+02   
1.03022404E+02   
1.12244449E+02   
1.06464493E+02   
1.07189138E+02   
1.18979096E+02   
1.10063313E+02   
1.02848470E+02   
1.02672134E+02   
1.11718144E+02   
1.14120624E+02   
1.05020804E+02   
1.09473295E+02   
9.52084417E+01   
1.16469994E+02   
1.08658932E+02   
1.03287057E+02   
1.13853071E+02   
1.15365673E+02   
1.02579016E+02   
8.82678536E+01   
1.15641628E+02   
1.17154131E+02   
1.06213143E+02   
1.15829266E+02   
1.07215543E+02   
1.42413483E+02   
1.24953791E+02   
1.11432587E+02   
1.14488898E+02   
1.21422585E+02   
1.02358472E+02   
1.10492498E+02   
9.78011602E+01   
1.15248450E+02   
1.04257652E+02   
1.06697640E+02   
1.26965393E+02   
1.05075415E+02   
9.41240248E+01   
9.91176235E+01   
8.99844969E+01   
1.11378976E+02   
1.08360672E+02   
1.04505201E+02   
8.35379076E+01   
8.88941788E+01   
9.99817964E+01   
1.01837868E+02   
9.07248450E+01   
1.05280156E+02   
1.03021204E+02   
1.07443689E+02   
1.13084017E+02   
1.08306761E+02   
9.57896579E+01   
8.55311062E+01   
1.08879976E+02   
9.96453291E+01   
8.85089018E+01   
1.28201340E+02   
1.18092018E+02   
1.21765453E+02   
9.72729546E+01   
9.70074015E+01   
1.00536107E+02   
1.18261952E+02   
1.06760852E+02   
1.03535107E+02   
9.65119024E+01   
9.10222044E+01   
1.10268554E+02   
9.50210042E+01   
9.05163033E+01   
1.07774055E+02   
1.08541108E+02   
9.62449490E+01   
9.87808562E+01   
9.19897980E+01   
1.11583917E+02   
1.14518704E+02   
1.07193939E+02   
9.35079016E+01   
8.17702541E+01   
1.04117023E+02   
1.02491298E+02   
1.02998200E+02   
9.19949990E+01   
9.64784957E+01   
8.93153631E+01   
1.04108222E+02   
1.05140128E+02   
1.01016803E+02   
7.97408482E+01   
8.30518104E+01   
1.02333367E+02   
1.01579116E+02   
1.03419884E+02   
9.11036207E+01   
8.34110822E+01   
8.18801760E+01   
9.34405881E+01   
9.22075415E+01   
1.00118024E+02   
1.00413583E+02   
1.16734047E+02   
9.51485297E+01   
9.60766153E+01   
9.81979396E+01   
9.68385677E+01   
8.78416683E+01   
9.83773755E+01   
9.12529506E+01   
8.91855371E+01   
9.41532306E+01   
1.05717644E+02   
7.32688538E+01   
8.89274855E+01   
8.45541108E+01   
9.37866573E+01   
1.10559812E+02   
9.10953191E+01   
9.80204041E+01   
9.50845169E+01   
9.92694539E+01   
9.72501500E+01   
1.04933787E+02   
9.11583317E+01   
8.47457491E+01   
7.44666933E+01   
9.20280056E+01   
7.96391278E+01   
8.32084417E+01   
9.40881176E+01   
9.67978596E+01   
9.33913783E+01   
9.31033207E+01   
9.33648730E+01   
9.66900380E+01   
1.03795859E+02   
9.40221044E+01   
9.23491698E+01   
1.03581916E+02   
9.31315263E+01   
8.93369674E+01   
9.24578916E+01   
9.49152831E+01   
9.03587718E+01   
1.07922484E+02   
8.42106421E+01   
8.88317664E+01   
7.77296459E+01   
8.69256851E+01   
8.38857772E+01   
9.81098220E+01   
9.38370674E+01   
9.30715143E+01   
9.56676335E+01   
8.77419484E+01   
1.01791858E+02   
1.00236547E+02   
9.22357471E+01   
9.29448890E+01   
8.30176035E+01   
8.58234647E+01   
9.68737748E+01   
9.07191438E+01   
9.28070614E+01   
7.95965193E+01   
9.07075415E+01   
8.88062613E+01   
8.30679136E+01   
9.29664933E+01   
7.83199640E+01   
7.72965593E+01   
7.10607121E+01   
8.18892779E+01   
9.27272454E+01   
8.75654131E+01   
7.92959592E+01   
8.15367073E+01   
8.94015803E+01   
8.36671334E+01   
8.85806161E+01   
8.74306861E+01   
7.50654131E+01   
7.10160032E+01   
6.64608922E+01   
9.03343669E+01   
1.09005701E+02   
8.34782957E+01   
8.85772154E+01   
8.60465093E+01   
8.36050210E+01   
8.28256651E+01   
8.40109022E+01   
6.54172835E+01   
8.22144429E+01   
7.30098020E+01   
9.38293659E+01   
8.74231846E+01   
8.40200040E+01   
1.02404181E+02   
8.46092218E+01   
8.10007001E+01   
9.04416883E+01   
6.97824565E+01   
7.50349070E+01   
9.22342468E+01   
7.91615323E+01   
8.44564913E+01   
7.63749750E+01   
1.07657031E+02   
8.88226645E+01   
9.18587718E+01   
9.14411882E+01   
8.69413883E+01   
7.75912182E+01   
7.04407882E+01   
9.38703741E+01   
6.62575515E+01   
8.17299460E+01   
7.27753551E+01   
9.36894379E+01   
8.24507902E+01   
8.76990398E+01   
8.55962192E+01   
8.62630526E+01   
7.81396279E+01   
8.14523905E+01   
9.09624925E+01   
9.10188038E+01   
8.73189638E+01   
8.24599920E+01   
6.70515103E+01   
7.72746549E+01   
8.33826765E+01   
7.95226045E+01   
9.51212242E+01   
7.54945989E+01   
8.20906181E+01   
8.24746949E+01   
7.58335667E+01   
9.41125225E+01   
7.30971194E+01   
7.19170834E+01   
8.34904981E+01   
9.11977395E+01   
8.02729546E+01   
6.63726745E+01   
7.22998600E+01   
9.10156031E+01   
7.83046609E+01   
7.39038808E+01   
8.89535907E+01   
1.00841068E+02   
7.64270854E+01   
8.53662733E+01   
7.24879976E+01   
9.09159832E+01   
8.82417483E+01   
8.78878776E+01   
8.53202641E+01   
8.65368074E+01   
7.86697339E+01   
9.69811962E+01   
8.09122825E+01   
8.41253251E+01   
9.00468094E+01   
7.71873375E+01   
8.86517303E+01   
8.62517504E+01   
8.46353271E+01   
8.63718744E+01   
8.51693339E+01   
8.45216043E+01   
8.41829366E+01   
7.33434687E+01   
8.16853371E+01   
7.80144029E+01   
7.06805361E+01   
6.88434687E+01   
9.51933387E+01   
7.83402681E+01   
9.55300060E+01   
6.86633327E+01   
7.60140028E+01   
7.97041408E+01   
7.76705341E+01   
6.53190638E+01   
8.38994799E+01   
8.43146629E+01   
6.88526705E+01   
8.75308062E+01   
7.62690538E+01   
6.88866773E+01   
8.47321464E+01   
8.26969394E+01   
8.21765353E+01   
1.02268554E+02   
7.25089018E+01   
8.17473495E+01   
8.57001400E+01   
7.39603921E+01   
9.11308262E+01   
7.98014603E+01   
7.34219844E+01   
7.72345469E+01   
8.94618924E+01   
8.03290658E+01   
7.59455891E+01   
7.63242649E+01   
8.00928186E+01   
7.29375875E+01   
8.20976195E+01   
7.61701340E+01   
7.59299860E+01   
8.72561512E+01   
7.39247850E+01   
7.59578916E+01   
7.88666733E+01   
8.32186437E+01   
7.27149430E+01   
7.59111822E+01   
8.58213643E+01   
7.84615923E+01   
7.16442288E+01   
9.22376475E+01   
8.23945789E+01   
7.89296859E+01   
7.38678736E+01   
7.21380276E+01   
7.38915783E+01   
6.54507902E+01   
8.38396679E+01   
7.91992398E+01   
7.98488698E+01   
8.17293459E+01   
8.37342468E+01   
6.58726745E+01   
9.48757752E+01   
8.74404881E+01   
7.47238448E+01   
8.21652330E+01   
6.61700340E+01   
8.19853971E+01   
6.97512503E+01   
8.85749150E+01   
7.84817964E+01   
8.46584317E+01   
7.49332867E+01   
6.85366073E+01   
9.05337067E+01   
6.30799160E+01   
7.20555111E+01   
8.42898580E+01   
7.14714943E+01   
7.41034207E+01   
6.20970194E+01   
7.03920784E+01   
7.74195839E+01   
7.07465493E+01   
7.56842368E+01   
7.30136027E+01   
8.66209242E+01   
6.97436487E+01   
7.06762352E+01   
6.97501500E+01   
6.28023605E+01   
6.13573715E+01   
7.68834767E+01   
7.94938988E+01   
7.62376475E+01   
6.74755951E+01   
7.28190638E+01   
7.26602320E+01   
8.18874775E+01   
7.80160032E+01   
7.25253051E+01   
7.35221044E+01   
9.18740748E+01   
6.07821564E+01   
7.27535507E+01   
8.00148030E+01   
8.02646529E+01   
6.78856771E+01   
6.02664533E+01   
7.50136027E+01   
7.12602521E+01   
7.66606321E+01   
8.07523505E+01   
6.52590518E+01   
7.62836567E+01   
1.00347269E+02   
7.62901580E+01   
6.99785957E+01   
7.22904581E+01   
8.81755351E+01   
8.57323465E+01   
6.81329266E+01   
7.82506501E+01   
6.51859372E+01   
7.56624325E+01   
8.31955391E+01   
6.04749950E+01   
6.28459692E+01   
7.64345869E+01   
9.03643729E+01   
6.22845569E+01   
8.49772955E+01   
8.90990198E+01   
7.23607722E+01   
9.25623125E+01   
8.39054811E+01   
7.76967393E+01   
7.23543709E+01   
7.05671134E+01   
6.84695939E+01   
7.67874575E+01   
7.50164033E+01   
6.02321464E+01   
7.23512703E+01   
8.13560712E+01   
7.53447690E+01   
7.06888378E+01   
7.65594119E+01   
8.37173435E+01   
8.56964393E+01   
7.55233047E+01   
9.22667534E+01   
8.78701740E+01   
8.03780756E+01   
8.87000400E+01   
7.63343669E+01   
7.91221244E+01   
8.00168034E+01   
7.60580116E+01   
7.17016403E+01   
8.62907582E+01   
8.21197239E+01   
6.96315263E+01   
7.76055211E+01   
8.55070014E+01   
8.55242048E+01   
7.56119224E+01   
7.62182436E+01   
8.53155631E+01   
8.24180836E+01   
7.10108022E+01   
7.63211642E+01   
6.17060412E+01   
5.97004401E+01   
7.51313263E+01   
8.67224445E+01   
6.79186837E+01   
7.51125225E+01   
7.61117223E+01   
7.02066413E+01   
7.76331266E+01   
8.11617323E+01   
7.27209442E+01   
6.23888778E+01   
7.59798960E+01   
6.55751150E+01   
8.65482096E+01   
7.21073215E+01   
5.74749950E+01   
8.90035007E+01   
7.92907582E+01   
7.10156031E+01   
7.04681936E+01   
7.55630126E+01   
8.41053211E+01   
6.52656531E+01   
6.74090818E+01   
7.07249450E+01   
8.66037207E+01   
7.25112022E+01   
6.80132026E+01   
7.18393679E+01   
7.77544509E+01   
8.20152030E+01   
7.48151630E+01   
7.08124625E+01   
8.56537307E+01   
6.30330066E+01   
8.02569514E+01   
7.43570714E+01   
6.26779356E+01   
7.09298860E+01   
7.60230046E+01   
7.91822364E+01   
6.34880976E+01   
6.06847369E+01   
7.20406081E+01   
7.82579516E+01   
8.46146229E+01   
7.72997600E+01   
7.52898580E+01   
8.23041608E+01   
8.60180036E+01   
6.76429286E+01   
7.24810962E+01   
9.57753551E+01   
7.87879576E+01   
7.17087417E+01   
8.23208642E+01   
8.44090818E+01   
7.49217844E+01   
7.80393079E+01   
6.91361272E+01   
7.80489098E+01   
7.46810362E+01   
6.69406881E+01   
7.64518904E+01   
9.12868574E+01   
6.78813763E+01   
7.50112022E+01   
8.01554311E+01   
7.61578316E+01   
6.89446889E+01   
6.70857171E+01   
8.00152030E+01   
5.51935387E+01   
7.09057812E+01   
8.08092619E+01   
7.42203441E+01   
8.01345269E+01   
7.96931386E+01   
8.63505701E+01   
6.88144629E+01   
7.62796559E+01   
7.96850370E+01   
7.81462292E+01   
7.06639328E+01   
7.45592118E+01   
7.75648130E+01   
8.36978396E+01   
6.85882176E+01   
8.00777155E+01   
5.53269654E+01   
8.11428286E+01   
7.06968394E+01   
7.67683537E+01   
7.05634127E+01   
6.64669934E+01   
7.50152030E+01   
5.64331866E+01   
8.34785957E+01   
6.93105621E+01   
6.63650730E+01   
7.48372675E+01   
7.56088218E+01   
6.34167834E+01   
7.76713343E+01   
6.89586917E+01   
7.22961592E+01   
6.70136027E+01   
5.54560912E+01   
6.57358472E+01   
6.79033807E+01   
7.39590918E+01   
6.43358672E+01   
9.59982997E+01   
8.13362673E+01   
8.61214243E+01   
7.39634927E+01   
7.03779756E+01   
7.78592719E+01   
8.16580316E+01   
7.45728146E+01   
8.35117023E+01   
8.83150630E+01   
6.65568114E+01   
7.42274455E+01   
7.02104421E+01   
7.57742549E+01   
7.19690938E+01   
8.23010602E+01   
7.18271654E+01   
7.04814963E+01   
7.26435287E+01   
7.42441488E+01   
7.57417483E+01   
6.75549110E+01   
7.61655331E+01   
9.64453891E+01   
6.98544709E+01   
7.90597119E+01   
7.21447289E+01   
8.87597520E+01   
5.83119624E+01   
8.19309862E+01   
6.90152030E+01   
6.45061012E+01   
5.96053211E+01   
7.99341868E+01   
7.38166633E+01   
7.02923585E+01   
6.53256651E+01   
7.25876175E+01   
8.57488498E+01   
7.15463093E+01   
8.07889578E+01   
7.21997399E+01   
6.60862172E+01   
7.77235447E+01   
6.04440888E+01   
8.64811962E+01   
7.31215243E+01   
7.21191238E+01   
7.40144029E+01   
6.59806961E+01   
7.03811762E+01   
7.46155231E+01   
7.00477095E+01   
7.01432286E+01   
8.18229646E+01   
8.39216843E+01   
8.31713343E+01   
8.69232847E+01   
7.31063213E+01   
6.21633327E+01   
6.80128026E+01   
8.28393679E+01   
7.08726745E+01   
7.00453091E+01   
5.12661532E+01   
7.00678136E+01   
6.87971594E+01   
7.01746349E+01   
9.05694139E+01   
7.34826965E+01   
5.70381076E+01   
7.17633527E+01   
6.51144229E+01   
6.89424885E+01   
7.00871174E+01   
7.79448890E+01   
7.40847169E+01   
7.30823165E+01   
7.89693939E+01   
7.70578116E+01   
7.50562112E+01   
6.88873775E+01   
6.90562112E+01   
7.17932587E+01   
7.53143629E+01   
7.28583717E+01   
7.49214843E+01   
5.91845369E+01   
7.20868174E+01   
6.30128026E+01   
8.48224645E+01   
6.42707542E+01   
6.29121824E+01   
7.59974995E+01   
5.91710342E+01   
7.87804561E+01   
8.40458092E+01   
7.99426885E+01   
7.30736147E+01   
6.60430086E+01   
6.60680136E+01   
6.79744949E+01   
7.60144029E+01   
7.59175835E+01   
7.20527105E+01   
8.39372875E+01   
7.41282256E+01   
6.61202240E+01   
7.48596719E+01   
6.90851170E+01   
7.39864973E+01   
7.99799960E+01   
7.80172034E+01   
7.10658132E+01   
7.69839968E+01   
7.70456091E+01   
6.60700140E+01   
8.19465893E+01   
8.29545909E+01   
7.50709142E+01   
8.79841968E+01   
6.60968194E+01   
7.99534907E+01   
8.90090018E+01   
7.30550110E+01   
7.20173035E+01   
8.79903981E+01   
8.60193039E+01   
8.50185037E+01   
6.20313063E+01   
8.49863973E+01   
7.20366073E+01   
8.70042008E+01   
6.80214043E+01   
7.20179036E+01   
7.90156031E+01   
8.30168034E+01   
8.20183037E+01   
8.30153031E+01   
8.30191038E+01   
7.59874975E+01   
8.20345069E+01   
7.10226045E+01   
7.69305861E+01   
6.11108222E+01   
8.29795959E+01   
6.60446089E+01   
7.49778956E+01   
6.60254051E+01   
6.40144029E+01   
7.19942989E+01   
7.50132026E+01   
6.40357071E+01   
7.30144029E+01   
7.20642128E+01   
6.90081016E+01   
6.89344869E+01   
7.00413083E+01   
6.91328266E+01   
8.39054811E+01   
8.31214243E+01   
8.68851770E+01   
8.10711142E+01   
7.69322865E+01   
6.80005001E+01   
6.72410482E+01   
8.47575515E+01   
6.12816563E+01   
8.98944789E+01   
7.28586717E+01   
7.21439288E+01   
7.31511302E+01   
8.66932386E+01   
5.81376275E+01   
7.69972995E+01   
7.70132026E+01   
6.70645129E+01   
8.00494099E+01   
7.19077816E+01   
7.09578916E+01   
6.70864173E+01   
6.69367874E+01   
7.12456491E+01   
8.39765953E+01   
8.70562112E+01   
6.60785157E+01   
7.59753951E+01   
6.98662733E+01   
7.72111422E+01   
8.58168634E+01   
6.60140028E+01   
7.41064213E+01   
7.98510702E+01   
5.90367073E+01   
7.39159832E+01   
5.42092418E+01   
6.60650130E+01   
6.42961592E+01   
8.67091418E+01   
7.50941188E+01   
7.09896979E+01   
7.76907381E+01   
6.81212242E+01   
6.50407081E+01   
7.09565913E+01   
6.73855771E+01   
7.78720744E+01   
7.53401680E+01   
8.17209442E+01   
7.40160032E+01   
7.59545909E+01   
8.00774155E+01   
7.57639528E+01   
6.01085217E+01   
5.61432286E+01   
7.61137227E+01   
7.82154431E+01   
8.92485497E+01   
6.75864173E+01   
7.97080416E+01   
6.92561512E+01   
7.52968594E+01   
9.19481896E+01   
8.65157031E+01   
6.41580316E+01   
7.21245249E+01   
7.63495699E+01   
8.24190838E+01   
6.59369874E+01   
7.03567714E+01   
7.57833567E+01   
7.49740948E+01   
6.26054211E+01   
8.63403681E+01   
5.33344669E+01   
7.75444089E+01   
9.51571314E+01   
6.83025605E+01   
6.79728946E+01   
8.34797960E+01   
7.95917183E+01   
7.40579116E+01   
7.90152030E+01   
7.00152030E+01   
7.64582917E+01   
7.14379876E+01   
6.84199840E+01   
8.74714943E+01   
6.98750750E+01   
6.02431486E+01   
7.31070214E+01   
7.16739348E+01   
8.74023805E+01   
7.78710742E+01   
6.79169834E+01   
7.13537708E+01   
7.95245049E+01   
7.37047409E+01   
7.83166633E+01   
8.72649530E+01   
8.16586317E+01   
6.32885577E+01   
7.99390878E+01   
6.53757752E+01   
7.69105821E+01   
7.73833767E+01   
8.62736547E+01   
6.54931986E+01   
7.51230246E+01   
7.93418684E+01   
7.95807161E+01   
6.82356471E+01   
7.39065813E+01   
6.09592919E+01   
7.01845369E+01   
8.45631126E+01   
6.72700540E+01   
9.82172434E+01   
7.31481296E+01   
6.48941788E+01   
5.36577315E+01   
5.40174035E+01   
8.39499900E+01   
7.28941788E+01   
7.24353871E+01   
8.28338668E+01   
8.17092418E+01   
7.10743149E+01   
6.55085017E+01   
9.02656531E+01   
7.88264653E+01   
6.20202040E+01   
8.59532907E+01   
8.06329266E+01   
7.95928186E+01   
8.71116223E+01   
5.89468894E+01   
6.56667333E+01   
7.09496899E+01   
8.28825765E+01   
8.22145429E+01   
9.21498300E+01   
7.50164033E+01   
7.64730946E+01   
7.02864573E+01   
7.92209442E+01   
8.10851170E+01   
8.08773755E+01   
7.60156031E+01   
8.08749750E+01   
7.94390878E+01   
8.74482897E+01   
6.70855171E+01   
7.10863173E+01   
8.57255451E+01   
7.46676335E+01   
9.52361472E+01   
8.92828566E+01   
6.62357471E+01   
7.65354071E+01   
8.59719944E+01   
6.52377475E+01   
7.74666933E+01   
8.40919184E+01   
8.94058812E+01   
6.79337868E+01   
7.85553111E+01   
7.62481496E+01   
8.67830566E+01   
8.04673935E+01   
6.93276655E+01   
8.48055611E+01   
7.85413083E+01   
8.28971794E+01   
6.63316663E+01   
6.89805961E+01   
7.42322464E+01   
5.69046809E+01   
7.00773155E+01   
7.96182236E+01   
7.77552511E+01   
8.10949190E+01   
8.65998200E+01   
6.98519704E+01   
7.23422685E+01   
7.22677536E+01   
8.24403881E+01   
7.77009402E+01   
8.85045009E+01   
9.13270654E+01   
7.21011202E+01   
7.22307461E+01   
7.33239648E+01   
8.51930386E+01   
7.80465093E+01   
7.93684737E+01   
7.99260852E+01   
6.55672134E+01   
7.15523105E+01   
7.64667934E+01   
7.61986397E+01   
8.51979396E+01   
9.32889578E+01   
8.36479296E+01   
8.21831366E+01   
6.94210842E+01   
8.76240248E+01   
6.62953591E+01   
7.42038408E+01   
8.91679336E+01   
7.53920784E+01   
8.07757552E+01   
9.43493699E+01   
8.40152030E+01   
7.09188838E+01   
6.61115223E+01   
7.13353671E+01   
8.15000000E+01   
7.16998400E+01   
7.88205641E+01   
9.00036007E+01   
8.68221644E+01   
9.09248850E+01   
7.74156831E+01   
7.09156831E+01   
8.22178436E+01   
8.40172034E+01   
7.51187237E+01   
8.73041608E+01   
7.40148030E+01   
6.85284057E+01   
7.23668734E+01   
7.39420884E+01   
6.51179236E+01   
7.09100820E+01   
6.51659332E+01   
9.27569514E+01   
7.64356871E+01   
8.29559912E+01   
7.20112022E+01   
6.95053011E+01   
7.96595319E+01   
9.51590318E+01   
7.99080816E+01   
8.21239248E+01   
1.01363673E+02   
8.63230646E+01   
7.36755351E+01   
8.03612723E+01   
9.79080816E+01   
7.71287257E+01   
7.17962593E+01   
8.63446689E+01   
7.35785157E+01   
9.25788158E+01   
9.51029206E+01   
6.85780156E+01   
7.26738348E+01   
7.38106621E+01   
9.57584517E+01   
7.23060612E+01   
9.68322665E+01   
7.34379876E+01   
8.69770954E+01   
9.13188638E+01   
7.62478496E+01   
8.00782156E+01   
5.94222845E+01   
8.91960392E+01   
8.94291858E+01   
8.84251850E+01   
9.17785557E+01   
8.07331466E+01   
8.44187838E+01   
8.84521904E+01   
5.33391678E+01   
8.79845969E+01   
8.59250850E+01   
6.97713543E+01   
8.10144029E+01   
6.90144029E+01   
7.57681536E+01   
7.71253251E+01   
8.08932787E+01   
7.33951790E+01   
7.30126025E+01   
8.06416283E+01   
7.95115023E+01   
7.04045809E+01   
6.62510502E+01   
7.87743549E+01   
8.64908982E+01   
7.53070614E+01   
8.26116223E+01   
7.90410082E+01   
1.05661232E+02   
8.24370874E+01   
7.20478096E+01   
8.17943589E+01   
8.52778556E+01   
8.67107421E+01   
7.44073815E+01   
6.40152030E+01   
8.42025405E+01   
8.76955391E+01   
7.92184437E+01   
7.74767954E+01   
8.32185437E+01   
9.57436487E+01   
8.48941788E+01   
8.90761152E+01   
7.78812763E+01   
7.90673135E+01   
6.45084017E+01   
7.61090218E+01   
7.63363673E+01   
8.60990198E+01   
7.75260052E+01   
8.78796759E+01   
7.56022204E+01   
8.31836367E+01   
7.12657532E+01   
8.56219244E+01   
7.04534907E+01   
7.04325865E+01   
7.44349870E+01   
7.42962593E+01   
7.10148030E+01   
7.67374475E+01   
5.64307862E+01   
9.03043609E+01   
9.54472895E+01   
9.20153031E+01   
8.01536307E+01   
7.87261452E+01   
7.28954791E+01   
8.92935587E+01   
6.92708542E+01   
7.40554111E+01   
8.45547109E+01   
7.11607321E+01   
8.17500500E+01   
7.87867574E+01   
8.67253451E+01   
8.92404481E+01   
7.53130626E+01   
7.89724945E+01   
7.55650130E+01   
6.02118424E+01   
7.60156031E+01   
8.10707141E+01   
8.39604921E+01   
7.91671334E+01   
8.45602120E+01   
8.52334467E+01   
7.79488898E+01   
7.60871174E+01   
9.49391878E+01   
1.00403581E+02   
7.67852571E+01   
8.17061412E+01   
7.79455891E+01   
7.32395479E+01   
7.56389278E+01   
8.53914783E+01   
7.48959792E+01   
7.85059012E+01   
7.09587918E+01   
8.50684137E+01   
8.46552310E+01   
8.95307061E+01   
7.68096619E+01   
8.51016203E+01   
6.37704541E+01   
9.18172635E+01   
7.90888178E+01   
6.70128026E+01   
6.51743349E+01   
7.91183237E+01   
8.24210842E+01   
7.14057812E+01   
8.85758152E+01   
7.18720744E+01   
7.35058012E+01   
7.88228646E+01   
8.60312062E+01   
8.30264053E+01   
8.25182036E+01   
7.26773355E+01   
7.95142028E+01   
8.18496699E+01   
8.40188038E+01   
8.90184037E+01   
8.15070014E+01   
8.08664733E+01   
8.30192038E+01   
9.33130626E+01   
7.18776755E+01   
7.99975995E+01   
8.30588118E+01   
8.24585917E+01   
7.95002000E+01   
7.88700740E+01   
6.63266653E+01   
8.07361472E+01   
8.77077415E+01   
7.46333267E+01   
8.08416683E+01   
8.69711942E+01   
7.51044209E+01   
8.94150830E+01   
9.51447289E+01   
9.50875175E+01   
8.66530306E+01   
1.01551310E+02   
7.63678736E+01   
8.31923385E+01   
7.59032807E+01   
8.59072815E+01   
8.29878976E+01   
8.39064813E+01   
7.33730746E+01   
8.92723545E+01   
8.32986597E+01   
8.24757952E+01   
8.75578116E+01   
9.11111222E+01   
9.26486297E+01   
8.78364673E+01   
9.00180036E+01   
9.53072615E+01   
1.06263653E+02   
7.29324865E+01   
8.49364873E+01   
9.59910982E+01   
8.04159832E+01   
8.49830966E+01   
8.83548710E+01   
9.04895979E+01   
7.49464893E+01   
7.50168034E+01   
7.65782156E+01   
8.42678536E+01   
7.62646529E+01   
7.36381276E+01   
7.41464293E+01   
7.37729546E+01   
8.73644729E+01   
6.87721544E+01   
8.13463693E+01   
9.34908982E+01   
7.69388878E+01   
1.05429086E+02   
8.32486497E+01   
7.17841568E+01   
7.70164033E+01   
7.48232647E+01   
7.90160032E+01   
9.33735747E+01   
9.43791758E+01   
9.29320864E+01   
7.71597319E+01   
8.52577516E+01   
7.71490298E+01   
9.24679936E+01   
7.56380276E+01   
7.79694939E+01   
8.88208642E+01   
9.61850370E+01   
9.88675735E+01   
7.26102220E+01   
8.78031606E+01   
8.72226445E+01   
1.01619324E+02   
8.34139828E+01   
8.32139428E+01   
7.82261452E+01   
8.24287858E+01   
9.84052811E+01   
7.56012202E+01   
7.90559112E+01   
9.62082416E+01   
7.79837968E+01   
8.08506701E+01   
8.77276455E+01   
7.14909982E+01   
9.28120624E+01   
8.72500500E+01   
7.73419684E+01   
8.80774155E+01   
9.25708142E+01   
7.33937788E+01   
8.27120424E+01   
9.10589118E+01   
9.33544709E+01   
8.90180036E+01   
9.69459892E+01   
9.88804761E+01   
8.86474295E+01   
9.78601720E+01   
9.49129826E+01   
7.96498300E+01   
8.75368074E+01   
8.36506301E+01   
8.58036607E+01   
7.87175435E+01   
9.36085217E+01   
8.14290858E+01   
8.66654331E+01   
8.69434887E+01   
9.94410882E+01   
8.83040608E+01   
9.36798360E+01   
9.31919384E+01   
7.72038408E+01   
9.78537708E+01   
9.09314863E+01   
8.40573115E+01   
6.66269254E+01   
9.71998400E+01   
1.02270454E+02   
9.84554911E+01   
9.32616523E+01   
8.28945789E+01   
8.48977796E+01   
9.66802360E+01   
9.56826365E+01   
9.82480496E+01   
8.24635927E+01   
7.43484697E+01   
8.15713143E+01   
8.51317263E+01   
8.93473695E+01   
9.16886377E+01   
7.78962793E+01   
7.49149830E+01   
9.40176035E+01   
1.01340968E+02   
8.22423485E+01   
8.19221844E+01   
7.89369874E+01   
7.54626925E+01   
8.48830766E+01   
8.11952390E+01   
9.19840968E+01   
9.64195839E+01   
9.64762953E+01   
8.99528906E+01   
9.50045009E+01   
9.70259052E+01   
9.84763953E+01   
9.80212042E+01   
1.00484297E+02   
1.00862272E+02   
7.65348070E+01   
8.85742148E+01   
9.99509902E+01   
9.39838968E+01   
8.16524305E+01   
9.15489098E+01   
9.48430686E+01   
8.15420084E+01   
9.56653331E+01   
8.72527506E+01   
8.81264253E+01   
8.40387077E+01   
1.03123625E+02   
9.49677936E+01   
9.37812563E+01   
8.93037608E+01   
9.10626125E+01   
9.28857772E+01   
9.65835167E+01   
9.76980396E+01   
1.02656331E+02   
8.07378476E+01   
7.97402480E+01   
1.00534907E+02   
9.82269454E+01   
9.50498100E+01   
1.00046609E+02   
7.87454491E+01   
8.19913983E+01   
8.80430086E+01   
1.02261552E+02   
8.49965993E+01   
9.17546509E+01   
8.63549710E+01   
7.37182436E+01   
8.45391078E+01   
9.04952991E+01   
7.97586517E+01   
9.64938988E+01   
8.75593119E+01   
8.07602521E+01   
9.64938988E+01   
1.06535507E+02   
9.82693539E+01   
7.25165033E+01   
9.60206041E+01   
8.77610522E+01   
8.40156031E+01   
9.45311062E+01   
9.97676535E+01   
8.77574515E+01   
8.02809562E+01   
9.12345469E+01   
9.20574115E+01   
9.07182436E+01   
7.53383677E+01   
9.45307061E+01   
9.39601920E+01   
9.53171634E+01   
8.16934387E+01   
9.53227646E+01   
1.01073215E+02   
1.07793859E+02   
9.65848170E+01   
7.70772154E+01   
8.85001000E+01   
8.78272655E+01   
9.83145629E+01   
9.41657331E+01   
9.26159232E+01   
9.62807562E+01   
1.01195539E+02   
9.36741348E+01   
8.63156631E+01   
8.09685937E+01   
8.29006801E+01   
8.48661732E+01   
8.06459292E+01   
9.25997199E+01   
9.63812763E+01   
9.48672735E+01   
1.07549110E+02   
1.07368874E+02   
9.36719344E+01   
8.76268254E+01   
8.78158632E+01   
9.25515103E+01   
8.24844969E+01   
1.08623325E+02   
1.00896079E+02   
1.00729546E+02   
8.87043409E+01   
9.06750350E+01   
9.76710342E+01   
9.95262052E+01   
1.00670234E+02   
8.44171834E+01   
7.47247449E+01   
1.01818964E+02   
1.03566713E+02   
9.65724145E+01   
9.65655131E+01   
1.16289258E+02   
8.69316863E+01   
9.81154231E+01   
9.93750750E+01   
9.46450290E+01   
9.15671134E+01   
9.22931586E+01   
9.61218244E+01   
9.69141828E+01   
9.64017804E+01   
1.04237247E+02   
1.09080316E+02   
9.59628926E+01   
1.00799560E+02   
8.97899580E+01   
1.01762452E+02   
1.08184937E+02   
1.02502801E+02   
9.35795159E+01   
9.27388478E+01   
9.34249850E+01   
9.94871974E+01   
8.04273855E+01   
9.16078216E+01   
8.71279256E+01   
9.04735947E+01   
8.82868574E+01   
9.91820364E+01   
9.91455291E+01   
9.58896779E+01   
8.95840168E+01   
1.05306761E+02   
9.74496899E+01   
1.12020804E+02   
9.40135027E+01   
8.91565313E+01   
9.81670334E+01   
8.71859372E+01   
1.05292659E+02   
9.25979196E+01   
1.10021204E+02   
1.04021204E+02   
9.32517504E+01   
9.31774355E+01   
9.50529106E+01   
9.14380876E+01   
1.04561812E+02   
9.73532707E+01   
9.20972194E+01   
8.70168034E+01   
9.20168034E+01   
9.93008602E+01   
1.11438788E+02   
9.77220444E+01   
8.60793159E+01   
9.57236447E+01   
1.08156231E+02   
1.00288658E+02   
1.08128526E+02   
9.28742749E+01   
9.57244449E+01   
1.06426085E+02   
9.65102020E+01   
1.03248650E+02   
8.78998800E+01   
9.85170034E+01   
1.00829366E+02   
8.87176435E+01   
1.00621524E+02   
1.04420484E+02   
9.51177235E+01   
1.01416883E+02   
9.94152831E+01   
9.65302060E+01   
8.85066013E+01   
1.13715243E+02   
9.23215643E+01   
9.14104821E+01   
1.01496099E+02   
1.09062913E+02   
8.94092819E+01   
9.67132426E+01   
8.84064813E+01   
9.83875775E+01   
1.09942288E+02   
1.10101720E+02   
1.10484197E+02   
1.03248350E+02   
1.00633127E+02   
9.82522505E+01   
9.24920984E+01   
9.71646329E+01   
1.04779756E+02   
8.59490898E+01   
1.08194539E+02   
9.30885177E+01   
1.04709242E+02   
1.23011802E+02   
1.16215543E+02   
1.00957291E+02   
7.90180036E+01   
9.82129426E+01   
9.08230646E+01   
1.01047810E+02   
1.26135827E+02   
1.15706841E+02   
1.02181536E+02   
9.61222244E+01   
9.34955991E+01   
9.00697139E+01   
1.10653131E+02   
8.93371674E+01   
1.09379276E+02   
1.22934187E+02   
1.16484297E+02   
1.17324765E+02   
1.05297059E+02   
8.87004401E+01   
1.07097820E+02   
9.32629526E+01   
1.01166433E+02   
8.51959392E+01   
9.50208042E+01   
1.01053711E+02   
1.10728546E+02   
9.96338268E+01   
1.04990698E+02   
9.99368874E+01   
1.17456791E+02   
1.13644229E+02   
1.09997900E+02   
9.17912583E+01   
9.79962993E+01   
9.70405081E+01   
1.00018404E+02   
9.29628926E+01   
1.22366873E+02   
1.14333067E+02   
1.09739148E+02   
1.07306461E+02   
1.00351970E+02   
1.03716243E+02   
9.96803361E+01   
1.11664133E+02   
1.19355171E+02   
1.10719644E+02   
9.33564713E+01   
9.23466693E+01   
1.02997199E+02   
1.08047009E+02   
9.80160032E+01   
1.07689238E+02   
9.33601720E+01   
1.14669134E+02   
1.01694539E+02   
9.76899380E+01   
1.05027105E+02   
1.23029506E+02   
1.07340968E+02   
1.07714943E+02   
1.17709842E+02   
1.26987898E+02   
1.06022404E+02   
1.11977095E+02   
1.14761552E+02   
1.11632727E+02   
9.09642929E+01   
1.01396579E+02   
1.10998500E+02   
1.07448390E+02   
1.19658932E+02   
1.13338868E+02   
1.00943489E+02   
9.14412883E+01   
1.13650530E+02   
1.14794859E+02   
1.12373775E+02   
8.98594719E+01   
1.08085017E+02   
1.05263053E+02   
1.05124525E+02   
1.06602621E+02   
1.03900280E+02   
1.15869174E+02   
1.02407882E+02   
1.08328066E+02   
1.08149730E+02   
1.23153631E+02   
1.06626125E+02   
9.41106221E+01   
1.11576215E+02   
9.41150230E+01   
1.00469794E+02   
1.16125025E+02   
1.19815963E+02   
1.09829766E+02   
1.10375175E+02   
1.06560212E+02   
1.07145129E+02   
1.18072214E+02   
1.08961392E+02   
1.13198940E+02   
1.10082316E+02   
1.10958492E+02   
1.00277656E+02   
1.17801060E+02   
1.29516203E+02   
1.20571014E+02   
8.92233447E+01   
1.14803461E+02   
1.08092719E+02   
9.43080616E+01   
1.06022004E+02   
1.23472695E+02   
1.27006401E+02   
1.22819464E+02   
1.23183037E+02   
1.12428286E+02   
1.10303261E+02   
1.04776255E+02   
1.08464293E+02   
1.04360072E+02   
1.21872474E+02   
1.09730046E+02   
1.09582817E+02   
1.02465993E+02   
1.11205841E+02   
1.27751050E+02   
1.04472595E+02   
1.04762452E+02   
9.39300860E+01   
1.20809662E+02   
1.03873175E+02   
1.18855871E+02   
1.24257952E+02   
1.04614723E+02   
8.25296059E+01   
1.18918084E+02   
1.16336167E+02   
1.13705441E+02   
1.12605021E+02   
1.02067013E+02   
1.04720144E+02   
1.16579916E+02   
1.04390378E+02   
1.17845269E+02   
1.12566313E+02   
1.06624225E+02   
1.08767954E+02   
1.09160132E+02   
1.20529306E+02   
1.09503301E+02   
1.32147129E+02   
1.11410782E+02   
1.00771754E+02   
1.23647029E+02   
1.17140128E+02   
1.18274655E+02   
1.18290458E+02   
1.20519704E+02   
1.31253451E+02   
1.02266053E+02   
1.07130526E+02   
1.12072414E+02   
1.25237047E+02   
1.16466793E+02   
1.20713543E+02   
1.14022004E+02   
1.18782757E+02   
1.23261252E+02   
1.00927886E+02   
1.13734547E+02   
1.00347770E+02   
9.87544509E+01   
1.30173135E+02   
1.09979296E+02   
1.10689138E+02   
1.13569814E+02   
1.26790758E+02   
1.27638028E+02   
1.20874175E+02   
1.26785057E+02   
1.08179936E+02   
1.14568714E+02   
1.13704141E+02   
1.24281356E+02   
1.34127425E+02   
1.20658432E+02   
1.11022404E+02   
1.09689738E+02   
1.15965893E+02   
1.21528206E+02   
1.17635627E+02   
1.27292559E+02   
1.02102521E+02   
1.38724645E+02   
1.27631626E+02   
1.30158632E+02   
1.14963193E+02   
1.27659932E+02   
1.42634427E+02   
1.26910682E+02   
1.06082216E+02   
1.09173035E+02   
1.23021204E+02   
1.25972995E+02   
1.21211942E+02   
1.32066613E+02   
1.17211542E+02   
1.17230046E+02   
1.11036907E+02   
1.06599020E+02   
1.03432486E+02   
1.10234147E+02   
9.34187838E+01   
1.33608922E+02   
1.37820964E+02   
1.52831166E+02   
1.32422084E+02   
1.04823565E+02   
1.26238148E+02   
1.22626425E+02   
1.25203841E+02   
1.07815663E+02   
1.12271654E+02   
1.34028806E+02   
1.24396579E+02   
1.26449090E+02   
1.33196939E+02   
1.11810462E+02   
1.30506501E+02   
1.24568614E+02   
1.18183737E+02   
1.28963193E+02   
1.38929886E+02   
1.15175335E+02   
1.22321364E+02   
1.23172134E+02   
1.34025205E+02   
1.14346169E+02   
1.07658332E+02   
1.19709442E+02   
1.25566913E+02   
1.22330966E+02   
1.42360972E+02   
1.41680636E+02   
1.11843969E+02   
1.24377375E+02   
1.34501100E+02   
1.21663033E+02   
1.08958092E+02   
1.19608422E+02   
1.06747449E+02   
1.43682737E+02   
1.27685937E+02   
1.35782857E+02   
1.32702541E+02   
1.31935887E+02   
1.56108722E+02   
1.29277756E+02   
1.25031406E+02   
1.35348670E+02   
1.24219244E+02   
1.43266953E+02   
1.32165833E+02   
1.22472595E+02   
1.30993399E+02   
1.20863573E+02   
1.33807862E+02   
1.34765653E+02   
1.45869174E+02   
1.25125425E+02   
1.09241848E+02   
1.05957391E+02   
1.13054111E+02   
1.33104221E+02   
1.18446789E+02   
1.22023605E+02   
1.27569914E+02   
1.33822565E+02   
1.44355371E+02   
1.34155931E+02   
1.28196139E+02   
1.29894479E+02   
1.44438688E+02   
1.41746049E+02   
1.35164333E+02   
1.31316463E+02   
1.32026805E+02   
1.17740448E+02   
1.36596419E+02   
1.29173135E+02   
1.32867373E+02   
1.32174335E+02   
1.24763053E+02   
1.39028806E+02   
1.28397079E+02   
1.23228546E+02   
1.36487497E+02   
1.36136527E+02   
1.35097019E+02   
1.21923885E+02   
1.34233047E+02   
1.34604721E+02   
1.30281356E+02   
1.37120624E+02   
1.37015103E+02   
1.36512302E+02   
1.46700640E+02   
1.35607421E+02   
1.33588818E+02   
1.17150430E+02   
1.32900780E+02   
1.29080116E+02   
1.23603821E+02   
1.37365873E+02   
1.16173435E+02   
1.25624625E+02   
1.42865373E+02   
1.20669934E+02   
1.40027606E+02   
1.44560312E+02   
1.34633027E+02   
1.25465593E+02   
1.23680336E+02   
1.30469194E+02   
1.40462292E+02   
1.45474395E+02   
1.30920084E+02   
1.30248850E+02   
1.52594619E+02   
1.43686137E+02   
1.36230546E+02   
1.35487097E+02   
1.48133627E+02   
1.46473595E+02   
1.40817163E+02   
1.30444489E+02   
1.48060712E+02   
1.41989698E+02   
1.41067914E+02   
1.34532907E+02   
1.40824765E+02   
1.31278356E+02   
1.32126825E+02   
1.40283557E+02   
1.39255751E+02   
1.30543509E+02   
1.43765653E+02   
1.32006301E+02   
1.29325765E+02   
1.34291158E+02   
1.40111122E+02   
1.49572715E+02   
1.52846569E+02   
1.44570414E+02   
1.30114023E+02   
1.53792158E+02   
1.24974695E+02   
1.49355771E+02   
1.56632527E+02   
1.47349070E+02   
1.42500200E+02   
1.53525505E+02   
1.43947189E+02   
1.42356871E+02   
1.51001900E+02   
1.62592519E+02   
1.39789158E+02   
1.43245049E+02   
1.67041708E+02   
1.45416083E+02   
1.42484097E+02   
1.40045409E+02   
1.44480096E+02   
1.26933687E+02   
1.38196739E+02   
1.39491998E+02   
1.43313263E+02   
1.35025205E+02   
1.39211942E+02   
1.41356771E+02   
1.48438888E+02   
1.44555511E+02   
1.41297259E+02   
1.54233147E+02   
1.46707942E+02   
1.47144129E+02   
1.41686437E+02   
1.42402280E+02   
1.38527305E+02   
1.47967193E+02   
1.42618824E+02   
1.56435487E+02   
1.55148930E+02   
1.21372875E+02   
1.31039508E+02   
1.40365273E+02   
1.40748350E+02   
1.54446789E+02   
1.60449190E+02   
1.53821264E+02   
1.45078416E+02   
1.50820764E+02   
1.60150730E+02   
1.54134027E+02   
1.42606421E+02   
1.48652030E+02   
1.62175935E+02   
1.72744849E+02   
1.62032406E+02   
1.74465193E+02   
1.60693739E+02   
1.27891978E+02   
1.33939188E+02   
1.43734347E+02   
1.61112823E+02   
1.59789558E+02   
1.70475595E+02   
1.64900480E+02   
1.50877576E+02   
1.48549610E+02   
1.54886777E+02   
1.71657231E+02   
1.45031206E+02   
1.46997600E+02   
1.59778056E+02   
1.56865973E+02   
1.60545609E+02   
1.52331966E+02   
1.62857171E+02   
1.60298860E+02   
1.49088418E+02   
1.59704341E+02   
1.84304461E+02   
1.67186037E+02   
1.51077215E+02   
1.39345969E+02   
1.66520404E+02   
1.75588418E+02   
1.68346769E+02   
1.58714043E+02   
1.44560412E+02   
1.52423585E+02   
1.55506001E+02   
1.79490798E+02   
1.63087217E+02   
1.62098420E+02   
1.71000800E+02   
1.48047209E+02   
1.53484397E+02   
1.51098820E+02   
1.66452791E+02   
1.60519204E+02   
1.62542408E+02   
1.93464793E+02   
1.76652831E+02   
1.70048810E+02   
1.42031206E+02   
1.62031206E+02   
1.49025605E+02   
1.67539208E+02   
1.58496799E+02   
1.88037608E+02   
1.82049610E+02   
1.73025605E+02   
1.64040008E+02   
1.73035207E+02   
1.69534007E+02   
1.53525205E+02   
1.60044009E+02   
1.56536007E+02   
1.65018804E+02   
1.63519604E+02   
1.43024005E+02   
1.60028806E+02   
1.73072014E+02   
1.85041608E+02   
1.87025605E+02   
1.57004801E+02   
1.62041608E+02   
1.43504001E+02   
1.60512002E+02   
1.63195239E+02   
1.47903181E+02   
1.49031206E+02   
1.64538808E+02   
1.70507602E+02   
1.55555611E+02   
1.90172434E+02   
1.91872374E+02   
1.61050010E+02   
1.77291658E+02   
1.69833967E+02   
1.61609622E+02   
1.84036807E+02   
1.78455591E+02   
1.68425985E+02   
1.75278456E+02   
1.83423185E+02   
1.63495199E+02   
1.86764853E+02   
1.69190338E+02   
1.82318464E+02   
1.55712743E+02   
1.63060012E+02   
1.72217644E+02   
1.63907181E+02   
1.61581216E+02   
1.68066813E+02   
1.63724345E+02   
1.84238048E+02   
1.61779556E+02   
1.72096519E+02   
1.79775155E+02   
1.72513603E+02   
1.55797159E+02   
1.67867674E+02   
1.72993599E+02   
1.70554411E+02   
1.74936887E+02   
1.99390378E+02   
1.82560812E+02   
1.73591118E+02   
1.62939988E+02   
1.63168834E+02   
1.63890378E+02   
1.83225745E+02   
1.73931086E+02   
1.72130426E+02   
1.84810062E+02   
1.76460392E+02   
1.95082116E+02   
1.96201140E+02   
1.91297960E+02   
1.71834867E+02   
1.94794659E+02   
1.70589318E+02   
1.83753151E+02   
2.00436487E+02   
1.69217544E+02   
1.72504801E+02   
1.78804061E+02   
1.77811262E+02   
1.93671534E+02   
1.83754851E+02   
1.92723145E+02   
2.05463393E+02   
2.04463493E+02   
1.94580316E+02   
1.90301560E+02   
1.88039408E+02   
1.94499100E+02   
1.97174435E+02   
1.74503601E+02   
1.72404281E+02   
1.80420984E+02   
1.75072715E+02   
1.61598720E+02   
1.91524605E+02   
1.90413683E+02   
1.86519104E+02   
1.93116023E+02   
2.01040808E+02   
2.00657231E+02   
2.06198840E+02   
2.03489098E+02   
1.96498000E+02   
1.95012302E+02   
1.81011802E+02   
2.02042008E+02   
1.96958792E+02   
1.81369074E+02   
1.80949990E+02   
2.08061412E+02   
2.10438688E+02   
1.95212442E+02   
1.87231546E+02   
2.02291758E+02   
2.12057812E+02   
2.00306061E+02   
1.91674035E+02   
1.88762352E+02   
2.04953691E+02   
1.85197039E+02   
1.92410082E+02   
2.01511702E+02   
1.96779656E+02   
2.01525705E+02   
2.12143229E+02   
1.93217744E+02   
2.11081316E+02   
1.87540108E+02   
1.85834167E+02   
2.01457091E+02   
2.10045609E+02   
2.18255351E+02   
1.79139628E+02   
1.74036407E+02   
1.92117323E+02   
2.01168334E+02   
1.98948290E+02   
1.87371574E+02   
1.98675035E+02   
1.83828266E+02   
2.07130526E+02   
2.10608022E+02   
2.06380576E+02   
2.13700240E+02   
2.15506201E+02   
2.13002501E+02   
2.11631026E+02   
1.99535707E+02   
2.18019604E+02   
1.99870974E+02   
2.03039208E+02   
2.08718044E+02   
1.96120324E+02   
2.11762553E+02   
2.25042408E+02   
2.07654531E+02   
2.13608022E+02   
2.18178636E+02   
2.16039808E+02   
2.18293859E+02   
2.31169234E+02   
2.17971094E+02   
2.07680136E+02   
2.11013403E+02   
2.25120924E+02   
2.26388978E+02   
2.39349570E+02   
2.11121024E+02   
1.88570914E+02   
2.10310062E+02   
2.27342769E+02   
2.31178436E+02   
2.19316063E+02   
2.31635127E+02   
2.04043209E+02   
2.28612422E+02   
2.10929786E+02   
2.06867473E+02   
2.34171434E+02   
2.24338768E+02   
2.36196939E+02   
2.24616623E+02   
2.43324165E+02   
2.17048510E+02   
2.20054111E+02   
2.36206141E+02   
2.40903581E+02   
2.26291758E+02   
2.30936187E+02   
2.30323565E+02   
2.43772454E+02   
2.39291858E+02   
2.25076115E+02   
2.43081716E+02   
2.30820564E+02   
2.19116623E+02   
2.24659332E+02   
2.33116123E+02   
2.47594419E+02   
2.24360072E+02   
2.31521704E+02   
2.38469194E+02   
2.18528506E+02   
2.44568314E+02   
2.43629226E+02   
2.26467594E+02   
2.37303561E+02   
2.24973095E+02   
2.24209242E+02   
2.31879576E+02   
2.38961892E+02   
2.58219044E+02   
2.40712543E+02   
2.57141328E+02   
2.56526505E+02   
2.34239048E+02   
2.67835867E+02   
2.66337267E+02   
2.16012603E+02   
2.46649330E+02   
2.41661332E+02   
2.32524705E+02   
2.43111622E+02   
2.27161232E+02   
2.54749450E+02   
2.52402080E+02   
2.44636427E+02   
2.43767353E+02   
2.38954591E+02   
2.33148230E+02   
2.14545009E+02   
2.65637628E+02   
2.51126225E+02   
2.41777055E+02   
2.54571314E+02   
2.58711042E+02   
2.38357071E+02   
2.51111822E+02   
2.51314063E+02   
2.43730146E+02   
2.41933287E+02   
2.28067113E+02   
2.55923785E+02   
2.43494599E+02   
2.27549410E+02   
2.57538308E+02   
2.47283757E+02   
2.43655531E+02   
2.48392278E+02   
2.51077315E+02   
2.35283257E+02   
2.67028906E+02   
2.59848570E+02   
2.68854971E+02   
2.69050710E+02   
2.53058912E+02   
2.52632126E+02   
2.52691638E+02   
2.44394679E+02   
2.62883877E+02   
2.34862072E+02   
2.46395679E+02   
2.58147730E+02   
3.02310262E+02   
2.59941488E+02   
2.71392979E+02   
2.72457191E+02   
2.74699840E+02   
2.48413083E+02   
2.71578816E+02   
2.59878476E+02   
2.65804661E+02   
2.76663233E+02   
2.51320864E+02   
2.67746249E+02   
2.57881276E+02   
2.81397079E+02   
2.65172234E+02   
2.59763853E+02   
2.63610322E+02   
2.44328566E+02   
2.48775455E+02   
2.47707742E+02   
2.57008702E+02   
2.73662733E+02   
2.89574315E+02   
2.53556711E+02   
2.58731746E+02   
2.73579816E+02   
2.56823965E+02   
2.34287457E+02   
2.47046309E+02   
2.63904781E+02   
2.67301160E+02   
2.55640228E+02   
2.45902480E+02   
2.82904881E+02   
2.69525305E+02   
2.88094319E+02   
3.29036957E+02   
3.35867173E+02   
3.35867173E+02   
3.35867173E+02   
3.35867173E+02   
3.62003871E+02   
3.90310962E+02   
3.98559712E+02   
3.87318864E+02   
3.94146529E+02   
3.99495999E+02   
3.88802360E+02   
4.15824565E+02   
3.92100820E+02   
3.94942889E+02   
4.02343069E+02   
3.53445989E+02   
3.82208942E+02   
3.89575115E+02   
3.96066213E+02   
4.22491398E+02   
4.11456391E+02   
4.17317463E+02   
4.09660432E+02   
4.06042308E+02   
3.81674935E+02   
3.83945589E+02   
3.90043809E+02   
4.08077616E+02   
3.90273155E+02   
4.12236947E+02   
4.13134627E+02   
4.26614523E+02   
3.94609222E+02   
4.26332366E+02   
4.16303561E+02   
3.91984897E+02   
3.99584417E+02   
4.35774655E+02   
4.17790658E+02   
4.29988898E+02   
4.33815163E+02   
4.09271054E+02   
4.11442689E+02   
4.35723545E+02   
4.36901980E+02   
4.21192138E+02   
4.16514103E+02   
4.13186237E+02   
4.23023205E+02   
4.80449790E+02   
4.36225745E+02   
4.98749850E+02   
5.04297860E+02   
4.28079716E+02   
4.11129526E+02   
4.59932186E+02   
4.29763253E+02   
4.57905381E+02   
4.51581016E+02   
4.62956191E+02   
4.27154731E+02   
4.42588218E+02   
4.86762452E+02   
4.52808362E+02   
4.59320564E+02   
4.66615023E+02   
4.47630426E+02   
4.35438788E+02   
4.71538008E+02   
4.35924485E+02   
4.77263053E+02   
4.59336267E+02   
4.50192539E+02   
4.47088018E+02   
4.22790358E+02   
4.38982597E+02   
4.81885177E+02   
4.57094419E+02   
4.43143129E+02   
4.28615823E+02   
4.65990298E+02   
4.65144729E+02   
5.07926085E+02   
4.49527005E+02   
4.62578016E+02   
4.60805961E+02   
4.65275155E+02   
5.08018604E+02   
5.07175835E+02   
5.14374175E+02   
5.33033407E+02   
4.88402380E+02   
4.79373775E+02   
5.14132126E+02   
5.24195739E+02   
4.92930686E+02   
5.09303661E+02   
5.33579116E+02   
5.13432386E+02   
4.89730946E+02   
5.10963393E+02   
5.37275955E+02   
4.92652631E+02   
4.99157331E+02   
4.83185137E+02   
4.57479296E+02   
4.61290058E+02   
4.89042408E+02   
5.17077415E+02   
5.24779556E+02   
4.89145629E+02   
4.85799660E+02   
5.13336367E+02   
4.92867473E+02   
4.89081816E+02   
5.01082316E+02   
5.10445589E+02   
4.93087918E+02   
4.94102120E+02   
4.89092819E+02   
5.16774155E+02   
5.18766653E+02   
5.09774955E+02   
4.92393579E+02   
5.53828266E+02   
5.00045209E+02   
5.06793559E+02   
5.04522104E+02   
5.24294259E+02   
4.97841468E+02   
5.01089518E+02   
5.13788558E+02   
5.17023105E+02   
5.03149530E+02   
5.02045709E+02   
5.12097620E+02   
4.83771254E+02   
5.07446089E+02   
5.16354471E+02   
4.94567013E+02   
5.06178736E+02   
5.04889978E+02   
5.13616323E+02   
4.73810562E+02   
5.10859972E+02   
4.96444389E+02   
5.21490298E+02   
5.08742348E+02   
5.14560412E+02   
4.95992498E+02   
4.87570014E+02   
5.25219544E+02   
5.57827465E+02   
5.29096219E+02   
4.98183037E+02   
5.11406381E+02   
5.02790458E+02   
5.02873875E+02   
4.86648530E+02   
5.08465693E+02   
5.04367874E+02   
4.89946489E+02   
4.92463693E+02   
4.53669934E+02   
4.78740948E+02   
5.08268354E+02   
4.82906981E+02   
4.73721544E+02   
4.56753951E+02   
4.62684337E+02   
4.55214643E+02   
4.79781256E+02   
4.33452891E+02   
4.81554211E+02   
4.48676335E+02   
4.20178736E+02   
4.44366973E+02   
4.41154131E+02   
4.29608722E+02   
4.10199140E+02   
3.98549310E+02   
4.42049910E+02   
4.20558812E+02   
3.95004201E+02   
3.91076815E+02   
4.10248350E+02   
3.90067113E+02   
3.78997099E+02   
4.25133427E+02   
4.03581316E+02   
3.80090718E+02   
4.00072014E+02   
3.97169034E+02   
4.25743249E+02   
3.75851170E+02   
3.75010802E+02   
3.79748050E+02   
4.12078416E+02   
3.65078416E+02   
3.92584217E+02   
3.79474895E+02   
3.71070014E+02   
3.88883377E+02   
3.70771654E+02   
3.81857772E+02   
4.06035507E+02   
3.82618724E+02   
3.41303461E+02   
3.92160132E+02   
3.95239748E+02   
3.64831766E+02   
3.74929886E+02   
3.57480096E+02   
3.78117223E+02   
3.53521904E+02   
3.80284557E+02   
3.92129626E+02   
3.62192639E+02   
3.62319764E+02   
3.79719244E+02   
3.50932386E+02   
3.74437988E+02   
3.83277355E+02   
3.60285157E+02   
3.81162032E+02   
4.01588518E+02   
3.75566713E+02   
3.78006901E+02   
3.59939488E+02   
3.39117824E+02   
3.43887678E+02   
3.68933487E+02   
3.61156231E+02   
3.49415983E+02   
3.46332166E+02   
3.53916083E+02   
3.77061312E+02   
3.75947890E+02   
3.45355271E+02   
3.58790258E+02   
3.71046809E+02   
3.28787558E+02   
3.38769354E+02   
3.28242749E+02   
3.86690038E+02   
3.33125825E+02   
3.19982396E+02   
3.25327666E+02   
3.62563913E+02   
3.77107121E+02   
3.41361872E+02   
3.57279856E+02   
3.23790558E+02   
3.49470894E+02   
4.10745359E+02   
4.90698140E+02   
4.90698140E+02   
4.90698140E+02   
4.90698140E+02   
4.90698140E+02   
6.09745579E+02   
6.42937988E+02   
6.52341268E+02   
6.60192639E+02   
6.86263253E+02   
6.49309162E+02   
6.48641328E+02   
6.37889478E+02   
6.35052010E+02   
6.35472494E+02   
6.67586817E+02   
6.72408982E+02   
6.78346469E+02   
6.60569414E+02   
6.60494599E+02   
6.64678336E+02   
6.23813463E+02   
6.34937487E+02   
6.45848470E+02   
6.71484997E+02   
6.77583317E+02   
6.38515503E+02   
6.91520304E+02   
6.72919784E+02   
6.96272454E+02   
6.46800860E+02   
6.93467894E+02   
6.69329466E+02   
6.58274355E+02   
6.28787558E+02   
6.70543509E+02   
6.97433487E+02   
6.68210942E+02   
7.11014903E+02   
6.66667834E+02   
6.70556711E+02   
6.50462693E+02   
6.35072515E+02   
6.32333767E+02   
6.29590818E+02   
6.66868874E+02   
6.12733547E+02   
6.78727946E+02   
6.58860072E+02   
6.32567514E+02   
6.93397279E+02   
6.96618524E+02   
6.89107722E+02   
6.94134127E+02   
6.58537808E+02   
6.56021204E+02   
7.05879276E+02   
6.39302661E+02   
6.48335967E+02   
6.35975495E+02   
6.46120024E+02   
6.71674235E+02   
6.60709142E+02   
6.64974595E+02   
7.05274455E+02   
6.52341168E+02   
6.84418984E+02   
6.11463193E+02   
6.93502100E+02   
6.73448190E+02   
6.63871674E+02   
6.71127826E+02   
6.44635727E+02   
6.63384777E+02   
6.56127225E+02   
6.82165833E+02   
6.91337568E+02   
6.75682136E+02   
6.98396579E+02   
7.11129026E+02   
7.16892078E+02   
6.71573515E+02   
6.92950890E+02   
6.66786457E+02   
6.52619924E+02   
7.08947089E+02   
7.39138328E+02   
8.05077516E+02   
8.69241048E+02   
8.53086217E+02   
8.08978896E+02   
7.91590718E+02   
7.91098820E+02   
7.89783257E+02   
7.53806661E+02   
7.34797860E+02   
7.53183837E+02   
7.62867974E+02   
7.18509302E+02   
7.33085317E+02   
7.34408482E+02   
7.55572815E+02   
7.32196039E+02   
6.74951090E+02   
6.74377976E+02   
7.38560912E+02   
6.73719944E+02   
6.26465893E+02   
6.35885677E+02   
6.41478096E+02   
6.80253251E+02   
6.45696139E+02   
6.84173535E+02   
6.39138728E+02   
6.57327065E+02   
6.55009202E+02   
6.32705641E+02   
6.29153231E+02   
6.36207542E+02   
6.17431486E+02   
6.28655131E+02   
6.37891378E+02   
5.92341668E+02   
5.91510002E+02   
5.80682436E+02   
5.93844269E+02   
6.17233747E+02   
6.38754751E+02   
5.98130826E+02   
6.07298860E+02   
5.56973895E+02   
5.79338768E+02   
5.53496899E+02   
5.98539608E+02   
5.27603621E+02   
5.28032707E+02   
5.39149830E+02   
4.99760752E+02   
4.92813163E+02   
4.84193939E+02   
4.79114123E+02   
4.36090318E+02   
4.18085617E+02   
4.17085617E+02   
4.03412482E+02   
4.13083217E+02   
3.75286657E+02   
4.18419384E+02   
4.00617223E+02   
4.10667033E+02   
4.03894579E+02   
4.06706141E+02   
3.87222144E+02   
3.70161332E+02   
3.70031606E+02   
3.78727445E+02   
3.42590418E+02   
3.66232647E+02   
3.43362472E+02   
3.33345669E+02   
3.24505901E+02   
3.13564013E+02   
2.78916583E+02   
3.10059212E+02   
3.43517504E+02   
2.95600920E+02   
2.82730746E+02   
2.79566813E+02   
2.68649430E+02   
2.68501000E+02   
2.63116623E+02   
2.77894079E+02   
2.26994399E+02   
2.17821364E+02   
2.32369274E+02   
2.10924285E+02   
2.20458692E+02   
2.03872975E+02   
2.01284857E+02   
2.19244349E+02   
1.94935687E+02   
1.90931586E+02   
1.81655031E+02   
1.81708042E+02   
1.87133127E+02   
1.77519004E+02   
1.78988198E+02   
1.59259252E+02   
1.46918184E+02   
1.60538808E+02   
1.37642629E+02   
1.44270654E+02   
1.26228746E+02   
1.42809462E+02   
1.57243349E+02   
1.37624925E+02   
1.43225845E+02   
1.34828266E+02   
1.06220144E+02   
1.22419084E+02   
1.14423785E+02   
1.37856071E+02   
1.03967794E+02   
1.05869274E+02   
1.04180236E+02   
1.05216343E+02   
1.03411882E+02   
1.03099620E+02   
1.17546109E+02   
8.65803161E+01   
8.82370474E+01   
9.07949590E+01   
8.94947990E+01   
7.30532106E+01   
8.08862773E+01   
7.74369874E+01   
8.32087417E+01   
8.76321264E+01   
6.45068014E+01   
7.48647730E+01   
7.28232647E+01   
7.70627125E+01   
6.18654731E+01   
7.41150230E+01   
7.24469894E+01   
8.05818164E+01   
6.85211042E+01   
7.15077015E+01   
6.82019404E+01   
6.35754151E+01   
6.85730146E+01   
5.31296259E+01   
5.26373275E+01   
4.88967794E+01   
5.37529506E+01   
5.55650130E+01   
4.65349070E+01   
3.96682336E+01   
5.91549310E+01   
4.20611122E+01   
9.83753751E+01   
4.46334267E+01   
3.44585917E+01   
2.73686737E+01   
3.43745749E+01   
2.29964993E+01   
2.08236647E+01   
1.12639528E+01   
2.13857772E+01   
1.97217443E+01   
1.41823365E+01   
2.33981796E+01   
1.57861572E+01   
1.35354071E+01   
8.82446489E+00   
9.45502100E+00   
9.40188038E+00   
9.40188038E+00   
9.40188038E+00   
9.40188038E+00   
5.52313463E+00   
0.00000000E+00   
0.00000000E+00   
0.00000000E+00   
0.00000000E+00   
0.00000000E+00   
0.00000000E+00   
8.28065613E-01   
1.71934387E-01   
0.00000000E+00   
0.00000000E+00   
0.00000000E+00   
0.00000000E+00   
1.00000000E+00   
0.00000000E+00   
0.00000000E+00   
2.00000000E+00   
0.00000000E+00   
0.00000000E+00   
0.00000000E+00   
0.00000000E+00   
0.00000000E+00   
0.00000000E+00   
0.00000000E+00   
0.00000000E+00   
0.00000000E+00   
0.00000000E+00   
8.36067213E-01   
1.63932787E-01   
0.00000000E+00   
0.00000000E+00   
0.00000000E+00   
0.00000000E+00   
0.00000000E+00   
0.00000000E+00   
0.00000000E+00   
0.00000000E+00   
0.00000000E+00   
0.00000000E+00   
0.00000000E+00   
1.00000000E+00   
0.00000000E+00   
0.00000000E+00   
0.00000000E+00   
0.00000000E+00   
0.00000000E+00   
0.00000000E+00   
0.00000000E+00   
0.00000000E+00   
0.00000000E+00   
0.00000000E+00   
0.00000000E+00   
0.00000000E+00   
0.00000000E+00   
0.00000000E+00   
0.00000000E+00   
0.00000000E+00   
0.00000000E+00   
0.00000000E+00   
0.00000000E+00   
0.00000000E+00   
0.00000000E+00   
1.00000000E+00   
0.00000000E+00   
0.00000000E+00   
0.00000000E+00   
0.00000000E+00   
0.00000000E+00   
1.00000000E+00   
0.00000000E+00   
0.00000000E+00   
0.00000000E+00   
0.00000000E+00   
0.00000000E+00   
0.00000000E+00   
0.00000000E+00   
1.00000000E+00   
0.00000000E+00   
0.00000000E+00   
0.00000000E+00   
0.00000000E+00   
0.00000000E+00   
0.00000000E+00   
0.00000000E+00   
0.00000000E+00   
8.59271854E-01   
1.40728146E-01   
0.00000000E+00   
0.00000000E+00   
0.00000000E+00   
0.00000000E+00   
0.00000000E+00   
0.00000000E+00   
8.62472494E-01   
1.37527506E-01   
0.00000000E+00   
0.00000000E+00   
0.00000000E+00   
0.00000000E+00   
0.00000000E+00   
0.00000000E+00   
0.00000000E+00   
0.00000000E+00   
0.00000000E+00   
0.00000000E+00   
1.00000000E+00   
0.00000000E+00   
0.00000000E+00   
8.68473695E-01   
1.31526305E-01   
0.00000000E+00   
0.00000000E+00   
0.00000000E+00   
0.00000000E+00   
0.00000000E+00   
0.00000000E+00   
0.00000000E+00   
0.00000000E+00   
0.00000000E+00   
0.00000000E+00   
0.00000000E+00   
0.00000000E+00   
0.00000000E+00   
0.00000000E+00   
0.00000000E+00   
0.00000000E+00   
0.00000000E+00   
0.00000000E+00   
1.00000000E+00   
0.00000000E+00   
0.00000000E+00   
0.00000000E+00   
0.00000000E+00   
0.00000000E+00   
0.00000000E+00   
0.00000000E+00   
0.00000000E+00   
0.00000000E+00   
8.80476095E-01   
1.19523905E-01   
0.00000000E+00   
0.00000000E+00   
0.00000000E+00   
0.00000000E+00   
0.00000000E+00   
0.00000000E+00   
0.00000000E+00   
0.00000000E+00   
0.00000000E+00   
0.00000000E+00   
0.00000000E+00   
0.00000000E+00   
0.00000000E+00   
0.00000000E+00   
0.00000000E+00   
0.00000000E+00   
0.00000000E+00   
0.00000000E+00   
0.00000000E+00   
0.00000000E+00   
0.00000000E+00   
0.00000000E+00   
0.00000000E+00   
0.00000000E+00   
1.00000000E+00   
0.00000000E+00   
0.00000000E+00   
0.00000000E+00   
1.78495699E+00   
2.15043009E-01   
0.00000000E+00   
0.00000000E+00   
0.00000000E+00   
0.00000000E+00   
0.00000000E+00   
0.00000000E+00   
0.00000000E+00   
0.00000000E+00   
0.00000000E+00   
0.00000000E+00   
0.00000000E+00   
0.00000000E+00   
0.00000000E+00   
0.00000000E+00   
0.00000000E+00   
0.00000000E+00   
0.00000000E+00   
0.00000000E+00   
0.00000000E+00   
0.00000000E+00   
0.00000000E+00   
0.00000000E+00   
0.00000000E+00   
0.00000000E+00   
0.00000000E+00   
0.00000000E+00   
0.00000000E+00   
0.00000000E+00   
0.00000000E+00   
1.00000000E+00   
0.00000000E+00   
0.00000000E+00   
0.00000000E+00   
0.00000000E+00   
0.00000000E+00   
0.00000000E+00   
0.00000000E+00   
0.00000000E+00   
0.00000000E+00   
0.00000000E+00   
0.00000000E+00   
0.00000000E+00   
0.00000000E+00   
0.00000000E+00   
0.00000000E+00   
0.00000000E+00   
0.00000000E+00   
0.00000000E+00   
0.00000000E+00   
0.00000000E+00   
0.00000000E+00   
0.00000000E+00   
0.00000000E+00   
1.00000000E+00   
0.00000000E+00   
0.00000000E+00   
0.00000000E+00   
0.00000000E+00   
0.00000000E+00   
9.16883377E-01   
8.31166233E-02   
0.00000000E+00   
0.00000000E+00   
0.00000000E+00   
0.00000000E+00   
0.00000000E+00   
0.00000000E+00   
0.00000000E+00   
1.00000000E+00   
0.00000000E+00   
0.00000000E+00   
0.00000000E+00   
0.00000000E+00   
0.00000000E+00   
0.00000000E+00   
1.00000000E+00   
0.00000000E+00   
0.00000000E+00   
0.00000000E+00   
1.00000000E+00   
0.00000000E+00   
1.00000000E+00   
0.00000000E+00   
0.00000000E+00   
0.00000000E+00   
0.00000000E+00   
0.00000000E+00   
0.00000000E+00   
0.00000000E+00   
0.00000000E+00   
0.00000000E+00   
0.00000000E+00   
0.00000000E+00   
0.00000000E+00   
0.00000000E+00   
0.00000000E+00   
1.00000000E+00   
0.00000000E+00   
0.00000000E+00   
0.00000000E+00   
0.00000000E+00   
0.00000000E+00   
0.00000000E+00   
0.00000000E+00   
0.00000000E+00   
0.00000000E+00   
0.00000000E+00   
0.00000000E+00   
0.00000000E+00   
0.00000000E+00   
0.00000000E+00   
0.00000000E+00   
0.00000000E+00   
0.00000000E+00   
0.00000000E+00   
0.00000000E+00   
0.00000000E+00   
0.00000000E+00   
0.00000000E+00   
0.00000000E+00   
0.00000000E+00   
0.00000000E+00   
0.00000000E+00   
0.00000000E+00   
0.00000000E+00   
0.00000000E+00   
0.00000000E+00   
0.00000000E+00   
1.00000000E+00   
0.00000000E+00   
0.00000000E+00   
0.00000000E+00   
0.00000000E+00   
0.00000000E+00   
0.00000000E+00   
0.00000000E+00   
0.00000000E+00   
0.00000000E+00   
0.00000000E+00   
0.00000000E+00   
0.00000000E+00   
0.00000000E+00   
0.00000000E+00   
0.00000000E+00   
0.00000000E+00   
0.00000000E+00   
0.00000000E+00   
0.00000000E+00   
0.00000000E+00   
0.00000000E+00   
0.00000000E+00   
0.00000000E+00   
0.00000000E+00   
0.00000000E+00   
0.00000000E+00   
0.00000000E+00   
0.00000000E+00   
0.00000000E+00   
0.00000000E+00   
0.00000000E+00   
0.00000000E+00   
0.00000000E+00   
0.00000000E+00   
0.00000000E+00   
0.00000000E+00   
0.00000000E+00   
1.00000000E+00   
1.00000000E+00   
0.00000000E+00   
0.00000000E+00   
0.00000000E+00   
0.00000000E+00   
0.00000000E+00   
0.00000000E+00   
0.00000000E+00   
0.00000000E+00   
0.00000000E+00   
0.00000000E+00   
0.00000000E+00   
0.00000000E+00   
0.00000000E+00   
0.00000000E+00   
0.00000000E+00   
0.00000000E+00   
0.00000000E+00   
0.00000000E+00   
0.00000000E+00   
0.00000000E+00   
0.00000000E+00   
0.00000000E+00   
0.00000000E+00   
0.00000000E+00   
0.00000000E+00   
0.00000000E+00   
9.70894179E-01   
2.91058212E-02   
0.00000000E+00   
9.72094419E-01   
2.79055811E-02   
0.00000000E+00   
0.00000000E+00   
0.00000000E+00   
0.00000000E+00   
0.00000000E+00   
0.00000000E+00   
0.00000000E+00   
0.00000000E+00   
0.00000000E+00   
0.00000000E+00   
0.00000000E+00   
0.00000000E+00   
0.00000000E+00   
0.00000000E+00   
0.00000000E+00   
0.00000000E+00   
0.00000000E+00   
0.00000000E+00   
0.00000000E+00   
0.00000000E+00   
0.00000000E+00   
0.00000000E+00   
0.00000000E+00   
0.00000000E+00   
0.00000000E+00   
0.00000000E+00   
0.00000000E+00   
0.00000000E+00   
0.00000000E+00   
0.00000000E+00   
0.00000000E+00   
0.00000000E+00   
0.00000000E+00   
0.00000000E+00   
1.00000000E+00   
0.00000000E+00   
0.00000000E+00   
0.00000000E+00   
0.00000000E+00   
0.00000000E+00   
0.00000000E+00   
0.00000000E+00   
0.00000000E+00   
0.00000000E+00   
0.00000000E+00   
0.00000000E+00   
0.00000000E+00   
0.00000000E+00   
0.00000000E+00   
0.00000000E+00   
0.00000000E+00   
9.93298660E-01   
6.70134027E-03   
0.00000000E+00   
0.00000000E+00   
0.00000000E+00   
0.00000000E+00   
0.00000000E+00   
9.96099220E-01   
3.90078016E-03   
0.00000000E+00   
0.00000000E+00   
0.00000000E+00   
0.00000000E+00   
0.00000000E+00   
0.00000000E+00   
0.00000000E+00   
0.00000000E+00   
1.00000000E+00   
0.00000000E+00   
0.00000000E+00   
1.00000000E+00   
0.00000000E+00   
0.00000000E+00   
0.00000000E+00   
0.00000000E+00   
0.00000000E+00   
0.00000000E+00   
0.00000000E+00   
0.00000000E+00   
0.00000000E+00   
0.00000000E+00   
0.00000000E+00   
0.00000000E+00   
0.00000000E+00   
0.00000000E+00   
0.00000000E+00   
0.00000000E+00   
1.00810162E+00   
9.91898380E-01   
0.00000000E+00   
0.00000000E+00   
0.00000000E+00   
1.00000000E+00   
0.00000000E+00   
0.00000000E+00   
0.00000000E+00   
0.00000000E+00   
0.00000000E+00   
0.00000000E+00   
0.00000000E+00   
0.00000000E+00   
0.00000000E+00   
0.00000000E+00   
0.00000000E+00   
0.00000000E+00   
0.00000000E+00   
0.00000000E+00   
0.00000000E+00   
3.00000000E+00   
0.00000000E+00   
0.00000000E+00   
0.00000000E+00   
0.00000000E+00   
0.00000000E+00   
0.00000000E+00   
1.00000000E+00   
0.00000000E+00   
0.00000000E+00   
0.00000000E+00   
0.00000000E+00   
0.00000000E+00   
0.00000000E+00   
0.00000000E+00   
0.00000000E+00   
0.00000000E+00   
0.00000000E+00   
0.00000000E+00   
0.00000000E+00   
0.00000000E+00   
0.00000000E+00   
0.00000000E+00   
0.00000000E+00   
0.00000000E+00   
0.00000000E+00   
0.00000000E+00   
0.00000000E+00   
0.00000000E+00   
0.00000000E+00   
0.00000000E+00   
0.00000000E+00   
0.00000000E+00   
0.00000000E+00   
0.00000000E+00   
0.00000000E+00   
0.00000000E+00   
0.00000000E+00   
0.00000000E+00   
0.00000000E+00   
0.00000000E+00   
0.00000000E+00   
1.00000000E+00   
0.00000000E+00   
0.00000000E+00   
0.00000000E+00   
0.00000000E+00   
0.00000000E+00   
0.00000000E+00   
0.00000000E+00   
0.00000000E+00   
0.00000000E+00   
0.00000000E+00   
0.00000000E+00   
0.00000000E+00   
0.00000000E+00   
0.00000000E+00   
0.00000000E+00   
0.00000000E+00   
0.00000000E+00   
0.00000000E+00   
0.00000000E+00   
0.00000000E+00   
0.00000000E+00   
0.00000000E+00   
0.00000000E+00   
0.00000000E+00   
0.00000000E+00   
0.00000000E+00   
0.00000000E+00   
0.00000000E+00   
0.00000000E+00   
0.00000000E+00   
0.00000000E+00   
0.00000000E+00   
0.00000000E+00   
0.00000000E+00   
0.00000000E+00   
0.00000000E+00   
0.00000000E+00   
0.00000000E+00   
0.00000000E+00   
0.00000000E+00   
0.00000000E+00   
0.00000000E+00   
0.00000000E+00   
0.00000000E+00   
0.00000000E+00   
0.00000000E+00   
0.00000000E+00   
0.00000000E+00   
0.00000000E+00   
0.00000000E+00   
0.00000000E+00   
0.00000000E+00   
0.00000000E+00   
0.00000000E+00   
0.00000000E+00   
0.00000000E+00   
0.00000000E+00   
0.00000000E+00   
0.00000000E+00   
0.00000000E+00   
0.00000000E+00   
0.00000000E+00   
0.00000000E+00   
0.00000000E+00   
0.00000000E+00   
0.00000000E+00   
0.00000000E+00   
0.00000000E+00   
0.00000000E+00   
0.00000000E+00   
0.00000000E+00   
0.00000000E+00   
0.00000000E+00   
0.00000000E+00   
0.00000000E+00   
0.00000000E+00   
0.00000000E+00   
0.00000000E+00   
0.00000000E+00   
0.00000000E+00   
0.00000000E+00   
0.00000000E+00   
0.00000000E+00   
0.00000000E+00   
0.00000000E+00   
0.00000000E+00   
0.00000000E+00   
0.00000000E+00   
0.00000000E+00   
0.00000000E+00   
0.00000000E+00   
0.00000000E+00   
0.00000000E+00   
0.00000000E+00   
0.00000000E+00   
0.00000000E+00   
0.00000000E+00   
0.00000000E+00   
0.00000000E+00   
0.00000000E+00   
0.00000000E+00   
0.00000000E+00   
0.00000000E+00   
0.00000000E+00   
0.00000000E+00   
0.00000000E+00   
0.00000000E+00   
0.00000000E+00   
0.00000000E+00   
0.00000000E+00   
0.00000000E+00   
0.00000000E+00   
0.00000000E+00   
0.00000000E+00   
0.00000000E+00   
0.00000000E+00   
0.00000000E+00   
0.00000000E+00   
0.00000000E+00   
0.00000000E+00   
0.00000000E+00   
0.00000000E+00   
0.00000000E+00   
0.00000000E+00   
0.00000000E+00   
0.00000000E+00   
0.00000000E+00   
0.00000000E+00   
0.00000000E+00   
0.00000000E+00   
0.00000000E+00   
0.00000000E+00   
0.00000000E+00   
0.00000000E+00   
0.00000000E+00   
0.00000000E+00   
0.00000000E+00   
0.00000000E+00   
0.00000000E+00   
0.00000000E+00   
0.00000000E+00   
0.00000000E+00   
0.00000000E+00   
0.00000000E+00   
0.00000000E+00   
0.00000000E+00   
0.00000000E+00   
0.00000000E+00   
0.00000000E+00   
0.00000000E+00   
0.00000000E+00   
0.00000000E+00   
0.00000000E+00   
0.00000000E+00   
0.00000000E+00   
0.00000000E+00   
0.00000000E+00   
0.00000000E+00   
0.00000000E+00   
0.00000000E+00   
0.00000000E+00   
0.00000000E+00   
0.00000000E+00   
0.00000000E+00   
0.00000000E+00   
0.00000000E+00   
0.00000000E+00   
0.00000000E+00   
0.00000000E+00   
0.00000000E+00   
0.00000000E+00   
0.00000000E+00   
0.00000000E+00   
0.00000000E+00   
0.00000000E+00   
0.00000000E+00   
0.00000000E+00   
0.00000000E+00   
0.00000000E+00   
0.00000000E+00   
0.00000000E+00   
0.00000000E+00   
0.00000000E+00   
0.00000000E+00   
0.00000000E+00   
0.00000000E+00   
0.00000000E+00   
0.00000000E+00   
0.00000000E+00   
0.00000000E+00   
0.00000000E+00   
0.00000000E+00   
0.00000000E+00   
0.00000000E+00   
1.11322264E-01   
8.88677736E-01   
3.36367273E-01   
2.66363273E+00   
0.00000000E+00   
0.00000000E+00   
0.00000000E+00   
0.00000000E+00   
0.00000000E+00   
0.00000000E+00   
0.00000000E+00   
0.00000000E+00   
0.00000000E+00   
0.00000000E+00   
0.00000000E+00   
0.00000000E+00   
0.00000000E+00   
0.00000000E+00   
3.55571114E-01   
2.64442889E+00   
0.00000000E+00   
0.00000000E+00   
0.00000000E+00   
0.00000000E+00   
0.00000000E+00   
0.00000000E+00   
0.00000000E+00   
0.00000000E+00   
0.00000000E+00   
0.00000000E+00   
0.00000000E+00   
0.00000000E+00   
0.00000000E+00   
0.00000000E+00   
0.00000000E+00   
0.00000000E+00   
0.00000000E+00   
0.00000000E+00   
0.00000000E+00   
0.00000000E+00   
0.00000000E+00   
0.00000000E+00   
0.00000000E+00   
0.00000000E+00   
0.00000000E+00   
0.00000000E+00   
0.00000000E+00   
0.00000000E+00   
0.00000000E+00   
0.00000000E+00   
0.00000000E+00   
0.00000000E+00   
0.00000000E+00   
0.00000000E+00   
0.00000000E+00   
0.00000000E+00   
0.00000000E+00   
0.00000000E+00   
0.00000000E+00   
0.00000000E+00   
0.00000000E+00   
0.00000000E+00   
0.00000000E+00   
0.00000000E+00   
0.00000000E+00   
0.00000000E+00   
0.00000000E+00   
0.00000000E+00   
0.00000000E+00   
0.00000000E+00   
0.00000000E+00   
0.00000000E+00   
0.00000000E+00   
0.00000000E+00   
0.00000000E+00   
0.00000000E+00   
0.00000000E+00   
0.00000000E+00   
0.00000000E+00   
0.00000000E+00   
0.00000000E+00   
0.00000000E+00   
0.00000000E+00   
0.00000000E+00   
0.00000000E+00   
0.00000000E+00   
0.00000000E+00   
0.00000000E+00   
0.00000000E+00   
0.00000000E+00   
0.00000000E+00   
0.00000000E+00   
0.00000000E+00   
0.00000000E+00   
0.00000000E+00   
0.00000000E+00   
0.00000000E+00   
0.00000000E+00   
0.00000000E+00   
0.00000000E+00   
0.00000000E+00   
0.00000000E+00   
0.00000000E+00   
0.00000000E+00   
0.00000000E+00   
0.00000000E+00   
0.00000000E+00   
0.00000000E+00   
0.00000000E+00   
0.00000000E+00   
0.00000000E+00   
0.00000000E+00   
0.00000000E+00   
0.00000000E+00   
0.00000000E+00   
0.00000000E+00   
0.00000000E+00   
0.00000000E+00   
0.00000000E+00   
0.00000000E+00   
0.00000000E+00   
0.00000000E+00   
0.00000000E+00   
0.00000000E+00   
0.00000000E+00   
0.00000000E+00   
0.00000000E+00   
0.00000000E+00   
0.00000000E+00   
0.00000000E+00   
0.00000000E+00   
0.00000000E+00   
0.00000000E+00   
0.00000000E+00   
0.00000000E+00   
0.00000000E+00   
0.00000000E+00   
0.00000000E+00   
0.00000000E+00   
0.00000000E+00   
0.00000000E+00   
0.00000000E+00   
0.00000000E+00   
0.00000000E+00   
0.00000000E+00   
0.00000000E+00   
0.00000000E+00   
0.00000000E+00   
0.00000000E+00   
0.00000000E+00   
0.00000000E+00   
0.00000000E+00   
0.00000000E+00   
0.00000000E+00   
0.00000000E+00   
0.00000000E+00   
0.00000000E+00   
0.00000000E+00   
0.00000000E+00   
0.00000000E+00   
0.00000000E+00   
0.00000000E+00   
0.00000000E+00   
0.00000000E+00   
0.00000000E+00   
0.00000000E+00   
0.00000000E+00   
0.00000000E+00   
0.00000000E+00   
0.00000000E+00   
0.00000000E+00   
0.00000000E+00   
0.00000000E+00   
0.00000000E+00   
0.00000000E+00   
0.00000000E+00   
0.00000000E+00   
0.00000000E+00   
0.00000000E+00   
0.00000000E+00   
0.00000000E+00   
0.00000000E+00   
0.00000000E+00   
0.00000000E+00   
0.00000000E+00   
0.00000000E+00   
0.00000000E+00   
0.00000000E+00   
0.00000000E+00   
0.00000000E+00   
0.00000000E+00   
0.00000000E+00   
0.00000000E+00   
0.00000000E+00   
0.00000000E+00   
0.00000000E+00   
0.00000000E+00   
0.00000000E+00   
0.00000000E+00   
0.00000000E+00   
0.00000000E+00   
0.00000000E+00   
0.00000000E+00   
0.00000000E+00   
0.00000000E+00   
0.00000000E+00   
0.00000000E+00   
0.00000000E+00   
0.00000000E+00   
0.00000000E+00   
0.00000000E+00   
0.00000000E+00   
0.00000000E+00   
0.00000000E+00   
0.00000000E+00   
0.00000000E+00   
0.00000000E+00   
0.00000000E+00   
0.00000000E+00   
0.00000000E+00   
0.00000000E+00   
0.00000000E+00   
0.00000000E+00   
0.00000000E+00   
0.00000000E+00   
0.00000000E+00   
0.00000000E+00   
0.00000000E+00   
0.00000000E+00   
0.00000000E+00   
0.00000000E+00   
0.00000000E+00   
0.00000000E+00   
0.00000000E+00   
0.00000000E+00   
0.00000000E+00   
0.00000000E+00   
0.00000000E+00   
0.00000000E+00   
0.00000000E+00   
0.00000000E+00   
0.00000000E+00   
0.00000000E+00   
0.00000000E+00   
0.00000000E+00   
0.00000000E+00   
0.00000000E+00   
0.00000000E+00   
0.00000000E+00   
0.00000000E+00   
0.00000000E+00   
0.00000000E+00   
0.00000000E+00   
0.00000000E+00   
0.00000000E+00   
0.00000000E+00   
0.00000000E+00   
0.00000000E+00   
0.00000000E+00   
0.00000000E+00   
0.00000000E+00   
0.00000000E+00   
0.00000000E+00   
0.00000000E+00   
0.00000000E+00   
0.00000000E+00   
0.00000000E+00   
0.00000000E+00   
0.00000000E+00   
0.00000000E+00   
0.00000000E+00   
0.00000000E+00   
0.00000000E+00   
0.00000000E+00   
0.00000000E+00   
0.00000000E+00   
0.00000000E+00   
0.00000000E+00   
0.00000000E+00   
0.00000000E+00   
0.00000000E+00   
0.00000000E+00   
0.00000000E+00   
0.00000000E+00   
0.00000000E+00   
0.00000000E+00   
0.00000000E+00   
0.00000000E+00   
0.00000000E+00   
0.00000000E+00   
0.00000000E+00   
0.00000000E+00   
0.00000000E+00   
0.00000000E+00   
0.00000000E+00   
0.00000000E+00   
0.00000000E+00   
0.00000000E+00   
0.00000000E+00   
0.00000000E+00   
0.00000000E+00   
0.00000000E+00   
0.00000000E+00   
0.00000000E+00   
0.00000000E+00   
0.00000000E+00   
0.00000000E+00   
0.00000000E+00   
0.00000000E+00   
0.00000000E+00   
0.00000000E+00   
0.00000000E+00   
0.00000000E+00   
0.00000000E+00   
0.00000000E+00   
0.00000000E+00   
0.00000000E+00   
0.00000000E+00   
0.00000000E+00   
0.00000000E+00   
0.00000000E+00   
0.00000000E+00   
0.00000000E+00   
0.00000000E+00   
0.00000000E+00   
0.00000000E+00   
0.00000000E+00   
0.00000000E+00   
0.00000000E+00   
0.00000000E+00   
0.00000000E+00   
0.00000000E+00   
0.00000000E+00   
0.00000000E+00   
0.00000000E+00   
0.00000000E+00   
0.00000000E+00   
0.00000000E+00   
0.00000000E+00   
0.00000000E+00   
0.00000000E+00   
0.00000000E+00   
0.00000000E+00   
0.00000000E+00   
0.00000000E+00   
0.00000000E+00   
0.00000000E+00   
0.00000000E+00   
0.00000000E+00   
0.00000000E+00   
0.00000000E+00   
0.00000000E+00   
0.00000000E+00   
0.00000000E+00   
0.00000000E+00   
0.00000000E+00   
0.00000000E+00   
0.00000000E+00   
0.00000000E+00   
0.00000000E+00   
0.00000000E+00   
0.00000000E+00   
0.00000000E+00   
0.00000000E+00   
0.00000000E+00   
0.00000000E+00   
0.00000000E+00   
0.00000000E+00   
0.00000000E+00   
0.00000000E+00   
0.00000000E+00   
0.00000000E+00   
0.00000000E+00   
0.00000000E+00   
0.00000000E+00   
0.00000000E+00   
0.00000000E+00   
0.00000000E+00   
0.00000000E+00   
0.00000000E+00   
0.00000000E+00   
0.00000000E+00   
0.00000000E+00   
0.00000000E+00   
0.00000000E+00   
0.00000000E+00   
0.00000000E+00   
0.00000000E+00   
0.00000000E+00   
0.00000000E+00   
0.00000000E+00   
0.00000000E+00   
0.00000000E+00   
0.00000000E+00   
0.00000000E+00   
0.00000000E+00   
0.00000000E+00   
0.00000000E+00   
0.00000000E+00   
0.00000000E+00   
0.00000000E+00   
0.00000000E+00   
0.00000000E+00   
0.00000000E+00   
0.00000000E+00   
0.00000000E+00   
0.00000000E+00   
0.00000000E+00   
0.00000000E+00   
0.00000000E+00   
0.00000000E+00   
0.00000000E+00   
0.00000000E+00   
0.00000000E+00   
0.00000000E+00   
0.00000000E+00   
0.00000000E+00   
0.00000000E+00   
0.00000000E+00   
0.00000000E+00   
0.00000000E+00   
0.00000000E+00   
0.00000000E+00   
0.00000000E+00   
0.00000000E+00   
0.00000000E+00   
0.00000000E+00   
0.00000000E+00   
0.00000000E+00   
0.00000000E+00   
0.00000000E+00   
0.00000000E+00   
0.00000000E+00   
0.00000000E+00   
0.00000000E+00   
0.00000000E+00   
0.00000000E+00   
0.00000000E+00   
0.00000000E+00   
0.00000000E+00   
0.00000000E+00   
0.00000000E+00   
0.00000000E+00   
0.00000000E+00   
0.00000000E+00   
0.00000000E+00   
0.00000000E+00   
0.00000000E+00   
0.00000000E+00   
0.00000000E+00   
0.00000000E+00   
0.00000000E+00   
0.00000000E+00   
0.00000000E+00   
0.00000000E+00   
0.00000000E+00   
0.00000000E+00   
0.00000000E+00   
0.00000000E+00   
0.00000000E+00   
0.00000000E+00   
0.00000000E+00   
0.00000000E+00   
0.00000000E+00   
0.00000000E+00   
0.00000000E+00   
0.00000000E+00   
0.00000000E+00   
0.00000000E+00   
0.00000000E+00   
0.00000000E+00   
0.00000000E+00   
0.00000000E+00   
0.00000000E+00   
0.00000000E+00   
0.00000000E+00   
0.00000000E+00   
0.00000000E+00   
0.00000000E+00   
0.00000000E+00   
0.00000000E+00   
0.00000000E+00   
0.00000000E+00   
0.00000000E+00   
0.00000000E+00   
0.00000000E+00   
0.00000000E+00   
0.00000000E+00   
0.00000000E+00   
0.00000000E+00   
0.00000000E+00   
0.00000000E+00   
0.00000000E+00   
0.00000000E+00   
0.00000000E+00   
0.00000000E+00   
0.00000000E+00   
0.00000000E+00   
0.00000000E+00   
0.00000000E+00   
0.00000000E+00   
0.00000000E+00   
0.00000000E+00   
0.00000000E+00   
0.00000000E+00   
0.00000000E+00   
0.00000000E+00   
0.00000000E+00   
0.00000000E+00   
0.00000000E+00   
0.00000000E+00   
0.00000000E+00   
0.00000000E+00   
0.00000000E+00   
0.00000000E+00   
0.00000000E+00   
0.00000000E+00   
0.00000000E+00   
0.00000000E+00   
0.00000000E+00   
0.00000000E+00   
0.00000000E+00   
0.00000000E+00   
0.00000000E+00   
0.00000000E+00   
0.00000000E+00   
0.00000000E+00   
0.00000000E+00   
0.00000000E+00   
0.00000000E+00   
0.00000000E+00   
0.00000000E+00   
0.00000000E+00   
0.00000000E+00   
0.00000000E+00   
0.00000000E+00   
0.00000000E+00   
0.00000000E+00   
0.00000000E+00   
0.00000000E+00   
0.00000000E+00   
0.00000000E+00   
0.00000000E+00   
0.00000000E+00   
0.00000000E+00   
0.00000000E+00   
0.00000000E+00   
0.00000000E+00   
0.00000000E+00   
0.00000000E+00   
0.00000000E+00   
0.00000000E+00   
0.00000000E+00   
0.00000000E+00   
0.00000000E+00   
0.00000000E+00   
0.00000000E+00   
0.00000000E+00   
0.00000000E+00   
0.00000000E+00   
0.00000000E+00   
0.00000000E+00   
0.00000000E+00   
0.00000000E+00   
0.00000000E+00   
0.00000000E+00   
0.00000000E+00   
0.00000000E+00   
0.00000000E+00   
0.00000000E+00   
0.00000000E+00   
0.00000000E+00   
0.00000000E+00   
0.00000000E+00   
0.00000000E+00   
0.00000000E+00   
0.00000000E+00   
0.00000000E+00   
0.00000000E+00   
0.00000000E+00   
0.00000000E+00   
0.00000000E+00   
0.00000000E+00   
0.00000000E+00   
0.00000000E+00   
0.00000000E+00   
0.00000000E+00   
0.00000000E+00   
0.00000000E+00   
0.00000000E+00   
0.00000000E+00   
0.00000000E+00   
0.00000000E+00   
0.00000000E+00   
0.00000000E+00   
0.00000000E+00   
0.00000000E+00   
0.00000000E+00   
0.00000000E+00   
0.00000000E+00   
0.00000000E+00   
0.00000000E+00   
0.00000000E+00   
0.00000000E+00   
0.00000000E+00   
0.00000000E+00   
0.00000000E+00   
0.00000000E+00   
0.00000000E+00   
0.00000000E+00   
0.00000000E+00   
0.00000000E+00   
0.00000000E+00   
0.00000000E+00   
0.00000000E+00   
0.00000000E+00   
0.00000000E+00   
0.00000000E+00   
0.00000000E+00   
0.00000000E+00   
0.00000000E+00   
0.00000000E+00   
0.00000000E+00   
0.00000000E+00   
0.00000000E+00   
0.00000000E+00   
0.00000000E+00   
0.00000000E+00   
0.00000000E+00   
0.00000000E+00   
0.00000000E+00   
0.00000000E+00   
0.00000000E+00   
0.00000000E+00   
0.00000000E+00   
0.00000000E+00   
0.00000000E+00   
0.00000000E+00   
0.00000000E+00   
0.00000000E+00   
0.00000000E+00   
0.00000000E+00   
0.00000000E+00   
0.00000000E+00   
0.00000000E+00   
0.00000000E+00   
0.00000000E+00   
0.00000000E+00   
0.00000000E+00   
0.00000000E+00   
0.00000000E+00   
0.00000000E+00   
0.00000000E+00   
0.00000000E+00   
0.00000000E+00   
0.00000000E+00   
0.00000000E+00   
0.00000000E+00   
0.00000000E+00   
0.00000000E+00   
0.00000000E+00   
0.00000000E+00   
0.00000000E+00   
0.00000000E+00   
0.00000000E+00   
0.00000000E+00   
0.00000000E+00   
0.00000000E+00   
0.00000000E+00   
0.00000000E+00   
0.00000000E+00   
0.00000000E+00   
0.00000000E+00   
0.00000000E+00   
0.00000000E+00   
0.00000000E+00   
0.00000000E+00   
0.00000000E+00   
0.00000000E+00   
0.00000000E+00   
0.00000000E+00   
0.00000000E+00   
0.00000000E+00   
0.00000000E+00   
0.00000000E+00   
0.00000000E+00   
0.00000000E+00   
0.00000000E+00   
0.00000000E+00   
0.00000000E+00   
0.00000000E+00   
0.00000000E+00   
0.00000000E+00   
0.00000000E+00   
0.00000000E+00   
0.00000000E+00   
0.00000000E+00   
0.00000000E+00   
0.00000000E+00   
0.00000000E+00   
0.00000000E+00   
0.00000000E+00   
0.00000000E+00   
0.00000000E+00   
0.00000000E+00   
0.00000000E+00   
0.00000000E+00   
0.00000000E+00   
0.00000000E+00   
0.00000000E+00   
0.00000000E+00   
0.00000000E+00   
0.00000000E+00   
0.00000000E+00   
0.00000000E+00   
0.00000000E+00   
0.00000000E+00   
0.00000000E+00   
0.00000000E+00   
0.00000000E+00   
0.00000000E+00   
0.00000000E+00   
0.00000000E+00   
0.00000000E+00   
0.00000000E+00   
0.00000000E+00   
0.00000000E+00   
0.00000000E+00   
0.00000000E+00   
0.00000000E+00   
0.00000000E+00   
0.00000000E+00   
0.00000000E+00   
0.00000000E+00   
0.00000000E+00   
0.00000000E+00   
0.00000000E+00   
0.00000000E+00   
0.00000000E+00   
0.00000000E+00   
0.00000000E+00   
0.00000000E+00   
0.00000000E+00   
0.00000000E+00   
0.00000000E+00   
0.00000000E+00   
0.00000000E+00   
0.00000000E+00   
0.00000000E+00   
0.00000000E+00   
0.00000000E+00   
0.00000000E+00   
0.00000000E+00   
0.00000000E+00   
0.00000000E+00   
0.00000000E+00   
0.00000000E+00   
0.00000000E+00   
0.00000000E+00   
0.00000000E+00   
0.00000000E+00   
0.00000000E+00   
0.00000000E+00   
0.00000000E+00   
0.00000000E+00   
0.00000000E+00   
0.00000000E+00   
0.00000000E+00   
0.00000000E+00   
0.00000000E+00   
0.00000000E+00   
0.00000000E+00   
0.00000000E+00   
0.00000000E+00   
0.00000000E+00   
0.00000000E+00   
0.00000000E+00   
0.00000000E+00   
0.00000000E+00   
0.00000000E+00   
0.00000000E+00   
0.00000000E+00   
0.00000000E+00   
0.00000000E+00   
0.00000000E+00   
0.00000000E+00   
0.00000000E+00   
0.00000000E+00   
0.00000000E+00   
0.00000000E+00   
0.00000000E+00   
0.00000000E+00   
0.00000000E+00   
0.00000000E+00   
0.00000000E+00   
0.00000000E+00   
0.00000000E+00   
0.00000000E+00   
0.00000000E+00   
0.00000000E+00   
0.00000000E+00   
0.00000000E+00   
0.00000000E+00   
0.00000000E+00   
0.00000000E+00   
0.00000000E+00   
0.00000000E+00   
0.00000000E+00   
0.00000000E+00   
0.00000000E+00   
0.00000000E+00   
0.00000000E+00   
0.00000000E+00   
0.00000000E+00   
0.00000000E+00   
0.00000000E+00   
0.00000000E+00   
0.00000000E+00   
0.00000000E+00   
0.00000000E+00   
0.00000000E+00   
0.00000000E+00   
0.00000000E+00   
0.00000000E+00   
0.00000000E+00   
0.00000000E+00   
0.00000000E+00   
0.00000000E+00   
0.00000000E+00   
0.00000000E+00   
0.00000000E+00   
0.00000000E+00   
0.00000000E+00   
0.00000000E+00   
0.00000000E+00   
0.00000000E+00   
0.00000000E+00   
0.00000000E+00   
0.00000000E+00   
0.00000000E+00   
0.00000000E+00   
0.00000000E+00   
0.00000000E+00   
0.00000000E+00   
0.00000000E+00   
0.00000000E+00   
0.00000000E+00   
0.00000000E+00   
0.00000000E+00   
0.00000000E+00   
0.00000000E+00   
0.00000000E+00   
0.00000000E+00   
0.00000000E+00   
0.00000000E+00   
0.00000000E+00   
0.00000000E+00   
0.00000000E+00   
0.00000000E+00   
0.00000000E+00   
0.00000000E+00   
0.00000000E+00   
0.00000000E+00   
0.00000000E+00   
0.00000000E+00   
0.00000000E+00   
0.00000000E+00   
0.00000000E+00   
0.00000000E+00   
0.00000000E+00   
0.00000000E+00   
0.00000000E+00   
0.00000000E+00   
0.00000000E+00   
0.00000000E+00   
0.00000000E+00   
0.00000000E+00   
0.00000000E+00   
0.00000000E+00   
0.00000000E+00   
0.00000000E+00   
0.00000000E+00   
0.00000000E+00   
0.00000000E+00   
0.00000000E+00   
0.00000000E+00   
0.00000000E+00   
0.00000000E+00   
0.00000000E+00   
0.00000000E+00   
0.00000000E+00   
0.00000000E+00   
0.00000000E+00   
0.00000000E+00   
0.00000000E+00   
0.00000000E+00   
0.00000000E+00   
0.00000000E+00   
0.00000000E+00   
0.00000000E+00   
0.00000000E+00   
0.00000000E+00   
0.00000000E+00   
0.00000000E+00   
0.00000000E+00   
0.00000000E+00   
0.00000000E+00   
0.00000000E+00   
0.00000000E+00   
0.00000000E+00   
0.00000000E+00   
0.00000000E+00   
0.00000000E+00   
0.00000000E+00   
0.00000000E+00   
0.00000000E+00   
0.00000000E+00   
0.00000000E+00   
0.00000000E+00   
0.00000000E+00   
0.00000000E+00   
0.00000000E+00   
0.00000000E+00   
0.00000000E+00   
0.00000000E+00   
0.00000000E+00   
0.00000000E+00   
0.00000000E+00   
0.00000000E+00   
0.00000000E+00   
0.00000000E+00   
0.00000000E+00   
0.00000000E+00   
0.00000000E+00   
0.00000000E+00   
0.00000000E+00   
0.00000000E+00   
0.00000000E+00   
0.00000000E+00   
0.00000000E+00   
0.00000000E+00   
0.00000000E+00   
0.00000000E+00   
0.00000000E+00   
0.00000000E+00   
0.00000000E+00   
0.00000000E+00   
0.00000000E+00   
0.00000000E+00   
0.00000000E+00   
0.00000000E+00   
0.00000000E+00   
0.00000000E+00   
0.00000000E+00   
0.00000000E+00   
0.00000000E+00   
0.00000000E+00   
0.00000000E+00   
0.00000000E+00   
0.00000000E+00   
0.00000000E+00   
0.00000000E+00   
0.00000000E+00   
0.00000000E+00   
0.00000000E+00   
0.00000000E+00   
0.00000000E+00   
0.00000000E+00   
0.00000000E+00   
0.00000000E+00   
0.00000000E+00   
0.00000000E+00   
0.00000000E+00   
!IDEND=

