!FILE=Disk 
!KIND=Spectrum 
!LABORATORY=Oslo Cyclotron Laboratory (OCL) 
!EXPERIMENT= oslo_method_python 
!COMMENT=Made by OMpy 
!TIME=DATE:08-Sep-20 09:57:44   
!CALIBRATION EkeV=6, 0.000000E+00, 2.000400E+00, 0.000000E+00 
!PRECISION=16 
!DIMENSION=1,0:4999 
!CHANNEL=(0:4999) 
1.90531006E+02   
3.74095619E+02   
4.30595419E+02   
5.04632226E+02   
5.46140828E+02   
5.55096819E+02   
5.47615423E+02   
5.87144829E+02   
6.04725845E+02   
6.49157231E+02   
6.80768654E+02   
7.19629426E+02   
7.20242048E+02   
7.09933987E+02   
7.55987898E+02   
8.18739048E+02   
8.83691738E+02   
9.06506601E+02   
9.17855071E+02   
9.63116023E+02   
9.39813063E+02   
1.02223795E+03   
1.12565823E+03   
1.19895179E+03   
1.23781816E+03   
1.40237467E+03   
1.55931606E+03   
1.62149210E+03   
1.74145299E+03   
1.82152991E+03   
1.89423005E+03   
2.02698400E+03   
2.13744619E+03   
2.21925885E+03   
2.31603131E+03   
2.44292699E+03   
2.51406941E+03   
2.62587668E+03   
2.73330486E+03   
2.82072444E+03   
2.83944169E+03   
3.00149420E+03   
2.98258682E+03   
3.00498350E+03   
3.00464113E+03   
3.06612943E+03   
3.07944859E+03   
3.21952120E+03   
3.19079476E+03   
3.25692689E+03   
3.20957401E+03   
3.27072094E+03   
3.26521134E+03   
3.39764083E+03   
3.32998550E+03   
3.35471054E+03   
3.35775195E+03   
3.35912182E+03   
3.35805041E+03   
3.32483887E+03   
3.31544299E+03   
3.39574635E+03   
3.29144119E+03   
3.29892569E+03   
3.34729276E+03   
3.45016423E+03   
3.33055451E+03   
3.23944489E+03   
3.30342919E+03   
3.35327075E+03   
3.32338478E+03   
3.20850840E+03   
3.20934477E+03   
3.26023285E+03   
3.17717544E+03   
3.17172645E+03   
3.16144339E+03   
3.21612132E+03   
3.12103211E+03   
3.11915423E+03   
3.09593469E+03   
3.15886077E+03   
3.13543889E+03   
3.19316903E+03   
3.14640968E+03   
3.14148790E+03   
3.23928296E+03   
3.26908862E+03   
3.26161252E+03   
3.22353681E+03   
3.21577836E+03   
3.23242168E+03   
3.25514983E+03   
3.11906351E+03   
3.09410962E+03   
3.08091238E+03   
3.04485477E+03   
2.98874655E+03   
2.96773775E+03   
2.93463053E+03   
2.86613383E+03   
2.82559232E+03   
2.83152571E+03   
2.91745539E+03   
2.74884787E+03   
2.68761452E+03   
2.70879176E+03   
2.70824315E+03   
2.71929736E+03   
2.62259802E+03   
2.61401690E+03   
2.65150590E+03   
2.53995709E+03   
2.39747880E+03   
2.50340378E+03   
2.39376505E+03   
2.38427385E+03   
2.41803061E+03   
2.42307031E+03   
2.37552390E+03   
2.40000430E+03   
2.41521444E+03   
2.37067493E+03   
2.44690748E+03   
2.47728546E+03   
2.49145359E+03   
2.48402851E+03   
2.38225775E+03   
2.38551070E+03   
2.38474645E+03   
2.32970014E+03   
2.31740868E+03   
2.27659782E+03   
2.24305811E+03   
2.16892348E+03   
2.27088668E+03   
2.21148400E+03   
2.18802230E+03   
2.21964493E+03   
2.25077365E+03   
2.17177005E+03   
2.16131016E+03   
2.12060412E+03   
2.09876015E+03   
2.11915243E+03   
2.06949250E+03   
2.01837487E+03   
2.04559032E+03   
2.03810912E+03   
2.07383227E+03   
1.95340108E+03   
1.97946739E+03   
1.89655851E+03   
1.93957031E+03   
1.87194719E+03   
1.87060392E+03   
1.93626625E+03   
1.92663913E+03   
1.84941738E+03   
1.87868344E+03   
1.81835057E+03   
1.86349220E+03   
1.88546259E+03   
1.78174125E+03   
1.77141318E+03   
1.78660402E+03   
1.66112492E+03   
1.79382116E+03   
1.72115113E+03   
1.62489558E+03   
1.65754891E+03   
1.58937047E+03   
1.52902831E+03   
1.52309272E+03   
1.53211512E+03   
1.47085577E+03   
1.43703191E+03   
1.46570174E+03   
1.43587287E+03   
1.44441998E+03   
1.39915443E+03   
1.36395529E+03   
1.37068754E+03   
1.35891138E+03   
1.37342779E+03   
1.34200140E+03   
1.28226325E+03   
1.37373845E+03   
1.32552561E+03   
1.35216293E+03   
1.30996439E+03   
1.28677966E+03   
1.24759682E+03   
1.24761042E+03   
1.27270624E+03   
1.23602751E+03   
1.19559602E+03   
1.27134187E+03   
1.23129716E+03   
1.18889178E+03   
1.21727546E+03   
1.19704951E+03   
1.19727335E+03   
1.18305491E+03   
1.12751940E+03   
1.13593749E+03   
1.17171554E+03   
1.17915833E+03   
1.16314713E+03   
1.09163843E+03   
1.10679846E+03   
1.10380506E+03   
1.13641108E+03   
1.11180976E+03   
1.08432967E+03   
1.11643639E+03   
1.09931806E+03   
1.09145659E+03   
1.07579826E+03   
1.08110642E+03   
1.07649810E+03   
1.04803111E+03   
1.05280956E+03   
1.07492979E+03   
1.04454711E+03   
9.86640328E+02   
1.01415633E+03   
9.99250150E+02   
1.00669764E+03   
1.00617884E+03   
1.05873325E+03   
9.94647530E+02   
9.90828766E+02   
9.57901980E+02   
9.61589218E+02   
9.11308862E+02   
9.60969094E+02   
9.34376475E+02   
9.71217744E+02   
9.79752551E+02   
9.21263253E+02   
9.38935687E+02   
9.39199740E+02   
9.34975095E+02   
9.08379676E+02   
9.27015103E+02   
8.86600120E+02   
8.91364773E+02   
8.96773855E+02   
8.77577716E+02   
8.60574815E+02   
8.90186237E+02   
8.36309562E+02   
6.53407742E+02   
6.23324665E+02   
6.23324665E+02   
6.23324665E+02   
6.23324665E+02   
5.44517924E+02   
3.97659632E+02   
4.11756951E+02   
4.10428386E+02   
4.01259752E+02   
3.96236247E+02   
4.05297259E+02   
3.89474895E+02   
3.79679436E+02   
3.66932787E+02   
3.86969494E+02   
4.00611222E+02   
4.00697139E+02   
3.91633027E+02   
3.86558012E+02   
3.97376775E+02   
3.69269754E+02   
3.73984497E+02   
3.86363173E+02   
4.22018904E+02   
3.92966593E+02   
4.03912282E+02   
3.79078016E+02   
3.60951790E+02   
3.73621924E+02   
3.76618724E+02   
3.86139928E+02   
3.79743049E+02   
3.78017203E+02   
4.05453491E+02   
3.72924285E+02   
3.87695039E+02   
3.61533607E+02   
3.84009002E+02   
3.71674935E+02   
3.52604721E+02   
3.59951990E+02   
3.47011402E+02   
3.52873675E+02   
3.46502501E+02   
3.45830266E+02   
3.25292158E+02   
3.30301660E+02   
3.23233247E+02   
3.55690238E+02   
3.32941188E+02   
3.11659932E+02   
3.26518804E+02   
2.94592919E+02   
3.01551710E+02   
3.20906281E+02   
3.21216143E+02   
3.16424585E+02   
3.27577716E+02   
3.07431586E+02   
2.99436387E+02   
2.90177536E+02   
3.03329266E+02   
3.20570914E+02   
3.02644429E+02   
3.15331066E+02   
2.93666033E+02   
3.12109622E+02   
2.96863273E+02   
2.91023805E+02   
2.77535107E+02   
2.99719644E+02   
2.84659332E+02   
2.69558412E+02   
3.01636427E+02   
2.72047910E+02   
2.86162933E+02   
2.76586117E+02   
2.85630426E+02   
2.89487197E+02   
2.71158532E+02   
2.97423785E+02   
3.06570614E+02   
2.97197540E+02   
2.79848670E+02   
2.65434887E+02   
2.60240248E+02   
2.94141128E+02   
2.93790058E+02   
3.01145629E+02   
3.07169534E+02   
2.94120324E+02   
2.79291458E+02   
2.58929586E+02   
2.72307962E+02   
2.66627626E+02   
2.86801360E+02   
2.79981496E+02   
2.33311862E+02   
2.38247950E+02   
2.39327666E+02   
2.43329266E+02   
2.50313263E+02   
2.62271554E+02   
2.56984697E+02   
2.39267554E+02   
2.33107321E+02   
2.51978296E+02   
2.23691438E+02   
2.25112122E+02   
2.03010002E+02   
2.35748550E+02   
2.23440788E+02   
2.13465593E+02   
2.18682937E+02   
2.11453891E+02   
2.01281156E+02   
2.14320564E+02   
2.24848270E+02   
2.47208342E+02   
2.29500000E+02   
2.22844569E+02   
1.87990698E+02   
2.27848770E+02   
1.98374375E+02   
2.18717644E+02   
2.17875875E+02   
2.04954991E+02   
2.13780856E+02   
2.05429886E+02   
2.15921284E+02   
2.41082116E+02   
2.00155131E+02   
2.17240148E+02   
1.94117524E+02   
1.95759952E+02   
2.07597520E+02   
1.96512202E+02   
1.96007902E+02   
1.96981396E+02   
2.15726745E+02   
1.73831166E+02   
1.74984597E+02   
1.67672134E+02   
1.86494699E+02   
1.82583717E+02   
2.00399880E+02   
2.01960392E+02   
2.00775455E+02   
1.79071814E+02   
1.97697039E+02   
1.99919984E+02   
2.02747750E+02   
2.01030306E+02   
1.92119924E+02   
1.96006101E+02   
1.99013303E+02   
1.85078916E+02   
1.68377876E+02   
1.73685137E+02   
1.77722745E+02   
1.65372374E+02   
1.69023905E+02   
1.95036507E+02   
1.60367073E+02   
1.78373075E+02   
1.83708142E+02   
1.86043109E+02   
1.68365073E+02   
1.80376075E+02   
1.89022204E+02   
1.76696739E+02   
1.69343969E+02   
1.63362172E+02   
1.50677235E+02   
1.62730446E+02   
1.68407882E+02   
1.47902781E+02   
1.68080516E+02   
1.60376475E+02   
1.39337467E+02   
1.68115623E+02   
1.52617824E+02   
1.55776355E+02   
1.70434287E+02   
1.74010902E+02   
1.62980996E+02   
1.64652430E+02   
1.58558712E+02   
1.28963793E+02   
1.62024105E+02   
1.52935487E+02   
1.72962993E+02   
1.66209542E+02   
1.53418184E+02   
1.53859472E+02   
1.54992498E+02   
1.52391278E+02   
1.55628426E+02   
1.58667534E+02   
1.64250350E+02   
1.51761752E+02   
1.61036807E+02   
1.84257952E+02   
1.36738948E+02   
1.59277956E+02   
1.58135427E+02   
1.60034307E+02   
1.44604021E+02   
1.34725945E+02   
1.48437087E+02   
1.59744349E+02   
1.54859472E+02   
1.53285457E+02   
1.44465593E+02   
1.48532907E+02   
1.36902180E+02   
1.38973895E+02   
1.41145629E+02   
1.53296459E+02   
1.60448990E+02   
1.62755651E+02   
1.68725445E+02   
1.46604121E+02   
1.31955291E+02   
1.58027205E+02   
1.40794559E+02   
1.41336567E+02   
1.45102020E+02   
1.43647830E+02   
1.57415683E+02   
1.40009702E+02   
1.40858972E+02   
1.33746949E+02   
1.34722645E+02   
1.38941688E+02   
1.47635127E+02   
1.25114723E+02   
1.39813763E+02   
1.40331766E+02   
1.32751450E+02   
1.42931286E+02   
1.28627125E+02   
1.35310562E+02   
1.38016803E+02   
1.53434887E+02   
1.46426885E+02   
1.44327766E+02   
1.29428886E+02   
1.19811762E+02   
1.38036407E+02   
1.22429686E+02   
1.27386477E+02   
1.12532807E+02   
1.29348970E+02   
1.37914883E+02   
1.32804661E+02   
1.15243349E+02   
1.21888978E+02   
1.28864073E+02   
1.34675435E+02   
1.17314963E+02   
1.19438988E+02   
1.23374875E+02   
1.30196639E+02   
1.26363673E+02   
1.15929786E+02   
1.06359672E+02   
1.25777956E+02   
9.04673935E+01   
1.21497399E+02   
1.14704341E+02   
1.36113723E+02   
1.25943889E+02   
1.27895679E+02   
1.16336067E+02   
1.18566513E+02   
1.30345569E+02   
1.32862272E+02   
1.29036307E+02   
1.20030706E+02   
1.25449690E+02   
1.27022204E+02   
1.21167333E+02   
1.20163833E+02   
1.20453291E+02   
1.22886577E+02   
1.31173535E+02   
1.18009502E+02   
1.13437988E+02   
1.09913083E+02   
1.26050510E+02   
1.18790558E+02   
1.22361172E+02   
1.23495399E+02   
1.21991498E+02   
1.10386677E+02   
1.20180736E+02   
9.99766953E+01   
1.19949890E+02   
1.14251250E+02   
1.08906981E+02   
1.23465693E+02   
1.12635227E+02   
1.21024005E+02   
1.06236447E+02   
1.26154631E+02   
1.25853671E+02   
9.97787558E+01   
1.20621924E+02   
1.28125825E+02   
1.16848470E+02   
1.37561012E+02   
1.16128726E+02   
9.36626325E+01   
1.21656631E+02   
1.16659332E+02   
9.91980396E+01   
1.22051010E+02   
1.17364873E+02   
1.33506001E+02   
1.27947790E+02   
1.27918284E+02   
1.16451390E+02   
1.26871974E+02   
1.26249450E+02   
1.03217544E+02   
1.15165233E+02   
1.12752651E+02   
9.25543109E+01   
9.70858172E+01   
1.05284157E+02   
1.01891578E+02   
1.11163333E+02   
1.07553511E+02   
1.06197439E+02   
1.11584017E+02   
1.10341968E+02   
9.46547309E+01   
9.06506301E+01   
9.84339868E+01   
1.05869774E+02   
1.11543909E+02   
1.14190138E+02   
9.51538308E+01   
1.05806561E+02   
1.13147429E+02   
9.80598120E+01   
1.02685037E+02   
9.49070814E+01   
1.14587217E+02   
1.06123025E+02   
1.04989398E+02   
1.08220544E+02   
1.04594319E+02   
9.88166633E+01   
1.04712643E+02   
1.09464093E+02   
9.96219244E+01   
1.06194139E+02   
1.31497099E+02   
1.06347369E+02   
9.47812563E+01   
9.60590118E+01   
1.07954991E+02   
1.12264353E+02   
1.02779656E+02   
9.12877576E+01   
9.72697540E+01   
8.90294059E+01   
1.00749450E+02   
8.45247049E+01   
1.00770454E+02   
1.07029006E+02   
1.10756051E+02   
9.42727546E+01   
9.85233047E+01   
9.32591518E+01   
9.65449090E+01   
1.11232747E+02   
1.01291358E+02   
9.75123025E+01   
1.05807461E+02   
1.02268154E+02   
9.67370474E+01   
9.95087017E+01   
1.01379976E+02   
1.02413883E+02   
8.54526905E+01   
9.40998200E+01   
9.93221644E+01   
1.11022805E+02   
9.34732947E+01   
9.34684937E+01   
9.71266253E+01   
1.03149930E+02   
9.02577516E+01   
8.68184637E+01   
8.74552911E+01   
1.14282056E+02   
1.00320264E+02   
8.99243849E+01   
9.34007802E+01   
1.09207141E+02   
1.10070614E+02   
9.77296459E+01   
8.69633927E+01   
8.90742148E+01   
8.60188038E+01   
1.06904281E+02   
8.99478896E+01   
9.36725345E+01   
9.44854971E+01   
8.14838968E+01   
8.33857772E+01   
8.34144829E+01   
9.59988998E+01   
7.56569314E+01   
8.85438088E+01   
1.02634327E+02   
1.12639128E+02   
1.01556411E+02   
8.92368474E+01   
8.78039608E+01   
9.23098620E+01   
9.51880376E+01   
8.48447690E+01   
7.74718944E+01   
9.18788758E+01   
8.89750950E+01   
9.22866573E+01   
9.41126225E+01   
8.15990198E+01   
9.67625525E+01   
9.90445089E+01   
8.45673135E+01   
9.56550310E+01   
1.04694439E+02   
9.51387277E+01   
9.75806161E+01   
9.76819364E+01   
9.39081816E+01   
9.00137027E+01   
8.79155831E+01   
9.05666133E+01   
8.45761152E+01   
7.69992999E+01   
9.77628526E+01   
9.88790758E+01   
8.95550110E+01   
1.04801060E+02   
8.60200040E+01   
7.24151830E+01   
8.70156031E+01   
8.78833767E+01   
6.92816563E+01   
8.92333467E+01   
8.67223445E+01   
7.09572915E+01   
8.70064013E+01   
8.98066613E+01   
9.81630326E+01   
8.09488898E+01   
8.40196039E+01   
9.47419484E+01   
8.71474295E+01   
9.58965793E+01   
8.58333667E+01   
9.21539308E+01   
8.16647329E+01   
8.69624925E+01   
1.01705641E+02   
9.96995399E+01   
9.15530106E+01   
8.54837968E+01   
8.79329866E+01   
9.84793959E+01   
8.64350870E+01   
8.10922184E+01   
9.06009202E+01   
8.73305661E+01   
1.02082216E+02   
8.78110622E+01   
7.71240248E+01   
9.25005001E+01   
9.66089218E+01   
9.12229446E+01   
7.96483297E+01   
8.44051810E+01   
7.16399280E+01   
1.07164933E+02   
8.44464893E+01   
8.42090418E+01   
8.66216243E+01   
7.12220444E+01   
7.80113023E+01   
8.50153031E+01   
8.90193039E+01   
1.01820664E+02   
7.68002601E+01   
9.80420084E+01   
8.43891778E+01   
6.44094819E+01   
8.80531106E+01   
1.05049810E+02   
1.04185137E+02   
8.93917784E+01   
8.70160032E+01   
7.80160032E+01   
9.46767353E+01   
8.49661932E+01   
8.59105821E+01   
8.76729346E+01   
1.12533507E+02   
1.05406681E+02   
1.00249850E+02   
9.17901580E+01   
7.83621724E+01   
8.04431886E+01   
8.26818364E+01   
9.67833567E+01   
9.58294659E+01   
8.25892178E+01   
6.99654931E+01   
8.20721144E+01   
7.87156431E+01   
9.15694139E+01   
9.35836167E+01   
8.78925785E+01   
8.15850170E+01   
8.46992398E+01   
6.51336267E+01   
8.70426085E+01   
8.43181636E+01   
6.02715543E+01   
8.49489898E+01   
9.70969194E+01   
8.51220244E+01   
7.80172034E+01   
6.72124425E+01   
7.32743549E+01   
7.67504501E+01   
7.96498300E+01   
8.53802761E+01   
7.97405481E+01   
9.17655531E+01   
8.60847169E+01   
7.68358672E+01   
8.44019804E+01   
8.42721544E+01   
6.30519104E+01   
7.72691538E+01   
9.48406681E+01   
7.93241648E+01   
8.39519904E+01   
7.20752150E+01   
8.76045209E+01   
9.38410682E+01   
8.69131826E+01   
9.15964193E+01   
7.83674735E+01   
7.58882777E+01   
8.25368074E+01   
8.89743949E+01   
8.78814763E+01   
7.80148030E+01   
7.21541308E+01   
9.20168034E+01   
7.82161432E+01   
9.18174635E+01   
7.15284057E+01   
8.28246649E+01   
8.00552110E+01   
7.75056011E+01   
8.40012002E+01   
7.05340068E+01   
7.63322665E+01   
8.71917383E+01   
7.35168034E+01   
7.96781356E+01   
8.16829366E+01   
8.06861372E+01   
7.66701340E+01   
8.50200040E+01   
7.65196039E+01   
7.91929386E+01   
8.03306661E+01   
7.43418684E+01   
7.88902781E+01   
7.59963993E+01   
9.32285457E+01   
7.71013203E+01   
7.67193439E+01   
9.33710742E+01   
8.95008002E+01   
8.76957391E+01   
8.26581316E+01   
8.65784157E+01   
7.76129226E+01   
6.28102621E+01   
6.54891978E+01   
8.14310862E+01   
7.46473295E+01   
7.38574715E+01   
8.64859972E+01   
5.69531906E+01   
7.72309462E+01   
7.81448290E+01   
8.65717143E+01   
8.44791958E+01   
7.83861772E+01   
9.70989198E+01   
8.17097419E+01   
8.11713343E+01   
8.79470894E+01   
7.75286057E+01   
1.00664333E+02   
7.53855771E+01   
9.51084217E+01   
7.30753151E+01   
6.90697139E+01   
9.16620324E+01   
7.49151830E+01   
8.11184237E+01   
8.14635927E+01   
6.75009002E+01   
7.29746949E+01   
8.64234847E+01   
7.93106621E+01   
7.89866973E+01   
7.94575915E+01   
8.91629326E+01   
8.64334867E+01   
7.80353071E+01   
6.58992799E+01   
9.29631926E+01   
7.23361672E+01   
6.78621724E+01   
6.40185037E+01   
7.42972595E+01   
7.12999600E+01   
8.65923185E+01   
8.74427886E+01   
8.37337467E+01   
7.58627726E+01   
8.70311062E+01   
7.29984997E+01   
7.17353471E+01   
7.73436687E+01   
9.37150430E+01   
7.84339868E+01   
8.04315863E+01   
6.98423685E+01   
6.97776555E+01   
7.52495499E+01   
6.94231846E+01   
8.66511302E+01   
8.44235847E+01   
8.52858572E+01   
7.84746949E+01   
7.94195839E+01   
8.20759152E+01   
7.14885977E+01   
7.44131826E+01   
9.16888378E+01   
7.92026405E+01   
7.58232647E+01   
7.43332667E+01   
8.15674135E+01   
8.13256651E+01   
7.54460892E+01   
6.96678336E+01   
6.60530106E+01   
5.44946989E+01   
7.47243449E+01   
8.13028606E+01   
7.54760952E+01   
8.21679336E+01   
7.79961992E+01   
8.42564513E+01   
8.45387077E+01   
6.85201040E+01   
7.32654531E+01   
8.30106021E+01   
8.52656531E+01   
6.62652531E+01   
7.45183037E+01   
7.65215043E+01   
7.34978996E+01   
8.48902781E+01   
6.32586517E+01   
7.02800560E+01   
8.17717544E+01   
7.46226245E+01   
7.67721544E+01   
7.74479896E+01   
8.14614923E+01   
6.14940988E+01   
8.24169834E+01   
5.70373075E+01   
7.08753751E+01   
8.27797560E+01   
7.01940388E+01   
7.73088618E+01   
7.55998200E+01   
8.10810162E+01   
9.13647730E+01   
6.62466493E+01   
6.91297259E+01   
7.30946189E+01   
8.09026805E+01   
8.57023405E+01   
7.96740348E+01   
7.85830166E+01   
8.02402480E+01   
9.16506301E+01   
7.23765753E+01   
7.46784357E+01   
6.97940588E+01   
7.27901580E+01   
7.94654931E+01   
7.04499900E+01   
8.10257051E+01   
8.07820564E+01   
7.66872374E+01   
7.27748550E+01   
8.01474295E+01   
7.94769954E+01   
6.18761752E+01   
6.23351670E+01   
7.06936387E+01   
9.14225845E+01   
8.58661732E+01   
8.15438088E+01   
6.02742549E+01   
6.93380676E+01   
8.58085617E+01   
7.37436487E+01   
8.89815963E+01   
6.91801360E+01   
6.78053611E+01   
7.82751550E+01   
8.10352070E+01   
7.32034407E+01   
7.75126025E+01   
6.13311662E+01   
7.57084417E+01   
8.91177235E+01   
7.15086017E+01   
6.76171234E+01   
6.99158832E+01   
7.17204441E+01   
6.92114423E+01   
7.67937588E+01   
7.76551310E+01   
8.32106421E+01   
7.83051610E+01   
8.35899180E+01   
7.38693739E+01   
7.32078416E+01   
8.23952791E+01   
6.72038408E+01   
7.46399280E+01   
8.51097219E+01   
6.36664333E+01   
5.45683137E+01   
7.65369074E+01   
7.08515703E+01   
5.90047009E+01   
7.07408482E+01   
6.71958392E+01   
7.38337668E+01   
8.04633927E+01   
7.61021204E+01   
7.44788958E+01   
7.80148030E+01   
7.54860972E+01   
7.32803561E+01   
7.75399080E+01   
6.61005201E+01   
7.35806161E+01   
9.52067413E+01   
7.91665333E+01   
6.80989198E+01   
7.25886177E+01   
6.93532707E+01   
5.42659532E+01   
7.53426685E+01   
7.91822364E+01   
5.91806361E+01   
8.35189038E+01   
7.57554511E+01   
8.45225045E+01   
7.22591518E+01   
6.58521704E+01   
7.68537708E+01   
7.49354871E+01   
6.70523105E+01   
7.63762753E+01   
7.36194239E+01   
6.79374875E+01   
6.95632126E+01   
7.54695939E+01   
7.66298260E+01   
8.30953191E+01   
8.81710342E+01   
7.23216643E+01   
8.03184637E+01   
6.20140028E+01   
5.94634927E+01   
5.77135427E+01   
6.59390878E+01   
7.01610322E+01   
8.21330266E+01   
6.80384077E+01   
7.79394879E+01   
6.28681736E+01   
7.29414883E+01   
7.51562312E+01   
6.29418884E+01   
8.05196039E+01   
7.34366873E+01   
6.81530306E+01   
7.65969194E+01   
7.76017203E+01   
8.78805761E+01   
6.50401080E+01   
8.13352671E+01   
7.43529706E+01   
6.54158832E+01   
7.04798960E+01   
7.80813163E+01   
7.62119424E+01   
7.50789158E+01   
6.10781156E+01   
7.26257251E+01   
7.70152030E+01   
6.85886177E+01   
6.91252250E+01   
6.17092418E+01   
6.98877776E+01   
8.43303661E+01   
6.64499900E+01   
7.49538908E+01   
6.98328666E+01   
6.32588518E+01   
8.95944189E+01   
7.53165633E+01   
7.58380676E+01   
7.51939388E+01   
7.17181436E+01   
7.56044209E+01   
7.19562913E+01   
6.70144029E+01   
6.18111622E+01   
6.44436887E+01   
7.65639128E+01   
7.74059812E+01   
6.69578916E+01   
8.04644929E+01   
8.56905381E+01   
7.37775555E+01   
8.50681136E+01   
8.36408282E+01   
7.35988198E+01   
7.29598920E+01   
6.22733547E+01   
7.82351470E+01   
6.56325265E+01   
6.29610922E+01   
6.46083217E+01   
6.13162633E+01   
7.09634927E+01   
7.09149830E+01   
7.67698540E+01   
6.81619324E+01   
6.73519704E+01   
7.38692739E+01   
7.67770554E+01   
6.35316063E+01   
7.07321464E+01   
7.26447289E+01   
7.43824765E+01   
6.19229846E+01   
6.90593119E+01   
6.62810562E+01   
7.75264053E+01   
8.58848770E+01   
7.44935987E+01   
6.89698940E+01   
6.52257451E+01   
6.87585517E+01   
8.36382276E+01   
6.76368274E+01   
7.16021204E+01   
7.20962192E+01   
6.04154831E+01   
7.56530306E+01   
7.58960792E+01   
6.82486497E+01   
8.68202641E+01   
7.48623725E+01   
9.09786957E+01   
6.14271854E+01   
6.57540508E+01   
9.09056811E+01   
7.34135827E+01   
6.10834167E+01   
5.51524305E+01   
6.29048810E+01   
7.42861572E+01   
8.01215243E+01   
6.53887778E+01   
7.58137628E+01   
7.59501900E+01   
6.34718944E+01   
6.51075215E+01   
6.87880576E+01   
8.73553711E+01   
7.34538908E+01   
7.42901580E+01   
7.08313663E+01   
7.20144029E+01   
5.23953791E+01   
8.44310862E+01   
7.29031806E+01   
6.44122825E+01   
7.38746749E+01   
5.92063413E+01   
6.78509702E+01   
8.09087818E+01   
8.41208242E+01   
6.52204441E+01   
7.09103821E+01   
5.71128226E+01   
6.89135827E+01   
8.18685737E+01   
6.92289458E+01   
7.79420884E+01   
7.87841568E+01   
1.02702140E+02   
6.17080416E+01   
7.08367674E+01   
7.49070814E+01   
7.50365073E+01   
8.80152030E+01   
6.31559312E+01   
6.79335867E+01   
5.71877375E+01   
7.28024605E+01   
9.17927586E+01   
6.52911582E+01   
5.60313063E+01   
8.78055611E+01   
7.91532306E+01   
8.19817964E+01   
7.19994999E+01   
5.71887377E+01   
7.29809962E+01   
7.69229846E+01   
6.20003001E+01   
8.18600720E+01   
7.21840368E+01   
7.60015003E+01   
6.50668134E+01   
8.49760952E+01   
6.60511102E+01   
9.08497700E+01   
8.31096219E+01   
8.00487097E+01   
6.20988198E+01   
8.58903781E+01   
7.70261052E+01   
6.41555311E+01   
8.87696539E+01   
7.91653331E+01   
8.29734947E+01   
8.49466893E+01   
7.21072214E+01   
6.80286057E+01   
7.19684937E+01   
7.30412082E+01   
6.99923985E+01   
8.49796959E+01   
6.91078216E+01   
6.70124025E+01   
7.09795959E+01   
7.60230046E+01   
7.50214043E+01   
6.80169034E+01   
5.90286057E+01   
6.60028006E+01   
7.90230046E+01   
7.79869974E+01   
7.80176035E+01   
7.00206041E+01   
6.60157031E+01   
7.30126025E+01   
6.00243049E+01   
8.40060012E+01   
8.70234047E+01   
8.09939988E+01   
6.40189038E+01   
7.70321064E+01   
7.70005001E+01   
6.89964993E+01   
6.60744149E+01   
8.19667934E+01   
6.49900980E+01   
5.60983197E+01   
7.89853971E+01   
8.00101020E+01   
7.19903981E+01   
7.39737948E+01   
6.60684137E+01   
7.30373075E+01   
7.59606921E+01   
7.80132026E+01   
7.80045009E+01   
6.60310062E+01   
6.10421084E+01   
6.20742148E+01   
7.49862973E+01   
7.99945989E+01   
8.10152030E+01   
8.00267053E+01   
6.78608722E+01   
5.70104021E+01   
6.69722945E+01   
6.02057411E+01   
7.20557111E+01   
7.78634727E+01   
6.00120024E+01   
7.11149230E+01   
8.19694939E+01   
7.71841368E+01   
7.48430686E+01   
7.20625125E+01   
7.39980996E+01   
7.32196439E+01   
8.38091618E+01   
7.38711742E+01   
5.01393279E+01   
6.90140028E+01   
6.41668334E+01   
7.48221644E+01   
7.02520504E+01   
9.20586117E+01   
8.29566913E+01   
7.97854571E+01   
6.30777155E+01   
6.90801160E+01   
8.00825165E+01   
7.96535307E+01   
6.95187037E+01   
8.38311662E+01   
8.10638128E+01   
8.69195839E+01   
7.70646129E+01   
7.87649530E+01   
6.70885177E+01   
6.51168234E+01   
6.39621924E+01   
6.70674135E+01   
8.01232246E+01   
7.47138428E+01   
8.31515303E+01   
6.97875575E+01   
6.62117423E+01   
6.39553911E+01   
7.51898380E+01   
7.28357672E+01   
6.88915783E+01   
6.82568514E+01   
7.07966593E+01   
6.81376275E+01   
7.48217644E+01   
6.10754151E+01   
7.63386677E+01   
8.13466693E+01   
9.12489498E+01   
5.88919784E+01   
8.67806561E+01   
8.38791758E+01   
6.59110822E+01   
7.50152030E+01   
6.47638528E+01   
6.63754751E+01   
7.51265253E+01   
7.09062813E+01   
7.47538508E+01   
8.09377876E+01   
6.84724945E+01   
8.90563113E+01   
7.11967393E+01   
6.57997600E+01   
7.86185237E+01   
6.49329866E+01   
6.31349270E+01   
6.59728946E+01   
6.94286857E+01   
8.87661532E+01   
6.20998200E+01   
7.19732947E+01   
7.40156031E+01   
7.67110422E+01   
5.41884377E+01   
8.09257852E+01   
6.84159832E+01   
8.26112222E+01   
7.91046209E+01   
7.33357672E+01   
8.87393479E+01   
6.87345469E+01   
6.85777155E+01   
7.77321464E+01   
7.00148030E+01   
8.63046609E+01   
7.97249450E+01   
8.24745949E+01   
5.55055011E+01   
7.43655731E+01   
5.73613723E+01   
6.99612923E+01   
6.08804761E+01   
7.42457491E+01   
6.25834167E+01   
8.53306661E+01   
9.03339668E+01   
6.43857772E+01   
8.29632927E+01   
7.86929386E+01   
7.46657331E+01   
8.43075615E+01   
6.85096019E+01   
7.59061812E+01   
7.96809362E+01   
7.24644929E+01   
7.79037808E+01   
7.56166233E+01   
5.78410682E+01   
7.50548110E+01   
8.56784357E+01   
6.18910782E+01   
8.38981796E+01   
6.79560912E+01   
6.80152030E+01   
8.49548910E+01   
7.55005001E+01   
8.34068814E+01   
7.52600520E+01   
6.61394279E+01   
8.55802160E+01   
8.15153031E+01   
7.00799160E+01   
8.16361272E+01   
7.94621924E+01   
6.91815363E+01   
7.00771154E+01   
7.82732547E+01   
7.61454291E+01   
7.86197239E+01   
6.91454291E+01   
7.08801760E+01   
6.92812563E+01   
7.48118624E+01   
6.12848570E+01   
6.66296259E+01   
7.73999800E+01   
8.89456891E+01   
8.57363473E+01   
7.77818564E+01   
8.88765753E+01   
8.09456891E+01   
8.82337467E+01   
7.45122024E+01   
6.33020604E+01   
7.52329466E+01   
7.97810562E+01   
5.28877776E+01   
7.08681736E+01   
7.12361472E+01   
8.46440288E+01   
6.91630326E+01   
6.80144029E+01   
6.40144029E+01   
6.42421484E+01   
8.25577115E+01   
7.22433487E+01   
7.03999800E+01   
7.43962793E+01   
6.42469494E+01   
6.55445089E+01   
6.22714543E+01   
8.47525505E+01   
6.78866773E+01   
7.17377475E+01   
6.44115823E+01   
6.88998800E+01   
8.49352871E+01   
7.51193239E+01   
6.07488498E+01   
7.23566713E+01   
6.79218844E+01   
7.84345869E+01   
6.83498700E+01   
7.92577516E+01   
7.10234047E+01   
7.33386677E+01   
7.13536707E+01   
8.44161832E+01   
7.04415883E+01   
6.67908582E+01   
9.37574515E+01   
9.08421684E+01   
7.14904981E+01   
6.53648730E+01   
8.11316263E+01   
6.49866973E+01   
7.55696139E+01   
7.28341668E+01   
6.93720744E+01   
7.31043209E+01   
7.22886577E+01   
6.41046209E+01   
8.05584117E+01   
8.08301660E+01   
6.49363873E+01   
7.49972995E+01   
7.22921584E+01   
5.92945589E+01   
6.66395279E+01   
6.81079216E+01   
6.50140028E+01   
7.44432887E+01   
5.71578316E+01   
8.29204841E+01   
8.61123225E+01   
7.05328066E+01   
6.75288058E+01   
6.79875975E+01   
7.93309662E+01   
7.50136027E+01   
6.93225645E+01   
5.99931986E+01   
8.67250450E+01   
8.18129626E+01   
8.22174435E+01   
8.37154431E+01   
9.06119224E+01   
7.13193639E+01   
8.09967994E+01   
8.18305661E+01   
7.28097620E+01   
7.97050410E+01   
6.94624925E+01   
8.19795959E+01   
6.72845569E+01   
7.17922585E+01   
7.75471094E+01   
7.48573715E+01   
7.34867974E+01   
6.80575115E+01   
5.69712943E+01   
6.89784957E+01   
7.77277455E+01   
7.97686537E+01   
8.29076815E+01   
8.16894379E+01   
7.46691338E+01   
8.52358472E+01   
7.35779156E+01   
7.48024605E+01   
6.37831566E+01   
9.55735147E+01   
7.40164033E+01   
7.16733347E+01   
7.14608922E+01   
6.90422084E+01   
8.90973195E+01   
8.21488298E+01   
8.56758352E+01   
7.97023405E+01   
8.07893579E+01   
7.99818964E+01   
6.87833567E+01   
6.72454491E+01   
8.17348470E+01   
6.71110222E+01   
7.39000800E+01   
7.10168034E+01   
8.40168034E+01   
7.72534507E+01   
1.02830366E+02   
8.14900980E+01   
7.24175835E+01   
8.57327465E+01   
8.01359272E+01   
8.18087618E+01   
6.31922384E+01   
9.16824365E+01   
7.55271054E+01   
6.86248250E+01   
8.28924785E+01   
6.89066813E+01   
6.67405481E+01   
8.36364273E+01   
7.87701540E+01   
7.73943789E+01   
8.70170034E+01   
8.83915783E+01   
7.76394279E+01   
8.26370274E+01   
7.53949790E+01   
8.81431286E+01   
8.02512503E+01   
8.31185237E+01   
7.03210642E+01   
7.85035007E+01   
8.52750550E+01   
8.96652330E+01   
9.46298260E+01   
7.34970994E+01   
8.16704341E+01   
9.26254251E+01   
7.28860772E+01   
8.22256451E+01   
8.03380676E+01   
8.09569914E+01   
8.30806161E+01   
9.00188038E+01   
8.16795359E+01   
6.16864373E+01   
8.20168034E+01   
8.17196439E+01   
8.03139628E+01   
7.99778956E+01   
7.42377475E+01   
8.80144029E+01   
9.24658932E+01   
8.72878576E+01   
7.36343269E+01   
6.49778956E+01   
8.17060412E+01   
7.91796359E+01   
7.11049210E+01   
8.21579316E+01   
8.41941388E+01   
7.31390278E+01   
8.40164033E+01   
7.11579316E+01   
8.00103021E+01   
8.75963193E+01   
7.71574315E+01   
8.45875175E+01   
6.08712743E+01   
7.25826165E+01   
7.03018604E+01   
7.07376475E+01   
7.80160032E+01   
7.53070614E+01   
8.54115823E+01   
7.21830366E+01   
8.44828966E+01   
8.42540508E+01   
7.32444489E+01   
7.52644529E+01   
7.86455291E+01   
6.49458892E+01   
8.53771754E+01   
6.83589718E+01   
7.71667333E+01   
8.20172034E+01   
7.10577115E+01   
6.59766953E+01   
8.68049610E+01   
6.93564713E+01   
9.62145429E+01   
7.60128026E+01   
6.74628926E+01   
8.60233047E+01   
7.80915183E+01   
7.94797960E+01   
8.41612322E+01   
6.63926785E+01   
7.48111622E+01   
8.99272855E+01   
8.41723345E+01   
8.40164033E+01   
7.68020604E+01   
8.68677736E+01   
6.60635127E+01   
8.07489498E+01   
6.94885977E+01   
7.16049210E+01   
7.97413483E+01   
6.62938588E+01   
8.28952791E+01   
7.84969994E+01   
7.88548710E+01   
6.83386677E+01   
8.00732146E+01   
7.83102621E+01   
6.73638728E+01   
6.29919984E+01   
7.65250050E+01   
7.40144029E+01   
8.05074015E+01   
7.64981996E+01   
8.28540708E+01   
8.05358072E+01   
7.43402681E+01   
6.98496699E+01   
8.50156031E+01   
7.85142028E+01   
8.10196039E+01   
9.03450690E+01   
7.95002000E+01   
8.27113423E+01   
8.25254051E+01   
9.59675935E+01   
6.65414083E+01   
8.06969394E+01   
9.40172034E+01   
8.27924585E+01   
6.64426885E+01   
9.66761352E+01   
8.36745349E+01   
8.48456691E+01   
8.71523305E+01   
7.87101420E+01   
7.61915383E+01   
7.51463293E+01   
8.21907381E+01   
8.85418084E+01   
8.86133227E+01   
7.98940788E+01   
7.83690738E+01   
7.85474095E+01   
7.94241848E+01   
6.67249450E+01   
8.41267253E+01   
8.49060812E+01   
7.86589318E+01   
8.74781956E+01   
7.35530106E+01   
8.18149630E+01   
8.70196039E+01   
8.48507702E+01   
8.86450290E+01   
7.93814763E+01   
9.05650130E+01   
8.75617123E+01   
7.10172034E+01   
8.66509302E+01   
9.37694539E+01   
1.07631226E+02   
7.99388878E+01   
9.35734147E+01   
9.50582116E+01   
7.40140028E+01   
8.65718144E+01   
8.79965993E+01   
8.99674935E+01   
7.38300660E+01   
8.22666533E+01   
7.57669534E+01   
9.03934787E+01   
8.92626525E+01   
8.27725545E+01   
8.47234447E+01   
9.11218244E+01   
7.88751750E+01   
9.11129226E+01   
8.92989598E+01   
7.40579116E+01   
8.57813563E+01   
7.73998800E+01   
8.46305261E+01   
7.53671734E+01   
8.02761552E+01   
7.36568314E+01   
6.57606521E+01   
8.22625525E+01   
7.09629926E+01   
8.51888378E+01   
9.04707942E+01   
7.31725345E+01   
7.52302460E+01   
7.63955791E+01   
7.94503901E+01   
7.63781756E+01   
9.90366073E+01   
7.48172635E+01   
8.68164633E+01   
7.76184237E+01   
7.86116223E+01   
7.38155631E+01   
8.06211242E+01   
7.20070014E+01   
9.14328866E+01   
9.54133827E+01   
9.05899180E+01   
6.92296459E+01   
7.94218844E+01   
8.42376475E+01   
7.74266853E+01   
9.17718544E+01   
7.47867574E+01   
7.70642128E+01   
8.39890978E+01   
8.38682737E+01   
8.53993799E+01   
9.21183237E+01   
9.69517904E+01   
9.31136227E+01   
6.74294859E+01   
7.50978196E+01   
9.53921784E+01   
8.67623525E+01   
6.89006801E+01   
9.68084617E+01   
7.38076615E+01   
8.26994399E+01   
8.05469094E+01   
9.90180036E+01   
8.22627526E+01   
7.70745149E+01   
8.42275455E+01   
8.89334867E+01   
7.14562913E+01   
8.42976595E+01   
8.15877175E+01   
9.11566313E+01   
6.78745749E+01   
8.15244049E+01   
8.86662332E+01   
9.65052010E+01   
8.07163433E+01   
7.69686937E+01   
9.04495899E+01   
6.67146429E+01   
7.34530906E+01   
6.44546909E+01   
8.89222845E+01   
7.41378276E+01   
8.82343469E+01   
6.41334267E+01   
7.14546909E+01   
8.75620124E+01   
8.52383477E+01   
8.63513703E+01   
8.24606921E+01   
9.47940588E+01   
8.73552711E+01   
9.31246249E+01   
8.54650930E+01   
8.90180036E+01   
8.62200440E+01   
8.20148030E+01   
8.00447089E+01   
8.17924585E+01   
8.27916583E+01   
8.22036407E+01   
7.03772755E+01   
7.86515303E+01   
8.20144029E+01   
7.33293659E+01   
9.16144229E+01   
7.91828366E+01   
6.91605321E+01   
7.97848570E+01   
7.93178636E+01   
9.41721344E+01   
9.96335267E+01   
8.53233647E+01   
8.38570714E+01   
8.89441888E+01   
8.63181636E+01   
8.77146429E+01   
7.45493099E+01   
9.47174435E+01   
9.37198440E+01   
9.04264853E+01   
9.18446689E+01   
8.99605921E+01   
9.46605321E+01   
8.80885177E+01   
9.42862573E+01   
7.12503501E+01   
7.18641728E+01   
7.52112422E+01   
8.19187838E+01   
9.43576715E+01   
8.90642128E+01   
8.45819164E+01   
8.90168034E+01   
8.74588918E+01   
8.35747149E+01   
8.98110622E+01   
8.24640928E+01   
8.77752551E+01   
8.27744549E+01   
7.42881576E+01   
8.54192839E+01   
1.02098220E+02   
8.07720544E+01   
8.70156031E+01   
8.63023605E+01   
8.12191438E+01   
8.30520104E+01   
6.91943389E+01   
9.63393679E+01   
7.72201440E+01   
8.24890978E+01   
9.80412082E+01   
7.57950590E+01   
7.35033007E+01   
7.87518504E+01   
8.45319064E+01   
7.25189038E+01   
8.17592519E+01   
8.97664533E+01   
8.90190038E+01   
8.92549510E+01   
8.05225045E+01   
9.85273055E+01   
9.22609522E+01   
7.92585517E+01   
8.37624525E+01   
8.18184637E+01   
1.02497499E+02   
7.92035407E+01   
7.21078216E+01   
9.97450490E+01   
7.47410482E+01   
8.79691938E+01   
6.60898180E+01   
1.05221144E+02   
8.88156631E+01   
1.08442889E+02   
8.55303061E+01   
8.75987197E+01   
9.21242248E+01   
9.84324865E+01   
9.84626925E+01   
9.13173635E+01   
8.54160832E+01   
7.42763553E+01   
7.52771554E+01   
9.47548510E+01   
8.02779556E+01   
8.40164033E+01   
7.55419084E+01   
8.40172034E+01   
7.77536507E+01   
9.24888978E+01   
8.24872975E+01   
8.94569914E+01   
9.30204041E+01   
9.27715543E+01   
6.75459092E+01   
7.36830366E+01   
7.69470894E+01   
9.13456691E+01   
7.75616123E+01   
8.18763753E+01   
8.70902180E+01   
9.18246649E+01   
8.44812963E+01   
9.56361272E+01   
8.95118024E+01   
7.99345869E+01   
8.32021404E+01   
8.51651330E+01   
9.30337067E+01   
7.87444489E+01   
8.71054211E+01   
8.12900580E+01   
7.43840768E+01   
1.03652230E+02   
8.63877776E+01   
9.13738748E+01   
9.40176035E+01   
9.02188438E+01   
9.49185837E+01   
7.92596519E+01   
8.36334267E+01   
8.01829366E+01   
8.18921784E+01   
8.73522705E+01   
7.79608922E+01   
1.03801560E+02   
1.00398180E+02   
9.31793359E+01   
9.28111622E+01   
9.97799560E+01   
8.78949790E+01   
7.90148030E+01   
8.32321464E+01   
8.56421284E+01   
8.15799160E+01   
9.37109422E+01   
9.98467694E+01   
1.08625325E+02   
9.56006201E+01   
9.54361872E+01   
8.27245449E+01   
8.61665333E+01   
9.44492899E+01   
8.45921184E+01   
7.67297459E+01   
9.21573315E+01   
8.35960192E+01   
9.24343869E+01   
9.53285657E+01   
1.02429586E+02   
9.94963993E+01   
9.43624725E+01   
8.82180436E+01   
9.47039408E+01   
8.84372875E+01   
8.17585517E+01   
9.02742549E+01   
7.55225045E+01   
7.90934187E+01   
9.30609122E+01   
1.01096419E+02   
9.15291058E+01   
1.02675535E+02   
9.44304861E+01   
9.28409682E+01   
8.47813563E+01   
8.80700140E+01   
8.49651930E+01   
8.58353671E+01   
7.92715543E+01   
9.17240448E+01   
9.90524105E+01   
9.79875975E+01   
9.49955991E+01   
1.08236247E+02   
8.71429286E+01   
8.35102020E+01   
9.69158832E+01   
1.03720044E+02   
8.88193639E+01   
9.28233647E+01   
1.10911082E+02   
8.66195239E+01   
7.46055211E+01   
9.11481296E+01   
8.86027205E+01   
9.49266853E+01   
1.04897479E+02   
9.26239248E+01   
9.11849370E+01   
1.02285157E+02   
1.02325565E+02   
1.03800560E+02   
9.47973595E+01   
9.24060812E+01   
8.51617323E+01   
9.45659132E+01   
8.50884177E+01   
9.52527506E+01   
9.89375875E+01   
9.02553511E+01   
9.12411482E+01   
8.90164033E+01   
9.60407081E+01   
8.48518704E+01   
9.70877175E+01   
9.21530306E+01   
8.60152030E+01   
7.98845769E+01   
9.80176035E+01   
9.20805161E+01   
9.51440288E+01   
9.93335667E+01   
9.12580516E+01   
8.92137427E+01   
1.00961892E+02   
8.92428486E+01   
9.04274855E+01   
1.08758552E+02   
9.84914983E+01   
9.47614523E+01   
1.00537608E+02   
8.97489498E+01   
8.02862573E+01   
1.01197239E+02   
1.13748150E+02   
9.31511302E+01   
8.49313863E+01   
1.02255751E+02   
9.22221444E+01   
1.00219244E+02   
1.02378076E+02   
8.71283257E+01   
9.73014603E+01   
9.45584117E+01   
9.37975595E+01   
9.98269654E+01   
1.05823265E+02   
1.04019204E+02   
9.43712743E+01   
9.59376875E+01   
1.07697239E+02   
1.01420284E+02   
9.97860572E+01   
7.95988198E+01   
9.76703341E+01   
1.13652230E+02   
9.23475695E+01   
8.76759352E+01   
1.00709742E+02   
1.04020004E+02   
9.97049410E+01   
9.53225645E+01   
1.01669034E+02   
1.06393579E+02   
8.86884377E+01   
8.19952991E+01   
9.63661732E+01   
9.50518104E+01   
8.33201640E+01   
9.53643729E+01   
7.83521704E+01   
9.03446689E+01   
1.00019004E+02   
9.63500700E+01   
9.90327065E+01   
1.13018904E+02   
1.04346169E+02   
9.80133027E+01   
9.23468694E+01   
9.40180036E+01   
9.57224445E+01   
1.07673735E+02   
9.13075615E+01   
8.97479496E+01   
9.99464893E+01   
8.30486097E+01   
1.02679236E+02   
1.02092819E+02   
1.12022805E+02   
1.16001700E+02   
1.19429286E+02   
1.26884577E+02   
9.47509502E+01   
9.92340468E+01   
9.28091618E+01   
1.03537307E+02   
9.87900580E+01   
1.15111722E+02   
1.00399080E+02   
1.09892378E+02   
1.05364773E+02   
9.93300660E+01   
9.57841568E+01   
9.91792358E+01   
9.34026805E+01   
1.01792959E+02   
9.64106821E+01   
1.07200340E+02   
9.71509302E+01   
1.13022805E+02   
9.84424885E+01   
9.57931586E+01   
1.12881476E+02   
1.03024005E+02   
1.16622525E+02   
9.57239448E+01   
9.81068214E+01   
1.01072314E+02   
9.60912182E+01   
8.04700940E+01   
1.04142328E+02   
9.10184037E+01   
9.79576915E+01   
8.56013203E+01   
8.81418284E+01   
9.45657131E+01   
9.88909782E+01   
9.27307461E+01   
8.98845769E+01   
1.04156231E+02   
1.07593319E+02   
1.09733147E+02   
1.04595319E+02   
1.03369974E+02   
1.04168634E+02   
1.02738348E+02   
9.53032607E+01   
1.10661232E+02   
9.93004601E+01   
1.05902581E+02   
1.02136627E+02   
9.85749150E+01   
1.09741148E+02   
1.10068114E+02   
1.10579316E+02   
1.10311162E+02   
1.06848070E+02   
8.58323665E+01   
1.04021604E+02   
1.14284757E+02   
9.42868574E+01   
9.84145829E+01   
1.09100220E+02   
9.35577115E+01   
1.02188138E+02   
9.52186437E+01   
1.00324965E+02   
1.11613123E+02   
1.18434887E+02   
9.62872575E+01   
1.09548110E+02   
1.11699040E+02   
1.11192038E+02   
1.04473995E+02   
1.00647329E+02   
1.18241748E+02   
1.07700740E+02   
1.04223745E+02   
9.59941988E+01   
9.86492298E+01   
1.06039008E+02   
1.07108322E+02   
1.16554111E+02   
1.04879276E+02   
1.22776555E+02   
1.08142929E+02   
1.13023405E+02   
9.83971794E+01   
9.71265253E+01   
9.86812362E+01   
1.15011802E+02   
1.09759752E+02   
1.13908282E+02   
1.11400380E+02   
1.10266053E+02   
1.18264453E+02   
1.08642028E+02   
1.22677836E+02   
8.99439888E+01   
1.13440588E+02   
1.08828566E+02   
1.21356571E+02   
1.18837768E+02   
1.26296359E+02   
1.06167133E+02   
1.14872875E+02   
1.08085417E+02   
1.19557512E+02   
1.11488898E+02   
1.20638828E+02   
1.01483697E+02   
8.80953191E+01   
1.01091318E+02   
1.08490998E+02   
9.43390678E+01   
1.15862873E+02   
1.10957892E+02   
1.16737047E+02   
1.14431186E+02   
1.04466493E+02   
9.31847369E+01   
1.01019604E+02   
9.72925585E+01   
1.02866473E+02   
1.07851670E+02   
1.03584717E+02   
1.25979096E+02   
1.08284157E+02   
1.10238448E+02   
1.17667333E+02   
8.14119824E+01   
1.06592318E+02   
1.00414783E+02   
1.12839668E+02   
8.60485097E+01   
1.12176635E+02   
1.08860172E+02   
9.63476695E+01   
1.08836867E+02   
1.12285157E+02   
1.02778156E+02   
1.25624425E+02   
1.04804261E+02   
1.04228046E+02   
1.05250750E+02   
1.04409082E+02   
9.64138828E+01   
1.13822464E+02   
1.19219844E+02   
1.22622825E+02   
1.23225145E+02   
1.14826365E+02   
1.08418484E+02   
1.18052911E+02   
1.14383977E+02   
1.19827165E+02   
1.10393779E+02   
1.04211642E+02   
9.70777155E+01   
1.03340768E+02   
1.13183737E+02   
1.10469794E+02   
1.06045909E+02   
1.10049910E+02   
9.72092418E+01   
1.10021204E+02   
1.16985297E+02   
1.14355671E+02   
1.14434387E+02   
1.13026805E+02   
1.28391678E+02   
1.23388478E+02   
1.15385277E+02   
1.19251950E+02   
1.18895879E+02   
1.16096619E+02   
1.17777756E+02   
9.44414883E+01   
1.15020404E+02   
1.11968994E+02   
1.20833467E+02   
9.89114823E+01   
1.11676335E+02   
1.07125725E+02   
1.04219444E+02   
8.99186837E+01   
9.69242849E+01   
9.37740548E+01   
1.07675335E+02   
1.13445789E+02   
1.13687337E+02   
1.18190238E+02   
1.15604821E+02   
1.18783857E+02   
1.18331466E+02   
9.94379876E+01   
1.08019604E+02   
1.09635027E+02   
1.05984197E+02   
9.50638128E+01   
1.07340868E+02   
1.24446089E+02   
1.22128226E+02   
1.11712743E+02   
1.30759252E+02   
1.21984697E+02   
1.25642529E+02   
1.23295559E+02   
1.17514203E+02   
1.07142729E+02   
1.15845869E+02   
1.19073815E+02   
1.17978996E+02   
1.28192539E+02   
1.14022805E+02   
1.13156731E+02   
1.16607321E+02   
1.24145729E+02   
1.21753451E+02   
1.15163033E+02   
1.15169634E+02   
1.22451290E+02   
1.28594419E+02   
1.14723745E+02   
1.17045009E+02   
1.22871274E+02   
1.43160832E+02   
9.18644729E+01   
1.17748350E+02   
1.13454391E+02   
1.14320764E+02   
1.11189538E+02   
1.22459192E+02   
1.17120124E+02   
1.18972595E+02   
1.33072214E+02   
1.19022404E+02   
1.17120624E+02   
1.24360172E+02   
1.09259452E+02   
1.10728646E+02   
1.15577816E+02   
1.23337367E+02   
1.17772755E+02   
1.15337568E+02   
1.25023605E+02   
1.09631726E+02   
1.02975895E+02   
1.31863073E+02   
1.11577516E+02   
1.07510602E+02   
1.16465193E+02   
1.18440288E+02   
1.28050510E+02   
1.31679136E+02   
1.28370474E+02   
1.22467994E+02   
1.29032907E+02   
1.23017504E+02   
1.40246649E+02   
1.43803761E+02   
1.17128126E+02   
1.21031106E+02   
1.31010502E+02   
1.19841368E+02   
1.12859872E+02   
1.17304961E+02   
1.17077015E+02   
1.18604721E+02   
1.19817564E+02   
1.14781656E+02   
1.34515503E+02   
1.24182937E+02   
1.17522304E+02   
1.25026405E+02   
1.26420084E+02   
1.21047009E+02   
1.32708942E+02   
1.31765653E+02   
1.32737948E+02   
1.14139728E+02   
1.37084617E+02   
1.20400080E+02   
1.26479596E+02   
1.23754051E+02   
1.21750050E+02   
1.26753151E+02   
1.23024405E+02   
1.38864273E+02   
1.27446189E+02   
1.15194839E+02   
1.33364573E+02   
1.49794559E+02   
1.14024005E+02   
1.21482396E+02   
1.34659032E+02   
1.44930586E+02   
1.25862372E+02   
1.25185637E+02   
1.22786357E+02   
1.20340068E+02   
1.27096319E+02   
1.27181236E+02   
1.34335967E+02   
1.32404081E+02   
1.30321664E+02   
1.11799960E+02   
1.20023205E+02   
1.24055111E+02   
1.30455691E+02   
1.22882777E+02   
1.39094819E+02   
1.27611522E+02   
1.31563213E+02   
1.29234547E+02   
1.28356271E+02   
1.27692438E+02   
1.29558812E+02   
1.35558012E+02   
1.25683637E+02   
1.26492398E+02   
1.34246749E+02   
1.36966793E+02   
1.35088418E+02   
1.39849970E+02   
1.44380476E+02   
1.21438788E+02   
1.23498000E+02   
1.15114923E+02   
1.16159532E+02   
1.26588318E+02   
1.28566113E+02   
1.27914683E+02   
1.28869274E+02   
1.38090718E+02   
1.48486497E+02   
1.30876775E+02   
1.43735147E+02   
1.31416883E+02   
1.20408382E+02   
1.25551610E+02   
1.37891178E+02   
1.10224945E+02   
1.17231946E+02   
1.24458392E+02   
1.34685137E+02   
1.39468394E+02   
1.36236047E+02   
1.31028006E+02   
1.47949590E+02   
1.29991198E+02   
1.34925285E+02   
1.19503601E+02   
1.36036307E+02   
1.40867674E+02   
1.32646029E+02   
1.23506001E+02   
1.37957592E+02   
1.27928786E+02   
1.42449190E+02   
1.27635627E+02   
1.38848770E+02   
1.28261652E+02   
1.28538808E+02   
1.31969994E+02   
1.40999600E+02   
1.52360372E+02   
1.45718044E+02   
1.24074015E+02   
1.37466393E+02   
1.41447990E+02   
1.40115623E+02   
1.27150830E+02   
1.14371174E+02   
1.37969594E+02   
1.37232046E+02   
1.24950390E+02   
1.55855971E+02   
1.42684037E+02   
1.29948390E+02   
1.47477996E+02   
1.64058412E+02   
1.40029606E+02   
1.40029606E+02   
1.50479196E+02   
1.57126825E+02   
1.41987598E+02   
1.45073215E+02   
1.27513203E+02   
1.68493999E+02   
1.32042809E+02   
1.61542408E+02   
1.35509602E+02   
1.51041208E+02   
1.45014003E+02   
1.49519204E+02   
1.44048010E+02   
1.45023205E+02   
1.54029606E+02   
1.48035207E+02   
1.54520004E+02   
1.40514403E+02   
1.23528006E+02   
1.30542408E+02   
1.47554411E+02   
1.48557612E+02   
1.55494399E+02   
1.38980396E+02   
1.54585217E+02   
1.41995999E+02   
1.34056811E+02   
1.40504401E+02   
1.43972394E+02   
1.47590418E+02   
1.56041608E+02   
1.41947990E+02   
1.42125625E+02   
1.64538008E+02   
1.79126825E+02   
1.57291958E+02   
1.41691238E+02   
1.42356771E+02   
1.40552811E+02   
1.51635227E+02   
1.27456791E+02   
1.40602420E+02   
1.43518404E+02   
1.35540808E+02   
1.32029606E+02   
1.62467594E+02   
1.20002000E+02   
1.37132426E+02   
1.44516403E+02   
1.45627626E+02   
1.41830766E+02   
1.27423185E+02   
1.53267253E+02   
1.44421184E+02   
1.49543609E+02   
1.51060812E+02   
1.49264053E+02   
1.43862372E+02   
1.49477596E+02   
1.57029206E+02   
1.46955591E+02   
1.51328466E+02   
1.51322765E+02   
1.53588418E+02   
1.47910782E+02   
1.37426385E+02   
1.58442488E+02   
1.56864773E+02   
1.71725645E+02   
1.65512803E+02   
1.38675935E+02   
1.36891178E+02   
1.44304061E+02   
1.50983197E+02   
1.55269654E+02   
1.52350270E+02   
1.43617724E+02   
1.39153931E+02   
1.60794159E+02   
1.63621924E+02   
1.64082717E+02   
1.38980496E+02   
1.44232346E+02   
1.40916783E+02   
1.37721644E+02   
1.36028406E+02   
1.49855571E+02   
1.44259652E+02   
1.47792358E+02   
1.80566113E+02   
1.66485897E+02   
1.29210842E+02   
1.59809262E+02   
1.50437187E+02   
1.59350870E+02   
1.53581116E+02   
1.57693239E+02   
1.72363273E+02   
1.46295859E+02   
1.49230446E+02   
1.50028806E+02   
1.57376875E+02   
1.62497600E+02   
1.36533907E+02   
1.43778856E+02   
1.54029606E+02   
1.61544909E+02   
1.72721244E+02   
1.53984197E+02   
1.55172134E+02   
1.52111022E+02   
1.30182937E+02   
1.72510202E+02   
1.75327065E+02   
1.63492799E+02   
1.67951590E+02   
1.56980496E+02   
1.65000300E+02   
1.43822064E+02   
1.39819464E+02   
1.68993299E+02   
1.48231546E+02   
1.59151830E+02   
1.59797459E+02   
1.56752050E+02   
1.63489598E+02   
1.61854371E+02   
1.54579916E+02   
1.54299960E+02   
1.48940088E+02   
1.46122424E+02   
1.63592118E+02   
1.67582416E+02   
1.54749950E+02   
1.88417283E+02   
1.66391178E+02   
1.64998300E+02   
1.55326065E+02   
1.84430086E+02   
1.70386377E+02   
1.88337668E+02   
1.62283557E+02   
1.76830766E+02   
1.89343669E+02   
1.68204241E+02   
1.45267954E+02   
1.58133627E+02   
1.57773755E+02   
1.59498300E+02   
1.53922384E+02   
1.74335467E+02   
1.71949690E+02   
1.70687037E+02   
1.67368674E+02   
1.68703341E+02   
1.59028306E+02   
1.70816463E+02   
1.79362773E+02   
1.80917984E+02   
1.77540708E+02   
1.72549810E+02   
1.61977395E+02   
1.68061712E+02   
1.77665033E+02   
1.69399780E+02   
1.64834467E+02   
1.82595219E+02   
1.98891778E+02   
1.93163633E+02   
1.78859072E+02   
1.80599220E+02   
1.76600020E+02   
1.74221544E+02   
1.51708642E+02   
1.63746649E+02   
1.91007401E+02   
1.70855671E+02   
1.79859672E+02   
1.68117023E+02   
1.69520204E+02   
1.71504701E+02   
1.57465993E+02   
1.67734047E+02   
1.81439288E+02   
1.71604021E+02   
1.74899580E+02   
1.68035607E+02   
1.68758752E+02   
1.68894779E+02   
1.87873375E+02   
1.83052210E+02   
1.79307061E+02   
2.07894179E+02   
1.82894679E+02   
1.70473995E+02   
1.92323165E+02   
1.89029506E+02   
1.52743549E+02   
1.75461192E+02   
2.09662733E+02   
1.98129326E+02   
1.80035607E+02   
1.62584317E+02   
1.61516203E+02   
1.82278256E+02   
1.91187237E+02   
1.67458392E+02   
1.67148730E+02   
1.74628426E+02   
1.85547109E+02   
1.85912783E+02   
1.83464093E+02   
1.63032406E+02   
1.86134327E+02   
1.73470694E+02   
2.11037608E+02   
1.66582917E+02   
1.78398380E+02   
1.97784457E+02   
1.96818464E+02   
1.79779656E+02   
1.93947690E+02   
1.76119524E+02   
1.74037007E+02   
1.74950290E+02   
2.01542108E+02   
1.89096119E+02   
1.81468594E+02   
1.74449990E+02   
1.86723345E+02   
1.88933487E+02   
1.90580616E+02   
1.71618424E+02   
1.77196339E+02   
1.89215243E+02   
1.84393679E+02   
1.97331066E+02   
2.02681536E+02   
1.90164133E+02   
2.13219644E+02   
1.80726645E+02   
1.88172535E+02   
2.08492298E+02   
2.14277956E+02   
2.13284257E+02   
1.79326665E+02   
1.85703041E+02   
1.73916183E+02   
1.77810862E+02   
1.91287658E+02   
1.94068714E+02   
1.92745549E+02   
1.94546409E+02   
1.79698940E+02   
1.90104621E+02   
2.00484197E+02   
1.91862673E+02   
1.84245949E+02   
1.85000700E+02   
2.24248350E+02   
2.13245949E+02   
1.88830566E+02   
2.01261152E+02   
1.97627926E+02   
2.10240648E+02   
1.88838068E+02   
1.98639228E+02   
2.00063213E+02   
2.11819264E+02   
2.21244049E+02   
1.94016603E+02   
2.07079116E+02   
1.91217043E+02   
2.04039608E+02   
1.98079816E+02   
2.09999400E+02   
2.00854071E+02   
2.14277355E+02   
2.18297459E+02   
1.95941588E+02   
1.99221144E+02   
2.11286957E+02   
2.09042008E+02   
2.03864873E+02   
1.99571014E+02   
2.26298560E+02   
2.15304161E+02   
1.93423885E+02   
2.00399180E+02   
2.07552210E+02   
2.04259652E+02   
2.14817964E+02   
2.13261252E+02   
1.96932587E+02   
2.31551010E+02   
2.20247650E+02   
2.10329766E+02   
2.05231246E+02   
2.08945389E+02   
2.17039608E+02   
2.06027105E+02   
1.97674235E+02   
2.14106721E+02   
2.13890978E+02   
2.18507301E+02   
1.94264153E+02   
2.14675935E+02   
2.39069914E+02   
2.20786857E+02   
2.21191138E+02   
2.53465093E+02   
2.08291158E+02   
2.02421984E+02   
2.19519304E+02   
2.13462192E+02   
2.08345169E+02   
2.32528106E+02   
2.21561512E+02   
2.15369074E+02   
2.14562813E+02   
2.17090418E+02   
2.46402581E+02   
2.41147530E+02   
2.17965693E+02   
2.30023605E+02   
2.19918884E+02   
2.04795759E+02   
2.17921284E+02   
2.11162132E+02   
1.88031406E+02   
2.23323465E+02   
2.14778556E+02   
2.27078416E+02   
2.30634827E+02   
2.29463593E+02   
2.37049210E+02   
2.15328566E+02   
2.35623725E+02   
2.31121324E+02   
2.13533407E+02   
2.38856471E+02   
2.23154331E+02   
2.16627025E+02   
2.32727445E+02   
2.37310462E+02   
2.14458092E+02   
2.30230246E+02   
2.26487798E+02   
2.48448090E+02   
2.26663233E+02   
2.14092519E+02   
2.39680836E+02   
2.35857772E+02   
2.37328166E+02   
2.00412883E+02   
2.16586117E+02   
2.17042008E+02   
2.24325965E+02   
2.38597720E+02   
2.33668534E+02   
2.25298960E+02   
2.55456591E+02   
2.41555711E+02   
2.49624625E+02   
2.45888578E+02   
2.42006101E+02   
2.44785457E+02   
2.53437187E+02   
2.55049610E+02   
2.35839468E+02   
2.24114323E+02   
2.37552611E+02   
2.22400380E+02   
2.48559412E+02   
2.58627726E+02   
2.62408782E+02   
2.75052811E+02   
2.77600520E+02   
2.26985697E+02   
2.70819864E+02   
2.32987297E+02   
2.65223845E+02   
2.48580116E+02   
2.60229446E+02   
2.37107522E+02   
2.64370574E+02   
2.64920884E+02   
2.75105921E+02   
2.39760552E+02   
2.37993699E+02   
2.67955991E+02   
2.58245249E+02   
2.39235647E+02   
2.38213543E+02   
2.55006101E+02   
2.56008502E+02   
2.64176935E+02   
2.41581116E+02   
2.62974595E+02   
2.57282657E+02   
2.39739148E+02   
2.74524505E+02   
2.38293759E+02   
2.36780356E+02   
2.45462593E+02   
2.64113423E+02   
2.53392779E+02   
2.45734747E+02   
2.58831566E+02   
2.57633127E+02   
2.74264853E+02   
2.69028906E+02   
2.80098220E+02   
2.68987898E+02   
2.71694939E+02   
2.72377275E+02   
2.54823065E+02   
2.52099320E+02   
2.76723545E+02   
2.75948690E+02   
2.73404681E+02   
2.71389978E+02   
2.55420084E+02   
2.50702941E+02   
2.66354371E+02   
2.57027606E+02   
2.60427385E+02   
2.66038708E+02   
2.67398880E+02   
2.62373775E+02   
2.71724445E+02   
2.75389578E+02   
2.80051510E+02   
2.83393079E+02   
2.43018304E+02   
2.62728746E+02   
2.88113423E+02   
2.85344969E+02   
3.04793659E+02   
2.63291758E+02   
2.46027806E+02   
2.55073015E+02   
2.92132627E+02   
2.62938388E+02   
2.58392078E+02   
2.66859672E+02   
2.79657632E+02   
2.77381176E+02   
2.64074915E+02   
3.07469594E+02   
2.78059612E+02   
2.68839068E+02   
2.62100220E+02   
2.51051210E+02   
2.66163633E+02   
2.88673835E+02   
2.76761352E+02   
2.77669434E+02   
2.55145629E+02   
2.66571414E+02   
2.58086917E+02   
2.78950690E+02   
2.59645629E+02   
2.98436287E+02   
2.93099320E+02   
2.71853871E+02   
2.85820264E+02   
2.71838668E+02   
2.77867574E+02   
2.51101320E+02   
2.63644229E+02   
2.51226045E+02   
2.91149830E+02   
3.01889178E+02   
2.72320664E+02   
2.88686337E+02   
3.38436987E+02   
3.50870174E+02   
3.50870174E+02   
3.50870174E+02   
3.50870174E+02   
3.76008422E+02   
4.31961392E+02   
3.97329666E+02   
4.21963393E+02   
4.19773255E+02   
4.31550810E+02   
4.15038008E+02   
4.06288058E+02   
4.15773955E+02   
4.07799560E+02   
3.91297560E+02   
4.26217143E+02   
4.22324665E+02   
4.24940888E+02   
4.18619824E+02   
4.33701240E+02   
4.21777656E+02   
4.41778456E+02   
4.53742148E+02   
4.54428286E+02   
4.29578116E+02   
3.94858972E+02   
4.35209842E+02   
4.30918684E+02   
4.33878576E+02   
4.57732346E+02   
4.39328266E+02   
4.01619424E+02   
4.63678036E+02   
4.45129626E+02   
4.75959092E+02   
4.65116423E+02   
4.48602220E+02   
4.11383177E+02   
4.20496899E+02   
4.81693939E+02   
4.51576215E+02   
4.00128126E+02   
4.41367874E+02   
4.31292358E+02   
4.54543609E+02   
4.62551010E+02   
4.12835367E+02   
4.10423585E+02   
4.93110722E+02   
4.64299960E+02   
4.55567013E+02   
4.51030706E+02   
4.56563813E+02   
4.49146929E+02   
4.49072915E+02   
4.56348970E+02   
4.72354071E+02   
4.51537207E+02   
4.49882276E+02   
4.92313963E+02   
4.51837868E+02   
4.39688238E+02   
4.60116823E+02   
4.99265153E+02   
4.46588018E+02   
4.31797660E+02   
4.63816963E+02   
4.56461392E+02   
4.86518504E+02   
4.91222845E+02   
4.92650030E+02   
4.85551310E+02   
4.84525405E+02   
4.74663633E+02   
5.12113423E+02   
4.96801960E+02   
4.76539608E+02   
4.65905081E+02   
5.10747750E+02   
4.71883877E+02   
4.49486697E+02   
5.04853471E+02   
4.77711342E+02   
4.62915183E+02   
4.96939088E+02   
4.99813663E+02   
4.80291258E+02   
5.25460492E+02   
5.59339368E+02   
5.41121924E+02   
5.76650730E+02   
5.29973095E+02   
5.43430686E+02   
4.97107221E+02   
5.26598420E+02   
5.20207441E+02   
5.17033307E+02   
5.17989498E+02   
5.14904781E+02   
5.19642228E+02   
4.74869874E+02   
5.42604521E+02   
4.78496399E+02   
5.00976395E+02   
4.93552911E+02   
5.10554511E+02   
5.12649630E+02   
5.28543509E+02   
4.87036007E+02   
4.90241448E+02   
5.16076915E+02   
5.41298560E+02   
5.50540408E+02   
5.20454991E+02   
5.11260452E+02   
5.18100020E+02   
5.35540008E+02   
5.17147429E+02   
5.40381376E+02   
5.43072114E+02   
5.26835667E+02   
5.24509402E+02   
5.12696239E+02   
5.38368374E+02   
5.01041808E+02   
5.18222044E+02   
5.33836467E+02   
5.00365173E+02   
5.24999900E+02   
5.09780756E+02   
5.17478496E+02   
5.45273555E+02   
5.03089918E+02   
5.31644029E+02   
4.93095219E+02   
5.39272655E+02   
5.15669334E+02   
5.22364773E+02   
5.23440388E+02   
4.88100820E+02   
5.02429586E+02   
5.25121724E+02   
5.29623925E+02   
5.20743149E+02   
5.04842569E+02   
5.58627926E+02   
5.09111322E+02   
5.26211142E+02   
5.10640528E+02   
5.47573915E+02   
5.12833467E+02   
5.33959292E+02   
5.11592118E+02   
4.91875675E+02   
5.46718844E+02   
5.39411182E+02   
5.27883477E+02   
5.11355171E+02   
5.33310962E+02   
5.33136627E+02   
5.04625125E+02   
4.94590318E+02   
5.12851070E+02   
5.21113623E+02   
4.86088618E+02   
4.91329966E+02   
5.02369174E+02   
4.79323765E+02   
4.63332967E+02   
4.79408782E+02   
4.62504901E+02   
4.44553911E+02   
4.42102621E+02   
4.61141428E+02   
4.66808862E+02   
4.30103721E+02   
4.54433687E+02   
4.41123725E+02   
4.46698940E+02   
4.25576315E+02   
4.15701440E+02   
4.29084117E+02   
4.18563013E+02   
4.43143529E+02   
4.37053511E+02   
4.22767654E+02   
4.32628826E+02   
4.40451290E+02   
4.23763253E+02   
4.25561912E+02   
4.10380276E+02   
3.87593619E+02   
4.25750450E+02   
3.80932587E+02   
3.96891478E+02   
4.56658732E+02   
4.05736047E+02   
4.11067714E+02   
3.94383277E+02   
3.84431486E+02   
3.82503101E+02   
4.06414583E+02   
3.71246149E+02   
4.00870574E+02   
3.93646229E+02   
3.48085317E+02   
3.80907381E+02   
4.17280556E+02   
4.05646329E+02   
4.15155031E+02   
4.07158232E+02   
3.98768354E+02   
3.85605821E+02   
3.88465193E+02   
3.66762252E+02   
3.71531106E+02   
4.03537407E+02   
3.76292058E+02   
4.10203341E+02   
3.98989798E+02   
4.22219344E+02   
3.91309962E+02   
3.90342669E+02   
3.75853671E+02   
3.74278456E+02   
3.97330266E+02   
3.65630126E+02   
3.80006401E+02   
3.75717644E+02   
3.42548010E+02   
3.65833067E+02   
3.61405781E+02   
3.30954291E+02   
3.61852270E+02   
3.70973195E+02   
3.50061512E+02   
3.57071214E+02   
3.70291158E+02   
3.63070814E+02   
3.14577115E+02   
3.63970694E+02   
3.62009602E+02   
3.53584917E+02   
3.43559112E+02   
3.29672034E+02   
3.45087818E+02   
3.34619624E+02   
3.65692639E+02   
3.62090018E+02   
3.48357672E+02   
3.47634927E+02   
3.71207041E+02   
3.34425785E+02   
3.39010702E+02   
4.20817974E+02   
5.14702941E+02   
5.14702941E+02   
5.14702941E+02   
5.14702941E+02   
5.14702941E+02   
6.71253081E+02   
7.19298960E+02   
6.97024405E+02   
6.78087117E+02   
7.14646529E+02   
6.73758252E+02   
6.80380876E+02   
7.02177536E+02   
7.25060612E+02   
6.21632827E+02   
6.39642729E+02   
6.67715743E+02   
6.89598520E+02   
7.02015603E+02   
7.25542208E+02   
6.99194639E+02   
6.61929886E+02   
6.17185137E+02   
6.55314663E+02   
6.83409182E+02   
6.83526605E+02   
6.40801560E+02   
6.74653031E+02   
6.40178136E+02   
6.56285157E+02   
6.71554111E+02   
6.59152330E+02   
6.73327265E+02   
6.51320064E+02   
6.64757752E+02   
6.79157331E+02   
6.83714543E+02   
7.24396979E+02   
6.98902080E+02   
7.05929786E+02   
6.55910282E+02   
6.61670134E+02   
6.53169434E+02   
6.59177435E+02   
6.90112523E+02   
6.85719044E+02   
6.72384577E+02   
7.01494799E+02   
6.50005501E+02   
6.85490798E+02   
7.01124825E+02   
6.89069814E+02   
6.75718244E+02   
6.88481996E+02   
7.04844769E+02   
7.03622825E+02   
6.43848170E+02   
6.42606521E+02   
7.01822164E+02   
6.59949390E+02   
6.94692238E+02   
6.64896279E+02   
6.62661932E+02   
6.89440588E+02   
6.64687638E+02   
6.83907982E+02   
6.74496099E+02   
6.58481696E+02   
6.61756551E+02   
6.74313563E+02   
6.73465393E+02   
6.61237648E+02   
6.62289858E+02   
6.75747249E+02   
6.90772154E+02   
6.89073115E+02   
6.73316463E+02   
6.76299060E+02   
7.22686737E+02   
7.28233947E+02   
6.47539908E+02   
6.57268054E+02   
6.80696539E+02   
7.29625725E+02   
6.76548410E+02   
7.57736647E+02   
7.50289458E+02   
8.15083117E+02   
8.52461492E+02   
9.05276255E+02   
8.52842068E+02   
7.73394479E+02   
8.27097219E+02   
8.57729546E+02   
7.90456591E+02   
8.06532206E+02   
7.61912282E+02   
7.10363573E+02   
7.27102020E+02   
7.18742649E+02   
7.32794159E+02   
7.02346769E+02   
6.62607922E+02   
6.79065113E+02   
7.51343969E+02   
6.86704241E+02   
6.53988898E+02   
6.79906481E+02   
7.03582617E+02   
6.81622725E+02   
6.56079216E+02   
6.76356771E+02   
6.97431486E+02   
6.28150430E+02   
6.12645829E+02   
6.19942889E+02   
6.88627826E+02   
6.50132426E+02   
6.51654231E+02   
6.39294759E+02   
6.57277556E+02   
6.00882476E+02   
6.40903781E+02   
6.13732146E+02   
6.21430686E+02   
5.84539808E+02   
5.93627025E+02   
6.40771454E+02   
6.06320764E+02   
5.90414583E+02   
5.60882877E+02   
5.97827766E+02   
5.58393079E+02   
5.40993699E+02   
5.37500200E+02   
5.49583417E+02   
5.08330966E+02   
5.28460392E+02   
4.54088218E+02   
4.77558212E+02   
4.67831766E+02   
4.66557812E+02   
4.65684237E+02   
4.76846969E+02   
4.41058612E+02   
4.32391078E+02   
4.18772154E+02   
4.27233347E+02   
3.78386377E+02   
4.11246949E+02   
3.87819864E+02   
4.12436587E+02   
3.78822364E+02   
4.23473795E+02   
4.08953991E+02   
3.92909082E+02   
3.75645029E+02   
3.49018504E+02   
3.45117524E+02   
3.36980196E+02   
3.04725345E+02   
3.51570214E+02   
3.21735947E+02   
2.86869074E+02   
3.10469894E+02   
3.29005801E+02   
2.91699540E+02   
2.77890978E+02   
2.57117724E+02   
2.49633727E+02   
2.53643629E+02   
2.44459592E+02   
2.28786257E+02   
2.13627526E+02   
2.14605521E+02   
2.16326265E+02   
2.17616723E+02   
2.08327866E+02   
2.26750850E+02   
2.05029106E+02   
2.12912583E+02   
1.83462593E+02   
1.91258752E+02   
2.02984897E+02   
1.81268854E+02   
1.79342769E+02   
1.55591718E+02   
1.78174735E+02   
1.51649430E+02   
1.64068914E+02   
1.39578516E+02   
1.35302661E+02   
1.62669934E+02   
1.39421384E+02   
1.39807061E+02   
1.47218444E+02   
1.26835167E+02   
1.28901780E+02   
1.16620624E+02   
1.21158632E+02   
1.27824365E+02   
1.19613523E+02   
1.04493099E+02   
1.08548510E+02   
9.67254451E+01   
1.00231246E+02   
1.21193439E+02   
8.75827165E+01   
1.03630226E+02   
9.21491298E+01   
1.05474895E+02   
9.35643129E+01   
9.75079016E+01   
1.02148730E+02   
8.51819364E+01   
8.01269254E+01   
7.45221044E+01   
7.56374275E+01   
7.72716543E+01   
7.35109022E+01   
8.71441288E+01   
8.35119024E+01   
6.85023005E+01   
6.69104821E+01   
5.21103221E+01   
7.56786357E+01   
5.66082216E+01   
6.78908782E+01   
5.38916783E+01   
5.88614723E+01   
4.82522505E+01   
5.06116223E+01   
4.95283057E+01   
4.91291258E+01   
4.34135827E+01   
4.44860972E+01   
4.47195439E+01   
4.68279656E+01   
7.36607321E+01   
4.88301660E+01   
1.30920884E+02   
4.05636127E+01   
2.77035407E+01   
3.48900780E+01   
2.65816163E+01   
2.35451090E+01   
2.15772154E+01   
1.87757552E+01   
2.20044009E+01   
1.44568914E+01   
1.58900780E+01   
1.84415883E+01   
1.19005801E+01   
6.00200040E+00   
9.89087818E+00   
7.84598920E+00   
7.60152030E+00   
7.60152030E+00   
7.60152030E+00   
7.60152030E+00   
4.21466293E+00   
0.00000000E+00   
0.00000000E+00   
0.00000000E+00   
0.00000000E+00   
0.00000000E+00   
1.00000000E+00   
0.00000000E+00   
0.00000000E+00   
0.00000000E+00   
0.00000000E+00   
0.00000000E+00   
0.00000000E+00   
0.00000000E+00   
1.00000000E+00   
0.00000000E+00   
6.00000000E+00   
0.00000000E+00   
0.00000000E+00   
0.00000000E+00   
0.00000000E+00   
0.00000000E+00   
0.00000000E+00   
0.00000000E+00   
0.00000000E+00   
0.00000000E+00   
0.00000000E+00   
0.00000000E+00   
0.00000000E+00   
0.00000000E+00   
0.00000000E+00   
0.00000000E+00   
0.00000000E+00   
0.00000000E+00   
0.00000000E+00   
0.00000000E+00   
0.00000000E+00   
0.00000000E+00   
0.00000000E+00   
0.00000000E+00   
0.00000000E+00   
0.00000000E+00   
0.00000000E+00   
0.00000000E+00   
0.00000000E+00   
0.00000000E+00   
0.00000000E+00   
0.00000000E+00   
0.00000000E+00   
9.10882176E-01   
8.91178236E-02   
0.00000000E+00   
0.00000000E+00   
0.00000000E+00   
0.00000000E+00   
0.00000000E+00   
0.00000000E+00   
0.00000000E+00   
0.00000000E+00   
1.00000000E+00   
0.00000000E+00   
0.00000000E+00   
0.00000000E+00   
0.00000000E+00   
0.00000000E+00   
0.00000000E+00   
0.00000000E+00   
0.00000000E+00   
0.00000000E+00   
0.00000000E+00   
0.00000000E+00   
0.00000000E+00   
0.00000000E+00   
1.92048410E+00   
7.95159032E-02   
0.00000000E+00   
0.00000000E+00   
0.00000000E+00   
0.00000000E+00   
0.00000000E+00   
0.00000000E+00   
0.00000000E+00   
0.00000000E+00   
0.00000000E+00   
0.00000000E+00   
1.00000000E+00   
0.00000000E+00   
0.00000000E+00   
0.00000000E+00   
0.00000000E+00   
0.00000000E+00   
0.00000000E+00   
0.00000000E+00   
0.00000000E+00   
0.00000000E+00   
0.00000000E+00   
0.00000000E+00   
0.00000000E+00   
0.00000000E+00   
0.00000000E+00   
0.00000000E+00   
0.00000000E+00   
0.00000000E+00   
0.00000000E+00   
0.00000000E+00   
0.00000000E+00   
0.00000000E+00   
0.00000000E+00   
0.00000000E+00   
0.00000000E+00   
0.00000000E+00   
0.00000000E+00   
0.00000000E+00   
0.00000000E+00   
0.00000000E+00   
0.00000000E+00   
0.00000000E+00   
0.00000000E+00   
0.00000000E+00   
9.38887778E-01   
6.11122224E-02   
0.00000000E+00   
0.00000000E+00   
0.00000000E+00   
0.00000000E+00   
0.00000000E+00   
0.00000000E+00   
0.00000000E+00   
0.00000000E+00   
0.00000000E+00   
0.00000000E+00   
0.00000000E+00   
0.00000000E+00   
0.00000000E+00   
1.00000000E+00   
0.00000000E+00   
0.00000000E+00   
0.00000000E+00   
0.00000000E+00   
0.00000000E+00   
0.00000000E+00   
0.00000000E+00   
0.00000000E+00   
0.00000000E+00   
0.00000000E+00   
0.00000000E+00   
0.00000000E+00   
0.00000000E+00   
0.00000000E+00   
0.00000000E+00   
0.00000000E+00   
0.00000000E+00   
0.00000000E+00   
0.00000000E+00   
0.00000000E+00   
0.00000000E+00   
0.00000000E+00   
0.00000000E+00   
0.00000000E+00   
0.00000000E+00   
9.55291058E-01   
4.47089418E-02   
0.00000000E+00   
0.00000000E+00   
0.00000000E+00   
0.00000000E+00   
0.00000000E+00   
0.00000000E+00   
0.00000000E+00   
0.00000000E+00   
0.00000000E+00   
0.00000000E+00   
0.00000000E+00   
0.00000000E+00   
0.00000000E+00   
0.00000000E+00   
0.00000000E+00   
0.00000000E+00   
0.00000000E+00   
0.00000000E+00   
0.00000000E+00   
0.00000000E+00   
0.00000000E+00   
1.00000000E+00   
0.00000000E+00   
0.00000000E+00   
0.00000000E+00   
0.00000000E+00   
0.00000000E+00   
0.00000000E+00   
0.00000000E+00   
1.00000000E+00   
0.00000000E+00   
0.00000000E+00   
0.00000000E+00   
0.00000000E+00   
0.00000000E+00   
0.00000000E+00   
0.00000000E+00   
9.70894179E-01   
2.91058212E-02   
0.00000000E+00   
0.00000000E+00   
0.00000000E+00   
0.00000000E+00   
0.00000000E+00   
0.00000000E+00   
0.00000000E+00   
0.00000000E+00   
0.00000000E+00   
0.00000000E+00   
9.75695139E-01   
2.43048610E-02   
0.00000000E+00   
0.00000000E+00   
1.00000000E+00   
0.00000000E+00   
0.00000000E+00   
0.00000000E+00   
0.00000000E+00   
0.00000000E+00   
0.00000000E+00   
0.00000000E+00   
0.00000000E+00   
0.00000000E+00   
0.00000000E+00   
0.00000000E+00   
0.00000000E+00   
0.00000000E+00   
0.00000000E+00   
0.00000000E+00   
0.00000000E+00   
0.00000000E+00   
0.00000000E+00   
0.00000000E+00   
9.85297059E-01   
1.47029406E-02   
0.00000000E+00   
0.00000000E+00   
0.00000000E+00   
0.00000000E+00   
0.00000000E+00   
0.00000000E+00   
0.00000000E+00   
0.00000000E+00   
0.00000000E+00   
0.00000000E+00   
0.00000000E+00   
0.00000000E+00   
0.00000000E+00   
0.00000000E+00   
1.00000000E+00   
0.00000000E+00   
0.00000000E+00   
0.00000000E+00   
0.00000000E+00   
0.00000000E+00   
0.00000000E+00   
0.00000000E+00   
0.00000000E+00   
0.00000000E+00   
0.00000000E+00   
0.00000000E+00   
0.00000000E+00   
0.00000000E+00   
0.00000000E+00   
0.00000000E+00   
0.00000000E+00   
0.00000000E+00   
0.00000000E+00   
0.00000000E+00   
0.00000000E+00   
0.00000000E+00   
0.00000000E+00   
0.00000000E+00   
0.00000000E+00   
0.00000000E+00   
0.00000000E+00   
0.00000000E+00   
0.00000000E+00   
0.00000000E+00   
0.00000000E+00   
0.00000000E+00   
0.00000000E+00   
0.00000000E+00   
0.00000000E+00   
0.00000000E+00   
0.00000000E+00   
0.00000000E+00   
0.00000000E+00   
0.00000000E+00   
0.00000000E+00   
0.00000000E+00   
0.00000000E+00   
0.00000000E+00   
0.00000000E+00   
0.00000000E+00   
0.00000000E+00   
0.00000000E+00   
0.00000000E+00   
0.00000000E+00   
0.00000000E+00   
0.00000000E+00   
0.00000000E+00   
0.00000000E+00   
0.00000000E+00   
0.00000000E+00   
0.00000000E+00   
0.00000000E+00   
0.00000000E+00   
0.00000000E+00   
1.00000000E+00   
0.00000000E+00   
0.00000000E+00   
0.00000000E+00   
0.00000000E+00   
0.00000000E+00   
1.81036207E-02   
9.81896379E-01   
0.00000000E+00   
0.00000000E+00   
0.00000000E+00   
0.00000000E+00   
0.00000000E+00   
0.00000000E+00   
0.00000000E+00   
0.00000000E+00   
0.00000000E+00   
0.00000000E+00   
2.29045809E-02   
9.77095419E-01   
0.00000000E+00   
0.00000000E+00   
0.00000000E+00   
0.00000000E+00   
0.00000000E+00   
0.00000000E+00   
0.00000000E+00   
0.00000000E+00   
0.00000000E+00   
0.00000000E+00   
0.00000000E+00   
0.00000000E+00   
0.00000000E+00   
0.00000000E+00   
0.00000000E+00   
1.00000000E+00   
0.00000000E+00   
0.00000000E+00   
0.00000000E+00   
0.00000000E+00   
0.00000000E+00   
0.00000000E+00   
0.00000000E+00   
0.00000000E+00   
0.00000000E+00   
0.00000000E+00   
0.00000000E+00   
0.00000000E+00   
0.00000000E+00   
0.00000000E+00   
0.00000000E+00   
0.00000000E+00   
0.00000000E+00   
3.69073815E-02   
9.63092619E-01   
0.00000000E+00   
0.00000000E+00   
0.00000000E+00   
0.00000000E+00   
0.00000000E+00   
0.00000000E+00   
0.00000000E+00   
0.00000000E+00   
0.00000000E+00   
0.00000000E+00   
0.00000000E+00   
0.00000000E+00   
0.00000000E+00   
0.00000000E+00   
0.00000000E+00   
0.00000000E+00   
0.00000000E+00   
0.00000000E+00   
0.00000000E+00   
0.00000000E+00   
0.00000000E+00   
0.00000000E+00   
0.00000000E+00   
0.00000000E+00   
0.00000000E+00   
0.00000000E+00   
0.00000000E+00   
0.00000000E+00   
0.00000000E+00   
0.00000000E+00   
0.00000000E+00   
0.00000000E+00   
0.00000000E+00   
0.00000000E+00   
0.00000000E+00   
0.00000000E+00   
0.00000000E+00   
0.00000000E+00   
0.00000000E+00   
0.00000000E+00   
0.00000000E+00   
0.00000000E+00   
0.00000000E+00   
0.00000000E+00   
0.00000000E+00   
0.00000000E+00   
0.00000000E+00   
0.00000000E+00   
0.00000000E+00   
0.00000000E+00   
0.00000000E+00   
0.00000000E+00   
0.00000000E+00   
0.00000000E+00   
0.00000000E+00   
0.00000000E+00   
0.00000000E+00   
0.00000000E+00   
0.00000000E+00   
1.00000000E+00   
0.00000000E+00   
0.00000000E+00   
0.00000000E+00   
0.00000000E+00   
0.00000000E+00   
0.00000000E+00   
1.00000000E+00   
0.00000000E+00   
0.00000000E+00   
1.00000000E+00   
0.00000000E+00   
0.00000000E+00   
0.00000000E+00   
0.00000000E+00   
0.00000000E+00   
0.00000000E+00   
0.00000000E+00   
0.00000000E+00   
0.00000000E+00   
0.00000000E+00   
0.00000000E+00   
0.00000000E+00   
0.00000000E+00   
0.00000000E+00   
0.00000000E+00   
0.00000000E+00   
0.00000000E+00   
0.00000000E+00   
0.00000000E+00   
0.00000000E+00   
0.00000000E+00   
0.00000000E+00   
0.00000000E+00   
0.00000000E+00   
0.00000000E+00   
0.00000000E+00   
2.00000000E+00   
0.00000000E+00   
0.00000000E+00   
0.00000000E+00   
0.00000000E+00   
0.00000000E+00   
0.00000000E+00   
0.00000000E+00   
0.00000000E+00   
0.00000000E+00   
0.00000000E+00   
0.00000000E+00   
0.00000000E+00   
0.00000000E+00   
0.00000000E+00   
0.00000000E+00   
3.08251650E+00   
9.17483497E-01   
0.00000000E+00   
1.00000000E+00   
0.00000000E+00   
0.00000000E+00   
0.00000000E+00   
0.00000000E+00   
0.00000000E+00   
0.00000000E+00   
0.00000000E+00   
0.00000000E+00   
0.00000000E+00   
0.00000000E+00   
0.00000000E+00   
0.00000000E+00   
0.00000000E+00   
0.00000000E+00   
0.00000000E+00   
0.00000000E+00   
0.00000000E+00   
0.00000000E+00   
0.00000000E+00   
0.00000000E+00   
0.00000000E+00   
0.00000000E+00   
0.00000000E+00   
9.33186637E-02   
9.06681336E-01   
0.00000000E+00   
0.00000000E+00   
0.00000000E+00   
0.00000000E+00   
0.00000000E+00   
1.00000000E+00   
0.00000000E+00   
0.00000000E+00   
0.00000000E+00   
0.00000000E+00   
0.00000000E+00   
0.00000000E+00   
0.00000000E+00   
0.00000000E+00   
0.00000000E+00   
0.00000000E+00   
0.00000000E+00   
0.00000000E+00   
0.00000000E+00   
0.00000000E+00   
0.00000000E+00   
0.00000000E+00   
0.00000000E+00   
0.00000000E+00   
0.00000000E+00   
0.00000000E+00   
0.00000000E+00   
0.00000000E+00   
0.00000000E+00   
0.00000000E+00   
0.00000000E+00   
0.00000000E+00   
0.00000000E+00   
0.00000000E+00   
0.00000000E+00   
0.00000000E+00   
0.00000000E+00   
0.00000000E+00   
0.00000000E+00   
0.00000000E+00   
0.00000000E+00   
0.00000000E+00   
0.00000000E+00   
0.00000000E+00   
0.00000000E+00   
0.00000000E+00   
0.00000000E+00   
0.00000000E+00   
0.00000000E+00   
0.00000000E+00   
0.00000000E+00   
0.00000000E+00   
0.00000000E+00   
0.00000000E+00   
0.00000000E+00   
0.00000000E+00   
0.00000000E+00   
0.00000000E+00   
0.00000000E+00   
0.00000000E+00   
0.00000000E+00   
0.00000000E+00   
0.00000000E+00   
0.00000000E+00   
0.00000000E+00   
0.00000000E+00   
0.00000000E+00   
0.00000000E+00   
0.00000000E+00   
0.00000000E+00   
1.00000000E+00   
0.00000000E+00   
0.00000000E+00   
0.00000000E+00   
0.00000000E+00   
0.00000000E+00   
0.00000000E+00   
0.00000000E+00   
0.00000000E+00   
0.00000000E+00   
0.00000000E+00   
0.00000000E+00   
0.00000000E+00   
0.00000000E+00   
0.00000000E+00   
0.00000000E+00   
1.28525705E-01   
8.71474295E-01   
0.00000000E+00   
0.00000000E+00   
1.00000000E+00   
0.00000000E+00   
0.00000000E+00   
0.00000000E+00   
0.00000000E+00   
0.00000000E+00   
0.00000000E+00   
0.00000000E+00   
0.00000000E+00   
0.00000000E+00   
0.00000000E+00   
0.00000000E+00   
0.00000000E+00   
0.00000000E+00   
0.00000000E+00   
0.00000000E+00   
0.00000000E+00   
0.00000000E+00   
0.00000000E+00   
1.00000000E+00   
0.00000000E+00   
0.00000000E+00   
0.00000000E+00   
0.00000000E+00   
0.00000000E+00   
0.00000000E+00   
0.00000000E+00   
0.00000000E+00   
0.00000000E+00   
0.00000000E+00   
1.42128426E-01   
8.57871574E-01   
0.00000000E+00   
0.00000000E+00   
0.00000000E+00   
0.00000000E+00   
0.00000000E+00   
0.00000000E+00   
0.00000000E+00   
0.00000000E+00   
0.00000000E+00   
0.00000000E+00   
0.00000000E+00   
0.00000000E+00   
0.00000000E+00   
0.00000000E+00   
0.00000000E+00   
0.00000000E+00   
0.00000000E+00   
0.00000000E+00   
0.00000000E+00   
0.00000000E+00   
0.00000000E+00   
0.00000000E+00   
0.00000000E+00   
0.00000000E+00   
0.00000000E+00   
0.00000000E+00   
0.00000000E+00   
1.00000000E+00   
0.00000000E+00   
0.00000000E+00   
0.00000000E+00   
0.00000000E+00   
0.00000000E+00   
0.00000000E+00   
0.00000000E+00   
0.00000000E+00   
0.00000000E+00   
0.00000000E+00   
0.00000000E+00   
0.00000000E+00   
0.00000000E+00   
0.00000000E+00   
0.00000000E+00   
0.00000000E+00   
0.00000000E+00   
0.00000000E+00   
0.00000000E+00   
0.00000000E+00   
0.00000000E+00   
0.00000000E+00   
0.00000000E+00   
0.00000000E+00   
0.00000000E+00   
0.00000000E+00   
0.00000000E+00   
0.00000000E+00   
0.00000000E+00   
0.00000000E+00   
0.00000000E+00   
0.00000000E+00   
0.00000000E+00   
0.00000000E+00   
0.00000000E+00   
0.00000000E+00   
0.00000000E+00   
0.00000000E+00   
0.00000000E+00   
0.00000000E+00   
0.00000000E+00   
0.00000000E+00   
0.00000000E+00   
0.00000000E+00   
0.00000000E+00   
0.00000000E+00   
0.00000000E+00   
0.00000000E+00   
0.00000000E+00   
0.00000000E+00   
0.00000000E+00   
0.00000000E+00   
0.00000000E+00   
0.00000000E+00   
0.00000000E+00   
0.00000000E+00   
0.00000000E+00   
0.00000000E+00   
0.00000000E+00   
0.00000000E+00   
3.56271254E-01   
1.64372875E+00   
0.00000000E+00   
0.00000000E+00   
0.00000000E+00   
0.00000000E+00   
0.00000000E+00   
0.00000000E+00   
0.00000000E+00   
0.00000000E+00   
0.00000000E+00   
0.00000000E+00   
0.00000000E+00   
0.00000000E+00   
0.00000000E+00   
0.00000000E+00   
1.47629526E+00   
6.52370474E+00   
0.00000000E+00   
0.00000000E+00   
0.00000000E+00   
0.00000000E+00   
0.00000000E+00   
0.00000000E+00   
0.00000000E+00   
0.00000000E+00   
0.00000000E+00   
0.00000000E+00   
0.00000000E+00   
0.00000000E+00   
0.00000000E+00   
0.00000000E+00   
0.00000000E+00   
0.00000000E+00   
0.00000000E+00   
0.00000000E+00   
0.00000000E+00   
0.00000000E+00   
0.00000000E+00   
0.00000000E+00   
0.00000000E+00   
0.00000000E+00   
0.00000000E+00   
0.00000000E+00   
0.00000000E+00   
0.00000000E+00   
0.00000000E+00   
0.00000000E+00   
0.00000000E+00   
0.00000000E+00   
0.00000000E+00   
0.00000000E+00   
0.00000000E+00   
0.00000000E+00   
0.00000000E+00   
0.00000000E+00   
0.00000000E+00   
0.00000000E+00   
0.00000000E+00   
0.00000000E+00   
0.00000000E+00   
0.00000000E+00   
0.00000000E+00   
0.00000000E+00   
0.00000000E+00   
0.00000000E+00   
0.00000000E+00   
0.00000000E+00   
0.00000000E+00   
0.00000000E+00   
0.00000000E+00   
0.00000000E+00   
0.00000000E+00   
0.00000000E+00   
0.00000000E+00   
0.00000000E+00   
0.00000000E+00   
0.00000000E+00   
0.00000000E+00   
0.00000000E+00   
0.00000000E+00   
0.00000000E+00   
0.00000000E+00   
0.00000000E+00   
0.00000000E+00   
0.00000000E+00   
0.00000000E+00   
0.00000000E+00   
0.00000000E+00   
0.00000000E+00   
0.00000000E+00   
0.00000000E+00   
0.00000000E+00   
0.00000000E+00   
0.00000000E+00   
0.00000000E+00   
0.00000000E+00   
0.00000000E+00   
0.00000000E+00   
0.00000000E+00   
0.00000000E+00   
0.00000000E+00   
0.00000000E+00   
0.00000000E+00   
0.00000000E+00   
0.00000000E+00   
0.00000000E+00   
0.00000000E+00   
0.00000000E+00   
0.00000000E+00   
0.00000000E+00   
0.00000000E+00   
0.00000000E+00   
0.00000000E+00   
0.00000000E+00   
0.00000000E+00   
0.00000000E+00   
0.00000000E+00   
0.00000000E+00   
0.00000000E+00   
0.00000000E+00   
0.00000000E+00   
0.00000000E+00   
0.00000000E+00   
0.00000000E+00   
0.00000000E+00   
0.00000000E+00   
0.00000000E+00   
0.00000000E+00   
0.00000000E+00   
0.00000000E+00   
0.00000000E+00   
0.00000000E+00   
0.00000000E+00   
0.00000000E+00   
0.00000000E+00   
0.00000000E+00   
0.00000000E+00   
0.00000000E+00   
0.00000000E+00   
0.00000000E+00   
0.00000000E+00   
0.00000000E+00   
0.00000000E+00   
0.00000000E+00   
0.00000000E+00   
0.00000000E+00   
0.00000000E+00   
0.00000000E+00   
0.00000000E+00   
0.00000000E+00   
0.00000000E+00   
0.00000000E+00   
0.00000000E+00   
0.00000000E+00   
0.00000000E+00   
0.00000000E+00   
0.00000000E+00   
0.00000000E+00   
0.00000000E+00   
0.00000000E+00   
0.00000000E+00   
0.00000000E+00   
0.00000000E+00   
0.00000000E+00   
0.00000000E+00   
0.00000000E+00   
0.00000000E+00   
0.00000000E+00   
0.00000000E+00   
0.00000000E+00   
0.00000000E+00   
0.00000000E+00   
0.00000000E+00   
0.00000000E+00   
0.00000000E+00   
0.00000000E+00   
0.00000000E+00   
0.00000000E+00   
0.00000000E+00   
0.00000000E+00   
0.00000000E+00   
0.00000000E+00   
0.00000000E+00   
0.00000000E+00   
0.00000000E+00   
0.00000000E+00   
0.00000000E+00   
0.00000000E+00   
0.00000000E+00   
0.00000000E+00   
0.00000000E+00   
0.00000000E+00   
0.00000000E+00   
0.00000000E+00   
0.00000000E+00   
0.00000000E+00   
0.00000000E+00   
0.00000000E+00   
0.00000000E+00   
0.00000000E+00   
0.00000000E+00   
0.00000000E+00   
0.00000000E+00   
0.00000000E+00   
0.00000000E+00   
0.00000000E+00   
0.00000000E+00   
0.00000000E+00   
0.00000000E+00   
0.00000000E+00   
0.00000000E+00   
0.00000000E+00   
0.00000000E+00   
0.00000000E+00   
0.00000000E+00   
0.00000000E+00   
0.00000000E+00   
0.00000000E+00   
0.00000000E+00   
0.00000000E+00   
0.00000000E+00   
0.00000000E+00   
0.00000000E+00   
0.00000000E+00   
0.00000000E+00   
0.00000000E+00   
0.00000000E+00   
0.00000000E+00   
0.00000000E+00   
0.00000000E+00   
0.00000000E+00   
0.00000000E+00   
0.00000000E+00   
0.00000000E+00   
0.00000000E+00   
0.00000000E+00   
0.00000000E+00   
0.00000000E+00   
0.00000000E+00   
0.00000000E+00   
0.00000000E+00   
0.00000000E+00   
0.00000000E+00   
0.00000000E+00   
0.00000000E+00   
0.00000000E+00   
0.00000000E+00   
0.00000000E+00   
0.00000000E+00   
0.00000000E+00   
0.00000000E+00   
0.00000000E+00   
0.00000000E+00   
0.00000000E+00   
0.00000000E+00   
0.00000000E+00   
0.00000000E+00   
0.00000000E+00   
0.00000000E+00   
0.00000000E+00   
0.00000000E+00   
0.00000000E+00   
0.00000000E+00   
0.00000000E+00   
0.00000000E+00   
0.00000000E+00   
0.00000000E+00   
0.00000000E+00   
0.00000000E+00   
0.00000000E+00   
0.00000000E+00   
0.00000000E+00   
0.00000000E+00   
0.00000000E+00   
0.00000000E+00   
0.00000000E+00   
0.00000000E+00   
0.00000000E+00   
0.00000000E+00   
0.00000000E+00   
0.00000000E+00   
0.00000000E+00   
0.00000000E+00   
0.00000000E+00   
0.00000000E+00   
0.00000000E+00   
0.00000000E+00   
0.00000000E+00   
0.00000000E+00   
0.00000000E+00   
0.00000000E+00   
0.00000000E+00   
0.00000000E+00   
0.00000000E+00   
0.00000000E+00   
0.00000000E+00   
0.00000000E+00   
0.00000000E+00   
0.00000000E+00   
0.00000000E+00   
0.00000000E+00   
0.00000000E+00   
0.00000000E+00   
0.00000000E+00   
0.00000000E+00   
0.00000000E+00   
0.00000000E+00   
0.00000000E+00   
0.00000000E+00   
0.00000000E+00   
0.00000000E+00   
0.00000000E+00   
0.00000000E+00   
0.00000000E+00   
0.00000000E+00   
0.00000000E+00   
0.00000000E+00   
0.00000000E+00   
0.00000000E+00   
0.00000000E+00   
0.00000000E+00   
0.00000000E+00   
0.00000000E+00   
0.00000000E+00   
0.00000000E+00   
0.00000000E+00   
0.00000000E+00   
0.00000000E+00   
0.00000000E+00   
0.00000000E+00   
0.00000000E+00   
0.00000000E+00   
0.00000000E+00   
0.00000000E+00   
0.00000000E+00   
0.00000000E+00   
0.00000000E+00   
0.00000000E+00   
0.00000000E+00   
0.00000000E+00   
0.00000000E+00   
0.00000000E+00   
0.00000000E+00   
0.00000000E+00   
0.00000000E+00   
0.00000000E+00   
0.00000000E+00   
0.00000000E+00   
0.00000000E+00   
0.00000000E+00   
0.00000000E+00   
0.00000000E+00   
0.00000000E+00   
0.00000000E+00   
0.00000000E+00   
0.00000000E+00   
0.00000000E+00   
0.00000000E+00   
0.00000000E+00   
0.00000000E+00   
0.00000000E+00   
0.00000000E+00   
0.00000000E+00   
0.00000000E+00   
0.00000000E+00   
0.00000000E+00   
0.00000000E+00   
0.00000000E+00   
0.00000000E+00   
0.00000000E+00   
0.00000000E+00   
0.00000000E+00   
0.00000000E+00   
0.00000000E+00   
0.00000000E+00   
0.00000000E+00   
0.00000000E+00   
0.00000000E+00   
0.00000000E+00   
0.00000000E+00   
0.00000000E+00   
0.00000000E+00   
0.00000000E+00   
0.00000000E+00   
0.00000000E+00   
0.00000000E+00   
0.00000000E+00   
0.00000000E+00   
0.00000000E+00   
0.00000000E+00   
0.00000000E+00   
0.00000000E+00   
0.00000000E+00   
0.00000000E+00   
0.00000000E+00   
0.00000000E+00   
0.00000000E+00   
0.00000000E+00   
0.00000000E+00   
0.00000000E+00   
0.00000000E+00   
0.00000000E+00   
0.00000000E+00   
0.00000000E+00   
0.00000000E+00   
0.00000000E+00   
0.00000000E+00   
0.00000000E+00   
0.00000000E+00   
0.00000000E+00   
0.00000000E+00   
0.00000000E+00   
0.00000000E+00   
0.00000000E+00   
0.00000000E+00   
0.00000000E+00   
0.00000000E+00   
0.00000000E+00   
0.00000000E+00   
0.00000000E+00   
0.00000000E+00   
0.00000000E+00   
0.00000000E+00   
0.00000000E+00   
0.00000000E+00   
0.00000000E+00   
0.00000000E+00   
0.00000000E+00   
0.00000000E+00   
0.00000000E+00   
0.00000000E+00   
0.00000000E+00   
0.00000000E+00   
0.00000000E+00   
0.00000000E+00   
0.00000000E+00   
0.00000000E+00   
0.00000000E+00   
0.00000000E+00   
0.00000000E+00   
0.00000000E+00   
0.00000000E+00   
0.00000000E+00   
0.00000000E+00   
0.00000000E+00   
0.00000000E+00   
0.00000000E+00   
0.00000000E+00   
0.00000000E+00   
0.00000000E+00   
0.00000000E+00   
0.00000000E+00   
0.00000000E+00   
0.00000000E+00   
0.00000000E+00   
0.00000000E+00   
0.00000000E+00   
0.00000000E+00   
0.00000000E+00   
0.00000000E+00   
0.00000000E+00   
0.00000000E+00   
0.00000000E+00   
0.00000000E+00   
0.00000000E+00   
0.00000000E+00   
0.00000000E+00   
0.00000000E+00   
0.00000000E+00   
0.00000000E+00   
0.00000000E+00   
0.00000000E+00   
0.00000000E+00   
0.00000000E+00   
0.00000000E+00   
0.00000000E+00   
0.00000000E+00   
0.00000000E+00   
0.00000000E+00   
0.00000000E+00   
0.00000000E+00   
0.00000000E+00   
0.00000000E+00   
0.00000000E+00   
0.00000000E+00   
0.00000000E+00   
0.00000000E+00   
0.00000000E+00   
0.00000000E+00   
0.00000000E+00   
0.00000000E+00   
0.00000000E+00   
0.00000000E+00   
0.00000000E+00   
0.00000000E+00   
0.00000000E+00   
0.00000000E+00   
0.00000000E+00   
0.00000000E+00   
0.00000000E+00   
0.00000000E+00   
0.00000000E+00   
0.00000000E+00   
0.00000000E+00   
0.00000000E+00   
0.00000000E+00   
0.00000000E+00   
0.00000000E+00   
0.00000000E+00   
0.00000000E+00   
0.00000000E+00   
0.00000000E+00   
0.00000000E+00   
0.00000000E+00   
0.00000000E+00   
0.00000000E+00   
0.00000000E+00   
0.00000000E+00   
0.00000000E+00   
0.00000000E+00   
0.00000000E+00   
0.00000000E+00   
0.00000000E+00   
0.00000000E+00   
0.00000000E+00   
0.00000000E+00   
0.00000000E+00   
0.00000000E+00   
0.00000000E+00   
0.00000000E+00   
0.00000000E+00   
0.00000000E+00   
0.00000000E+00   
0.00000000E+00   
0.00000000E+00   
0.00000000E+00   
0.00000000E+00   
0.00000000E+00   
0.00000000E+00   
0.00000000E+00   
0.00000000E+00   
0.00000000E+00   
0.00000000E+00   
0.00000000E+00   
0.00000000E+00   
0.00000000E+00   
0.00000000E+00   
0.00000000E+00   
0.00000000E+00   
0.00000000E+00   
0.00000000E+00   
0.00000000E+00   
0.00000000E+00   
0.00000000E+00   
0.00000000E+00   
0.00000000E+00   
0.00000000E+00   
0.00000000E+00   
0.00000000E+00   
0.00000000E+00   
0.00000000E+00   
0.00000000E+00   
0.00000000E+00   
0.00000000E+00   
0.00000000E+00   
0.00000000E+00   
0.00000000E+00   
0.00000000E+00   
0.00000000E+00   
0.00000000E+00   
0.00000000E+00   
0.00000000E+00   
0.00000000E+00   
0.00000000E+00   
0.00000000E+00   
0.00000000E+00   
0.00000000E+00   
0.00000000E+00   
0.00000000E+00   
0.00000000E+00   
0.00000000E+00   
0.00000000E+00   
0.00000000E+00   
0.00000000E+00   
0.00000000E+00   
0.00000000E+00   
0.00000000E+00   
0.00000000E+00   
0.00000000E+00   
0.00000000E+00   
0.00000000E+00   
0.00000000E+00   
0.00000000E+00   
0.00000000E+00   
0.00000000E+00   
0.00000000E+00   
0.00000000E+00   
0.00000000E+00   
0.00000000E+00   
0.00000000E+00   
0.00000000E+00   
0.00000000E+00   
0.00000000E+00   
0.00000000E+00   
0.00000000E+00   
0.00000000E+00   
0.00000000E+00   
0.00000000E+00   
0.00000000E+00   
0.00000000E+00   
0.00000000E+00   
0.00000000E+00   
0.00000000E+00   
0.00000000E+00   
0.00000000E+00   
0.00000000E+00   
0.00000000E+00   
0.00000000E+00   
0.00000000E+00   
0.00000000E+00   
0.00000000E+00   
0.00000000E+00   
0.00000000E+00   
0.00000000E+00   
0.00000000E+00   
0.00000000E+00   
0.00000000E+00   
0.00000000E+00   
0.00000000E+00   
0.00000000E+00   
0.00000000E+00   
0.00000000E+00   
0.00000000E+00   
0.00000000E+00   
0.00000000E+00   
0.00000000E+00   
0.00000000E+00   
0.00000000E+00   
0.00000000E+00   
0.00000000E+00   
0.00000000E+00   
0.00000000E+00   
0.00000000E+00   
0.00000000E+00   
0.00000000E+00   
0.00000000E+00   
0.00000000E+00   
0.00000000E+00   
0.00000000E+00   
0.00000000E+00   
0.00000000E+00   
0.00000000E+00   
0.00000000E+00   
0.00000000E+00   
0.00000000E+00   
0.00000000E+00   
0.00000000E+00   
0.00000000E+00   
0.00000000E+00   
0.00000000E+00   
0.00000000E+00   
0.00000000E+00   
0.00000000E+00   
0.00000000E+00   
0.00000000E+00   
0.00000000E+00   
0.00000000E+00   
0.00000000E+00   
0.00000000E+00   
0.00000000E+00   
0.00000000E+00   
0.00000000E+00   
0.00000000E+00   
0.00000000E+00   
0.00000000E+00   
0.00000000E+00   
0.00000000E+00   
0.00000000E+00   
0.00000000E+00   
0.00000000E+00   
0.00000000E+00   
0.00000000E+00   
0.00000000E+00   
0.00000000E+00   
0.00000000E+00   
0.00000000E+00   
0.00000000E+00   
0.00000000E+00   
0.00000000E+00   
0.00000000E+00   
0.00000000E+00   
0.00000000E+00   
0.00000000E+00   
0.00000000E+00   
0.00000000E+00   
0.00000000E+00   
0.00000000E+00   
0.00000000E+00   
0.00000000E+00   
0.00000000E+00   
0.00000000E+00   
0.00000000E+00   
0.00000000E+00   
0.00000000E+00   
0.00000000E+00   
0.00000000E+00   
0.00000000E+00   
0.00000000E+00   
0.00000000E+00   
0.00000000E+00   
0.00000000E+00   
0.00000000E+00   
0.00000000E+00   
0.00000000E+00   
0.00000000E+00   
0.00000000E+00   
0.00000000E+00   
0.00000000E+00   
0.00000000E+00   
0.00000000E+00   
0.00000000E+00   
0.00000000E+00   
0.00000000E+00   
0.00000000E+00   
0.00000000E+00   
0.00000000E+00   
0.00000000E+00   
0.00000000E+00   
0.00000000E+00   
0.00000000E+00   
0.00000000E+00   
0.00000000E+00   
0.00000000E+00   
0.00000000E+00   
0.00000000E+00   
0.00000000E+00   
0.00000000E+00   
0.00000000E+00   
0.00000000E+00   
0.00000000E+00   
0.00000000E+00   
0.00000000E+00   
0.00000000E+00   
0.00000000E+00   
0.00000000E+00   
0.00000000E+00   
0.00000000E+00   
0.00000000E+00   
0.00000000E+00   
0.00000000E+00   
0.00000000E+00   
0.00000000E+00   
0.00000000E+00   
0.00000000E+00   
0.00000000E+00   
0.00000000E+00   
0.00000000E+00   
0.00000000E+00   
0.00000000E+00   
0.00000000E+00   
0.00000000E+00   
0.00000000E+00   
0.00000000E+00   
0.00000000E+00   
0.00000000E+00   
0.00000000E+00   
0.00000000E+00   
0.00000000E+00   
0.00000000E+00   
0.00000000E+00   
0.00000000E+00   
0.00000000E+00   
0.00000000E+00   
0.00000000E+00   
0.00000000E+00   
0.00000000E+00   
0.00000000E+00   
0.00000000E+00   
0.00000000E+00   
0.00000000E+00   
0.00000000E+00   
0.00000000E+00   
0.00000000E+00   
0.00000000E+00   
0.00000000E+00   
0.00000000E+00   
0.00000000E+00   
0.00000000E+00   
0.00000000E+00   
0.00000000E+00   
0.00000000E+00   
0.00000000E+00   
0.00000000E+00   
0.00000000E+00   
0.00000000E+00   
0.00000000E+00   
0.00000000E+00   
0.00000000E+00   
0.00000000E+00   
0.00000000E+00   
0.00000000E+00   
0.00000000E+00   
0.00000000E+00   
0.00000000E+00   
0.00000000E+00   
!IDEND=

