!FILE=Disk 
!KIND=Spectrum 
!LABORATORY=Oslo Cyclotron Laboratory (OCL) 
!EXPERIMENT= oslo_method_python 
!COMMENT=Made by OMpy 
!TIME=DATE:08-Sep-20 09:57:31   
!CALIBRATION EkeV=6, 0.000000E+00, 2.000400E+00, 0.000000E+00 
!PRECISION=16 
!DIMENSION=1,0:4999 
!CHANNEL=(0:4999) 
1.91030006E+02   
3.29575015E+02   
3.68102020E+02   
4.17096819E+02   
4.21126425E+02   
4.78628626E+02   
4.91625025E+02   
5.03614223E+02   
5.44657431E+02   
5.65639028E+02   
6.04098420E+02   
5.79609022E+02   
5.68123225E+02   
6.63600120E+02   
6.90906381E+02   
6.94145629E+02   
7.04424485E+02   
7.64081616E+02   
8.01276755E+02   
8.49025605E+02   
8.66190038E+02   
9.34415283E+02   
9.46820664E+02   
9.88851470E+02   
1.09496299E+03   
1.23722945E+03   
1.37765053E+03   
1.43454731E+03   
1.48994109E+03   
1.56025835E+03   
1.58638718E+03   
1.73487848E+03   
1.85073685E+03   
1.99547289E+03   
1.96143319E+03   
2.09849570E+03   
2.15331826E+03   
2.20082777E+03   
2.36107251E+03   
2.33222444E+03   
2.36621394E+03   
2.46798590E+03   
2.58413103E+03   
2.53147650E+03   
2.57123695E+03   
2.64932106E+03   
2.63320514E+03   
2.73530146E+03   
2.78204381E+03   
2.73634807E+03   
2.73362843E+03   
2.76168424E+03   
2.76492218E+03   
2.82632416E+03   
2.86460592E+03   
2.87842228E+03   
2.88498610E+03   
2.86508022E+03   
2.86838718E+03   
2.92111202E+03   
2.93829796E+03   
2.90079636E+03   
2.75664583E+03   
2.81352951E+03   
2.89504381E+03   
2.82917143E+03   
2.77451170E+03   
2.74787508E+03   
2.81875985E+03   
2.82358622E+03   
2.86537377E+03   
2.79926915E+03   
2.79046259E+03   
2.81009292E+03   
2.72919244E+03   
2.70835057E+03   
2.69537247E+03   
2.79140898E+03   
2.79530546E+03   
2.70273435E+03   
2.74226265E+03   
2.70131746E+03   
2.61201150E+03   
2.69340608E+03   
2.63946509E+03   
2.70763743E+03   
2.69085637E+03   
2.79350090E+03   
2.84396529E+03   
2.66929856E+03   
2.73528176E+03   
2.72492478E+03   
2.72384657E+03   
2.67301310E+03   
2.65418214E+03   
2.74962883E+03   
2.59245619E+03   
2.52678356E+03   
2.50846409E+03   
2.50875255E+03   
2.50981696E+03   
2.46626605E+03   
2.44820044E+03   
2.45912462E+03   
2.45966053E+03   
2.39638508E+03   
2.35623905E+03   
2.34971614E+03   
2.31810742E+03   
2.35138768E+03   
2.21168604E+03   
2.23038588E+03   
2.23091168E+03   
2.16216723E+03   
2.17542549E+03   
2.15260302E+03   
2.04546609E+03   
2.11797960E+03   
2.03106681E+03   
2.10041728E+03   
2.07654401E+03   
2.01027676E+03   
2.12268504E+03   
2.17165743E+03   
2.12181596E+03   
2.15287808E+03   
2.09907592E+03   
2.11622124E+03   
2.07278766E+03   
2.02812462E+03   
1.99968804E+03   
2.02133217E+03   
2.03574745E+03   
2.04727916E+03   
1.99483857E+03   
2.00660442E+03   
1.92225215E+03   
2.01505701E+03   
1.93717744E+03   
1.96740728E+03   
1.96092809E+03   
1.91968774E+03   
1.94572925E+03   
1.82262432E+03   
1.82606871E+03   
1.76197840E+03   
1.82062162E+03   
1.76103551E+03   
1.74592659E+03   
1.72439058E+03   
1.69537898E+03   
1.73668354E+03   
1.78184697E+03   
1.74965993E+03   
1.67188298E+03   
1.65618384E+03   
1.75403191E+03   
1.63531346E+03   
1.63259072E+03   
1.63117053E+03   
1.61302721E+03   
1.64190298E+03   
1.56197520E+03   
1.51474485E+03   
1.58072605E+03   
1.53911792E+03   
1.53555041E+03   
1.46220214E+03   
1.45598310E+03   
1.38827425E+03   
1.34135427E+03   
1.39432767E+03   
1.40245309E+03   
1.33949990E+03   
1.35815873E+03   
1.27609832E+03   
1.26626465E+03   
1.28165923E+03   
1.21583567E+03   
1.20966543E+03   
1.17855241E+03   
1.25293629E+03   
1.16602901E+03   
1.22004161E+03   
1.19655681E+03   
1.21819074E+03   
1.22273315E+03   
1.14772284E+03   
1.15622204E+03   
1.11713183E+03   
1.14746469E+03   
1.07550100E+03   
1.11175155E+03   
1.11220644E+03   
1.10247710E+03   
1.08492669E+03   
1.10452460E+03   
1.03390698E+03   
1.04837658E+03   
1.05046129E+03   
1.02452931E+03   
1.08527435E+03   
1.07334707E+03   
1.05407862E+03   
1.02163113E+03   
1.00474585E+03   
9.78443989E+02   
1.03128136E+03   
1.02212873E+03   
1.00510952E+03   
9.62196439E+02   
9.64457992E+02   
1.00985997E+03   
1.00578596E+03   
9.91722945E+02   
9.84569114E+02   
9.07010902E+02   
9.47443289E+02   
9.02161732E+02   
9.29243349E+02   
9.16709742E+02   
8.91069014E+02   
9.06652731E+02   
9.17290258E+02   
9.04794259E+02   
9.02566613E+02   
9.00805161E+02   
8.85555711E+02   
9.12223345E+02   
9.06280256E+02   
8.87261052E+02   
8.86400680E+02   
8.34771754E+02   
8.55650830E+02   
8.30297660E+02   
8.37890878E+02   
8.33415183E+02   
8.51961392E+02   
8.33335567E+02   
8.40652230E+02   
8.20933387E+02   
7.96831066E+02   
7.64920184E+02   
7.43346669E+02   
7.60863173E+02   
8.08846369E+02   
8.14881876E+02   
7.66300060E+02   
7.81763253E+02   
7.70755151E+02   
7.43145129E+02   
6.76946889E+02   
7.04553211E+02   
5.80407732E+02   
5.41108222E+02   
5.41108222E+02   
5.41108222E+02   
5.41108222E+02   
4.97963643E+02   
3.81418484E+02   
3.81885877E+02   
3.80562212E+02   
3.63721344E+02   
3.62123425E+02   
3.78977996E+02   
3.66411982E+02   
3.56943589E+02   
3.30818864E+02   
3.54139428E+02   
3.62892679E+02   
3.53596419E+02   
3.64501300E+02   
3.54857872E+02   
4.06857972E+02   
3.44489398E+02   
3.45355971E+02   
3.43002100E+02   
3.38902280E+02   
3.37287658E+02   
3.56182236E+02   
3.64700240E+02   
3.53498900E+02   
3.32583517E+02   
3.45422284E+02   
3.44204241E+02   
3.43227345E+02   
3.34151830E+02   
3.09605521E+02   
3.14141128E+02   
3.18755251E+02   
3.30528106E+02   
3.20381176E+02   
3.06705841E+02   
3.14429386E+02   
3.21239848E+02   
2.91949590E+02   
3.22487898E+02   
3.11879476E+02   
2.79153931E+02   
3.02918284E+02   
2.84920684E+02   
3.17646829E+02   
3.07991498E+02   
2.97709642E+02   
3.10736947E+02   
3.10221144E+02   
2.86080216E+02   
2.84304061E+02   
2.87058812E+02   
3.09801760E+02   
2.86436987E+02   
2.69946689E+02   
2.92800160E+02   
3.03054211E+02   
2.97326265E+02   
2.97399780E+02   
2.69691638E+02   
2.92023205E+02   
2.85225145E+02   
2.78568914E+02   
2.64751150E+02   
2.67937888E+02   
2.82021004E+02   
2.88897379E+02   
2.66279856E+02   
2.89358672E+02   
2.65709142E+02   
2.55053211E+02   
3.08998900E+02   
2.64893779E+02   
2.63312462E+02   
2.79599220E+02   
2.86259852E+02   
2.74621624E+02   
2.52517504E+02   
2.71856571E+02   
2.57264953E+02   
2.36776755E+02   
2.40952290E+02   
2.45862172E+02   
2.43139428E+02   
2.49596419E+02   
2.47235147E+02   
2.74338568E+02   
2.48662833E+02   
2.71707542E+02   
2.49137728E+02   
2.48247550E+02   
2.46347570E+02   
2.07087618E+02   
2.14002801E+02   
2.30326465E+02   
2.39251150E+02   
2.27653731E+02   
2.15531206E+02   
2.28885777E+02   
2.14121324E+02   
2.23903781E+02   
2.23626525E+02   
2.51832867E+02   
2.11232747E+02   
2.24156531E+02   
2.07020404E+02   
2.21172635E+02   
2.12792759E+02   
2.24524005E+02   
2.02465593E+02   
2.12800260E+02   
2.19573715E+02   
1.94496099E+02   
2.08667133E+02   
2.10239348E+02   
1.91687037E+02   
2.10492398E+02   
1.94234247E+02   
2.02339268E+02   
1.89690238E+02   
1.95342068E+02   
1.87829366E+02   
1.77207742E+02   
1.93519704E+02   
1.95090618E+02   
1.86638428E+02   
1.68583517E+02   
1.86070114E+02   
2.03349670E+02   
1.99604021E+02   
1.96204841E+02   
2.04553111E+02   
1.97247750E+02   
1.89038008E+02   
1.86724745E+02   
1.65351270E+02   
1.71121124E+02   
2.02480196E+02   
1.75639228E+02   
1.59421584E+02   
1.79006301E+02   
1.79153931E+02   
1.92505201E+02   
1.85354871E+02   
2.01980896E+02   
1.94767453E+02   
1.78097219E+02   
1.79618924E+02   
1.69115823E+02   
1.52679336E+02   
1.48704341E+02   
1.64307962E+02   
1.72372575E+02   
1.62043309E+02   
1.63699440E+02   
1.98360372E+02   
1.63717443E+02   
1.54374475E+02   
1.57688538E+02   
1.54702641E+02   
1.50362272E+02   
1.80703541E+02   
1.85043709E+02   
1.59686237E+02   
1.66363773E+02   
1.58377175E+02   
1.38975895E+02   
1.49742949E+02   
1.53659432E+02   
1.52698240E+02   
1.69041108E+02   
1.44014903E+02   
1.75464693E+02   
1.62608022E+02   
1.58082917E+02   
1.69417083E+02   
1.54893879E+02   
1.59765953E+02   
1.50963493E+02   
1.42750450E+02   
1.41405981E+02   
1.42848670E+02   
1.48189438E+02   
1.56707842E+02   
1.71828266E+02   
1.52340968E+02   
1.38055511E+02   
1.57802761E+02   
1.33315463E+02   
1.42455891E+02   
1.70499400E+02   
1.63842869E+02   
1.39949390E+02   
1.44148130E+02   
1.64281056E+02   
1.43691938E+02   
1.49204441E+02   
1.51577315E+02   
1.39253151E+02   
1.48996099E+02   
1.51350570E+02   
1.36098220E+02   
1.64387377E+02   
1.42613523E+02   
1.20871974E+02   
1.41754051E+02   
1.34709042E+02   
1.25196539E+02   
1.31420284E+02   
1.32201740E+02   
1.15903381E+02   
1.45584017E+02   
1.64219144E+02   
1.48525305E+02   
1.36584817E+02   
1.36538308E+02   
1.60613023E+02   
1.39825065E+02   
1.26508102E+02   
1.36645529E+02   
1.31261852E+02   
1.16247349E+02   
1.42795359E+02   
1.22723645E+02   
1.09945989E+02   
1.30102721E+02   
1.25024805E+02   
1.30044709E+02   
1.40781856E+02   
1.42331766E+02   
1.30550810E+02   
1.23501200E+02   
1.35155131E+02   
1.20326965E+02   
1.25899280E+02   
1.32207842E+02   
1.19053611E+02   
1.35002400E+02   
1.35726245E+02   
1.27946089E+02   
1.29430886E+02   
1.17511602E+02   
1.27526805E+02   
1.20923285E+02   
1.23131126E+02   
1.13615523E+02   
1.35037608E+02   
1.30132727E+02   
1.30410482E+02   
1.21025205E+02   
1.20431286E+02   
1.32432887E+02   
1.07653831E+02   
1.20991298E+02   
1.27777055E+02   
1.12864873E+02   
1.07792559E+02   
1.10611122E+02   
1.22028106E+02   
1.21309262E+02   
1.19041308E+02   
1.31613523E+02   
1.21533507E+02   
1.17564013E+02   
1.21190238E+02   
1.29732246E+02   
1.10766953E+02   
1.30798360E+02   
1.17113323E+02   
1.11151930E+02   
1.05108922E+02   
1.26450890E+02   
1.22080116E+02   
1.14581616E+02   
9.80454091E+01   
1.09564613E+02   
1.32878176E+02   
1.19318364E+02   
1.19162733E+02   
1.06596919E+02   
1.21875575E+02   
1.16607321E+02   
1.04709942E+02   
1.24208642E+02   
1.27878476E+02   
1.02384077E+02   
1.06299360E+02   
9.82985597E+01   
9.79443889E+01   
1.27741848E+02   
1.03271254E+02   
1.08459292E+02   
1.13421984E+02   
1.14221644E+02   
1.12185137E+02   
1.22024405E+02   
1.30074515E+02   
1.07417984E+02   
1.03469294E+02   
1.04799960E+02   
9.30685137E+01   
9.39534907E+01   
1.02424785E+02   
1.05123025E+02   
1.09438788E+02   
1.12223245E+02   
1.03294959E+02   
1.17923385E+02   
1.01105321E+02   
1.07571114E+02   
1.16658832E+02   
1.18933487E+02   
1.00288658E+02   
9.80180036E+01   
8.05607121E+01   
9.93076615E+01   
9.04561912E+01   
1.03695139E+02   
1.13214743E+02   
1.09563913E+02   
1.14217544E+02   
1.22979696E+02   
1.03434587E+02   
1.03875575E+02   
9.56249250E+01   
1.01285357E+02   
1.09352470E+02   
1.13094319E+02   
1.09341468E+02   
9.16105221E+01   
1.09511802E+02   
8.86683337E+01   
1.16999900E+02   
9.19826965E+01   
1.08440288E+02   
1.01126425E+02   
1.09081316E+02   
1.13909282E+02   
1.04974195E+02   
9.88976795E+01   
1.13408882E+02   
9.63251650E+01   
1.28597820E+02   
9.97417483E+01   
1.11721644E+02   
1.07984597E+02   
9.14173835E+01   
1.00884777E+02   
9.76611322E+01   
7.67570514E+01   
8.79313863E+01   
1.01815463E+02   
9.54306861E+01   
9.26489298E+01   
1.01906581E+02   
9.32963593E+01   
8.31106221E+01   
6.49451890E+01   
8.25405081E+01   
1.04228746E+02   
1.04020004E+02   
8.67776555E+01   
9.82537508E+01   
9.15391078E+01   
1.08766253E+02   
9.17670534E+01   
9.90184037E+01   
1.10018404E+02   
9.90204041E+01   
9.42683537E+01   
1.10779056E+02   
1.13780456E+02   
9.92437487E+01   
9.45229046E+01   
1.01008602E+02   
9.22767554E+01   
9.92653531E+01   
8.85107021E+01   
9.07378476E+01   
9.62601520E+01   
9.55851170E+01   
8.85527105E+01   
1.04463893E+02   
9.05309062E+01   
8.02093419E+01   
9.76425285E+01   
9.13886777E+01   
6.92263453E+01   
1.01695139E+02   
9.29185837E+01   
9.91262252E+01   
9.56684337E+01   
8.64982997E+01   
8.12159432E+01   
8.31004201E+01   
9.40626125E+01   
9.45887177E+01   
1.12974995E+02   
1.00783057E+02   
1.05783857E+02   
9.44432887E+01   
8.73095619E+01   
1.06492699E+02   
1.10369374E+02   
8.96698340E+01   
9.16040208E+01   
9.09660932E+01   
8.51911382E+01   
1.03784657E+02   
8.62521504E+01   
8.82513503E+01   
9.10180036E+01   
8.92501500E+01   
6.84937988E+01   
9.73025605E+01   
8.92564513E+01   
7.45536107E+01   
8.12514503E+01   
8.87882577E+01   
8.65597119E+01   
8.73928786E+01   
7.43880776E+01   
8.61018204E+01   
8.60160032E+01   
9.28792759E+01   
8.54293859E+01   
9.04738948E+01   
1.07793859E+02   
9.90204041E+01   
8.29498900E+01   
8.90152030E+01   
7.73624725E+01   
7.89954991E+01   
8.93588718E+01   
7.73439688E+01   
9.90087017E+01   
9.66835367E+01   
8.25762152E+01   
6.64575915E+01   
1.05808462E+02   
9.52425485E+01   
9.85801160E+01   
9.33241648E+01   
8.26975395E+01   
9.28957792E+01   
8.73304661E+01   
9.73918784E+01   
9.98010602E+01   
9.00196039E+01   
8.48889778E+01   
9.30655131E+01   
8.15374075E+01   
8.66672334E+01   
9.25278056E+01   
8.44454891E+01   
9.95749150E+01   
9.62349470E+01   
8.83048610E+01   
7.61550310E+01   
7.60935187E+01   
8.61654331E+01   
9.48062613E+01   
9.01706341E+01   
8.97147429E+01   
8.48062613E+01   
8.56508302E+01   
8.92273455E+01   
8.66468294E+01   
9.73372675E+01   
8.44370874E+01   
7.86444289E+01   
8.04761952E+01   
7.11810362E+01   
7.65997199E+01   
9.17719544E+01   
1.02983697E+02   
8.82269454E+01   
9.02261452E+01   
8.76655331E+01   
1.01936287E+02   
7.09162833E+01   
8.81966393E+01   
9.59956991E+01   
9.44258852E+01   
8.88309662E+01   
8.30307061E+01   
7.83936787E+01   
9.69850970E+01   
9.18562713E+01   
8.32169434E+01   
7.68095619E+01   
9.38170634E+01   
7.90180036E+01   
8.98169634E+01   
7.98203641E+01   
8.80029006E+01   
7.40274055E+01   
9.14223845E+01   
9.14360872E+01   
9.58105621E+01   
8.68073615E+01   
7.35903181E+01   
9.68765753E+01   
8.25658132E+01   
8.42579516E+01   
8.67993599E+01   
7.79906981E+01   
8.84042809E+01   
7.90152030E+01   
8.26285257E+01   
8.36301260E+01   
8.07869574E+01   
7.73252651E+01   
8.47051410E+01   
7.80585117E+01   
9.34443889E+01   
7.73048610E+01   
7.62037407E+01   
8.84952991E+01   
1.01637728E+02   
7.35287057E+01   
8.91286257E+01   
8.65824165E+01   
8.46413283E+01   
9.93948790E+01   
9.25750150E+01   
8.95233047E+01   
9.06940388E+01   
9.32291458E+01   
9.35039008E+01   
8.76481296E+01   
8.32806561E+01   
7.68362673E+01   
7.33069614E+01   
6.13180636E+01   
7.68155631E+01   
8.46505301E+01   
8.13771754E+01   
9.39295859E+01   
8.41984397E+01   
7.87413483E+01   
7.75576115E+01   
7.07353471E+01   
7.36766353E+01   
9.30184037E+01   
7.02709542E+01   
7.87297459E+01   
5.81516303E+01   
7.90990198E+01   
7.95500100E+01   
9.22474495E+01   
7.34341868E+01   
7.67210442E+01   
6.74218844E+01   
7.36101220E+01   
9.24415883E+01   
7.84630926E+01   
8.05364073E+01   
7.56229246E+01   
7.98426685E+01   
9.40540108E+01   
8.77710542E+01   
8.39454891E+01   
6.58102621E+01   
8.69871974E+01   
1.03453591E+02   
9.34342869E+01   
8.28246649E+01   
8.20552110E+01   
8.01669334E+01   
7.61845369E+01   
8.30040008E+01   
8.05220044E+01   
6.45324065E+01   
7.48390678E+01   
6.16793359E+01   
8.16817363E+01   
7.86817363E+01   
7.46785357E+01   
8.58646729E+01   
7.08334667E+01   
7.31921384E+01   
9.01809362E+01   
7.56713343E+01   
8.67081416E+01   
8.66697339E+01   
7.26665333E+01   
8.53934787E+01   
7.90188038E+01   
8.27934587E+01   
7.43706741E+01   
8.08922785E+01   
8.50188038E+01   
8.61785357E+01   
6.90897179E+01   
8.33113623E+01   
7.16662332E+01   
6.75876175E+01   
8.04875975E+01   
6.90692138E+01   
8.28586717E+01   
8.24855971E+01   
8.61412282E+01   
6.90441088E+01   
7.57037407E+01   
8.24658932E+01   
9.22554511E+01   
7.73994799E+01   
7.22474495E+01   
8.23210642E+01   
9.41079216E+01   
7.33939788E+01   
6.76038208E+01   
7.94934987E+01   
5.52847570E+01   
8.09901980E+01   
7.56726345E+01   
7.01625325E+01   
7.42633527E+01   
8.06247249E+01   
8.82118424E+01   
7.75025005E+01   
8.96431286E+01   
7.42355471E+01   
7.94242849E+01   
8.01621324E+01   
8.52564513E+01   
8.94579916E+01   
7.28927786E+01   
7.70333067E+01   
7.12885577E+01   
9.50152030E+01   
8.17180436E+01   
6.50371074E+01   
8.07171434E+01   
9.15875175E+01   
7.53035607E+01   
7.52963593E+01   
8.25963193E+01   
6.54094819E+01   
7.96257251E+01   
7.78444689E+01   
7.90124025E+01   
7.91740348E+01   
8.20395079E+01   
8.99900980E+01   
8.63221644E+01   
8.66024205E+01   
9.56048210E+01   
8.72551510E+01   
8.41940388E+01   
7.65641128E+01   
7.63776755E+01   
8.28407682E+01   
6.89133827E+01   
7.53385677E+01   
7.65533107E+01   
7.25382076E+01   
7.86866373E+01   
7.52159432E+01   
8.83477696E+01   
6.10144029E+01   
8.74858972E+01   
7.54649930E+01   
6.78296659E+01   
7.44914983E+01   
8.04525905E+01   
7.42316463E+01   
8.22742549E+01   
8.17553511E+01   
8.87569514E+01   
7.95297059E+01   
7.56296259E+01   
8.66102220E+01   
7.61655331E+01   
7.16506301E+01   
7.41405281E+01   
7.77523505E+01   
8.27661532E+01   
7.88956791E+01   
7.36402280E+01   
5.97607522E+01   
8.05287057E+01   
8.23903781E+01   
7.41279256E+01   
7.72602521E+01   
7.37685537E+01   
7.65029006E+01   
8.28910782E+01   
7.60426085E+01   
6.82256451E+01   
7.15661132E+01   
7.64976995E+01   
9.35014003E+01   
7.70525105E+01   
7.56821364E+01   
9.49966993E+01   
9.40184037E+01   
6.67247449E+01   
9.11333267E+01   
7.51971394E+01   
7.10184037E+01   
6.81796359E+01   
6.95930186E+01   
7.06664333E+01   
7.56345269E+01   
8.45910182E+01   
6.68423685E+01   
7.80767153E+01   
7.29233847E+01   
6.86585317E+01   
6.93559712E+01   
8.06808362E+01   
8.74652931E+01   
7.01319264E+01   
7.49016803E+01   
7.33483697E+01   
8.11257251E+01   
8.06860372E+01   
8.43604721E+01   
8.11080216E+01   
7.95807161E+01   
7.56651330E+01   
6.09062813E+01   
8.39411882E+01   
8.67668534E+01   
7.26547309E+01   
6.92703541E+01   
7.77560512E+01   
9.09599920E+01   
6.66467293E+01   
1.07715343E+02   
7.59389878E+01   
7.30124025E+01   
7.83924785E+01   
9.31914383E+01   
6.68381676E+01   
6.05254051E+01   
8.73007602E+01   
8.73063613E+01   
8.16147229E+01   
8.30252050E+01   
7.52162432E+01   
8.82174435E+01   
7.80116023E+01   
8.26187237E+01   
7.80160032E+01   
7.52122424E+01   
6.56015203E+01   
6.84993999E+01   
7.35570114E+01   
8.27272454E+01   
7.57869574E+01   
7.93019604E+01   
8.71557311E+01   
7.95867173E+01   
6.52038408E+01   
6.81081216E+01   
8.30764153E+01   
7.86443289E+01   
8.47625525E+01   
7.64785957E+01   
7.43691738E+01   
6.12919584E+01   
8.01982396E+01   
8.45602120E+01   
8.33788758E+01   
6.37361472E+01   
8.51148230E+01   
8.47480496E+01   
6.47285457E+01   
7.46599320E+01   
9.32799560E+01   
8.04880976E+01   
8.50168034E+01   
7.61906381E+01   
8.21025205E+01   
8.07045409E+01   
6.98409682E+01   
7.10132026E+01   
6.23528706E+01   
8.42509502E+01   
7.34263853E+01   
7.31900380E+01   
7.67624525E+01   
7.20136027E+01   
7.12611522E+01   
8.16839368E+01   
7.10957191E+01   
7.56883377E+01   
7.60152030E+01   
8.08541708E+01   
8.20160032E+01   
7.47768554E+01   
6.74137828E+01   
8.99362873E+01   
7.86437287E+01   
7.53874775E+01   
8.00156031E+01   
6.45568114E+01   
8.93205641E+01   
8.14754951E+01   
9.18722745E+01   
7.97771554E+01   
8.50913183E+01   
8.15400080E+01   
8.04911982E+01   
6.10897179E+01   
8.00889178E+01   
7.32083417E+01   
7.52379476E+01   
8.14530906E+01   
7.22319464E+01   
8.18709742E+01   
7.74446889E+01   
7.91602320E+01   
5.02868574E+01   
9.28184637E+01   
6.50629126E+01   
7.23180636E+01   
6.81530306E+01   
7.68773755E+01   
6.94238848E+01   
7.44710942E+01   
8.58140628E+01   
8.04186837E+01   
7.31478296E+01   
8.72867574E+01   
8.20841168E+01   
6.78670734E+01   
7.48180636E+01   
7.67559512E+01   
8.08232647E+01   
7.06539308E+01   
7.70128026E+01   
7.84465893E+01   
7.28288658E+01   
7.24523905E+01   
7.61999400E+01   
8.99712943E+01   
8.54467894E+01   
7.70781156E+01   
8.53778756E+01   
7.01939388E+01   
6.82508502E+01   
7.80120024E+01   
7.92513503E+01   
6.74820964E+01   
5.99562913E+01   
7.94985997E+01   
7.47009402E+01   
7.86176235E+01   
6.08576715E+01   
8.81186237E+01   
8.30164033E+01   
7.04556911E+01   
6.66861372E+01   
7.30156031E+01   
8.08007602E+01   
8.85907181E+01   
7.89727946E+01   
7.78031606E+01   
6.90148030E+01   
7.57562513E+01   
7.80681136E+01   
7.60673135E+01   
8.27129426E+01   
6.46197239E+01   
8.14667934E+01   
8.59193839E+01   
7.62633527E+01   
8.70653131E+01   
6.98239648E+01   
8.73042609E+01   
8.88736747E+01   
8.22044409E+01   
6.91547309E+01   
9.12301460E+01   
8.42950590E+01   
7.72902581E+01   
6.15998200E+01   
6.45212042E+01   
7.66623325E+01   
7.83243649E+01   
7.61888378E+01   
8.18423685E+01   
7.12281456E+01   
8.37188438E+01   
7.60164033E+01   
7.33055611E+01   
8.28090618E+01   
7.59750950E+01   
8.50160032E+01   
8.05792158E+01   
6.88458692E+01   
7.65062012E+01   
8.39016803E+01   
8.33232647E+01   
7.71283257E+01   
7.10140028E+01   
7.96818364E+01   
9.49810962E+01   
7.92707542E+01   
7.10152030E+01   
8.47327465E+01   
6.93325665E+01   
6.31183237E+01   
7.69112823E+01   
8.05429086E+01   
7.83867774E+01   
9.41805361E+01   
7.88839768E+01   
8.48229646E+01   
7.82082416E+01   
6.52660532E+01   
6.28269654E+01   
6.51978396E+01   
7.79220844E+01   
8.49838968E+01   
7.39553911E+01   
8.77546509E+01   
7.41324265E+01   
6.44383877E+01   
7.47614523E+01   
8.77413483E+01   
6.55296059E+01   
7.47457491E+01   
8.69103821E+01   
7.31449290E+01   
7.09637928E+01   
7.70152030E+01   
7.60152030E+01   
7.78705741E+01   
8.21361272E+01   
7.89689938E+01   
6.22912583E+01   
7.68765753E+01   
7.10140028E+01   
5.81225245E+01   
9.65433087E+01   
7.53552711E+01   
7.19938988E+01   
7.30349070E+01   
8.39749950E+01   
6.80345069E+01   
6.50337067E+01   
7.97368474E+01   
6.83824765E+01   
7.09769954E+01   
8.78228646E+01   
9.29499900E+01   
8.52337467E+01   
7.89495899E+01   
7.99999000E+01   
6.80925185E+01   
5.80885177E+01   
7.38959792E+01   
9.29023805E+01   
7.11006201E+01   
6.91490298E+01   
8.29216843E+01   
7.40148030E+01   
8.69784957E+01   
7.11096219E+01   
7.60241048E+01   
6.79142829E+01   
8.19319864E+01   
6.81606321E+01   
7.99844969E+01   
8.69310862E+01   
7.51697339E+01   
7.39265853E+01   
6.80642128E+01   
9.09361872E+01   
7.50537107E+01   
6.80083017E+01   
9.49505901E+01   
7.90928186E+01   
8.09577916E+01   
7.40559112E+01   
6.71042208E+01   
7.49637928E+01   
7.49758952E+01   
7.80460092E+01   
8.69933987E+01   
8.59836967E+01   
8.70500100E+01   
7.80131026E+01   
8.10173035E+01   
7.30139028E+01   
5.70318064E+01   
6.90009002E+01   
7.80141028E+01   
7.50123025E+01   
7.90154031E+01   
6.00158032E+01   
7.20249050E+01   
8.50077015E+01   
7.60313063E+01   
7.90072014E+01   
8.50536107E+01   
9.49896979E+01   
8.49824965E+01   
6.50656131E+01   
8.49905981E+01   
8.20113023E+01   
7.80325065E+01   
7.49699940E+01   
7.31022204E+01   
8.99860972E+01   
8.78826765E+01   
5.71450290E+01   
8.70093019E+01   
7.79503901E+01   
6.50832166E+01   
7.48256651E+01   
5.71699340E+01   
8.19953991E+01   
7.90453091E+01   
7.19834967E+01   
8.50921184E+01   
8.69136827E+01   
7.20731146E+01   
9.09663933E+01   
6.80013003E+01   
7.00922184E+01   
8.99079816E+01   
7.02074415E+01   
8.16751350E+01   
6.32293459E+01   
7.72262452E+01   
8.59118824E+01   
8.37790558E+01   
7.10279056E+01   
7.20621124E+01   
7.93381676E+01   
1.02863273E+02   
7.79455891E+01   
6.58325665E+01   
8.51799360E+01   
8.51107221E+01   
8.28221644E+01   
7.49534907E+01   
6.43571714E+01   
8.27082416E+01   
6.30972194E+01   
7.11649330E+01   
7.50610122E+01   
8.47057411E+01   
5.91940388E+01   
7.53621724E+01   
9.74574915E+01   
6.79163833E+01   
5.83749750E+01   
8.09422885E+01   
6.51909382E+01   
8.47629526E+01   
8.12471494E+01   
8.38860772E+01   
8.58820764E+01   
6.93388678E+01   
8.49633927E+01   
8.47943589E+01   
7.51559312E+01   
7.69589918E+01   
8.86954391E+01   
7.15423085E+01   
8.21978396E+01   
9.18086617E+01   
7.88337668E+01   
8.28911782E+01   
8.18879776E+01   
8.10124025E+01   
7.37231446E+01   
9.88249650E+01   
8.68863773E+01   
7.90507101E+01   
8.26107221E+01   
6.82529506E+01   
8.12585517E+01   
8.88779756E+01   
9.30168034E+01   
7.91963393E+01   
8.53289658E+01   
6.43048610E+01   
6.29401880E+01   
6.69760952E+01   
6.74680936E+01   
7.67881576E+01   
7.30156031E+01   
7.81720344E+01   
7.71357271E+01   
8.47789558E+01   
8.32981596E+01   
7.86117223E+01   
7.39736947E+01   
7.58483697E+01   
6.86414283E+01   
8.43841768E+01   
7.01836367E+01   
6.83677736E+01   
6.89655931E+01   
8.22707542E+01   
6.14091818E+01   
7.64163833E+01   
7.78822765E+01   
7.91984397E+01   
9.86966393E+01   
7.69225845E+01   
9.32479496E+01   
9.28279656E+01   
8.01098220E+01   
8.16323265E+01   
8.06259252E+01   
6.79346869E+01   
8.93292659E+01   
7.40014003E+01   
8.94202841E+01   
7.83162633E+01   
9.96618324E+01   
8.08606721E+01   
6.94763953E+01   
8.61721344E+01   
9.39129826E+01   
6.92276455E+01   
9.26466293E+01   
7.76042208E+01   
8.89417884E+01   
9.34464893E+01   
8.69452891E+01   
9.25811162E+01   
8.57967594E+01   
7.70172034E+01   
7.38482697E+01   
7.95056011E+01   
6.82408482E+01   
8.32440488E+01   
8.39576915E+01   
9.20152030E+01   
7.57803561E+01   
7.13091618E+01   
7.24799960E+01   
6.85512102E+01   
8.48346669E+01   
8.11358272E+01   
8.93207642E+01   
8.92017403E+01   
8.65231046E+01   
7.68252651E+01   
8.68322665E+01   
8.50192038E+01   
8.95746149E+01   
7.73359672E+01   
7.50184037E+01   
8.66948390E+01   
8.02768554E+01   
7.92973595E+01   
6.94090818E+01   
8.62865573E+01   
7.16120224E+01   
8.14178836E+01   
7.86800360E+01   
7.83551710E+01   
8.99492899E+01   
9.48110622E+01   
7.62924585E+01   
9.65042008E+01   
8.72026405E+01   
7.46975395E+01   
1.01676035E+02   
6.43675735E+01   
7.23715743E+01   
8.48789758E+01   
8.95745149E+01   
6.81582316E+01   
6.88178636E+01   
8.24298860E+01   
7.67539508E+01   
1.02464693E+02   
9.69004801E+01   
7.63672735E+01   
9.51734347E+01   
8.46567313E+01   
8.74054811E+01   
6.67799560E+01   
8.47083417E+01   
8.21004201E+01   
8.97091418E+01   
8.21758352E+01   
8.85477095E+01   
7.80967193E+01   
7.91770354E+01   
7.27790558E+01   
8.45357071E+01   
7.46609322E+01   
8.88827766E+01   
6.69909982E+01   
8.73452691E+01   
7.56198240E+01   
6.50050010E+01   
8.34353871E+01   
8.35133027E+01   
7.29350870E+01   
7.41850370E+01   
8.25089018E+01   
8.20148030E+01   
7.38699740E+01   
9.09018804E+01   
7.12725545E+01   
7.01015203E+01   
8.41477295E+01   
9.20950190E+01   
6.27149430E+01   
7.96615323E+01   
7.30132026E+01   
8.49043809E+01   
8.83905781E+01   
7.20144029E+01   
8.80079016E+01   
9.20188038E+01   
8.78365673E+01   
8.72010402E+01   
8.98349670E+01   
9.53872775E+01   
8.79268854E+01   
8.22054411E+01   
1.01832967E+02   
8.68313663E+01   
8.55843169E+01   
1.07020804E+02   
1.02306161E+02   
1.03729546E+02   
7.05471094E+01   
9.40556111E+01   
7.11754351E+01   
9.04368874E+01   
9.13097620E+01   
9.58017604E+01   
9.77266453E+01   
8.88229646E+01   
8.55240048E+01   
9.51171234E+01   
8.44176835E+01   
1.03818964E+02   
8.90044009E+01   
7.88421684E+01   
9.99052811E+01   
9.03233647E+01   
8.05072014E+01   
8.18113623E+01   
8.72941588E+01   
7.86695339E+01   
9.04352871E+01   
1.15621824E+02   
7.14780956E+01   
7.58073615E+01   
7.71726345E+01   
7.53313663E+01   
8.44400880E+01   
8.37239448E+01   
9.00587117E+01   
7.86966393E+01   
7.67229446E+01   
8.15297059E+01   
9.49315863E+01   
6.68877776E+01   
8.72370474E+01   
8.99088818E+01   
9.69151830E+01   
8.71181236E+01   
9.52439488E+01   
8.52424485E+01   
9.49080816E+01   
9.41210242E+01   
8.37909582E+01   
8.44499900E+01   
7.75111022E+01   
8.98831766E+01   
9.80184037E+01   
7.60184037E+01   
8.41764353E+01   
6.54740948E+01   
7.82454491E+01   
7.95491098E+01   
6.57131426E+01   
8.66008202E+01   
8.04295859E+01   
8.77274455E+01   
1.03356371E+02   
7.27928586E+01   
7.70650130E+01   
8.23295659E+01   
7.76594319E+01   
1.02258652E+02   
9.11395279E+01   
9.34135827E+01   
8.89893979E+01   
9.68257652E+01   
7.95025005E+01   
7.09965993E+01   
8.16336267E+01   
9.93905781E+01   
9.71537307E+01   
9.55265053E+01   
7.32630526E+01   
9.23897780E+01   
8.07687538E+01   
1.01018004E+02   
8.91337267E+01   
6.85221044E+01   
8.27625525E+01   
8.96536307E+01   
8.82270454E+01   
8.62956591E+01   
8.48578716E+01   
7.84331866E+01   
8.07581516E+01   
8.69652931E+01   
8.91978396E+01   
7.99709942E+01   
8.68983797E+01   
9.97071414E+01   
7.94906981E+01   
7.19430886E+01   
8.97632527E+01   
8.40128026E+01   
8.59503901E+01   
1.00753751E+02   
1.01737247E+02   
8.61127225E+01   
1.01861172E+02   
9.87457491E+01   
8.04237848E+01   
8.81992398E+01   
8.44678936E+01   
7.05617123E+01   
8.95276055E+01   
9.53640728E+01   
7.83976795E+01   
9.02380476E+01   
9.73813763E+01   
8.80172034E+01   
7.50172034E+01   
8.68591718E+01   
8.27381476E+01   
9.84421884E+01   
9.96047209E+01   
8.47191438E+01   
9.71705341E+01   
8.53010602E+01   
9.47339468E+01   
1.02447089E+02   
8.42999600E+01   
8.14402881E+01   
9.11738348E+01   
9.31643329E+01   
9.32732547E+01   
8.18089618E+01   
1.10269254E+02   
9.55531106E+01   
8.05750150E+01   
7.97201440E+01   
8.39374875E+01   
9.58712743E+01   
8.89780956E+01   
7.49111822E+01   
9.17197439E+01   
8.58171634E+01   
9.99704941E+01   
9.92112422E+01   
9.39219844E+01   
9.54721944E+01   
8.89303861E+01   
9.74118824E+01   
8.90196039E+01   
8.76321264E+01   
1.04253551E+02   
8.33259652E+01   
8.53171634E+01   
6.31050210E+01   
9.06389278E+01   
8.68644729E+01   
9.73314663E+01   
8.52387477E+01   
7.42943589E+01   
8.19567914E+01   
7.99615923E+01   
9.57029406E+01   
8.04346869E+01   
7.40775155E+01   
9.82235447E+01   
8.05386077E+01   
8.89755951E+01   
9.43390678E+01   
9.73762753E+01   
9.05010002E+01   
9.58572715E+01   
9.60468094E+01   
8.33406681E+01   
8.30404081E+01   
8.81351270E+01   
9.42207441E+01   
7.76873375E+01   
7.98500700E+01   
7.46381276E+01   
1.03527405E+02   
9.46837367E+01   
1.03866073E+02   
8.86833367E+01   
8.85194039E+01   
9.20156031E+01   
8.73562713E+01   
9.21795359E+01   
9.85222044E+01   
1.01187137E+02   
8.86805361E+01   
1.06339868E+02   
1.00506601E+02   
1.02548210E+02   
9.16529306E+01   
8.83310662E+01   
7.13862773E+01   
9.66733347E+01   
9.52227445E+01   
1.04155531E+02   
9.52679536E+01   
1.05113523E+02   
1.04191938E+02   
8.89360872E+01   
9.77512503E+01   
1.02294359E+02   
1.08022805E+02   
1.04615323E+02   
9.34905981E+01   
8.56649330E+01   
8.66118224E+01   
1.02133527E+02   
1.00663333E+02   
9.97317463E+01   
1.09126325E+02   
9.41676335E+01   
1.02586517E+02   
9.97600520E+01   
8.92791558E+01   
8.75737147E+01   
9.48277656E+01   
9.59311862E+01   
8.59276855E+01   
9.08376675E+01   
1.05212442E+02   
9.63616723E+01   
8.74657932E+01   
9.10385077E+01   
9.03605721E+01   
8.96786357E+01   
9.83898780E+01   
1.01092719E+02   
7.90184037E+01   
9.54593919E+01   
8.93243649E+01   
1.03084317E+02   
9.82678536E+01   
9.93319664E+01   
1.01642529E+02   
9.43958792E+01   
9.85061012E+01   
8.86892378E+01   
9.42421484E+01   
1.06877976E+02   
1.01971294E+02   
9.82107421E+01   
9.28284657E+01   
8.72921584E+01   
8.90551110E+01   
1.05555111E+02   
8.56309262E+01   
9.07582517E+01   
9.42442488E+01   
9.12410482E+01   
1.05822064E+02   
8.11872374E+01   
9.49741948E+01   
1.01651230E+02   
8.72529506E+01   
9.80164033E+01   
9.73820764E+01   
1.01848270E+02   
8.82044409E+01   
1.13994299E+02   
1.09646629E+02   
1.10814963E+02   
1.10618624E+02   
9.78212643E+01   
9.56150230E+01   
8.58280656E+01   
1.03613623E+02   
9.38172635E+01   
8.77970594E+01   
7.24420884E+01   
9.20051010E+01   
9.87979596E+01   
7.72533507E+01   
8.96503301E+01   
1.03408982E+02   
9.49496899E+01   
8.50405081E+01   
9.44278856E+01   
9.20770154E+01   
9.20216043E+01   
9.47811562E+01   
8.91906381E+01   
9.20176035E+01   
9.27208442E+01   
1.07356071E+02   
1.05602120E+02   
1.06901080E+02   
1.09136527E+02   
1.09438688E+02   
9.82816563E+01   
1.07600520E+02   
8.93877776E+01   
1.07443089E+02   
1.00113323E+02   
9.21406281E+01   
1.04893779E+02   
8.89354871E+01   
9.78072615E+01   
9.80204041E+01   
1.01591718E+02   
9.60869174E+01   
8.78128626E+01   
9.43745749E+01   
1.05235947E+02   
9.91550310E+01   
1.02718344E+02   
8.60564113E+01   
1.09411482E+02   
8.51069214E+01   
1.01054111E+02   
9.28905781E+01   
9.96469294E+01   
1.03022004E+02   
1.03702340E+02   
8.90027005E+01   
1.07036507E+02   
8.63561712E+01   
8.67846569E+01   
1.19805761E+02   
9.90212042E+01   
1.07912182E+02   
1.03568214E+02   
9.58067614E+01   
1.00677936E+02   
9.12626525E+01   
1.26551010E+02   
9.08930786E+01   
9.75956191E+01   
9.46639328E+01   
8.46016203E+01   
9.69792959E+01   
8.66064213E+01   
1.02336567E+02   
9.58930786E+01   
1.09513003E+02   
1.02190438E+02   
9.03920784E+01   
9.53968794E+01   
1.10722545E+02   
8.74000800E+01   
1.02712943E+02   
9.44786957E+01   
9.04802961E+01   
9.97138428E+01   
1.02807361E+02   
1.06998300E+02   
9.83193639E+01   
1.03718244E+02   
8.36977395E+01   
1.15636827E+02   
8.53743749E+01   
8.64825965E+01   
1.05671234E+02   
1.11429786E+02   
1.06493499E+02   
1.00731846E+02   
9.96513303E+01   
9.37314463E+01   
9.56405281E+01   
8.83062613E+01   
1.15635727E+02   
1.06171534E+02   
1.07543709E+02   
1.16221744E+02   
1.05101220E+02   
1.06298560E+02   
9.78138628E+01   
1.06916183E+02   
1.02328766E+02   
1.04624225E+02   
1.30599720E+02   
9.83759752E+01   
9.37220444E+01   
9.20442088E+01   
1.01217544E+02   
1.08001000E+02   
1.07552711E+02   
1.05757852E+02   
1.09546709E+02   
1.08251750E+02   
9.62947590E+01   
9.62663533E+01   
9.30000000E+01   
1.09287157E+02   
9.60068014E+01   
1.23789458E+02   
9.90180036E+01   
9.85081016E+01   
1.19276955E+02   
1.07022805E+02   
1.13264153E+02   
1.03264553E+02   
9.42683537E+01   
9.90328066E+01   
9.82727546E+01   
9.75263053E+01   
8.99837968E+01   
9.38058612E+01   
9.90054011E+01   
1.15326165E+02   
1.22986797E+02   
1.04766453E+02   
1.10510102E+02   
1.06556111E+02   
1.33048210E+02   
1.09200140E+02   
9.20486097E+01   
1.08884877E+02   
1.14320864E+02   
1.04050610E+02   
1.05900080E+02   
1.10174135E+02   
1.13501300E+02   
1.05539508E+02   
1.02842869E+02   
1.08587718E+02   
1.18063713E+02   
9.28026605E+01   
9.85431086E+01   
1.17069414E+02   
1.22233347E+02   
1.14283557E+02   
9.82301460E+01   
1.07283557E+02   
9.50774155E+01   
1.13080616E+02   
1.04023205E+02   
1.02508802E+02   
1.04729046E+02   
1.16102821E+02   
9.86181236E+01   
1.10355771E+02   
1.08289558E+02   
1.24558312E+02   
1.02339668E+02   
1.19125525E+02   
1.10604421E+02   
1.14753651E+02   
9.81331266E+01   
1.03479296E+02   
1.13831466E+02   
9.81896379E+01   
1.22924485E+02   
1.13947089E+02   
1.00113923E+02   
1.04745149E+02   
1.05377976E+02   
9.30330066E+01   
1.20927786E+02   
1.23942488E+02   
1.11651030E+02   
1.21821564E+02   
9.08462693E+01   
1.18192939E+02   
1.01125025E+02   
1.08297960E+02   
1.12130226E+02   
1.24137427E+02   
1.12908982E+02   
1.21971694E+02   
1.11468494E+02   
1.13837868E+02   
1.01019204E+02   
1.13218544E+02   
1.19343069E+02   
1.17057512E+02   
1.01799660E+02   
1.15521904E+02   
1.11813663E+02   
1.31591918E+02   
1.30765953E+02   
1.19024805E+02   
1.24174135E+02   
1.05887778E+02   
1.15747149E+02   
1.14290158E+02   
1.14747449E+02   
1.05304361E+02   
1.19022605E+02   
1.18733947E+02   
1.13455391E+02   
1.05864873E+02   
1.19032106E+02   
1.07006301E+02   
1.13614423E+02   
1.16332867E+02   
1.05821164E+02   
1.05783057E+02   
1.02254551E+02   
9.87609522E+01   
1.15985897E+02   
1.12512302E+02   
1.12606321E+02   
1.21024005E+02   
1.13269854E+02   
1.14386777E+02   
1.05724845E+02   
1.05659632E+02   
1.18842669E+02   
1.34494099E+02   
1.13200640E+02   
1.11860272E+02   
1.29368374E+02   
1.17024805E+02   
1.11321164E+02   
1.17947890E+02   
1.16725245E+02   
1.07319564E+02   
1.04916283E+02   
1.12023605E+02   
1.11023605E+02   
1.20826965E+02   
1.11621124E+02   
1.23922284E+02   
1.18119724E+02   
9.87180436E+01   
1.09524205E+02   
1.20051610E+02   
1.24216643E+02   
1.17188238E+02   
1.03230646E+02   
1.17568614E+02   
1.17634327E+02   
1.33252751E+02   
1.19281456E+02   
1.05626025E+02   
1.03543409E+02   
1.21769654E+02   
1.15164933E+02   
1.26962392E+02   
1.17101720E+02   
1.15706741E+02   
1.07872675E+02   
1.12026305E+02   
1.17860772E+02   
1.01181336E+02   
1.30660232E+02   
1.21933187E+02   
1.10784957E+02   
1.28781756E+02   
1.28196939E+02   
1.19535107E+02   
1.24955891E+02   
1.15774555E+02   
1.21144429E+02   
1.25337568E+02   
1.19833067E+02   
1.20963093E+02   
1.30395679E+02   
1.23136627E+02   
1.08594219E+02   
1.07337568E+02   
1.06022805E+02   
1.11286657E+02   
1.21606221E+02   
1.13858772E+02   
1.22242549E+02   
1.18484697E+02   
1.24201640E+02   
1.21299460E+02   
1.27665133E+02   
1.26517604E+02   
1.10704441E+02   
1.20303461E+02   
1.27665933E+02   
1.15214543E+02   
1.09268154E+02   
1.24630626E+02   
1.22668734E+02   
1.14190138E+02   
1.07057011E+02   
1.36475995E+02   
1.43085017E+02   
1.31855371E+02   
1.39517003E+02   
1.11725345E+02   
1.20599620E+02   
1.13422685E+02   
1.39631726E+02   
1.32721744E+02   
1.36293259E+02   
1.20739448E+02   
1.24354371E+02   
1.20763653E+02   
1.12320564E+02   
1.23065913E+02   
1.30921184E+02   
1.45087317E+02   
1.29034907E+02   
1.37371774E+02   
1.32644629E+02   
1.30346569E+02   
1.36052410E+02   
1.33358372E+02   
1.35359172E+02   
1.31363373E+02   
1.35356871E+02   
1.35359272E+02   
1.24027405E+02   
1.34013603E+02   
1.16368874E+02   
1.29019704E+02   
1.26366273E+02   
1.17345769E+02   
1.20387277E+02   
1.25986397E+02   
1.18405981E+02   
1.30677736E+02   
1.26308762E+02   
1.03375475E+02   
1.13909482E+02   
9.81377275E+01   
1.24684037E+02   
1.22082917E+02   
1.26644229E+02   
1.33342468E+02   
1.14682036E+02   
1.26681236E+02   
1.22126025E+02   
1.28603521E+02   
1.26479196E+02   
1.45430586E+02   
1.46564813E+02   
1.26586317E+02   
1.25333267E+02   
1.33916583E+02   
1.28480896E+02   
1.34739548E+02   
1.13601820E+02   
1.21909082E+02   
1.28454991E+02   
1.38128526E+02   
1.16413883E+02   
1.28504901E+02   
1.34680836E+02   
1.32284957E+02   
1.53169334E+02   
1.27282557E+02   
1.40978496E+02   
1.45881276E+02   
1.44613123E+02   
1.31480196E+02   
1.17618524E+02   
1.11190938E+02   
1.36379176E+02   
1.40616123E+02   
1.34791458E+02   
1.35381176E+02   
1.31859772E+02   
1.52070014E+02   
1.30218544E+02   
1.33805061E+02   
1.52986497E+02   
1.24312462E+02   
1.30289258E+02   
1.51466293E+02   
1.48315263E+02   
1.20314463E+02   
1.42028406E+02   
1.34028406E+02   
1.36158232E+02   
1.37849470E+02   
1.41403081E+02   
1.21342869E+02   
1.34028006E+02   
1.42584917E+02   
1.51471094E+02   
1.45112723E+02   
1.43047510E+02   
1.32373275E+02   
1.41117924E+02   
1.43578116E+02   
1.40757051E+02   
1.28029306E+02   
1.36293159E+02   
1.33942989E+02   
1.44836967E+02   
1.39832166E+02   
1.20048910E+02   
1.53553311E+02   
1.68768354E+02   
1.52597019E+02   
1.51132326E+02   
1.42351070E+02   
1.40448190E+02   
1.12761552E+02   
1.39917283E+02   
1.19762753E+02   
1.31094119E+02   
1.39806561E+02   
1.29441888E+02   
1.45951490E+02   
1.40144729E+02   
1.60287257E+02   
1.58616023E+02   
1.60545309E+02   
1.34241948E+02   
1.20971194E+02   
1.75769354E+02   
1.50048610E+02   
1.36018604E+02   
1.46280456E+02   
1.37777556E+02   
1.44899280E+02   
1.34037007E+02   
1.46652430E+02   
1.45274455E+02   
1.27272855E+02   
1.30027205E+02   
1.48675835E+02   
1.37833267E+02   
1.38572515E+02   
1.40990598E+02   
1.39623525E+02   
1.43749750E+02   
1.41887277E+02   
1.43221344E+02   
1.28019704E+02   
1.37990098E+02   
1.51677135E+02   
1.59616523E+02   
1.51711042E+02   
1.51360072E+02   
1.41007001E+02   
1.59265253E+02   
1.46724545E+02   
1.47504701E+02   
1.69086717E+02   
1.60360772E+02   
1.40988998E+02   
1.20637628E+02   
1.44444489E+02   
1.59905381E+02   
1.48050010E+02   
1.51472895E+02   
1.44135027E+02   
1.39530606E+02   
1.30031606E+02   
1.53571914E+02   
1.39416383E+02   
1.36761852E+02   
1.57114523E+02   
1.62251250E+02   
1.77857672E+02   
1.72285757E+02   
1.54029606E+02   
1.50388678E+02   
1.56096219E+02   
1.53179836E+02   
1.58425585E+02   
1.53821164E+02   
1.67403481E+02   
1.55243649E+02   
1.71866173E+02   
1.43652531E+02   
1.59996199E+02   
1.58457792E+02   
1.50245749E+02   
1.29617924E+02   
1.36230846E+02   
1.60210942E+02   
1.46229546E+02   
1.63234047E+02   
1.35632627E+02   
1.56832567E+02   
1.66235147E+02   
1.64016303E+02   
1.33248550E+02   
1.65435187E+02   
1.55424085E+02   
1.53809762E+02   
1.45463793E+02   
1.62858272E+02   
1.64784257E+02   
1.49839568E+02   
1.44460292E+02   
1.65361472E+02   
1.54734447E+02   
1.70194139E+02   
1.54343869E+02   
1.61688638E+02   
1.58773755E+02   
1.54028006E+02   
1.55067914E+02   
1.52380876E+02   
1.80766953E+02   
1.67351370E+02   
1.67487898E+02   
1.61492699E+02   
1.36289858E+02   
1.54726645E+02   
1.56865473E+02   
1.69789358E+02   
1.64148930E+02   
1.54442388E+02   
1.45919884E+02   
1.69925485E+02   
1.79486597E+02   
1.52515503E+02   
1.57890178E+02   
1.68933487E+02   
1.71184637E+02   
1.67153731E+02   
1.59839968E+02   
1.64867574E+02   
1.51867774E+02   
1.65448790E+02   
1.61032006E+02   
1.66703941E+02   
1.57778456E+02   
1.73382677E+02   
1.60005401E+02   
1.79226645E+02   
1.69774855E+02   
1.68817063E+02   
1.83250150E+02   
1.62821764E+02   
1.51715943E+02   
1.67782957E+02   
1.64589918E+02   
1.53297960E+02   
1.62491698E+02   
1.42652931E+02   
1.63123425E+02   
1.80401480E+02   
1.80785357E+02   
1.68005501E+02   
1.73841368E+02   
1.76074615E+02   
1.68002200E+02   
1.80477696E+02   
1.81900080E+02   
1.59034007E+02   
1.78606021E+02   
1.74318764E+02   
1.57606021E+02   
1.70188938E+02   
1.88865673E+02   
1.68338568E+02   
1.61617924E+02   
1.85330366E+02   
1.78901580E+02   
1.84092418E+02   
1.50963693E+02   
1.74604821E+02   
1.86604021E+02   
1.76635527E+02   
1.75968594E+02   
1.78712943E+02   
1.69434887E+02   
1.71864873E+02   
1.92990498E+02   
1.90518704E+02   
1.96549310E+02   
1.81834267E+02   
1.83291258E+02   
1.82041808E+02   
1.74281456E+02   
1.92349170E+02   
1.92228346E+02   
1.99477195E+02   
1.88795559E+02   
1.90007001E+02   
1.82793659E+02   
2.00237848E+02   
2.06682336E+02   
1.77186937E+02   
1.81451490E+02   
1.85177736E+02   
1.84228646E+02   
1.98498500E+02   
1.76253551E+02   
1.90385777E+02   
2.00477596E+02   
1.96033007E+02   
1.94936987E+02   
1.95022404E+02   
1.77361272E+02   
1.73398180E+02   
1.98220244E+02   
1.77393479E+02   
1.73483997E+02   
2.12646229E+02   
2.16220144E+02   
1.73451690E+02   
1.79035607E+02   
1.84078316E+02   
1.86535107E+02   
1.90143229E+02   
1.95691238E+02   
1.82336467E+02   
1.98978096E+02   
1.81067714E+02   
1.81070614E+02   
2.00943589E+02   
2.15209142E+02   
2.03057311E+02   
1.83780556E+02   
1.83381376E+02   
2.09492599E+02   
2.16678336E+02   
2.02050610E+02   
1.96111022E+02   
1.85523405E+02   
2.02937287E+02   
1.94843669E+02   
1.80437387E+02   
1.78351470E+02   
1.94196239E+02   
2.18169934E+02   
2.03166133E+02   
2.04909282E+02   
1.92659632E+02   
2.01857071E+02   
2.14440088E+02   
2.20500800E+02   
1.91341868E+02   
2.10354171E+02   
1.96337367E+02   
1.95364973E+02   
1.87101320E+02   
1.96837868E+02   
2.16654031E+02   
2.23683537E+02   
2.18403681E+02   
2.06649230E+02   
2.10251250E+02   
2.01452891E+02   
2.24889078E+02   
2.10778056E+02   
1.96104521E+02   
1.88713043E+02   
2.08381176E+02   
2.17385177E+02   
1.97868974E+02   
2.10599920E+02   
2.02881276E+02   
1.98264353E+02   
2.05331566E+02   
2.12337167E+02   
2.23277355E+02   
2.03681236E+02   
1.87109122E+02   
2.02041208E+02   
2.14875575E+02   
2.14060512E+02   
2.03187538E+02   
2.08356371E+02   
2.47731946E+02   
2.22714543E+02   
1.89139228E+02   
1.91263953E+02   
2.13467994E+02   
2.10138428E+02   
2.20040808E+02   
2.18391078E+02   
2.18644929E+02   
2.14951990E+02   
2.06175235E+02   
2.12695139E+02   
2.21344069E+02   
2.22667133E+02   
2.27008002E+02   
2.59009602E+02   
2.15520904E+02   
2.30503101E+02   
2.48390478E+02   
2.38971194E+02   
2.17902380E+02   
2.21260852E+02   
2.26079216E+02   
2.48325565E+02   
2.31213243E+02   
2.17689238E+02   
2.06089118E+02   
2.31418084E+02   
2.24617624E+02   
2.18095119E+02   
2.25792058E+02   
2.35642428E+02   
2.12387678E+02   
2.09316363E+02   
2.15767954E+02   
2.08433687E+02   
2.26223545E+02   
2.42025205E+02   
2.32178036E+02   
2.13064413E+02   
2.31572815E+02   
2.01455191E+02   
2.06480796E+02   
2.26556811E+02   
2.24556011E+02   
2.05079216E+02   
2.30136827E+02   
2.38911182E+02   
2.37034407E+02   
2.42933587E+02   
2.41212042E+02   
2.11551210E+02   
2.39592018E+02   
2.24508002E+02   
2.22035607E+02   
2.22037207E+02   
2.30988398E+02   
2.30071614E+02   
2.20648030E+02   
2.15002400E+02   
2.36029606E+02   
2.40015203E+02   
2.45569214E+02   
2.35550810E+02   
2.32542809E+02   
2.05542008E+02   
2.21044009E+02   
2.33056811E+02   
2.21534807E+02   
2.29010002E+02   
2.11088418E+02   
2.57573215E+02   
2.47000800E+02   
2.39585617E+02   
2.21502400E+02   
2.47596019E+02   
2.50571214E+02   
2.54022404E+02   
2.49606021E+02   
2.45997199E+02   
2.40447189E+02   
2.38753651E+02   
2.54576015E+02   
2.60520804E+02   
2.55978796E+02   
2.32890778E+02   
2.42601620E+02   
2.46712843E+02   
2.40850770E+02   
2.37178836E+02   
2.53500000E+02   
2.40662432E+02   
2.90908732E+02   
3.00260052E+02   
3.00260052E+02   
3.00260052E+02   
3.00260052E+02   
3.28925715E+02   
3.72712743E+02   
3.48207241E+02   
3.75533207E+02   
3.66246849E+02   
3.73841968E+02   
3.52435587E+02   
3.68553211E+02   
3.51452490E+02   
3.84069514E+02   
3.44536107E+02   
3.65421984E+02   
3.62495699E+02   
3.80794759E+02   
3.81742048E+02   
3.88485997E+02   
3.82366773E+02   
3.66632426E+02   
3.89234747E+02   
3.58598520E+02   
3.93307962E+02   
3.57564313E+02   
3.58844469E+02   
3.74552911E+02   
3.88122424E+02   
3.94804761E+02   
3.61828866E+02   
3.61271154E+02   
3.55784757E+02   
3.71946589E+02   
3.92714243E+02   
3.67824565E+02   
3.63670734E+02   
3.85334067E+02   
3.65972394E+02   
3.67593919E+02   
4.00358172E+02   
3.97945889E+02   
3.99239648E+02   
3.93210242E+02   
4.14697039E+02   
4.23307762E+02   
3.96847469E+02   
3.88087718E+02   
3.90172234E+02   
3.68219344E+02   
3.99050310E+02   
4.18289558E+02   
3.91582517E+02   
3.78465693E+02   
3.93344069E+02   
4.01951990E+02   
4.34553711E+02   
4.02340668E+02   
4.12804761E+02   
4.25472394E+02   
4.25667033E+02   
3.97623625E+02   
4.53016403E+02   
4.30696839E+02   
4.48331166E+02   
4.40532507E+02   
4.14349770E+02   
3.65697540E+02   
3.85457692E+02   
4.27931386E+02   
4.17625625E+02   
4.23136227E+02   
4.08477295E+02   
3.97646929E+02   
4.15678736E+02   
4.40082817E+02   
4.47957291E+02   
4.50048510E+02   
4.22327465E+02   
3.74227445E+02   
4.05199040E+02   
4.11978496E+02   
4.05649530E+02   
4.43062613E+02   
4.48578016E+02   
4.22344969E+02   
4.51998800E+02   
4.84185937E+02   
5.04035107E+02   
5.14970494E+02   
4.77358772E+02   
4.90806761E+02   
4.74706741E+02   
4.63119724E+02   
4.81310662E+02   
4.25167834E+02   
4.95842068E+02   
4.80896179E+02   
5.02350370E+02   
4.55415583E+02   
4.37736847E+02   
4.58735947E+02   
4.62577115E+02   
4.68331166E+02   
4.51855271E+02   
4.64199640E+02   
4.67754851E+02   
4.43663133E+02   
4.50408182E+02   
4.61892178E+02   
4.39754851E+02   
4.34867473E+02   
4.64873475E+02   
4.47335467E+02   
4.72819464E+02   
4.57899480E+02   
4.74516703E+02   
4.43039108E+02   
4.73346469E+02   
4.48998500E+02   
4.48326465E+02   
4.61962292E+02   
4.85020504E+02   
4.68203441E+02   
4.57712442E+02   
4.80975595E+02   
4.82535607E+02   
4.63294559E+02   
4.62960792E+02   
4.83597920E+02   
4.58166133E+02   
4.56574115E+02   
4.65527205E+02   
4.70814663E+02   
4.60320664E+02   
4.91310862E+02   
4.60048310E+02   
4.52733447E+02   
4.64316963E+02   
4.45058512E+02   
4.58883777E+02   
4.60871074E+02   
4.72206141E+02   
4.70781756E+02   
4.83275855E+02   
4.80543109E+02   
4.33739448E+02   
4.50708042E+02   
4.48417984E+02   
4.61230046E+02   
4.57092218E+02   
4.69230746E+02   
4.74800660E+02   
4.25371174E+02   
4.28679436E+02   
4.98277155E+02   
4.58777355E+02   
5.02929086E+02   
4.65984597E+02   
4.56450490E+02   
4.12583317E+02   
4.39835767E+02   
4.30603921E+02   
4.55598220E+02   
4.59660432E+02   
4.48633927E+02   
4.71517203E+02   
4.61048310E+02   
4.54366473E+02   
4.25609922E+02   
4.15981596E+02   
4.41656931E+02   
4.43203041E+02   
4.25445089E+02   
4.17630526E+02   
3.90052611E+02   
4.02307862E+02   
4.06291558E+02   
3.81330366E+02   
4.17321764E+02   
3.87748550E+02   
3.96489998E+02   
3.59833467E+02   
3.59806461E+02   
3.83503801E+02   
3.77171734E+02   
3.70708142E+02   
3.82173735E+02   
3.45383077E+02   
3.83526205E+02   
4.10471094E+02   
3.58278256E+02   
3.75301460E+02   
3.57599120E+02   
3.53307061E+02   
3.86264353E+02   
3.93435287E+02   
3.69308362E+02   
3.50135927E+02   
3.68563413E+02   
3.90802561E+02   
3.61765053E+02   
3.84790958E+02   
3.63519104E+02   
3.65334767E+02   
3.69994099E+02   
3.62072014E+02   
3.65448090E+02   
3.65241048E+02   
3.42957992E+02   
3.33617023E+02   
3.42456491E+02   
3.72207942E+02   
3.82750450E+02   
3.59817564E+02   
3.42804361E+02   
3.48869174E+02   
3.36249750E+02   
3.47452190E+02   
3.78872374E+02   
3.58259852E+02   
3.51280856E+02   
3.54466993E+02   
3.59869574E+02   
3.45468794E+02   
3.36860672E+02   
3.64285857E+02   
3.58071214E+02   
3.41251850E+02   
3.27890578E+02   
3.64690538E+02   
3.45280856E+02   
3.54826165E+02   
3.53003301E+02   
3.32482897E+02   
3.48195739E+02   
3.42962793E+02   
3.33127425E+02   
3.61496899E+02   
3.40756851E+02   
3.62386577E+02   
3.49214043E+02   
3.30677636E+02   
3.14901580E+02   
3.39279656E+02   
3.25281256E+02   
3.30330966E+02   
3.37336567E+02   
3.28639928E+02   
3.31995899E+02   
3.23682036E+02   
3.49173035E+02   
3.09330566E+02   
3.12981396E+02   
3.78899450E+02   
4.64292859E+02   
4.64292859E+02   
4.64292859E+02   
4.64292859E+02   
4.64292859E+02   
5.51733957E+02   
6.21740048E+02   
6.09508802E+02   
6.10740848E+02   
6.57377175E+02   
6.31848570E+02   
6.31795459E+02   
6.16915883E+02   
6.28779156E+02   
5.82324465E+02   
6.46217544E+02   
6.27501100E+02   
6.10643929E+02   
6.59567514E+02   
6.15539808E+02   
6.12047710E+02   
6.31713143E+02   
6.68892779E+02   
6.75870574E+02   
6.71979796E+02   
6.06237748E+02   
6.24230746E+02   
6.36512603E+02   
6.14256551E+02   
6.40240748E+02   
6.43006301E+02   
6.77632927E+02   
6.24733447E+02   
6.19617123E+02   
6.10643129E+02   
6.42989898E+02   
6.35358272E+02   
6.18725445E+02   
6.29031506E+02   
6.24092619E+02   
6.28221444E+02   
6.18796359E+02   
6.28763153E+02   
6.49503201E+02   
6.26470094E+02   
6.24391178E+02   
6.27433287E+02   
6.11437688E+02   
6.45815063E+02   
6.43267253E+02   
6.50152531E+02   
6.08357171E+02   
6.07147730E+02   
6.21773355E+02   
6.04001200E+02   
6.11377175E+02   
6.16488798E+02   
6.47484297E+02   
6.12126625E+02   
6.29850670E+02   
6.42337467E+02   
6.35793259E+02   
6.08550410E+02   
6.52025005E+02   
6.46601020E+02   
6.68182837E+02   
5.98009402E+02   
6.16123925E+02   
6.39807662E+02   
6.63156431E+02   
6.43076815E+02   
6.48884777E+02   
7.00160732E+02   
6.27070514E+02   
6.51132827E+02   
6.76559912E+02   
6.30545909E+02   
6.49072515E+02   
6.23531106E+02   
6.54020204E+02   
6.66905481E+02   
6.31217043E+02   
6.85378676E+02   
6.24803861E+02   
7.01706241E+02   
7.00023305E+02   
7.36782256E+02   
7.50637628E+02   
8.02284357E+02   
7.94049010E+02   
7.38613823E+02   
7.87301560E+02   
7.66309762E+02   
7.55342669E+02   
7.60333667E+02   
7.42163433E+02   
7.12630526E+02   
7.21838768E+02   
6.76745849E+02   
7.08066513E+02   
6.71549110E+02   
6.72519504E+02   
6.46559012E+02   
6.75014703E+02   
6.97671634E+02   
6.92594819E+02   
6.56888178E+02   
6.37913683E+02   
6.31812763E+02   
6.65368574E+02   
6.90226945E+02   
6.36273955E+02   
6.06521004E+02   
6.30480696E+02   
6.03854271E+02   
6.22399880E+02   
6.12915483E+02   
6.06782456E+02   
5.85122825E+02   
5.59297860E+02   
5.71159732E+02   
5.85986397E+02   
6.16019504E+02   
5.85201440E+02   
5.77466693E+02   
5.43525305E+02   
5.42716643E+02   
5.91348470E+02   
5.85546409E+02   
5.78736447E+02   
5.93512002E+02   
5.57423485E+02   
5.56137828E+02   
5.40104721E+02   
5.35775755E+02   
4.77078316E+02   
4.75780556E+02   
4.51077516E+02   
4.92792258E+02   
4.19989098E+02   
4.43140828E+02   
4.43767353E+02   
4.09999500E+02   
3.97034407E+02   
3.91529006E+02   
4.11442589E+02   
4.06909582E+02   
3.81090118E+02   
3.99764953E+02   
3.80694139E+02   
3.88152430E+02   
3.83467493E+02   
3.45446189E+02   
3.65553911E+02   
3.58748050E+02   
3.41970794E+02   
3.42961192E+02   
3.16035907E+02   
3.22739248E+02   
3.05002200E+02   
3.14415283E+02   
3.04706341E+02   
3.12992599E+02   
3.04987798E+02   
2.93486697E+02   
2.77946089E+02   
2.68250150E+02   
2.55060712E+02   
2.42010302E+02   
2.86220444E+02   
2.53880376E+02   
2.33919684E+02   
2.25406881E+02   
2.21094919E+02   
2.13806261E+02   
2.29241648E+02   
2.10945789E+02   
1.86364473E+02   
1.96041508E+02   
2.15348070E+02   
1.91351570E+02   
1.91722044E+02   
1.69036807E+02   
1.74231746E+02   
1.70912983E+02   
1.86648730E+02   
1.88230146E+02   
1.56399680E+02   
1.52651930E+02   
1.46339168E+02   
1.50445989E+02   
1.36298860E+02   
1.34957892E+02   
1.48073815E+02   
1.25979796E+02   
1.39644329E+02   
1.29867473E+02   
1.17340268E+02   
1.09561012E+02   
1.26949590E+02   
1.21092819E+02   
1.17102120E+02   
1.01634327E+02   
1.10882677E+02   
1.02414083E+02   
1.08596619E+02   
1.03801760E+02   
1.01324765E+02   
9.83239648E+01   
9.80200040E+01   
9.65338068E+01   
9.63203641E+01   
8.96019204E+01   
8.51317263E+01   
8.20180036E+01   
8.35294059E+01   
8.29094819E+01   
7.92146429E+01   
6.75154031E+01   
8.30152030E+01   
7.60028006E+01   
6.39062813E+01   
7.57324465E+01   
6.98241648E+01   
7.17188438E+01   
6.42807562E+01   
6.29010802E+01   
6.03067614E+01   
4.84192839E+01   
6.14208842E+01   
6.00120024E+01   
4.43668734E+01   
5.36571314E+01   
3.99475895E+01   
4.21806361E+01   
4.13715743E+01   
4.16412282E+01   
3.71305261E+01   
5.80511102E+01   
2.97110422E+01   
9.37092418E+01   
6.04300860E+01   
2.03260652E+01   
1.95554111E+01   
1.84509902E+01   
2.81369274E+01   
1.91578316E+01   
1.99870974E+01   
1.67309462E+01   
1.91417283E+01   
1.45779156E+01   
2.41400280E+01   
1.35829166E+01   
1.05734147E+01   
8.42898580E+00   
8.57406481E+00   
9.00180036E+00   
9.00180036E+00   
9.00180036E+00   
9.00180036E+00   
5.77420484E+00   
0.00000000E+00   
0.00000000E+00   
0.00000000E+00   
0.00000000E+00   
0.00000000E+00   
0.00000000E+00   
0.00000000E+00   
0.00000000E+00   
0.00000000E+00   
0.00000000E+00   
0.00000000E+00   
1.00000000E+00   
0.00000000E+00   
0.00000000E+00   
0.00000000E+00   
2.72364473E+00   
2.76355271E-01   
1.00000000E+00   
1.00000000E+00   
0.00000000E+00   
0.00000000E+00   
0.00000000E+00   
0.00000000E+00   
0.00000000E+00   
0.00000000E+00   
0.00000000E+00   
0.00000000E+00   
0.00000000E+00   
0.00000000E+00   
0.00000000E+00   
0.00000000E+00   
0.00000000E+00   
0.00000000E+00   
0.00000000E+00   
0.00000000E+00   
0.00000000E+00   
0.00000000E+00   
0.00000000E+00   
0.00000000E+00   
0.00000000E+00   
7.33646729E-01   
2.66353271E-01   
0.00000000E+00   
0.00000000E+00   
0.00000000E+00   
0.00000000E+00   
0.00000000E+00   
7.36447289E-01   
2.63552711E-01   
0.00000000E+00   
0.00000000E+00   
7.38047610E-01   
2.61952390E-01   
0.00000000E+00   
0.00000000E+00   
0.00000000E+00   
0.00000000E+00   
0.00000000E+00   
0.00000000E+00   
7.41248250E-01   
2.58751750E-01   
0.00000000E+00   
0.00000000E+00   
0.00000000E+00   
0.00000000E+00   
0.00000000E+00   
0.00000000E+00   
0.00000000E+00   
0.00000000E+00   
0.00000000E+00   
0.00000000E+00   
0.00000000E+00   
0.00000000E+00   
0.00000000E+00   
0.00000000E+00   
0.00000000E+00   
0.00000000E+00   
0.00000000E+00   
0.00000000E+00   
0.00000000E+00   
0.00000000E+00   
0.00000000E+00   
0.00000000E+00   
0.00000000E+00   
0.00000000E+00   
0.00000000E+00   
0.00000000E+00   
0.00000000E+00   
0.00000000E+00   
0.00000000E+00   
0.00000000E+00   
0.00000000E+00   
0.00000000E+00   
0.00000000E+00   
0.00000000E+00   
0.00000000E+00   
0.00000000E+00   
0.00000000E+00   
0.00000000E+00   
0.00000000E+00   
0.00000000E+00   
0.00000000E+00   
0.00000000E+00   
0.00000000E+00   
0.00000000E+00   
0.00000000E+00   
0.00000000E+00   
0.00000000E+00   
0.00000000E+00   
0.00000000E+00   
0.00000000E+00   
0.00000000E+00   
0.00000000E+00   
0.00000000E+00   
0.00000000E+00   
0.00000000E+00   
0.00000000E+00   
0.00000000E+00   
0.00000000E+00   
0.00000000E+00   
0.00000000E+00   
0.00000000E+00   
0.00000000E+00   
0.00000000E+00   
0.00000000E+00   
0.00000000E+00   
0.00000000E+00   
0.00000000E+00   
0.00000000E+00   
0.00000000E+00   
0.00000000E+00   
0.00000000E+00   
0.00000000E+00   
0.00000000E+00   
0.00000000E+00   
0.00000000E+00   
0.00000000E+00   
0.00000000E+00   
0.00000000E+00   
0.00000000E+00   
0.00000000E+00   
1.00000000E+00   
0.00000000E+00   
0.00000000E+00   
0.00000000E+00   
0.00000000E+00   
0.00000000E+00   
0.00000000E+00   
0.00000000E+00   
0.00000000E+00   
0.00000000E+00   
0.00000000E+00   
0.00000000E+00   
0.00000000E+00   
0.00000000E+00   
0.00000000E+00   
0.00000000E+00   
0.00000000E+00   
0.00000000E+00   
0.00000000E+00   
0.00000000E+00   
0.00000000E+00   
0.00000000E+00   
0.00000000E+00   
0.00000000E+00   
7.83656731E-01   
2.16343269E-01   
0.00000000E+00   
0.00000000E+00   
0.00000000E+00   
7.85657131E-01   
2.14342869E-01   
0.00000000E+00   
0.00000000E+00   
0.00000000E+00   
0.00000000E+00   
0.00000000E+00   
0.00000000E+00   
0.00000000E+00   
7.89257852E-01   
2.10742148E-01   
0.00000000E+00   
0.00000000E+00   
0.00000000E+00   
0.00000000E+00   
0.00000000E+00   
0.00000000E+00   
0.00000000E+00   
0.00000000E+00   
0.00000000E+00   
0.00000000E+00   
0.00000000E+00   
0.00000000E+00   
0.00000000E+00   
0.00000000E+00   
0.00000000E+00   
0.00000000E+00   
0.00000000E+00   
0.00000000E+00   
0.00000000E+00   
0.00000000E+00   
0.00000000E+00   
0.00000000E+00   
0.00000000E+00   
0.00000000E+00   
0.00000000E+00   
0.00000000E+00   
0.00000000E+00   
0.00000000E+00   
0.00000000E+00   
0.00000000E+00   
0.00000000E+00   
0.00000000E+00   
0.00000000E+00   
0.00000000E+00   
0.00000000E+00   
0.00000000E+00   
0.00000000E+00   
0.00000000E+00   
0.00000000E+00   
0.00000000E+00   
0.00000000E+00   
0.00000000E+00   
0.00000000E+00   
0.00000000E+00   
0.00000000E+00   
0.00000000E+00   
0.00000000E+00   
0.00000000E+00   
0.00000000E+00   
8.09661932E-01   
1.90338068E-01   
0.00000000E+00   
0.00000000E+00   
0.00000000E+00   
0.00000000E+00   
0.00000000E+00   
0.00000000E+00   
0.00000000E+00   
0.00000000E+00   
0.00000000E+00   
0.00000000E+00   
0.00000000E+00   
0.00000000E+00   
0.00000000E+00   
0.00000000E+00   
0.00000000E+00   
0.00000000E+00   
0.00000000E+00   
8.17263453E-01   
1.82736547E-01   
0.00000000E+00   
0.00000000E+00   
0.00000000E+00   
0.00000000E+00   
0.00000000E+00   
0.00000000E+00   
0.00000000E+00   
0.00000000E+00   
0.00000000E+00   
0.00000000E+00   
0.00000000E+00   
0.00000000E+00   
0.00000000E+00   
0.00000000E+00   
8.23664733E-01   
1.76335267E-01   
8.24464893E-01   
1.75535107E-01   
0.00000000E+00   
0.00000000E+00   
0.00000000E+00   
0.00000000E+00   
0.00000000E+00   
0.00000000E+00   
0.00000000E+00   
0.00000000E+00   
0.00000000E+00   
0.00000000E+00   
0.00000000E+00   
0.00000000E+00   
0.00000000E+00   
0.00000000E+00   
0.00000000E+00   
0.00000000E+00   
0.00000000E+00   
0.00000000E+00   
0.00000000E+00   
0.00000000E+00   
0.00000000E+00   
0.00000000E+00   
0.00000000E+00   
0.00000000E+00   
0.00000000E+00   
0.00000000E+00   
0.00000000E+00   
0.00000000E+00   
1.00000000E+00   
0.00000000E+00   
0.00000000E+00   
0.00000000E+00   
0.00000000E+00   
0.00000000E+00   
0.00000000E+00   
0.00000000E+00   
0.00000000E+00   
0.00000000E+00   
0.00000000E+00   
0.00000000E+00   
0.00000000E+00   
0.00000000E+00   
0.00000000E+00   
0.00000000E+00   
1.00000000E+00   
0.00000000E+00   
0.00000000E+00   
0.00000000E+00   
0.00000000E+00   
8.44868974E-01   
1.55131026E-01   
0.00000000E+00   
0.00000000E+00   
0.00000000E+00   
0.00000000E+00   
0.00000000E+00   
0.00000000E+00   
0.00000000E+00   
0.00000000E+00   
0.00000000E+00   
0.00000000E+00   
0.00000000E+00   
0.00000000E+00   
0.00000000E+00   
0.00000000E+00   
0.00000000E+00   
0.00000000E+00   
0.00000000E+00   
0.00000000E+00   
0.00000000E+00   
0.00000000E+00   
0.00000000E+00   
0.00000000E+00   
0.00000000E+00   
0.00000000E+00   
0.00000000E+00   
0.00000000E+00   
0.00000000E+00   
0.00000000E+00   
0.00000000E+00   
0.00000000E+00   
0.00000000E+00   
0.00000000E+00   
0.00000000E+00   
1.00000000E+00   
0.00000000E+00   
0.00000000E+00   
0.00000000E+00   
0.00000000E+00   
0.00000000E+00   
0.00000000E+00   
0.00000000E+00   
0.00000000E+00   
0.00000000E+00   
0.00000000E+00   
0.00000000E+00   
0.00000000E+00   
0.00000000E+00   
0.00000000E+00   
0.00000000E+00   
0.00000000E+00   
0.00000000E+00   
0.00000000E+00   
0.00000000E+00   
0.00000000E+00   
0.00000000E+00   
0.00000000E+00   
0.00000000E+00   
0.00000000E+00   
0.00000000E+00   
0.00000000E+00   
0.00000000E+00   
0.00000000E+00   
8.70474095E-01   
1.29525905E-01   
0.00000000E+00   
0.00000000E+00   
0.00000000E+00   
0.00000000E+00   
0.00000000E+00   
0.00000000E+00   
0.00000000E+00   
0.00000000E+00   
0.00000000E+00   
0.00000000E+00   
0.00000000E+00   
0.00000000E+00   
0.00000000E+00   
0.00000000E+00   
0.00000000E+00   
0.00000000E+00   
0.00000000E+00   
8.78075615E-01   
1.21924385E-01   
0.00000000E+00   
0.00000000E+00   
0.00000000E+00   
0.00000000E+00   
0.00000000E+00   
0.00000000E+00   
0.00000000E+00   
0.00000000E+00   
1.00000000E+00   
0.00000000E+00   
0.00000000E+00   
0.00000000E+00   
0.00000000E+00   
0.00000000E+00   
0.00000000E+00   
0.00000000E+00   
8.85277055E-01   
1.14722945E-01   
0.00000000E+00   
0.00000000E+00   
0.00000000E+00   
0.00000000E+00   
0.00000000E+00   
0.00000000E+00   
0.00000000E+00   
0.00000000E+00   
0.00000000E+00   
8.89677936E-01   
1.10322064E-01   
0.00000000E+00   
0.00000000E+00   
0.00000000E+00   
0.00000000E+00   
0.00000000E+00   
0.00000000E+00   
0.00000000E+00   
0.00000000E+00   
0.00000000E+00   
0.00000000E+00   
0.00000000E+00   
0.00000000E+00   
0.00000000E+00   
0.00000000E+00   
0.00000000E+00   
0.00000000E+00   
0.00000000E+00   
0.00000000E+00   
0.00000000E+00   
0.00000000E+00   
0.00000000E+00   
0.00000000E+00   
0.00000000E+00   
0.00000000E+00   
0.00000000E+00   
0.00000000E+00   
0.00000000E+00   
9.01280256E-01   
9.87197439E-02   
9.02080416E-01   
9.79195839E-02   
9.02880576E-01   
9.71194239E-02   
0.00000000E+00   
0.00000000E+00   
0.00000000E+00   
0.00000000E+00   
0.00000000E+00   
0.00000000E+00   
0.00000000E+00   
0.00000000E+00   
0.00000000E+00   
0.00000000E+00   
0.00000000E+00   
0.00000000E+00   
3.63392679E+00   
3.66073215E-01   
0.00000000E+00   
0.00000000E+00   
0.00000000E+00   
0.00000000E+00   
0.00000000E+00   
0.00000000E+00   
0.00000000E+00   
0.00000000E+00   
1.00000000E+00   
0.00000000E+00   
0.00000000E+00   
0.00000000E+00   
0.00000000E+00   
9.14482897E-01   
8.55171034E-02   
0.00000000E+00   
0.00000000E+00   
0.00000000E+00   
0.00000000E+00   
0.00000000E+00   
0.00000000E+00   
0.00000000E+00   
0.00000000E+00   
0.00000000E+00   
0.00000000E+00   
0.00000000E+00   
0.00000000E+00   
0.00000000E+00   
0.00000000E+00   
0.00000000E+00   
9.21284257E-01   
7.87157431E-02   
0.00000000E+00   
0.00000000E+00   
0.00000000E+00   
0.00000000E+00   
0.00000000E+00   
0.00000000E+00   
0.00000000E+00   
0.00000000E+00   
0.00000000E+00   
0.00000000E+00   
0.00000000E+00   
0.00000000E+00   
0.00000000E+00   
0.00000000E+00   
0.00000000E+00   
0.00000000E+00   
0.00000000E+00   
0.00000000E+00   
0.00000000E+00   
0.00000000E+00   
0.00000000E+00   
0.00000000E+00   
0.00000000E+00   
0.00000000E+00   
0.00000000E+00   
0.00000000E+00   
0.00000000E+00   
0.00000000E+00   
0.00000000E+00   
0.00000000E+00   
0.00000000E+00   
0.00000000E+00   
0.00000000E+00   
0.00000000E+00   
0.00000000E+00   
0.00000000E+00   
0.00000000E+00   
1.00000000E+00   
0.00000000E+00   
0.00000000E+00   
0.00000000E+00   
0.00000000E+00   
0.00000000E+00   
0.00000000E+00   
0.00000000E+00   
0.00000000E+00   
0.00000000E+00   
0.00000000E+00   
0.00000000E+00   
0.00000000E+00   
0.00000000E+00   
0.00000000E+00   
0.00000000E+00   
0.00000000E+00   
0.00000000E+00   
0.00000000E+00   
0.00000000E+00   
0.00000000E+00   
0.00000000E+00   
0.00000000E+00   
0.00000000E+00   
0.00000000E+00   
0.00000000E+00   
0.00000000E+00   
0.00000000E+00   
0.00000000E+00   
0.00000000E+00   
0.00000000E+00   
0.00000000E+00   
0.00000000E+00   
0.00000000E+00   
0.00000000E+00   
0.00000000E+00   
0.00000000E+00   
0.00000000E+00   
0.00000000E+00   
0.00000000E+00   
0.00000000E+00   
0.00000000E+00   
0.00000000E+00   
0.00000000E+00   
0.00000000E+00   
0.00000000E+00   
0.00000000E+00   
0.00000000E+00   
0.00000000E+00   
0.00000000E+00   
0.00000000E+00   
0.00000000E+00   
0.00000000E+00   
0.00000000E+00   
0.00000000E+00   
0.00000000E+00   
0.00000000E+00   
0.00000000E+00   
0.00000000E+00   
0.00000000E+00   
0.00000000E+00   
0.00000000E+00   
0.00000000E+00   
0.00000000E+00   
0.00000000E+00   
0.00000000E+00   
0.00000000E+00   
0.00000000E+00   
0.00000000E+00   
0.00000000E+00   
0.00000000E+00   
0.00000000E+00   
0.00000000E+00   
0.00000000E+00   
0.00000000E+00   
0.00000000E+00   
0.00000000E+00   
0.00000000E+00   
0.00000000E+00   
9.68493699E-01   
3.15063013E-02   
0.00000000E+00   
0.00000000E+00   
1.00000000E+00   
0.00000000E+00   
0.00000000E+00   
0.00000000E+00   
0.00000000E+00   
0.00000000E+00   
0.00000000E+00   
0.00000000E+00   
0.00000000E+00   
0.00000000E+00   
0.00000000E+00   
0.00000000E+00   
0.00000000E+00   
0.00000000E+00   
0.00000000E+00   
0.00000000E+00   
0.00000000E+00   
0.00000000E+00   
0.00000000E+00   
0.00000000E+00   
0.00000000E+00   
0.00000000E+00   
0.00000000E+00   
0.00000000E+00   
0.00000000E+00   
0.00000000E+00   
0.00000000E+00   
0.00000000E+00   
0.00000000E+00   
0.00000000E+00   
0.00000000E+00   
0.00000000E+00   
0.00000000E+00   
0.00000000E+00   
0.00000000E+00   
0.00000000E+00   
0.00000000E+00   
0.00000000E+00   
0.00000000E+00   
0.00000000E+00   
0.00000000E+00   
0.00000000E+00   
0.00000000E+00   
0.00000000E+00   
0.00000000E+00   
0.00000000E+00   
0.00000000E+00   
0.00000000E+00   
0.00000000E+00   
0.00000000E+00   
0.00000000E+00   
0.00000000E+00   
0.00000000E+00   
0.00000000E+00   
0.00000000E+00   
0.00000000E+00   
0.00000000E+00   
0.00000000E+00   
0.00000000E+00   
0.00000000E+00   
0.00000000E+00   
0.00000000E+00   
0.00000000E+00   
0.00000000E+00   
0.00000000E+00   
0.00000000E+00   
0.00000000E+00   
0.00000000E+00   
0.00000000E+00   
0.00000000E+00   
0.00000000E+00   
0.00000000E+00   
0.00000000E+00   
0.00000000E+00   
0.00000000E+00   
0.00000000E+00   
0.00000000E+00   
0.00000000E+00   
0.00000000E+00   
0.00000000E+00   
0.00000000E+00   
0.00000000E+00   
0.00000000E+00   
0.00000000E+00   
0.00000000E+00   
0.00000000E+00   
0.00000000E+00   
0.00000000E+00   
0.00000000E+00   
0.00000000E+00   
0.00000000E+00   
0.00000000E+00   
0.00000000E+00   
0.00000000E+00   
0.00000000E+00   
0.00000000E+00   
0.00000000E+00   
0.00000000E+00   
0.00000000E+00   
0.00000000E+00   
0.00000000E+00   
1.05021004E-02   
9.89497900E-01   
0.00000000E+00   
0.00000000E+00   
0.00000000E+00   
0.00000000E+00   
0.00000000E+00   
0.00000000E+00   
0.00000000E+00   
0.00000000E+00   
0.00000000E+00   
0.00000000E+00   
0.00000000E+00   
0.00000000E+00   
0.00000000E+00   
0.00000000E+00   
0.00000000E+00   
0.00000000E+00   
0.00000000E+00   
0.00000000E+00   
0.00000000E+00   
0.00000000E+00   
0.00000000E+00   
0.00000000E+00   
0.00000000E+00   
0.00000000E+00   
0.00000000E+00   
0.00000000E+00   
0.00000000E+00   
0.00000000E+00   
0.00000000E+00   
0.00000000E+00   
0.00000000E+00   
0.00000000E+00   
0.00000000E+00   
0.00000000E+00   
0.00000000E+00   
0.00000000E+00   
0.00000000E+00   
0.00000000E+00   
0.00000000E+00   
0.00000000E+00   
0.00000000E+00   
0.00000000E+00   
0.00000000E+00   
0.00000000E+00   
0.00000000E+00   
0.00000000E+00   
0.00000000E+00   
0.00000000E+00   
0.00000000E+00   
0.00000000E+00   
0.00000000E+00   
0.00000000E+00   
0.00000000E+00   
0.00000000E+00   
0.00000000E+00   
0.00000000E+00   
0.00000000E+00   
0.00000000E+00   
0.00000000E+00   
0.00000000E+00   
0.00000000E+00   
0.00000000E+00   
0.00000000E+00   
0.00000000E+00   
0.00000000E+00   
0.00000000E+00   
0.00000000E+00   
0.00000000E+00   
0.00000000E+00   
0.00000000E+00   
0.00000000E+00   
0.00000000E+00   
0.00000000E+00   
0.00000000E+00   
0.00000000E+00   
0.00000000E+00   
0.00000000E+00   
0.00000000E+00   
0.00000000E+00   
0.00000000E+00   
0.00000000E+00   
0.00000000E+00   
0.00000000E+00   
0.00000000E+00   
0.00000000E+00   
0.00000000E+00   
0.00000000E+00   
0.00000000E+00   
0.00000000E+00   
0.00000000E+00   
0.00000000E+00   
0.00000000E+00   
0.00000000E+00   
0.00000000E+00   
0.00000000E+00   
0.00000000E+00   
0.00000000E+00   
0.00000000E+00   
0.00000000E+00   
0.00000000E+00   
0.00000000E+00   
0.00000000E+00   
0.00000000E+00   
0.00000000E+00   
0.00000000E+00   
0.00000000E+00   
0.00000000E+00   
0.00000000E+00   
0.00000000E+00   
0.00000000E+00   
0.00000000E+00   
0.00000000E+00   
0.00000000E+00   
0.00000000E+00   
0.00000000E+00   
0.00000000E+00   
0.00000000E+00   
0.00000000E+00   
0.00000000E+00   
0.00000000E+00   
0.00000000E+00   
0.00000000E+00   
0.00000000E+00   
0.00000000E+00   
0.00000000E+00   
0.00000000E+00   
0.00000000E+00   
0.00000000E+00   
0.00000000E+00   
0.00000000E+00   
0.00000000E+00   
0.00000000E+00   
0.00000000E+00   
0.00000000E+00   
0.00000000E+00   
0.00000000E+00   
0.00000000E+00   
0.00000000E+00   
0.00000000E+00   
0.00000000E+00   
0.00000000E+00   
0.00000000E+00   
0.00000000E+00   
0.00000000E+00   
0.00000000E+00   
0.00000000E+00   
0.00000000E+00   
0.00000000E+00   
0.00000000E+00   
0.00000000E+00   
0.00000000E+00   
0.00000000E+00   
0.00000000E+00   
0.00000000E+00   
0.00000000E+00   
0.00000000E+00   
0.00000000E+00   
0.00000000E+00   
0.00000000E+00   
0.00000000E+00   
0.00000000E+00   
0.00000000E+00   
0.00000000E+00   
0.00000000E+00   
0.00000000E+00   
0.00000000E+00   
0.00000000E+00   
0.00000000E+00   
0.00000000E+00   
0.00000000E+00   
0.00000000E+00   
0.00000000E+00   
0.00000000E+00   
0.00000000E+00   
0.00000000E+00   
0.00000000E+00   
0.00000000E+00   
0.00000000E+00   
0.00000000E+00   
0.00000000E+00   
0.00000000E+00   
0.00000000E+00   
0.00000000E+00   
0.00000000E+00   
0.00000000E+00   
0.00000000E+00   
0.00000000E+00   
0.00000000E+00   
0.00000000E+00   
0.00000000E+00   
0.00000000E+00   
0.00000000E+00   
0.00000000E+00   
0.00000000E+00   
0.00000000E+00   
0.00000000E+00   
0.00000000E+00   
0.00000000E+00   
0.00000000E+00   
0.00000000E+00   
0.00000000E+00   
0.00000000E+00   
0.00000000E+00   
0.00000000E+00   
0.00000000E+00   
0.00000000E+00   
0.00000000E+00   
0.00000000E+00   
0.00000000E+00   
0.00000000E+00   
0.00000000E+00   
0.00000000E+00   
0.00000000E+00   
0.00000000E+00   
0.00000000E+00   
0.00000000E+00   
0.00000000E+00   
0.00000000E+00   
0.00000000E+00   
0.00000000E+00   
0.00000000E+00   
0.00000000E+00   
0.00000000E+00   
0.00000000E+00   
0.00000000E+00   
0.00000000E+00   
0.00000000E+00   
0.00000000E+00   
0.00000000E+00   
0.00000000E+00   
0.00000000E+00   
0.00000000E+00   
0.00000000E+00   
0.00000000E+00   
0.00000000E+00   
0.00000000E+00   
0.00000000E+00   
0.00000000E+00   
0.00000000E+00   
0.00000000E+00   
0.00000000E+00   
0.00000000E+00   
0.00000000E+00   
0.00000000E+00   
0.00000000E+00   
0.00000000E+00   
0.00000000E+00   
0.00000000E+00   
0.00000000E+00   
0.00000000E+00   
0.00000000E+00   
0.00000000E+00   
0.00000000E+00   
0.00000000E+00   
0.00000000E+00   
0.00000000E+00   
0.00000000E+00   
0.00000000E+00   
0.00000000E+00   
0.00000000E+00   
0.00000000E+00   
0.00000000E+00   
0.00000000E+00   
0.00000000E+00   
0.00000000E+00   
0.00000000E+00   
0.00000000E+00   
0.00000000E+00   
0.00000000E+00   
0.00000000E+00   
0.00000000E+00   
0.00000000E+00   
0.00000000E+00   
0.00000000E+00   
0.00000000E+00   
0.00000000E+00   
0.00000000E+00   
0.00000000E+00   
0.00000000E+00   
0.00000000E+00   
0.00000000E+00   
0.00000000E+00   
0.00000000E+00   
0.00000000E+00   
0.00000000E+00   
0.00000000E+00   
0.00000000E+00   
0.00000000E+00   
0.00000000E+00   
0.00000000E+00   
0.00000000E+00   
0.00000000E+00   
0.00000000E+00   
0.00000000E+00   
0.00000000E+00   
0.00000000E+00   
0.00000000E+00   
0.00000000E+00   
0.00000000E+00   
0.00000000E+00   
0.00000000E+00   
0.00000000E+00   
0.00000000E+00   
0.00000000E+00   
0.00000000E+00   
0.00000000E+00   
0.00000000E+00   
0.00000000E+00   
0.00000000E+00   
0.00000000E+00   
0.00000000E+00   
0.00000000E+00   
0.00000000E+00   
0.00000000E+00   
0.00000000E+00   
0.00000000E+00   
0.00000000E+00   
0.00000000E+00   
0.00000000E+00   
0.00000000E+00   
0.00000000E+00   
0.00000000E+00   
0.00000000E+00   
0.00000000E+00   
0.00000000E+00   
0.00000000E+00   
0.00000000E+00   
0.00000000E+00   
0.00000000E+00   
0.00000000E+00   
0.00000000E+00   
0.00000000E+00   
0.00000000E+00   
0.00000000E+00   
0.00000000E+00   
0.00000000E+00   
0.00000000E+00   
0.00000000E+00   
0.00000000E+00   
0.00000000E+00   
0.00000000E+00   
0.00000000E+00   
0.00000000E+00   
0.00000000E+00   
0.00000000E+00   
0.00000000E+00   
0.00000000E+00   
0.00000000E+00   
0.00000000E+00   
0.00000000E+00   
0.00000000E+00   
0.00000000E+00   
0.00000000E+00   
0.00000000E+00   
0.00000000E+00   
0.00000000E+00   
0.00000000E+00   
0.00000000E+00   
0.00000000E+00   
0.00000000E+00   
0.00000000E+00   
0.00000000E+00   
0.00000000E+00   
0.00000000E+00   
0.00000000E+00   
0.00000000E+00   
0.00000000E+00   
0.00000000E+00   
0.00000000E+00   
0.00000000E+00   
0.00000000E+00   
0.00000000E+00   
0.00000000E+00   
0.00000000E+00   
0.00000000E+00   
0.00000000E+00   
0.00000000E+00   
0.00000000E+00   
0.00000000E+00   
0.00000000E+00   
0.00000000E+00   
0.00000000E+00   
0.00000000E+00   
0.00000000E+00   
0.00000000E+00   
0.00000000E+00   
0.00000000E+00   
0.00000000E+00   
0.00000000E+00   
0.00000000E+00   
0.00000000E+00   
0.00000000E+00   
0.00000000E+00   
0.00000000E+00   
0.00000000E+00   
0.00000000E+00   
0.00000000E+00   
0.00000000E+00   
0.00000000E+00   
0.00000000E+00   
0.00000000E+00   
0.00000000E+00   
0.00000000E+00   
0.00000000E+00   
0.00000000E+00   
0.00000000E+00   
0.00000000E+00   
0.00000000E+00   
0.00000000E+00   
0.00000000E+00   
0.00000000E+00   
0.00000000E+00   
0.00000000E+00   
0.00000000E+00   
0.00000000E+00   
0.00000000E+00   
0.00000000E+00   
0.00000000E+00   
0.00000000E+00   
0.00000000E+00   
0.00000000E+00   
0.00000000E+00   
0.00000000E+00   
0.00000000E+00   
0.00000000E+00   
0.00000000E+00   
0.00000000E+00   
0.00000000E+00   
0.00000000E+00   
0.00000000E+00   
0.00000000E+00   
0.00000000E+00   
0.00000000E+00   
0.00000000E+00   
0.00000000E+00   
0.00000000E+00   
0.00000000E+00   
0.00000000E+00   
0.00000000E+00   
0.00000000E+00   
0.00000000E+00   
0.00000000E+00   
0.00000000E+00   
0.00000000E+00   
0.00000000E+00   
0.00000000E+00   
0.00000000E+00   
0.00000000E+00   
0.00000000E+00   
0.00000000E+00   
0.00000000E+00   
0.00000000E+00   
0.00000000E+00   
0.00000000E+00   
0.00000000E+00   
0.00000000E+00   
0.00000000E+00   
0.00000000E+00   
0.00000000E+00   
0.00000000E+00   
0.00000000E+00   
0.00000000E+00   
0.00000000E+00   
0.00000000E+00   
0.00000000E+00   
0.00000000E+00   
0.00000000E+00   
0.00000000E+00   
0.00000000E+00   
0.00000000E+00   
0.00000000E+00   
0.00000000E+00   
0.00000000E+00   
0.00000000E+00   
0.00000000E+00   
0.00000000E+00   
0.00000000E+00   
0.00000000E+00   
0.00000000E+00   
0.00000000E+00   
0.00000000E+00   
0.00000000E+00   
0.00000000E+00   
0.00000000E+00   
0.00000000E+00   
0.00000000E+00   
0.00000000E+00   
0.00000000E+00   
0.00000000E+00   
0.00000000E+00   
0.00000000E+00   
0.00000000E+00   
0.00000000E+00   
0.00000000E+00   
0.00000000E+00   
0.00000000E+00   
0.00000000E+00   
0.00000000E+00   
0.00000000E+00   
0.00000000E+00   
0.00000000E+00   
0.00000000E+00   
0.00000000E+00   
0.00000000E+00   
0.00000000E+00   
0.00000000E+00   
0.00000000E+00   
0.00000000E+00   
0.00000000E+00   
0.00000000E+00   
0.00000000E+00   
0.00000000E+00   
0.00000000E+00   
0.00000000E+00   
0.00000000E+00   
0.00000000E+00   
0.00000000E+00   
0.00000000E+00   
0.00000000E+00   
0.00000000E+00   
0.00000000E+00   
0.00000000E+00   
0.00000000E+00   
0.00000000E+00   
0.00000000E+00   
0.00000000E+00   
0.00000000E+00   
0.00000000E+00   
0.00000000E+00   
0.00000000E+00   
0.00000000E+00   
0.00000000E+00   
0.00000000E+00   
0.00000000E+00   
0.00000000E+00   
0.00000000E+00   
0.00000000E+00   
0.00000000E+00   
0.00000000E+00   
0.00000000E+00   
0.00000000E+00   
0.00000000E+00   
0.00000000E+00   
0.00000000E+00   
0.00000000E+00   
0.00000000E+00   
0.00000000E+00   
0.00000000E+00   
0.00000000E+00   
0.00000000E+00   
0.00000000E+00   
0.00000000E+00   
0.00000000E+00   
0.00000000E+00   
0.00000000E+00   
0.00000000E+00   
0.00000000E+00   
0.00000000E+00   
0.00000000E+00   
0.00000000E+00   
0.00000000E+00   
0.00000000E+00   
0.00000000E+00   
0.00000000E+00   
0.00000000E+00   
0.00000000E+00   
0.00000000E+00   
0.00000000E+00   
0.00000000E+00   
0.00000000E+00   
0.00000000E+00   
0.00000000E+00   
0.00000000E+00   
0.00000000E+00   
0.00000000E+00   
0.00000000E+00   
0.00000000E+00   
0.00000000E+00   
0.00000000E+00   
0.00000000E+00   
0.00000000E+00   
0.00000000E+00   
0.00000000E+00   
0.00000000E+00   
0.00000000E+00   
0.00000000E+00   
0.00000000E+00   
0.00000000E+00   
0.00000000E+00   
0.00000000E+00   
0.00000000E+00   
0.00000000E+00   
0.00000000E+00   
0.00000000E+00   
0.00000000E+00   
0.00000000E+00   
0.00000000E+00   
0.00000000E+00   
0.00000000E+00   
0.00000000E+00   
0.00000000E+00   
0.00000000E+00   
0.00000000E+00   
0.00000000E+00   
0.00000000E+00   
0.00000000E+00   
0.00000000E+00   
0.00000000E+00   
0.00000000E+00   
0.00000000E+00   
0.00000000E+00   
0.00000000E+00   
0.00000000E+00   
0.00000000E+00   
0.00000000E+00   
0.00000000E+00   
0.00000000E+00   
0.00000000E+00   
0.00000000E+00   
0.00000000E+00   
0.00000000E+00   
0.00000000E+00   
0.00000000E+00   
0.00000000E+00   
0.00000000E+00   
0.00000000E+00   
0.00000000E+00   
0.00000000E+00   
0.00000000E+00   
0.00000000E+00   
0.00000000E+00   
0.00000000E+00   
0.00000000E+00   
0.00000000E+00   
0.00000000E+00   
0.00000000E+00   
0.00000000E+00   
0.00000000E+00   
0.00000000E+00   
0.00000000E+00   
0.00000000E+00   
0.00000000E+00   
0.00000000E+00   
0.00000000E+00   
0.00000000E+00   
0.00000000E+00   
0.00000000E+00   
0.00000000E+00   
0.00000000E+00   
0.00000000E+00   
0.00000000E+00   
0.00000000E+00   
0.00000000E+00   
0.00000000E+00   
0.00000000E+00   
0.00000000E+00   
0.00000000E+00   
0.00000000E+00   
0.00000000E+00   
0.00000000E+00   
0.00000000E+00   
0.00000000E+00   
0.00000000E+00   
0.00000000E+00   
0.00000000E+00   
0.00000000E+00   
0.00000000E+00   
0.00000000E+00   
0.00000000E+00   
0.00000000E+00   
0.00000000E+00   
0.00000000E+00   
0.00000000E+00   
0.00000000E+00   
0.00000000E+00   
0.00000000E+00   
0.00000000E+00   
0.00000000E+00   
0.00000000E+00   
0.00000000E+00   
0.00000000E+00   
0.00000000E+00   
0.00000000E+00   
0.00000000E+00   
0.00000000E+00   
0.00000000E+00   
0.00000000E+00   
0.00000000E+00   
0.00000000E+00   
0.00000000E+00   
0.00000000E+00   
0.00000000E+00   
0.00000000E+00   
0.00000000E+00   
0.00000000E+00   
0.00000000E+00   
0.00000000E+00   
0.00000000E+00   
0.00000000E+00   
0.00000000E+00   
0.00000000E+00   
0.00000000E+00   
0.00000000E+00   
0.00000000E+00   
0.00000000E+00   
0.00000000E+00   
0.00000000E+00   
0.00000000E+00   
0.00000000E+00   
0.00000000E+00   
0.00000000E+00   
0.00000000E+00   
0.00000000E+00   
0.00000000E+00   
0.00000000E+00   
0.00000000E+00   
0.00000000E+00   
0.00000000E+00   
0.00000000E+00   
0.00000000E+00   
0.00000000E+00   
0.00000000E+00   
0.00000000E+00   
0.00000000E+00   
0.00000000E+00   
0.00000000E+00   
0.00000000E+00   
0.00000000E+00   
0.00000000E+00   
0.00000000E+00   
0.00000000E+00   
0.00000000E+00   
0.00000000E+00   
0.00000000E+00   
0.00000000E+00   
0.00000000E+00   
0.00000000E+00   
0.00000000E+00   
0.00000000E+00   
0.00000000E+00   
0.00000000E+00   
0.00000000E+00   
0.00000000E+00   
0.00000000E+00   
0.00000000E+00   
0.00000000E+00   
0.00000000E+00   
0.00000000E+00   
0.00000000E+00   
0.00000000E+00   
0.00000000E+00   
0.00000000E+00   
0.00000000E+00   
0.00000000E+00   
0.00000000E+00   
0.00000000E+00   
0.00000000E+00   
0.00000000E+00   
0.00000000E+00   
0.00000000E+00   
0.00000000E+00   
0.00000000E+00   
0.00000000E+00   
0.00000000E+00   
0.00000000E+00   
0.00000000E+00   
0.00000000E+00   
0.00000000E+00   
0.00000000E+00   
0.00000000E+00   
0.00000000E+00   
0.00000000E+00   
0.00000000E+00   
0.00000000E+00   
0.00000000E+00   
0.00000000E+00   
0.00000000E+00   
0.00000000E+00   
0.00000000E+00   
0.00000000E+00   
0.00000000E+00   
0.00000000E+00   
0.00000000E+00   
0.00000000E+00   
0.00000000E+00   
0.00000000E+00   
0.00000000E+00   
0.00000000E+00   
0.00000000E+00   
0.00000000E+00   
0.00000000E+00   
0.00000000E+00   
0.00000000E+00   
0.00000000E+00   
0.00000000E+00   
0.00000000E+00   
0.00000000E+00   
0.00000000E+00   
0.00000000E+00   
0.00000000E+00   
0.00000000E+00   
0.00000000E+00   
0.00000000E+00   
0.00000000E+00   
0.00000000E+00   
0.00000000E+00   
0.00000000E+00   
0.00000000E+00   
0.00000000E+00   
0.00000000E+00   
0.00000000E+00   
0.00000000E+00   
0.00000000E+00   
0.00000000E+00   
0.00000000E+00   
0.00000000E+00   
0.00000000E+00   
0.00000000E+00   
0.00000000E+00   
0.00000000E+00   
0.00000000E+00   
0.00000000E+00   
0.00000000E+00   
0.00000000E+00   
0.00000000E+00   
0.00000000E+00   
0.00000000E+00   
0.00000000E+00   
0.00000000E+00   
0.00000000E+00   
0.00000000E+00   
0.00000000E+00   
0.00000000E+00   
0.00000000E+00   
0.00000000E+00   
0.00000000E+00   
0.00000000E+00   
0.00000000E+00   
0.00000000E+00   
0.00000000E+00   
0.00000000E+00   
0.00000000E+00   
0.00000000E+00   
0.00000000E+00   
0.00000000E+00   
0.00000000E+00   
0.00000000E+00   
0.00000000E+00   
0.00000000E+00   
0.00000000E+00   
0.00000000E+00   
0.00000000E+00   
0.00000000E+00   
0.00000000E+00   
0.00000000E+00   
0.00000000E+00   
0.00000000E+00   
0.00000000E+00   
0.00000000E+00   
0.00000000E+00   
0.00000000E+00   
0.00000000E+00   
0.00000000E+00   
0.00000000E+00   
0.00000000E+00   
0.00000000E+00   
0.00000000E+00   
0.00000000E+00   
0.00000000E+00   
0.00000000E+00   
0.00000000E+00   
0.00000000E+00   
0.00000000E+00   
0.00000000E+00   
0.00000000E+00   
0.00000000E+00   
0.00000000E+00   
0.00000000E+00   
0.00000000E+00   
0.00000000E+00   
0.00000000E+00   
0.00000000E+00   
0.00000000E+00   
0.00000000E+00   
0.00000000E+00   
0.00000000E+00   
0.00000000E+00   
0.00000000E+00   
0.00000000E+00   
0.00000000E+00   
0.00000000E+00   
0.00000000E+00   
0.00000000E+00   
0.00000000E+00   
0.00000000E+00   
0.00000000E+00   
0.00000000E+00   
0.00000000E+00   
0.00000000E+00   
0.00000000E+00   
0.00000000E+00   
0.00000000E+00   
0.00000000E+00   
0.00000000E+00   
0.00000000E+00   
0.00000000E+00   
0.00000000E+00   
0.00000000E+00   
0.00000000E+00   
0.00000000E+00   
0.00000000E+00   
0.00000000E+00   
0.00000000E+00   
0.00000000E+00   
0.00000000E+00   
0.00000000E+00   
0.00000000E+00   
0.00000000E+00   
0.00000000E+00   
0.00000000E+00   
0.00000000E+00   
0.00000000E+00   
0.00000000E+00   
0.00000000E+00   
0.00000000E+00   
0.00000000E+00   
0.00000000E+00   
0.00000000E+00   
0.00000000E+00   
0.00000000E+00   
0.00000000E+00   
0.00000000E+00   
0.00000000E+00   
0.00000000E+00   
0.00000000E+00   
0.00000000E+00   
0.00000000E+00   
0.00000000E+00   
0.00000000E+00   
0.00000000E+00   
0.00000000E+00   
0.00000000E+00   
0.00000000E+00   
0.00000000E+00   
0.00000000E+00   
0.00000000E+00   
0.00000000E+00   
0.00000000E+00   
0.00000000E+00   
0.00000000E+00   
0.00000000E+00   
0.00000000E+00   
0.00000000E+00   
0.00000000E+00   
0.00000000E+00   
0.00000000E+00   
0.00000000E+00   
0.00000000E+00   
0.00000000E+00   
0.00000000E+00   
0.00000000E+00   
0.00000000E+00   
0.00000000E+00   
0.00000000E+00   
0.00000000E+00   
0.00000000E+00   
0.00000000E+00   
0.00000000E+00   
0.00000000E+00   
0.00000000E+00   
0.00000000E+00   
0.00000000E+00   
0.00000000E+00   
0.00000000E+00   
0.00000000E+00   
0.00000000E+00   
0.00000000E+00   
0.00000000E+00   
0.00000000E+00   
0.00000000E+00   
0.00000000E+00   
0.00000000E+00   
0.00000000E+00   
0.00000000E+00   
0.00000000E+00   
0.00000000E+00   
0.00000000E+00   
0.00000000E+00   
0.00000000E+00   
0.00000000E+00   
0.00000000E+00   
0.00000000E+00   
0.00000000E+00   
0.00000000E+00   
0.00000000E+00   
0.00000000E+00   
0.00000000E+00   
0.00000000E+00   
0.00000000E+00   
0.00000000E+00   
0.00000000E+00   
0.00000000E+00   
0.00000000E+00   
0.00000000E+00   
0.00000000E+00   
0.00000000E+00   
0.00000000E+00   
0.00000000E+00   
0.00000000E+00   
0.00000000E+00   
0.00000000E+00   
0.00000000E+00   
0.00000000E+00   
0.00000000E+00   
0.00000000E+00   
0.00000000E+00   
0.00000000E+00   
0.00000000E+00   
0.00000000E+00   
0.00000000E+00   
0.00000000E+00   
0.00000000E+00   
0.00000000E+00   
0.00000000E+00   
0.00000000E+00   
0.00000000E+00   
0.00000000E+00   
0.00000000E+00   
0.00000000E+00   
0.00000000E+00   
0.00000000E+00   
0.00000000E+00   
0.00000000E+00   
0.00000000E+00   
0.00000000E+00   
0.00000000E+00   
0.00000000E+00   
0.00000000E+00   
0.00000000E+00   
0.00000000E+00   
0.00000000E+00   
0.00000000E+00   
0.00000000E+00   
0.00000000E+00   
0.00000000E+00   
0.00000000E+00   
0.00000000E+00   
0.00000000E+00   
0.00000000E+00   
0.00000000E+00   
0.00000000E+00   
0.00000000E+00   
0.00000000E+00   
0.00000000E+00   
0.00000000E+00   
0.00000000E+00   
0.00000000E+00   
0.00000000E+00   
0.00000000E+00   
0.00000000E+00   
0.00000000E+00   
0.00000000E+00   
0.00000000E+00   
0.00000000E+00   
0.00000000E+00   
0.00000000E+00   
0.00000000E+00   
0.00000000E+00   
0.00000000E+00   
0.00000000E+00   
0.00000000E+00   
0.00000000E+00   
0.00000000E+00   
0.00000000E+00   
0.00000000E+00   
0.00000000E+00   
0.00000000E+00   
0.00000000E+00   
0.00000000E+00   
0.00000000E+00   
0.00000000E+00   
0.00000000E+00   
0.00000000E+00   
0.00000000E+00   
0.00000000E+00   
0.00000000E+00   
0.00000000E+00   
0.00000000E+00   
0.00000000E+00   
0.00000000E+00   
0.00000000E+00   
0.00000000E+00   
0.00000000E+00   
0.00000000E+00   
0.00000000E+00   
0.00000000E+00   
0.00000000E+00   
0.00000000E+00   
0.00000000E+00   
0.00000000E+00   
0.00000000E+00   
0.00000000E+00   
0.00000000E+00   
0.00000000E+00   
0.00000000E+00   
0.00000000E+00   
0.00000000E+00   
0.00000000E+00   
0.00000000E+00   
0.00000000E+00   
0.00000000E+00   
0.00000000E+00   
0.00000000E+00   
0.00000000E+00   
0.00000000E+00   
0.00000000E+00   
0.00000000E+00   
0.00000000E+00   
0.00000000E+00   
0.00000000E+00   
0.00000000E+00   
0.00000000E+00   
0.00000000E+00   
0.00000000E+00   
0.00000000E+00   
0.00000000E+00   
0.00000000E+00   
0.00000000E+00   
0.00000000E+00   
0.00000000E+00   
0.00000000E+00   
0.00000000E+00   
0.00000000E+00   
0.00000000E+00   
0.00000000E+00   
0.00000000E+00   
0.00000000E+00   
0.00000000E+00   
0.00000000E+00   
0.00000000E+00   
0.00000000E+00   
0.00000000E+00   
0.00000000E+00   
0.00000000E+00   
0.00000000E+00   
0.00000000E+00   
0.00000000E+00   
0.00000000E+00   
0.00000000E+00   
0.00000000E+00   
0.00000000E+00   
0.00000000E+00   
0.00000000E+00   
0.00000000E+00   
0.00000000E+00   
0.00000000E+00   
0.00000000E+00   
0.00000000E+00   
0.00000000E+00   
0.00000000E+00   
0.00000000E+00   
0.00000000E+00   
0.00000000E+00   
0.00000000E+00   
0.00000000E+00   
0.00000000E+00   
0.00000000E+00   
0.00000000E+00   
0.00000000E+00   
0.00000000E+00   
0.00000000E+00   
0.00000000E+00   
0.00000000E+00   
0.00000000E+00   
0.00000000E+00   
0.00000000E+00   
0.00000000E+00   
0.00000000E+00   
0.00000000E+00   
0.00000000E+00   
0.00000000E+00   
0.00000000E+00   
0.00000000E+00   
0.00000000E+00   
0.00000000E+00   
0.00000000E+00   
0.00000000E+00   
0.00000000E+00   
0.00000000E+00   
0.00000000E+00   
0.00000000E+00   
0.00000000E+00   
0.00000000E+00   
0.00000000E+00   
0.00000000E+00   
0.00000000E+00   
0.00000000E+00   
0.00000000E+00   
0.00000000E+00   
0.00000000E+00   
0.00000000E+00   
0.00000000E+00   
0.00000000E+00   
0.00000000E+00   
0.00000000E+00   
0.00000000E+00   
0.00000000E+00   
0.00000000E+00   
0.00000000E+00   
0.00000000E+00   
0.00000000E+00   
0.00000000E+00   
0.00000000E+00   
0.00000000E+00   
0.00000000E+00   
0.00000000E+00   
0.00000000E+00   
0.00000000E+00   
0.00000000E+00   
0.00000000E+00   
0.00000000E+00   
0.00000000E+00   
0.00000000E+00   
!IDEND=

