!FILE=Disk 
!KIND=Spectrum 
!LABORATORY=Oslo Cyclotron Laboratory (OCL) 
!EXPERIMENT= oslo_method_python 
!COMMENT=Made by OMpy 
!TIME=DATE:08-Sep-20 09:57:37   
!CALIBRATION EkeV=6, 0.000000E+00, 2.000400E+00, 0.000000E+00 
!PRECISION=16 
!DIMENSION=1,0:4999 
!CHANNEL=(0:4999) 
2.19034007E+02   
3.71591418E+02   
4.26107622E+02   
4.48611422E+02   
4.78066013E+02   
4.63126425E+02   
5.45641828E+02   
5.51607421E+02   
5.91805461E+02   
6.41961192E+02   
6.47304061E+02   
6.51212042E+02   
6.94066413E+02   
6.70184837E+02   
7.16239248E+02   
7.60772254E+02   
7.56348470E+02   
7.99050410E+02   
8.32122324E+02   
9.12165633E+02   
9.40262452E+02   
9.77847870E+02   
9.97989098E+02   
1.13884457E+03   
1.18913433E+03   
1.25622835E+03   
1.44203101E+03   
1.44952631E+03   
1.64400500E+03   
1.73402651E+03   
1.83070304E+03   
1.94696029E+03   
1.99886737E+03   
2.06243639E+03   
2.17292619E+03   
2.22758572E+03   
2.36292609E+03   
2.37925465E+03   
2.42625715E+03   
2.52503941E+03   
2.61051340E+03   
2.71154741E+03   
2.73178546E+03   
2.75372264E+03   
2.88273205E+03   
2.88172284E+03   
2.83056501E+03   
2.94285657E+03   
2.98372745E+03   
3.00134107E+03   
2.95373005E+03   
3.11091558E+03   
3.04308972E+03   
3.07484307E+03   
3.07105071E+03   
3.07760262E+03   
3.18562182E+03   
3.17417243E+03   
3.15236067E+03   
3.13026945E+03   
3.12490458E+03   
3.15755301E+03   
3.05348460E+03   
3.05934457E+03   
3.02344199E+03   
3.02854301E+03   
3.06681976E+03   
3.07634847E+03   
3.04253901E+03   
2.96582757E+03   
2.98601030E+03   
3.05590958E+03   
3.01605271E+03   
3.00005381E+03   
3.03782897E+03   
2.96109012E+03   
2.99921894E+03   
2.97429266E+03   
2.96257812E+03   
2.93100050E+03   
2.94333207E+03   
2.83998890E+03   
2.87037237E+03   
2.85932927E+03   
2.93299360E+03   
3.01950610E+03   
2.96488258E+03   
2.92040268E+03   
2.92109222E+03   
2.90529166E+03   
3.03614893E+03   
2.99183357E+03   
2.93773335E+03   
2.92304951E+03   
2.91828406E+03   
2.86129416E+03   
2.72431866E+03   
2.74610162E+03   
2.70667804E+03   
2.69750040E+03   
2.62402521E+03   
2.62499020E+03   
2.60313073E+03   
2.58591058E+03   
2.58156201E+03   
2.52333007E+03   
2.42211992E+03   
2.43073485E+03   
2.44522875E+03   
2.45735897E+03   
2.48069034E+03   
2.41005731E+03   
2.29968534E+03   
2.35919424E+03   
2.27908432E+03   
2.20116483E+03   
2.27699900E+03   
2.34133347E+03   
2.31629256E+03   
2.29005411E+03   
2.19436227E+03   
2.23218694E+03   
2.19247720E+03   
2.27888718E+03   
2.25115763E+03   
2.23755451E+03   
2.26394879E+03   
2.24304231E+03   
2.24128986E+03   
2.20446119E+03   
2.17405631E+03   
2.18585297E+03   
2.16160152E+03   
2.14822014E+03   
2.15533177E+03   
2.00323875E+03   
2.03421394E+03   
2.04183947E+03   
2.06649840E+03   
2.02473855E+03   
2.02852511E+03   
2.02420144E+03   
2.04781816E+03   
1.95553271E+03   
1.97009732E+03   
1.95048730E+03   
1.90354491E+03   
1.90701840E+03   
1.81951080E+03   
1.88984657E+03   
1.88322484E+03   
1.89923015E+03   
1.81175555E+03   
1.81262513E+03   
1.77912102E+03   
1.75090228E+03   
1.84923905E+03   
1.75876405E+03   
1.75374535E+03   
1.74132987E+03   
1.70611072E+03   
1.69914283E+03   
1.68421954E+03   
1.71437698E+03   
1.65612182E+03   
1.60542348E+03   
1.57258572E+03   
1.59238268E+03   
1.57918044E+03   
1.62164543E+03   
1.51532386E+03   
1.47456311E+03   
1.44849730E+03   
1.45989298E+03   
1.40333377E+03   
1.35278296E+03   
1.39268024E+03   
1.34459172E+03   
1.36826335E+03   
1.37340758E+03   
1.32700860E+03   
1.33851200E+03   
1.29353151E+03   
1.33804741E+03   
1.26315593E+03   
1.26495639E+03   
1.25348320E+03   
1.24459512E+03   
1.20144209E+03   
1.19590848E+03   
1.19379586E+03   
1.22036577E+03   
1.18520774E+03   
1.14428946E+03   
1.16406451E+03   
1.17786137E+03   
1.18367283E+03   
1.13706521E+03   
1.13248420E+03   
1.15815333E+03   
1.13398160E+03   
1.13839838E+03   
1.09628456E+03   
1.05896269E+03   
1.12509242E+03   
1.05205821E+03   
1.02311672E+03   
1.06436407E+03   
1.08746479E+03   
1.04188058E+03   
1.04602360E+03   
1.01721824E+03   
1.08881286E+03   
1.07548160E+03   
1.06077245E+03   
1.06045309E+03   
9.86663933E+02   
1.04688788E+03   
9.94381676E+02   
1.00256601E+03   
1.01502601E+03   
9.97486197E+02   
9.70136727E+02   
9.72710042E+02   
9.65856871E+02   
9.67292258E+02   
9.67552911E+02   
9.54917784E+02   
9.38003601E+02   
9.45185637E+02   
9.64476695E+02   
9.22895279E+02   
9.42289658E+02   
9.12179636E+02   
9.14117824E+02   
9.01372074E+02   
9.13671434E+02   
9.36747249E+02   
9.02859772E+02   
9.05501100E+02   
8.40429586E+02   
9.01368474E+02   
8.84608822E+02   
8.22171634E+02   
8.53345469E+02   
8.10060112E+02   
8.46278956E+02   
8.25645129E+02   
8.41946489E+02   
8.46152030E+02   
8.11567313E+02   
7.86773855E+02   
8.29133527E+02   
6.31226695E+02   
5.95119024E+02   
5.95119024E+02   
5.95119024E+02   
5.95119024E+02   
5.36285507E+02   
3.54815063E+02   
3.87719644E+02   
3.97937688E+02   
4.04402480E+02   
3.72103521E+02   
4.16501700E+02   
3.79256051E+02   
3.44525205E+02   
3.63637728E+02   
3.98686237E+02   
3.97216643E+02   
3.38695139E+02   
3.72022404E+02   
3.80683437E+02   
3.86512503E+02   
3.85905881E+02   
3.77873175E+02   
3.67556411E+02   
3.43082016E+02   
3.60016103E+02   
3.37775655E+02   
3.44917884E+02   
3.50393879E+02   
3.76262553E+02   
3.36577916E+02   
3.38113223E+02   
3.33401380E+02   
3.60888078E+02   
3.70690638E+02   
3.39460092E+02   
3.57601420E+02   
3.44306961E+02   
3.15219744E+02   
3.53919484E+02   
3.53808262E+02   
3.38388378E+02   
3.41448190E+02   
3.37168034E+02   
3.05106921E+02   
2.92773455E+02   
3.37653531E+02   
3.41691038E+02   
3.36761852E+02   
3.42412382E+02   
3.28475195E+02   
3.37904481E+02   
2.82157632E+02   
3.04094019E+02   
2.96625225E+02   
3.01293859E+02   
2.91330066E+02   
3.12663633E+02   
3.22323265E+02   
3.10186937E+02   
3.16941288E+02   
3.09800760E+02   
2.89169934E+02   
2.53774755E+02   
3.05857572E+02   
2.93470194E+02   
2.83158732E+02   
2.66265253E+02   
2.49683437E+02   
2.60023005E+02   
3.11787658E+02   
2.82802360E+02   
3.02717143E+02   
2.61486497E+02   
2.76348970E+02   
2.53118024E+02   
2.83367073E+02   
2.64478396E+02   
2.65422985E+02   
2.68055211E+02   
2.77656331E+02   
2.60679036E+02   
2.83732947E+02   
2.87614023E+02   
2.85863773E+02   
2.69493699E+02   
2.84618324E+02   
2.62874875E+02   
2.77056911E+02   
2.68228946E+02   
2.78788458E+02   
2.84212142E+02   
2.62707141E+02   
2.65498700E+02   
2.82749250E+02   
2.66075115E+02   
2.42847369E+02   
2.62894479E+02   
2.54082416E+02   
2.27327666E+02   
2.30329266E+02   
2.33256351E+02   
2.44122525E+02   
2.47261152E+02   
2.53406981E+02   
2.23111322E+02   
2.28344069E+02   
2.17097319E+02   
2.27687037E+02   
2.31073215E+02   
2.36729846E+02   
2.30679536E+02   
2.20811262E+02   
2.19972995E+02   
2.32107822E+02   
2.13982697E+02   
1.99519904E+02   
2.19231446E+02   
2.00833067E+02   
1.77582016E+02   
2.06196739E+02   
2.18785457E+02   
2.15792859E+02   
2.13801460E+02   
2.24215043E+02   
1.66292358E+02   
2.01903681E+02   
2.13518504E+02   
1.82078916E+02   
1.92382577E+02   
2.13648930E+02   
1.84575115E+02   
2.06657732E+02   
1.90769254E+02   
2.02970594E+02   
1.99009102E+02   
2.10323165E+02   
2.07702841E+02   
1.89913183E+02   
1.79154031E+02   
1.95182236E+02   
2.10882577E+02   
1.93694239E+02   
1.89644429E+02   
1.85059712E+02   
1.89629926E+02   
1.84080616E+02   
1.87959992E+02   
1.89738848E+02   
1.95667233E+02   
1.86845569E+02   
1.88650730E+02   
1.87320964E+02   
1.95390278E+02   
1.77126425E+02   
1.70269154E+02   
1.85394379E+02   
1.88731846E+02   
1.84320564E+02   
1.71087317E+02   
1.78341068E+02   
1.66402080E+02   
1.66689138E+02   
1.76364173E+02   
1.71369974E+02   
1.65028006E+02   
1.85724745E+02   
1.83358872E+02   
1.85682236E+02   
1.61039908E+02   
1.81728346E+02   
1.78679336E+02   
1.79726445E+02   
1.74343169E+02   
1.60929986E+02   
1.63153931E+02   
1.39271154E+02   
1.58767453E+02   
1.71670434E+02   
1.45955191E+02   
1.76209542E+02   
1.78277756E+02   
1.40380876E+02   
1.62382476E+02   
1.51658832E+02   
1.66435487E+02   
1.66194339E+02   
1.42113723E+02   
1.64414383E+02   
1.58064313E+02   
1.38453391E+02   
1.33770054E+02   
1.62879776E+02   
1.53605321E+02   
1.53994099E+02   
1.53671134E+02   
1.42388878E+02   
1.54227646E+02   
1.36193639E+02   
1.36091118E+02   
1.37244749E+02   
1.50120224E+02   
1.38078316E+02   
1.31475895E+02   
1.45906681E+02   
1.53680236E+02   
1.42700740E+02   
1.44505401E+02   
1.30235147E+02   
1.49355471E+02   
1.36581516E+02   
1.48938288E+02   
1.36537708E+02   
1.32457592E+02   
1.45774555E+02   
1.49152631E+02   
1.30146629E+02   
1.51602420E+02   
1.32946689E+02   
1.46492999E+02   
1.32068914E+02   
1.22678836E+02   
1.09091118E+02   
1.23453091E+02   
1.44776455E+02   
1.46206841E+02   
1.44486797E+02   
1.44029606E+02   
1.26640028E+02   
1.37112222E+02   
1.30015303E+02   
1.40738548E+02   
1.41947690E+02   
1.37693539E+02   
1.39754951E+02   
1.43030006E+02   
1.39504901E+02   
1.37947590E+02   
1.35367774E+02   
1.24905681E+02   
1.47331766E+02   
1.41424485E+02   
1.43934887E+02   
1.25850170E+02   
1.23711442E+02   
1.28326965E+02   
1.32223445E+02   
1.33828566E+02   
1.20720244E+02   
1.40836967E+02   
1.35715043E+02   
1.16496799E+02   
1.22383377E+02   
1.24166633E+02   
1.19456891E+02   
1.32101120E+02   
1.27580016E+02   
1.48028406E+02   
1.30277355E+02   
1.33549210E+02   
1.21909682E+02   
1.32789058E+02   
1.27141828E+02   
1.36316963E+02   
1.17972494E+02   
1.16414383E+02   
1.22345469E+02   
1.28068714E+02   
1.24732246E+02   
9.83883777E+01   
1.33463493E+02   
1.23800460E+02   
1.23676835E+02   
1.27633427E+02   
1.25314563E+02   
1.16159532E+02   
1.15925085E+02   
1.07717544E+02   
1.14160732E+02   
1.30884877E+02   
1.37157231E+02   
1.41740648E+02   
1.26598720E+02   
1.12882476E+02   
1.29600420E+02   
1.27888978E+02   
1.10996099E+02   
1.16034107E+02   
1.21889778E+02   
1.29156631E+02   
1.30762753E+02   
1.17001500E+02   
1.04841168E+02   
1.07487397E+02   
1.09989898E+02   
1.23128726E+02   
1.16231146E+02   
1.13582316E+02   
1.06418784E+02   
1.13462092E+02   
1.07956691E+02   
1.09250450E+02   
1.13466493E+02   
1.13636027E+02   
1.10071314E+02   
1.20148630E+02   
1.06787558E+02   
1.28161432E+02   
1.23201540E+02   
1.25428086E+02   
1.07944289E+02   
1.13922985E+02   
1.20747449E+02   
9.98416683E+01   
1.00931086E+02   
1.02927385E+02   
1.05474895E+02   
8.11940388E+01   
1.04117323E+02   
1.04748650E+02   
1.16879476E+02   
1.08620224E+02   
1.03988098E+02   
1.11090618E+02   
1.12638928E+02   
9.62454491E+01   
1.12900780E+02   
1.29047910E+02   
1.08768554E+02   
1.02418284E+02   
1.02888278E+02   
1.13624225E+02   
1.05162933E+02   
9.10063013E+01   
1.12960192E+02   
1.04079816E+02   
9.60766153E+01   
9.80184037E+01   
1.12014703E+02   
1.01129626E+02   
9.54359872E+01   
1.02036707E+02   
1.09333967E+02   
1.06852671E+02   
1.14149930E+02   
9.64541908E+01   
9.74570914E+01   
9.05789158E+01   
1.11721244E+02   
9.50558112E+01   
9.08282657E+01   
9.88851770E+01   
9.36305261E+01   
9.54722945E+01   
1.01761852E+02   
1.02966793E+02   
1.13766253E+02   
9.65573115E+01   
1.13275755E+02   
1.01745249E+02   
9.00948190E+01   
9.52199440E+01   
8.87962593E+01   
1.12963593E+02   
9.53119624E+01   
9.99979996E+01   
1.14021604E+02   
8.82943589E+01   
9.84974995E+01   
1.08022004E+02   
1.06531906E+02   
1.00012402E+02   
8.60192038E+01   
8.62673535E+01   
1.12777055E+02   
1.03021204E+02   
8.30138028E+01   
9.60016003E+01   
1.03779656E+02   
9.42653531E+01   
1.11552511E+02   
9.60220044E+01   
9.02337467E+01   
1.10602120E+02   
8.81695339E+01   
1.05549910E+02   
1.01240348E+02   
9.72863573E+01   
1.01992198E+02   
8.70736147E+01   
9.61735347E+01   
8.85623125E+01   
1.01017604E+02   
9.80176035E+01   
8.67404481E+01   
1.07205441E+02   
9.57448490E+01   
8.79821964E+01   
9.64576915E+01   
1.10151830E+02   
1.02886577E+02   
7.44006801E+01   
7.87774555E+01   
9.84047810E+01   
1.09361372E+02   
1.00388278E+02   
8.64356871E+01   
1.02601920E+02   
1.05607622E+02   
9.06047209E+01   
9.27822565E+01   
8.85489098E+01   
8.80180036E+01   
9.16845369E+01   
1.01090218E+02   
1.03418884E+02   
9.68069614E+01   
8.50894179E+01   
9.39433887E+01   
8.16330266E+01   
8.17859572E+01   
8.78684737E+01   
8.26971394E+01   
9.87854571E+01   
7.44125825E+01   
8.51607321E+01   
9.07345469E+01   
8.29806961E+01   
1.07922585E+02   
9.37453491E+01   
9.02437487E+01   
9.46599320E+01   
7.95024005E+01   
8.79866973E+01   
8.82433487E+01   
9.93443689E+01   
1.07450190E+02   
1.01693239E+02   
8.25842168E+01   
9.97950590E+01   
8.62409482E+01   
8.96844369E+01   
6.99037808E+01   
9.09163833E+01   
9.32417483E+01   
1.13682036E+02   
8.93400680E+01   
8.13352671E+01   
9.64789958E+01   
6.92066413E+01   
8.39204841E+01   
9.95249050E+01   
9.60700140E+01   
8.13200640E+01   
9.14949990E+01   
7.47487497E+01   
8.05549110E+01   
9.33140628E+01   
9.36632326E+01   
9.47263453E+01   
1.00018404E+02   
7.89456891E+01   
7.59460892E+01   
7.73635727E+01   
1.07262953E+02   
1.11235747E+02   
1.06871374E+02   
8.14090818E+01   
9.15354071E+01   
8.15410082E+01   
7.89152831E+01   
8.70675135E+01   
7.24342869E+01   
8.80832166E+01   
7.94374875E+01   
9.20188038E+01   
8.15165033E+01   
8.89365873E+01   
8.14326865E+01   
8.63616723E+01   
8.21512302E+01   
7.75694139E+01   
9.91061212E+01   
9.86922384E+01   
8.30670134E+01   
9.45591118E+01   
8.54266853E+01   
9.12213443E+01   
9.70172034E+01   
9.20025005E+01   
8.72090418E+01   
8.72336467E+01   
8.28166633E+01   
9.98241648E+01   
9.38209642E+01   
1.02806961E+02   
1.00222144E+02   
9.04171834E+01   
8.86128226E+01   
7.20189038E+01   
8.88316663E+01   
9.64162833E+01   
8.24033807E+01   
8.54110822E+01   
8.52431486E+01   
7.51811362E+01   
9.34070814E+01   
7.60353071E+01   
7.15787157E+01   
9.60887177E+01   
8.39368874E+01   
8.78772755E+01   
7.87921584E+01   
8.44022805E+01   
8.18924785E+01   
8.78266653E+01   
9.37881576E+01   
1.05018004E+02   
7.50613123E+01   
8.44018804E+01   
8.84961992E+01   
8.99224845E+01   
8.30184037E+01   
7.84797960E+01   
7.79348870E+01   
8.10176035E+01   
8.73345669E+01   
6.82638528E+01   
7.51404281E+01   
8.67707542E+01   
9.18841768E+01   
7.86425285E+01   
8.22013403E+01   
8.04591918E+01   
9.93519704E+01   
9.07581516E+01   
7.38597720E+01   
8.43607722E+01   
7.50347069E+01   
7.96354271E+01   
7.26616323E+01   
8.52866573E+01   
8.25620124E+01   
1.03652931E+02   
7.31020204E+01   
8.10140028E+01   
6.67345469E+01   
9.80353071E+01   
8.03754751E+01   
8.21949390E+01   
6.92653531E+01   
7.93407682E+01   
8.90852170E+01   
9.33070614E+01   
7.09105821E+01   
8.03611722E+01   
7.80720144E+01   
8.35525105E+01   
9.07197439E+01   
9.47426485E+01   
9.36400280E+01   
8.61901380E+01   
8.05368074E+01   
6.65744149E+01   
7.71085217E+01   
8.71173235E+01   
8.40524105E+01   
8.25324065E+01   
7.58446689E+01   
7.60164033E+01   
6.96985397E+01   
7.66745349E+01   
8.93366673E+01   
7.65252050E+01   
7.85228046E+01   
9.06665333E+01   
8.40180036E+01   
9.53534707E+01   
8.36825365E+01   
7.73534707E+01   
8.63494699E+01   
9.18494699E+01   
7.78454691E+01   
8.25188038E+01   
8.48614723E+01   
8.53478696E+01   
7.23310662E+01   
6.76697339E+01   
8.57065413E+01   
8.25052010E+01   
8.72273455E+01   
8.39379876E+01   
7.90420084E+01   
9.33694739E+01   
7.45680136E+01   
8.33042609E+01   
8.53762753E+01   
8.40184037E+01   
6.55677135E+01   
6.26941388E+01   
7.85860172E+01   
9.33838768E+01   
8.12798560E+01   
7.30708142E+01   
6.96449290E+01   
8.25460092E+01   
7.97342468E+01   
7.45452090E+01   
1.05838968E+02   
8.07234447E+01   
6.67874575E+01   
8.87760552E+01   
8.15570114E+01   
7.79386877E+01   
6.81677335E+01   
7.39466893E+01   
9.01693339E+01   
7.67133427E+01   
6.90769154E+01   
7.41092218E+01   
9.07698540E+01   
6.74655931E+01   
8.14150830E+01   
7.73142629E+01   
8.55255051E+01   
9.56129226E+01   
8.56097219E+01   
8.30156031E+01   
8.26896379E+01   
9.35499100E+01   
9.30746149E+01   
9.01866373E+01   
8.65571114E+01   
8.00357071E+01   
8.15663133E+01   
7.37656531E+01   
7.50031006E+01   
7.17334467E+01   
8.37195439E+01   
7.33055611E+01   
6.37259452E+01   
9.10261052E+01   
7.90113023E+01   
8.07337467E+01   
8.84399880E+01   
8.62970594E+01   
6.84164833E+01   
7.21947389E+01   
9.35737147E+01   
7.54590918E+01   
9.23237648E+01   
8.80184037E+01   
7.88447690E+01   
7.24279856E+01   
7.58778756E+01   
6.78786757E+01   
7.76543309E+01   
8.05126025E+01   
7.92858572E+01   
7.26890378E+01   
6.18778756E+01   
8.76715343E+01   
7.12842569E+01   
5.74159832E+01   
7.36160232E+01   
7.76184237E+01   
8.16778356E+01   
7.44103821E+01   
7.66200240E+01   
8.45750150E+01   
7.31943389E+01   
6.70570114E+01   
6.34019804E+01   
7.28476695E+01   
7.36284257E+01   
7.16590318E+01   
7.61425285E+01   
7.96308262E+01   
7.95059012E+01   
6.82706541E+01   
7.88894779E+01   
9.02506501E+01   
8.54107822E+01   
7.08916783E+01   
8.11377275E+01   
6.71383277E+01   
7.23933787E+01   
8.18922785E+01   
7.51397279E+01   
6.62618524E+01   
7.28926785E+01   
6.93819764E+01   
6.63795759E+01   
6.39212843E+01   
7.31051210E+01   
6.50490098E+01   
8.30164033E+01   
8.32980596E+01   
7.70927185E+01   
7.83719744E+01   
6.50140028E+01   
7.26596319E+01   
7.33683737E+01   
7.23659732E+01   
6.99604921E+01   
8.40164033E+01   
7.25970194E+01   
8.70886177E+01   
7.66716343E+01   
7.87083417E+01   
6.78180636E+01   
6.75842168E+01   
8.71018204E+01   
7.44680936E+01   
7.37873575E+01   
7.59014803E+01   
6.99022805E+01   
7.41210242E+01   
7.76859372E+01   
8.85736147E+01   
6.74469894E+01   
8.11363273E+01   
7.99054811E+01   
8.37037407E+01   
8.42382476E+01   
7.97792559E+01   
7.43411682E+01   
8.47696539E+01   
8.98322665E+01   
8.44825965E+01   
9.10192038E+01   
8.28681736E+01   
7.28617724E+01   
8.00649130E+01   
7.07508502E+01   
9.07141428E+01   
7.65842168E+01   
6.54684937E+01   
7.93244649E+01   
7.85650130E+01   
5.65278056E+01   
8.07068414E+01   
7.33195639E+01   
9.47973595E+01   
7.95226045E+01   
8.33175635E+01   
8.94152831E+01   
7.34148830E+01   
6.88101620E+01   
7.43199640E+01   
8.35226045E+01   
6.65078016E+01   
9.12334467E+01   
7.27701540E+01   
8.78481696E+01   
8.26299260E+01   
6.04593919E+01   
6.52030406E+01   
7.72950590E+01   
8.08722745E+01   
7.97308462E+01   
7.32979596E+01   
6.92955591E+01   
6.64532907E+01   
7.61085217E+01   
6.93852771E+01   
7.01845369E+01   
6.89343869E+01   
7.23739748E+01   
7.69250850E+01   
8.11069214E+01   
7.87456491E+01   
8.01069214E+01   
6.59992999E+01   
9.39453891E+01   
7.53712743E+01   
7.36324265E+01   
7.11882376E+01   
7.68768754E+01   
7.41910382E+01   
7.05355071E+01   
7.28417684E+01   
7.19290858E+01   
5.85271054E+01   
5.32675535E+01   
7.89128826E+01   
9.05962192E+01   
7.42745549E+01   
7.23462693E+01   
8.91818364E+01   
7.32627526E+01   
6.80961192E+01   
7.81964393E+01   
6.72373475E+01   
9.14741948E+01   
7.13879776E+01   
8.37305461E+01   
8.47362472E+01   
7.41738348E+01   
6.68035607E+01   
5.61674335E+01   
5.96190238E+01   
6.98561712E+01   
6.98577716E+01   
8.16286257E+01   
6.50099020E+01   
8.29443889E+01   
8.75613123E+01   
8.10180036E+01   
7.86173235E+01   
7.17599520E+01   
7.23437688E+01   
7.70144029E+01   
6.31610322E+01   
7.70865173E+01   
6.99406881E+01   
6.90857171E+01   
6.58697740E+01   
6.98713743E+01   
6.27239448E+01   
7.10108022E+01   
7.91694339E+01   
8.45276055E+01   
8.42956591E+01   
7.11546309E+01   
8.18789758E+01   
8.36979396E+01   
5.93513703E+01   
7.30011002E+01   
6.95521104E+01   
7.65480096E+01   
7.74130826E+01   
7.45540108E+01   
7.40168034E+01   
7.32115423E+01   
6.72736547E+01   
7.60781156E+01   
7.50773155E+01   
5.88865773E+01   
8.06994399E+01   
6.48911782E+01   
6.06998400E+01   
8.23335667E+01   
7.43846769E+01   
8.79788958E+01   
6.71709342E+01   
8.64124825E+01   
6.46744349E+01   
9.25387077E+01   
8.33109622E+01   
7.10729146E+01   
7.13045609E+01   
9.53194639E+01   
5.96472294E+01   
7.86709342E+01   
6.02408482E+01   
6.49009802E+01   
7.82368474E+01   
8.34039808E+01   
7.81266253E+01   
9.25799160E+01   
5.53719744E+01   
7.32035407E+01   
7.23350670E+01   
7.09069814E+01   
7.54884977E+01   
7.14344869E+01   
8.38592719E+01   
8.02208442E+01   
8.76576315E+01   
8.31683337E+01   
6.94665933E+01   
8.93160632E+01   
5.98558712E+01   
6.67173435E+01   
7.55766153E+01   
8.16903381E+01   
8.27249450E+01   
7.19662933E+01   
7.69201840E+01   
6.24798960E+01   
7.44574915E+01   
7.72898580E+01   
7.89678936E+01   
7.56992398E+01   
8.09718944E+01   
7.12814563E+01   
8.77521504E+01   
8.01467293E+01   
7.23159632E+01   
6.96302260E+01   
8.21427285E+01   
6.42654531E+01   
7.08888778E+01   
6.03003601E+01   
8.92010402E+01   
7.91796359E+01   
7.62161432E+01   
7.70942188E+01   
6.90148030E+01   
7.58992799E+01   
8.60160032E+01   
7.90160032E+01   
6.33517704E+01   
7.79754951E+01   
7.09032807E+01   
7.85807161E+01   
6.56258252E+01   
6.88707742E+01   
8.16296259E+01   
6.74320864E+01   
8.28426685E+01   
8.90489098E+01   
6.99814963E+01   
5.05417083E+01   
6.46512302E+01   
6.58847770E+01   
8.36660332E+01   
7.54261852E+01   
5.02921584E+01   
8.56138228E+01   
8.70758152E+01   
8.18662733E+01   
6.25150030E+01   
7.38076615E+01   
7.29842969E+01   
7.41537307E+01   
7.87618524E+01   
7.08236647E+01   
7.03404681E+01   
7.39332867E+01   
6.33533707E+01   
6.47260452E+01   
8.48613723E+01   
6.80654131E+01   
7.50148030E+01   
8.88701740E+01   
7.13253651E+01   
6.58488698E+01   
6.42438488E+01   
7.69432887E+01   
7.97688538E+01   
7.30164033E+01   
7.69737948E+01   
6.22262452E+01   
8.00542108E+01   
9.17510502E+01   
7.10964193E+01   
7.21318264E+01   
7.00703141E+01   
8.47348470E+01   
8.92175435E+01   
7.10671134E+01   
7.77878576E+01   
8.30518104E+01   
7.70667133E+01   
7.80482096E+01   
7.49994999E+01   
7.10309062E+01   
7.10152030E+01   
7.01167233E+01   
7.89277856E+01   
6.90696139E+01   
8.29599920E+01   
7.89889978E+01   
7.40281056E+01   
8.00031006E+01   
7.29687938E+01   
7.40511102E+01   
7.60378076E+01   
8.79626925E+01   
9.19969994E+01   
7.31441288E+01   
6.19848970E+01   
6.89961992E+01   
7.50063013E+01   
9.09260852E+01   
7.21505301E+01   
7.80274055E+01   
7.29774955E+01   
6.10790158E+01   
7.09306861E+01   
5.70494099E+01   
7.79650930E+01   
8.40213043E+01   
6.80475095E+01   
6.90132026E+01   
7.39872975E+01   
6.70424085E+01   
6.90012002E+01   
7.00219044E+01   
7.29900980E+01   
6.50346069E+01   
6.80175035E+01   
8.80070014E+01   
8.40108022E+01   
8.60179036E+01   
7.40178036E+01   
7.80141028E+01   
6.80156031E+01   
8.10096019E+01   
7.80102020E+01   
7.60040008E+01   
5.20575115E+01   
9.00401080E+01   
8.59721944E+01   
7.69804961E+01   
5.60464093E+01   
7.00246049E+01   
7.80007001E+01   
6.90038008E+01   
7.00258052E+01   
7.50274055E+01   
6.99820964E+01   
7.50633127E+01   
7.40914183E+01   
8.59492899E+01   
8.19254851E+01   
6.60994199E+01   
8.50255051E+01   
8.29407882E+01   
7.70235047E+01   
7.59315863E+01   
7.21178236E+01   
6.69592919E+01   
7.21163233E+01   
8.29449890E+01   
8.39401880E+01   
6.69353871E+01   
6.33236647E+01   
8.38972795E+01   
8.10708142E+01   
8.11169234E+01   
8.99166833E+01   
8.31074215E+01   
8.29571914E+01   
7.39380876E+01   
7.48851770E+01   
7.11126225E+01   
8.59976995E+01   
7.20844169E+01   
7.88190638E+01   
5.79566913E+01   
5.92909582E+01   
7.38826765E+01   
7.09940988E+01   
6.80928186E+01   
6.50554111E+01   
8.20777155E+01   
8.47635527E+01   
6.21625325E+01   
6.81024205E+01   
6.78825765E+01   
7.11275255E+01   
7.37618524E+01   
6.05287057E+01   
8.63749750E+01   
6.62283457E+01   
6.32108422E+01   
7.89159832E+01   
7.42698540E+01   
8.38374675E+01   
8.29633927E+01   
7.40686137E+01   
7.78262653E+01   
6.28756751E+01   
6.54297860E+01   
7.10455091E+01   
8.09314863E+01   
6.56380276E+01   
5.82177435E+01   
7.89541908E+01   
6.81041208E+01   
7.01986397E+01   
7.81101220E+01   
7.57974595E+01   
8.00471094E+01   
6.98863773E+01   
7.12102420E+01   
8.40495099E+01   
7.81843369E+01   
9.46119224E+01   
6.11855371E+01   
7.42177435E+01   
5.83408682E+01   
8.91698340E+01   
7.60124025E+01   
7.29760952E+01   
5.94524905E+01   
7.88312663E+01   
7.19022805E+01   
8.15822164E+01   
9.05982196E+01   
7.38216643E+01   
7.70914183E+01   
7.10140028E+01   
6.36126225E+01   
9.59393879E+01   
7.75714143E+01   
7.62614523E+01   
8.27266453E+01   
8.16430286E+01   
9.34703941E+01   
7.14849970E+01   
9.03729746E+01   
6.84051810E+01   
7.77098420E+01   
7.51916383E+01   
7.40160032E+01   
6.66551310E+01   
7.56954391E+01   
8.13760752E+01   
6.70595119E+01   
7.72004401E+01   
6.55912182E+01   
6.94866973E+01   
7.97760552E+01   
7.80619124E+01   
7.05985197E+01   
8.63803761E+01   
7.05582116E+01   
8.32194439E+01   
5.97662533E+01   
8.28654731E+01   
7.08630726E+01   
7.65818164E+01   
7.34485897E+01   
8.30152030E+01   
7.30679136E+01   
7.62811562E+01   
8.71079216E+01   
5.54420884E+01   
5.39053811E+01   
7.40679136E+01   
7.19033807E+01   
7.99572915E+01   
7.52919584E+01   
6.87328466E+01   
7.04660932E+01   
7.86158232E+01   
7.01853371E+01   
7.16086217E+01   
6.24776955E+01   
6.81905381E+01   
8.19564913E+01   
7.53722745E+01   
8.51788358E+01   
6.69166833E+01   
7.69251850E+01   
6.26219244E+01   
8.08302661E+01   
7.26946389E+01   
7.56441288E+01   
8.10156031E+01   
8.56369274E+01   
7.40929186E+01   
1.03253051E+02   
7.67579516E+01   
6.91784357E+01   
8.45650130E+01   
8.17559512E+01   
8.06209242E+01   
7.96161232E+01   
6.84785957E+01   
6.55446089E+01   
7.19567914E+01   
9.03075615E+01   
9.21120224E+01   
8.74945989E+01   
7.02928586E+01   
9.60875175E+01   
9.08086617E+01   
8.55953191E+01   
6.54490898E+01   
7.69404881E+01   
5.14402881E+01   
6.88697740E+01   
5.89528906E+01   
8.42908582E+01   
8.29408882E+01   
7.63811762E+01   
6.94242849E+01   
7.11610322E+01   
8.19097820E+01   
9.50180036E+01   
8.24893979E+01   
8.27874575E+01   
6.97771554E+01   
8.12508502E+01   
7.77851570E+01   
7.70955191E+01   
9.60184037E+01   
8.59219844E+01   
7.72722545E+01   
8.79115823E+01   
7.34906981E+01   
9.33356671E+01   
8.45357071E+01   
7.78537708E+01   
8.20689138E+01   
8.19598920E+01   
6.25229046E+01   
7.65760152E+01   
7.49368874E+01   
9.37724545E+01   
8.06813363E+01   
7.71842368E+01   
8.99328866E+01   
9.19320864E+01   
7.23568714E+01   
7.76497299E+01   
6.46679336E+01   
5.83047610E+01   
7.11894379E+01   
8.26266253E+01   
8.25691138E+01   
6.08546709E+01   
9.16635327E+01   
7.86603321E+01   
7.59938988E+01   
8.35704141E+01   
7.89260852E+01   
6.93833767E+01   
7.05571114E+01   
7.02885577E+01   
8.71012202E+01   
7.11962392E+01   
7.33824765E+01   
7.92730546E+01   
8.21290258E+01   
7.88293659E+01   
7.46730346E+01   
8.62638528E+01   
7.22046409E+01   
7.74915983E+01   
9.12538508E+01   
8.06862372E+01   
8.62838568E+01   
5.47513503E+01   
8.41435287E+01   
8.06718344E+01   
9.69436887E+01   
8.54264853E+01   
7.38037608E+01   
7.85304061E+01   
7.15040008E+01   
7.16175235E+01   
8.16143229E+01   
8.35104021E+01   
6.27198440E+01   
6.15224045E+01   
8.17302460E+01   
8.68940788E+01   
7.96043209E+01   
6.97354471E+01   
7.81199240E+01   
8.34971994E+01   
6.84931986E+01   
7.43269654E+01   
6.45396079E+01   
7.57546509E+01   
8.72773555E+01   
7.33780756E+01   
7.68001600E+01   
6.57626525E+01   
9.06607321E+01   
7.53991798E+01   
8.09868974E+01   
8.76679336E+01   
8.60180036E+01   
8.88132627E+01   
7.75418084E+01   
9.09337868E+01   
6.46759352E+01   
8.32362472E+01   
8.55761152E+01   
8.61250250E+01   
8.22309462E+01   
7.30289058E+01   
8.70180036E+01   
8.06774355E+01   
7.25864173E+01   
7.77612523E+01   
7.61291258E+01   
7.76694339E+01   
8.72446489E+01   
7.80577115E+01   
7.69241848E+01   
5.71780356E+01   
7.40778156E+01   
6.45992198E+01   
6.31928386E+01   
8.24908982E+01   
8.12383477E+01   
8.94426885E+01   
9.26594319E+01   
8.45371074E+01   
8.09777956E+01   
9.14489898E+01   
7.46188238E+01   
6.07721544E+01   
7.87459492E+01   
9.16712342E+01   
7.44668934E+01   
8.59272855E+01   
7.46194239E+01   
8.30188038E+01   
9.05269054E+01   
8.73903781E+01   
7.96386277E+01   
8.21427285E+01   
8.98842769E+01   
7.47613523E+01   
8.50270054E+01   
9.11435287E+01   
7.67415483E+01   
6.88848770E+01   
7.85523105E+01   
8.61459292E+01   
8.38884777E+01   
7.98876775E+01   
8.36270254E+01   
6.86672334E+01   
7.23639728E+01   
7.08354671E+01   
7.18533707E+01   
9.36218244E+01   
8.04870974E+01   
8.42802561E+01   
8.77493499E+01   
8.09494899E+01   
7.97497499E+01   
8.38824765E+01   
8.42080416E+01   
8.16896379E+01   
8.62870574E+01   
8.11138228E+01   
6.10561112E+01   
8.31539308E+01   
8.46463293E+01   
7.61884377E+01   
7.27697540E+01   
8.56042208E+01   
8.74341868E+01   
8.06279256E+01   
7.27361472E+01   
7.44341868E+01   
8.71382276E+01   
8.40337067E+01   
8.73345669E+01   
7.34143829E+01   
8.17313463E+01   
7.00181036E+01   
7.45816163E+01   
8.88709742E+01   
5.87304461E+01   
8.25980196E+01   
1.02029506E+02   
9.29826965E+01   
7.27233447E+01   
8.53599720E+01   
8.65197039E+01   
7.45977195E+01   
7.00953191E+01   
1.00049910E+02   
7.51918384E+01   
7.97544509E+01   
6.84234847E+01   
7.97588518E+01   
7.78067614E+01   
9.77790558E+01   
7.84162833E+01   
8.36157231E+01   
8.68101620E+01   
6.09774955E+01   
9.09572915E+01   
7.76864373E+01   
8.08009602E+01   
8.14745949E+01   
8.32519504E+01   
7.81691338E+01   
8.17092418E+01   
9.57794559E+01   
7.73329666E+01   
8.32423485E+01   
7.63270654E+01   
7.30168034E+01   
8.17984597E+01   
9.99216843E+01   
8.68588718E+01   
8.90704141E+01   
7.60663133E+01   
8.62267453E+01   
7.63338668E+01   
8.82215443E+01   
7.83342669E+01   
8.21355271E+01   
9.24154831E+01   
7.55326065E+01   
7.62362472E+01   
9.15986197E+01   
8.78536707E+01   
8.61515303E+01   
8.56689338E+01   
8.42251450E+01   
8.29963993E+01   
8.76897379E+01   
8.15098020E+01   
7.96885377E+01   
8.30080016E+01   
8.48744749E+01   
8.43350670E+01   
9.08492699E+01   
8.78524705E+01   
8.81811362E+01   
8.33446689E+01   
6.61887377E+01   
6.81843369E+01   
9.38600720E+01   
9.71875375E+01   
9.10016003E+01   
8.80360072E+01   
9.31451290E+01   
8.80876175E+01   
9.06257251E+01   
8.83298660E+01   
6.66705341E+01   
7.85646129E+01   
9.08080616E+01   
7.43218644E+01   
7.74010802E+01   
8.21463293E+01   
7.82343469E+01   
8.45894179E+01   
9.26193239E+01   
8.54905981E+01   
7.77197439E+01   
8.87832567E+01   
7.70148030E+01   
8.83690738E+01   
7.14829966E+01   
8.21496299E+01   
9.93758752E+01   
1.02198740E+02   
9.13333667E+01   
8.81688338E+01   
9.63997800E+01   
7.97369474E+01   
7.90172034E+01   
8.64587918E+01   
1.12031006E+02   
8.04701940E+01   
7.99264853E+01   
9.91132226E+01   
9.25396079E+01   
6.82140428E+01   
8.44878976E+01   
8.06509302E+01   
1.02050910E+02   
1.02097520E+02   
9.24645929E+01   
9.00903181E+01   
7.96453291E+01   
8.64569914E+01   
9.12031406E+01   
7.72662533E+01   
8.37665533E+01   
8.78280656E+01   
7.73934787E+01   
9.33407682E+01   
8.44509902E+01   
8.15492098E+01   
7.58199640E+01   
9.75416083E+01   
8.94425885E+01   
7.81640328E+01   
8.54413883E+01   
8.66696339E+01   
7.80970194E+01   
8.72470494E+01   
9.60826165E+01   
7.93715743E+01   
9.13771754E+01   
9.68774755E+01   
7.70395079E+01   
8.07507502E+01   
7.70797159E+01   
8.16201240E+01   
6.55533107E+01   
9.86249250E+01   
9.16479296E+01   
8.05868174E+01   
9.04320864E+01   
7.76055211E+01   
8.98239648E+01   
8.66150230E+01   
8.76183237E+01   
7.96155231E+01   
8.24248850E+01   
9.40151030E+01   
9.10188038E+01   
8.23935787E+01   
8.22276455E+01   
9.02324465E+01   
8.47838568E+01   
7.76423285E+01   
8.14447890E+01   
9.70200040E+01   
8.93583717E+01   
7.12713543E+01   
8.35527105E+01   
9.08084617E+01   
7.54900980E+01   
9.01244249E+01   
6.80846169E+01   
8.73568714E+01   
7.86378276E+01   
7.60986197E+01   
1.07480396E+02   
1.07394579E+02   
9.17158432E+01   
8.02760552E+01   
1.02229146E+02   
9.05977195E+01   
9.03292659E+01   
8.01690338E+01   
8.62524505E+01   
8.52611522E+01   
7.65693139E+01   
9.81029206E+01   
8.25905181E+01   
8.23004601E+01   
8.07331466E+01   
9.24462893E+01   
8.33084617E+01   
9.15889178E+01   
7.80192038E+01   
1.09749950E+02   
8.82047409E+01   
8.71886377E+01   
9.21510302E+01   
8.64042809E+01   
9.28881776E+01   
8.37663533E+01   
9.99238848E+01   
1.11871674E+02   
9.32837568E+01   
9.35415083E+01   
9.81527305E+01   
9.46709342E+01   
9.65850170E+01   
8.04639928E+01   
9.12382476E+01   
8.46870374E+01   
9.37885577E+01   
8.02395479E+01   
8.69121824E+01   
8.80371074E+01   
1.02347369E+02   
9.05438088E+01   
9.18203641E+01   
9.55673135E+01   
9.02447489E+01   
9.17920584E+01   
8.82926585E+01   
8.63369674E+01   
9.31609322E+01   
1.06227946E+02   
9.24459892E+01   
9.75836167E+01   
8.04738948E+01   
8.43257652E+01   
7.83909782E+01   
9.75605121E+01   
9.22474495E+01   
8.97949590E+01   
9.97170434E+01   
9.81431286E+01   
8.81777355E+01   
7.36480296E+01   
9.98510702E+01   
7.78883777E+01   
9.36139228E+01   
8.87218444E+01   
8.66648330E+01   
1.01195039E+02   
1.00612222E+02   
8.72942589E+01   
9.16174235E+01   
8.37290458E+01   
9.63559712E+01   
8.41575315E+01   
9.34443889E+01   
8.98785757E+01   
9.73009602E+01   
9.14962993E+01   
8.82579516E+01   
9.50657131E+01   
1.14045109E+02   
8.16678336E+01   
9.52611522E+01   
9.65361072E+01   
9.28074615E+01   
8.27454491E+01   
9.33163633E+01   
8.66688338E+01   
9.91426285E+01   
9.20136027E+01   
8.84400880E+01   
9.90192038E+01   
1.05246949E+02   
9.68076615E+01   
8.64956991E+01   
9.32797560E+01   
9.62659532E+01   
8.52765553E+01   
8.42577516E+01   
9.47716543E+01   
1.09770854E+02   
9.35107021E+01   
1.03780856E+02   
9.70160032E+01   
9.15189038E+01   
9.52785557E+01   
1.00503301E+02   
8.00230046E+01   
9.40106021E+01   
9.15309062E+01   
8.67334467E+01   
8.70770154E+01   
1.10796859E+02   
1.05977395E+02   
1.05511302E+02   
9.69811962E+01   
1.02843269E+02   
9.32109422E+01   
9.58092619E+01   
9.32005401E+01   
9.20970194E+01   
1.03477896E+02   
1.01503301E+02   
8.37914583E+01   
9.93773755E+01   
1.06918984E+02   
9.75009002E+01   
8.57588518E+01   
9.15379076E+01   
9.79773955E+01   
9.05817163E+01   
1.01541908E+02   
9.62819564E+01   
9.26632326E+01   
9.90666133E+01   
9.85953191E+01   
8.97581516E+01   
9.80207041E+01   
1.05228946E+02   
9.92265453E+01   
9.46659332E+01   
1.04636027E+02   
7.95499100E+01   
8.08919784E+01   
7.62126425E+01   
9.76204241E+01   
8.86891378E+01   
9.68109622E+01   
9.53040608E+01   
1.07608022E+02   
9.91696339E+01   
1.01792959E+02   
9.30962192E+01   
1.03399880E+02   
1.04450390E+02   
9.53132627E+01   
8.48302661E+01   
9.49188838E+01   
1.01292759E+02   
9.66594319E+01   
1.08837768E+02   
1.08205341E+02   
9.81087217E+01   
9.86645329E+01   
1.09377075E+02   
9.55480096E+01   
8.87420484E+01   
9.11901380E+01   
9.50866173E+01   
1.07050010E+02   
9.35707141E+01   
9.09580916E+01   
1.12465693E+02   
8.88538708E+01   
1.06629426E+02   
9.41342268E+01   
1.03345869E+02   
1.00534407E+02   
1.07462092E+02   
9.22551510E+01   
9.72257451E+01   
1.05707341E+02   
9.53625725E+01   
9.11717343E+01   
1.13557612E+02   
1.07302761E+02   
1.02604621E+02   
9.10184037E+01   
9.28702741E+01   
9.98726745E+01   
1.03437888E+02   
1.01744349E+02   
1.12880176E+02   
9.60208042E+01   
1.07729946E+02   
8.95911182E+01   
1.03177135E+02   
9.77223445E+01   
9.67473495E+01   
1.10580216E+02   
1.04731246E+02   
1.07308762E+02   
9.92826565E+01   
9.61180236E+01   
9.69171834E+01   
9.75991198E+01   
9.73476695E+01   
9.91469294E+01   
9.15606121E+01   
9.46496299E+01   
9.45582116E+01   
1.00381576E+02   
9.72455491E+01   
1.06844969E+02   
8.45474095E+01   
1.03849070E+02   
1.26317564E+02   
1.02589418E+02   
9.63440688E+01   
9.20968194E+01   
1.04280356E+02   
9.91573315E+01   
8.89907982E+01   
8.85498100E+01   
1.03367273E+02   
1.07634327E+02   
9.71237247E+01   
1.01222645E+02   
9.88173635E+01   
1.02221444E+02   
1.01630726E+02   
1.09690438E+02   
9.14420884E+01   
9.60212042E+01   
1.05021204E+02   
1.14323965E+02   
1.19931086E+02   
1.30576215E+02   
1.16125825E+02   
1.01540208E+02   
1.01934687E+02   
1.02326765E+02   
1.02716443E+02   
1.06775255E+02   
1.11042509E+02   
1.17314663E+02   
1.21339668E+02   
1.10328366E+02   
1.02941588E+02   
7.61757351E+01   
1.04255051E+02   
1.15804061E+02   
1.06310462E+02   
9.87104421E+01   
9.35718144E+01   
1.10711242E+02   
1.07532306E+02   
9.19530906E+01   
1.04139228E+02   
1.05587618E+02   
1.03393679E+02   
9.43315663E+01   
9.93323665E+01   
1.09670534E+02   
1.14197139E+02   
1.11763753E+02   
1.03130226E+02   
1.00018804E+02   
1.00178436E+02   
1.02960992E+02   
9.87181436E+01   
1.14072114E+02   
1.15434587E+02   
1.01471894E+02   
1.12568914E+02   
1.05208042E+02   
1.09705241E+02   
1.16982697E+02   
1.18386177E+02   
9.91791358E+01   
9.32649530E+01   
1.18737748E+02   
9.66992398E+01   
1.01630226E+02   
1.14542208E+02   
9.76294259E+01   
9.59260852E+01   
1.07109122E+02   
1.17144829E+02   
1.05512202E+02   
1.19669134E+02   
1.08621724E+02   
1.03279256E+02   
1.11856371E+02   
9.42824565E+01   
1.05755151E+02   
9.98707742E+01   
1.17787357E+02   
1.13349970E+02   
9.70522104E+01   
1.12663833E+02   
1.16022004E+02   
1.04385477E+02   
9.06585317E+01   
1.19048710E+02   
9.56568314E+01   
1.06029306E+02   
1.00679436E+02   
1.13699840E+02   
1.09015003E+02   
1.19018104E+02   
1.17029806E+02   
1.07019604E+02   
9.56894379E+01   
1.17027806E+02   
1.01011102E+02   
1.11366573E+02   
1.27345369E+02   
1.13037007E+02   
1.12696339E+02   
1.07962593E+02   
1.20086217E+02   
1.04323865E+02   
9.59933987E+01   
1.07740848E+02   
1.24345669E+02   
1.02683237E+02   
1.07663733E+02   
1.06400180E+02   
1.17682837E+02   
1.20341268E+02   
1.19092519E+02   
1.19535807E+02   
1.07095719E+02   
9.88589718E+01   
9.34703941E+01   
1.08049110E+02   
1.13364373E+02   
1.07613423E+02   
1.21561412E+02   
1.16370774E+02   
1.20777856E+02   
1.04363573E+02   
1.01132126E+02   
1.06558312E+02   
1.06364773E+02   
1.05754251E+02   
1.09191238E+02   
1.21633327E+02   
1.03191538E+02   
1.17599520E+02   
1.17025605E+02   
1.22025605E+02   
1.06825965E+02   
1.05071914E+02   
1.10917383E+02   
1.13584817E+02   
1.07102821E+02   
1.04723145E+02   
1.11781856E+02   
1.09196939E+02   
1.06962192E+02   
1.03846169E+02   
1.03622424E+02   
1.01166733E+02   
9.09827966E+01   
1.09666433E+02   
1.03665633E+02   
1.02308862E+02   
1.23009202E+02   
1.17528206E+02   
1.12165433E+02   
1.21589318E+02   
9.35977195E+01   
1.10022004E+02   
1.17739548E+02   
1.06790258E+02   
1.09536207E+02   
1.05621724E+02   
1.31944889E+02   
1.09220944E+02   
1.10383977E+02   
9.86616323E+01   
1.14642529E+02   
1.16490198E+02   
1.12572915E+02   
1.17022404E+02   
1.13385277E+02   
1.06931586E+02   
9.86572314E+01   
1.06115523E+02   
1.40769654E+02   
1.32103021E+02   
1.37560512E+02   
1.07992699E+02   
1.08651630E+02   
1.04892779E+02   
1.16494699E+02   
1.22761952E+02   
1.21395179E+02   
1.30814563E+02   
1.10440588E+02   
1.07543709E+02   
1.09390378E+02   
1.21206041E+02   
1.15060212E+02   
1.19023205E+02   
1.18394779E+02   
1.26395579E+02   
1.23024005E+02   
1.14396779E+02   
1.08158532E+02   
1.18516703E+02   
1.19763753E+02   
1.32658632E+02   
1.20274855E+02   
1.18648430E+02   
1.10525505E+02   
1.18392979E+02   
1.21033007E+02   
1.23503901E+02   
1.23186737E+02   
1.18231646E+02   
1.29556511E+02   
1.29890478E+02   
1.25645629E+02   
1.19369774E+02   
1.03919084E+02   
1.17303061E+02   
1.15841468E+02   
1.19971294E+02   
1.20452290E+02   
1.30074215E+02   
1.21024805E+02   
1.27554311E+02   
1.46112523E+02   
1.21258052E+02   
1.08790758E+02   
1.37408382E+02   
1.29334167E+02   
1.16484997E+02   
1.26173835E+02   
1.14335067E+02   
1.22024005E+02   
1.31342268E+02   
9.99321864E+01   
1.24184737E+02   
1.18536207E+02   
1.29004401E+02   
1.38416383E+02   
1.25749850E+02   
1.28696139E+02   
1.30470494E+02   
1.24567514E+02   
1.23802360E+02   
1.15757852E+02   
1.27025205E+02   
1.28507301E+02   
1.40367173E+02   
1.21277355E+02   
1.23912883E+02   
1.26881776E+02   
1.12662533E+02   
1.33507201E+02   
1.28085417E+02   
1.20788658E+02   
1.34495499E+02   
1.11209142E+02   
1.12567313E+02   
1.22705241E+02   
1.12353171E+02   
1.38057411E+02   
1.14651830E+02   
1.23990498E+02   
1.37246249E+02   
1.22015903E+02   
1.22225645E+02   
1.21226145E+02   
1.10620224E+02   
1.20422484E+02   
1.15228646E+02   
1.30432687E+02   
1.38421684E+02   
1.12192739E+02   
1.25457692E+02   
1.27234347E+02   
1.47414483E+02   
1.42043509E+02   
1.42411682E+02   
1.20856671E+02   
1.29004901E+02   
1.38837167E+02   
1.10188538E+02   
1.20400880E+02   
1.31493399E+02   
1.43434387E+02   
1.05255651E+02   
1.25170034E+02   
1.27026405E+02   
1.13900680E+02   
1.32699440E+02   
1.23934187E+02   
1.37571314E+02   
1.29616423E+02   
1.24257151E+02   
1.48794859E+02   
1.25970094E+02   
1.21905081E+02   
1.52382577E+02   
1.39134827E+02   
1.05150230E+02   
1.30241848E+02   
1.16502300E+02   
1.25195239E+02   
1.14923085E+02   
1.36269554E+02   
1.30271954E+02   
1.24040608E+02   
1.11094519E+02   
1.40947690E+02   
1.49526905E+02   
1.34773655E+02   
1.39628426E+02   
1.52255551E+02   
1.35045409E+02   
1.27610822E+02   
1.41771654E+02   
1.34706341E+02   
1.37829766E+02   
1.36082917E+02   
1.22864373E+02   
1.20075315E+02   
1.15501400E+02   
1.36713943E+02   
1.37027606E+02   
1.46027606E+02   
1.32911682E+02   
1.36143529E+02   
1.34027606E+02   
1.34271454E+02   
1.40084617E+02   
1.25774155E+02   
1.44405781E+02   
1.22620124E+02   
1.36846969E+02   
1.34215143E+02   
1.32293859E+02   
1.22446689E+02   
1.42461292E+02   
1.34168734E+02   
1.43457592E+02   
1.37887578E+02   
1.17874975E+02   
1.36605121E+02   
1.47736447E+02   
1.33457191E+02   
1.51182737E+02   
1.45849770E+02   
1.39343869E+02   
1.45649030E+02   
1.49839768E+02   
1.30295659E+02   
1.34663433E+02   
1.33560112E+02   
1.40553711E+02   
1.36895179E+02   
1.41415283E+02   
1.38508702E+02   
1.41079116E+02   
1.42538908E+02   
1.44957892E+02   
1.42593219E+02   
1.32466193E+02   
1.36775955E+02   
1.34985297E+02   
1.64627125E+02   
1.41126525E+02   
1.53605121E+02   
1.51903681E+02   
1.33382777E+02   
1.36430286E+02   
1.26791158E+02   
1.40845769E+02   
1.28210242E+02   
1.40258452E+02   
1.27911982E+02   
1.47470394E+02   
1.41914783E+02   
1.41804361E+02   
1.37474895E+02   
1.48919484E+02   
1.60579316E+02   
1.40265453E+02   
1.45450990E+02   
1.49382677E+02   
1.61009702E+02   
1.39474395E+02   
1.50265553E+02   
1.52789658E+02   
1.32027606E+02   
1.42657031E+02   
1.57136027E+02   
1.59940988E+02   
1.36676435E+02   
1.35322865E+02   
1.49841768E+02   
1.42362172E+02   
1.44477195E+02   
1.37805861E+02   
1.41865273E+02   
1.47821064E+02   
1.58567113E+02   
1.58441988E+02   
1.27746749E+02   
1.33386677E+02   
1.49208942E+02   
1.27935187E+02   
1.32759152E+02   
1.54587918E+02   
1.52226745E+02   
1.50898980E+02   
1.28941188E+02   
1.70315563E+02   
1.70861572E+02   
1.42364073E+02   
1.59863173E+02   
1.46896879E+02   
1.53137027E+02   
1.60374975E+02   
1.43838168E+02   
1.53067514E+02   
1.41940688E+02   
1.34874475E+02   
1.50879076E+02   
1.50118324E+02   
1.77631726E+02   
1.55345969E+02   
1.62522304E+02   
1.76149730E+02   
1.47671734E+02   
1.47065913E+02   
1.58285157E+02   
1.58238048E+02   
1.41301260E+02   
1.43689938E+02   
1.45229246E+02   
1.54830766E+02   
1.49432787E+02   
1.59415283E+02   
1.57899980E+02   
1.41371974E+02   
1.35660332E+02   
1.61034807E+02   
1.58164933E+02   
1.36256651E+02   
1.77682837E+02   
1.51736447E+02   
1.48844469E+02   
1.62747550E+02   
1.43780056E+02   
1.37881676E+02   
1.53423785E+02   
1.70040908E+02   
1.64297560E+02   
1.69663233E+02   
1.69508002E+02   
1.63083217E+02   
1.49801260E+02   
1.58264353E+02   
1.71461992E+02   
1.57114123E+02   
1.45181936E+02   
1.70492298E+02   
1.64309762E+02   
1.51331166E+02   
1.39859572E+02   
1.70782757E+02   
1.67802460E+02   
1.74231946E+02   
1.58351670E+02   
1.59070014E+02   
1.43737648E+02   
1.54695139E+02   
1.61213643E+02   
1.64818364E+02   
1.78103221E+02   
1.50898380E+02   
1.76232847E+02   
1.70291158E+02   
1.74708842E+02   
1.46124025E+02   
1.54485997E+02   
1.61344369E+02   
1.75260852E+02   
1.58867173E+02   
1.63088018E+02   
1.71084817E+02   
1.62494799E+02   
1.63081216E+02   
1.74008402E+02   
1.59364373E+02   
1.76938088E+02   
1.61180336E+02   
1.72036807E+02   
1.89623225E+02   
1.66014803E+02   
1.56069214E+02   
1.81082817E+02   
1.65965993E+02   
1.72586417E+02   
1.53465593E+02   
1.74965993E+02   
1.84127626E+02   
1.64490398E+02   
1.62102420E+02   
1.74936787E+02   
1.80561612E+02   
1.64487197E+02   
1.79544009E+02   
1.77039608E+02   
1.83594019E+02   
1.74021604E+02   
1.87010402E+02   
1.84552410E+02   
1.65058012E+02   
1.85996399E+02   
1.83545209E+02   
1.90042408E+02   
1.74536007E+02   
1.69031606E+02   
1.87540408E+02   
1.72031206E+02   
2.00060012E+02   
1.79032807E+02   
1.81015203E+02   
2.02029606E+02   
1.68537608E+02   
1.74552811E+02   
1.75484797E+02   
1.68102020E+02   
1.98542809E+02   
1.87986397E+02   
1.86056811E+02   
1.65457992E+02   
1.86665233E+02   
2.05573215E+02   
1.71839568E+02   
1.89318864E+02   
1.80821164E+02   
1.87084417E+02   
1.91492398E+02   
1.62433187E+02   
1.79126025E+02   
1.72953991E+02   
1.79603621E+02   
1.84141628E+02   
1.86858372E+02   
1.68356071E+02   
1.90754351E+02   
1.85156831E+02   
1.78934387E+02   
1.82678836E+02   
1.85442789E+02   
1.68035207E+02   
2.00236847E+02   
1.95159232E+02   
1.95103121E+02   
1.69766453E+02   
2.06842468E+02   
1.91201540E+02   
1.77306461E+02   
1.96665533E+02   
1.87447189E+02   
1.99321264E+02   
1.91929186E+02   
1.83736347E+02   
1.89895679E+02   
1.99636427E+02   
1.82240348E+02   
1.89197640E+02   
1.69350370E+02   
1.76936887E+02   
1.81695939E+02   
1.91079216E+02   
1.99349670E+02   
1.95813563E+02   
1.75096719E+02   
1.76738148E+02   
2.08133927E+02   
2.04145329E+02   
2.05371574E+02   
2.03315563E+02   
2.04359572E+02   
1.74671934E+02   
1.80768054E+02   
1.70668034E+02   
1.98835267E+02   
1.75709142E+02   
1.83843669E+02   
2.03454791E+02   
2.07557311E+02   
2.07104421E+02   
1.99806661E+02   
1.92986897E+02   
1.75390778E+02   
1.99917584E+02   
1.95914383E+02   
1.87758852E+02   
1.93848370E+02   
1.81519504E+02   
1.87687738E+02   
2.07772054E+02   
2.31508802E+02   
1.92303961E+02   
1.90055311E+02   
2.30162332E+02   
2.19463293E+02   
2.09510002E+02   
2.06428986E+02   
2.09833767E+02   
2.00431186E+02   
2.12503201E+02   
1.98728046E+02   
2.08580016E+02   
2.18427185E+02   
2.01342669E+02   
2.06435787E+02   
2.14043209E+02   
2.10623025E+02   
2.17811962E+02   
2.22072214E+02   
2.18536507E+02   
2.24880376E+02   
2.15755251E+02   
2.22335167E+02   
2.12245549E+02   
2.16807862E+02   
2.06820564E+02   
2.03882677E+02   
2.05291758E+02   
2.14588418E+02   
2.03320664E+02   
2.18309562E+02   
1.87403681E+02   
2.17770854E+02   
2.30759952E+02   
2.08699340E+02   
2.20401180E+02   
2.17743049E+02   
2.35503701E+02   
2.00881676E+02   
2.11099920E+02   
2.09527506E+02   
2.44950990E+02   
2.19399380E+02   
2.21220044E+02   
2.27673535E+02   
2.12257351E+02   
2.14557712E+02   
2.18432587E+02   
2.30073115E+02   
2.27023705E+02   
2.38297860E+02   
2.28015003E+02   
2.11169134E+02   
2.52827966E+02   
2.41711242E+02   
2.01600920E+02   
2.12496799E+02   
2.51832466E+02   
2.30802561E+02   
2.18028706E+02   
2.19173735E+02   
2.34414583E+02   
2.31206941E+02   
2.19629326E+02   
2.14282056E+02   
2.22248750E+02   
2.07444689E+02   
2.58930286E+02   
2.26198640E+02   
2.17605621E+02   
2.41798360E+02   
2.28787357E+02   
2.28799760E+02   
2.40421884E+02   
2.40175235E+02   
2.41340968E+02   
2.28194239E+02   
2.37227145E+02   
2.26139828E+02   
2.33258952E+02   
2.14783557E+02   
2.39666633E+02   
2.53918384E+02   
2.58184037E+02   
2.41139728E+02   
2.37016103E+02   
2.34589718E+02   
2.59459292E+02   
2.42069514E+02   
2.37787057E+02   
2.09904781E+02   
2.26003601E+02   
2.43209442E+02   
2.33629026E+02   
2.31900480E+02   
2.20473495E+02   
2.35191338E+02   
2.44764053E+02   
2.40348970E+02   
2.49625625E+02   
2.55463893E+02   
2.41179536E+02   
2.34196439E+02   
2.36048410E+02   
2.39924485E+02   
2.51811262E+02   
2.35865573E+02   
2.31946089E+02   
2.54384577E+02   
2.21854671E+02   
2.39465593E+02   
2.38886777E+02   
2.32345569E+02   
2.37159632E+02   
2.39784357E+02   
2.60789258E+02   
2.47211642E+02   
2.51150330E+02   
2.47050410E+02   
2.52324465E+02   
2.57266053E+02   
2.46052811E+02   
2.30393479E+02   
2.67957491E+02   
2.67808862E+02   
2.36962693E+02   
2.36725545E+02   
2.61624625E+02   
2.47124725E+02   
2.29779856E+02   
2.44026105E+02   
2.73404381E+02   
2.27217644E+02   
2.68542408E+02   
2.46944289E+02   
2.47402480E+02   
2.64881276E+02   
2.46872274E+02   
2.65986197E+02   
2.51420784E+02   
2.64211342E+02   
2.24589718E+02   
2.56472394E+02   
2.50859172E+02   
2.50642028E+02   
2.55867974E+02   
2.75154631E+02   
2.62875075E+02   
2.44564613E+02   
2.45454791E+02   
2.40422084E+02   
2.44425285E+02   
2.58617323E+02   
2.50130926E+02   
2.65594619E+02   
2.69051610E+02   
2.38091418E+02   
2.49661932E+02   
2.36369674E+02   
2.70680636E+02   
2.40099620E+02   
2.40436087E+02   
2.68809262E+02   
3.13066013E+02   
3.22864573E+02   
3.22864573E+02   
3.22864573E+02   
3.22864573E+02   
3.43052130E+02   
3.84470694E+02   
4.03709642E+02   
3.97645629E+02   
4.24293359E+02   
3.76696139E+02   
3.92446189E+02   
3.70113423E+02   
3.96041008E+02   
3.92770054E+02   
4.11965093E+02   
4.02759152E+02   
3.67152731E+02   
3.72799260E+02   
3.92687638E+02   
4.21013403E+02   
3.94790958E+02   
4.05617624E+02   
4.03472394E+02   
3.95640028E+02   
4.12343569E+02   
3.98739448E+02   
3.86698740E+02   
4.00888978E+02   
4.37273555E+02   
4.09094419E+02   
4.16516503E+02   
4.19078416E+02   
4.20810662E+02   
4.06609522E+02   
4.16458692E+02   
4.09472795E+02   
4.43244749E+02   
4.23400280E+02   
3.75564713E+02   
3.96599320E+02   
3.90929786E+02   
4.28931086E+02   
4.29785757E+02   
4.33448590E+02   
4.53585917E+02   
4.45686537E+02   
4.22000300E+02   
4.03704441E+02   
4.34231546E+02   
4.41417383E+02   
4.09180836E+02   
4.27407281E+02   
3.93136727E+02   
4.23628826E+02   
4.06430286E+02   
4.22731046E+02   
4.28320164E+02   
4.18321564E+02   
3.99700840E+02   
4.11552711E+02   
4.29199740E+02   
4.19602120E+02   
4.16704841E+02   
4.19325465E+02   
4.09085217E+02   
4.00333867E+02   
4.03329066E+02   
4.24584517E+02   
4.40489798E+02   
4.17166933E+02   
4.24843769E+02   
4.61070714E+02   
4.53722945E+02   
4.46881176E+02   
4.63892378E+02   
4.70757451E+02   
4.61801760E+02   
4.61354071E+02   
4.47008002E+02   
4.61536507E+02   
4.59789758E+02   
4.87150130E+02   
4.27557011E+02   
4.49527506E+02   
4.88423085E+02   
5.00562713E+02   
5.00734047E+02   
5.02484397E+02   
5.09786257E+02   
5.41780456E+02   
5.35584817E+02   
5.06038408E+02   
5.03911382E+02   
4.95006201E+02   
4.89462693E+02   
4.87637828E+02   
4.82646129E+02   
4.96857772E+02   
5.05082517E+02   
4.88933787E+02   
5.06793259E+02   
5.31971694E+02   
5.25584317E+02   
5.04772054E+02   
4.80908982E+02   
5.10199540E+02   
4.93093619E+02   
4.55513903E+02   
4.84243049E+02   
4.87809562E+02   
4.88531906E+02   
5.02242248E+02   
5.02068814E+02   
4.83890278E+02   
4.99187137E+02   
4.95000900E+02   
4.94841568E+02   
4.72302060E+02   
5.08652731E+02   
5.04925085E+02   
5.31987698E+02   
4.81093119E+02   
4.70777055E+02   
5.20625725E+02   
5.13236447E+02   
4.94990998E+02   
4.81492098E+02   
4.96903581E+02   
4.80849670E+02   
4.98607522E+02   
5.06893379E+02   
4.59583717E+02   
5.14443989E+02   
4.86614023E+02   
4.73743249E+02   
4.79953891E+02   
4.65378576E+02   
5.06560912E+02   
4.93124325E+02   
5.09487598E+02   
5.16488998E+02   
5.18621624E+02   
4.91014903E+02   
4.64720144E+02   
5.11870874E+02   
4.51918684E+02   
4.78390078E+02   
4.75411682E+02   
4.85423685E+02   
4.83043309E+02   
4.69295359E+02   
5.05628226E+02   
4.93903781E+02   
5.17018404E+02   
4.84117123E+02   
4.99759652E+02   
4.98790658E+02   
4.94434787E+02   
4.87771554E+02   
4.71421284E+02   
5.01402280E+02   
4.95790558E+02   
4.76120124E+02   
4.75019104E+02   
5.00111522E+02   
4.49177936E+02   
4.82059612E+02   
4.76076915E+02   
4.83775455E+02   
4.89099520E+02   
4.52762052E+02   
4.77732947E+02   
4.79420484E+02   
4.22095819E+02   
4.32120124E+02   
4.64401280E+02   
4.47116323E+02   
4.28083117E+02   
4.30024205E+02   
4.38159832E+02   
4.14598820E+02   
4.00063113E+02   
4.22205641E+02   
3.98344769E+02   
4.17260352E+02   
3.84535907E+02   
3.78648330E+02   
4.19620624E+02   
3.83270954E+02   
3.87353771E+02   
3.96135627E+02   
4.22985597E+02   
3.98835467E+02   
4.07871274E+02   
3.71899780E+02   
4.11879676E+02   
4.24600620E+02   
3.88239048E+02   
4.51081216E+02   
4.01723545E+02   
3.74420284E+02   
3.68749650E+02   
3.45990198E+02   
3.85759352E+02   
3.87610122E+02   
4.04852671E+02   
3.67821364E+02   
3.79578016E+02   
3.98847469E+02   
3.97932486E+02   
3.87906781E+02   
3.84965693E+02   
3.87670034E+02   
3.69861772E+02   
3.49707141E+02   
3.89889378E+02   
3.82547209E+02   
3.78698640E+02   
3.67872274E+02   
3.74262152E+02   
3.84067213E+02   
3.53195239E+02   
3.49956391E+02   
3.65029706E+02   
3.90641028E+02   
3.92676935E+02   
3.84248550E+02   
3.86073215E+02   
3.66454091E+02   
3.98909882E+02   
3.34178336E+02   
3.45301060E+02   
3.58059012E+02   
3.47693239E+02   
4.00845269E+02   
3.54347670E+02   
3.76951290E+02   
3.46499600E+02   
3.63426985E+02   
3.51620524E+02   
3.99407682E+02   
3.52287057E+02   
3.35636327E+02   
3.73249850E+02   
3.73254651E+02   
3.64278156E+02   
3.56083317E+02   
3.72490098E+02   
3.54197740E+02   
3.22353971E+02   
3.43466493E+02   
3.46969894E+02   
3.16866973E+02   
2.93158132E+02   
3.79045119E+02   
4.74694939E+02   
4.74694939E+02   
4.74694939E+02   
4.74694939E+02   
4.74694939E+02   
6.38540438E+02   
6.37511402E+02   
6.65429886E+02   
6.60933087E+02   
6.60240548E+02   
6.37948190E+02   
6.44241648E+02   
6.42546209E+02   
6.40553211E+02   
6.59395779E+02   
6.68565213E+02   
6.64517403E+02   
6.33790358E+02   
6.82093519E+02   
6.59241148E+02   
6.57819364E+02   
6.57201440E+02   
6.38160532E+02   
6.27181836E+02   
6.25315163E+02   
6.58245649E+02   
6.23885877E+02   
6.39451390E+02   
6.66100220E+02   
6.23290358E+02   
6.60855071E+02   
6.14985597E+02   
6.39249950E+02   
6.64844969E+02   
6.04259152E+02   
6.55144829E+02   
6.48366073E+02   
6.26262953E+02   
6.59923085E+02   
6.82681636E+02   
6.58908982E+02   
6.40361872E+02   
6.64629326E+02   
6.34268754E+02   
6.85606821E+02   
6.54598220E+02   
6.37692338E+02   
6.69250650E+02   
6.50515903E+02   
6.56488198E+02   
6.65365973E+02   
6.52919984E+02   
6.54908782E+02   
6.34519404E+02   
7.00485897E+02   
6.60766953E+02   
6.54810162E+02   
6.68508302E+02   
6.29705241E+02   
6.44307461E+02   
6.66607822E+02   
6.00642629E+02   
6.22303361E+02   
6.29965293E+02   
6.61009702E+02   
6.55676435E+02   
6.94773055E+02   
6.35462593E+02   
6.46414583E+02   
6.52923685E+02   
6.63515303E+02   
6.60990098E+02   
6.66103921E+02   
6.68234747E+02   
6.67870074E+02   
6.57222645E+02   
6.45997700E+02   
6.54253151E+02   
6.64653431E+02   
6.84403981E+02   
6.89401880E+02   
6.69665333E+02   
6.66544209E+02   
6.68996499E+02   
6.99975695E+02   
7.00057912E+02   
7.26417584E+02   
8.42012603E+02   
8.83428886E+02   
8.68811362E+02   
8.61227245E+02   
8.22193239E+02   
7.62039108E+02   
7.85768754E+02   
7.88193839E+02   
7.38803561E+02   
7.72941488E+02   
7.32098320E+02   
7.36815663E+02   
7.35819964E+02   
7.14735547E+02   
6.72569414E+02   
7.09782256E+02   
6.97716343E+02   
6.87393979E+02   
7.07393179E+02   
6.54955891E+02   
6.73155431E+02   
6.68552310E+02   
6.34259252E+02   
6.25202040E+02   
6.30084817E+02   
6.13107021E+02   
6.38659932E+02   
5.98626725E+02   
6.39800860E+02   
6.45643729E+02   
6.35103821E+02   
6.49666133E+02   
5.87616323E+02   
6.35140628E+02   
5.74858872E+02   
6.38376975E+02   
6.17115223E+02   
5.57365173E+02   
6.22404381E+02   
5.85820264E+02   
5.37577115E+02   
6.36491598E+02   
5.42003401E+02   
5.59929486E+02   
5.44771054E+02   
5.74649330E+02   
5.36497099E+02   
5.11063613E+02   
5.00259952E+02   
4.73115023E+02   
4.52557712E+02   
4.83335167E+02   
4.51063813E+02   
4.37419384E+02   
4.71821064E+02   
4.36512302E+02   
4.60712042E+02   
4.20430186E+02   
4.50290958E+02   
4.16286957E+02   
3.88682436E+02   
3.61628626E+02   
4.19786257E+02   
3.77591718E+02   
3.90348870E+02   
3.72458292E+02   
3.74074815E+02   
3.51786257E+02   
3.71914583E+02   
3.48650730E+02   
3.28374475E+02   
3.70941388E+02   
3.16011602E+02   
2.92765053E+02   
2.99716143E+02   
3.23086517E+02   
3.45040708E+02   
3.12364173E+02   
3.04090518E+02   
2.91847770E+02   
2.59606221E+02   
2.85208142E+02   
2.62199240E+02   
2.50666833E+02   
2.33200540E+02   
2.48116323E+02   
2.39731846E+02   
2.29750550E+02   
2.16450890E+02   
1.89152931E+02   
2.16254751E+02   
2.05331466E+02   
2.03220044E+02   
1.92081116E+02   
1.99641628E+02   
1.67917383E+02   
2.07912783E+02   
1.80078916E+02   
1.55555011E+02   
1.56582917E+02   
1.69928186E+02   
1.63477896E+02   
1.61583717E+02   
1.56030806E+02   
1.44587217E+02   
1.55028006E+02   
1.40464993E+02   
1.50379576E+02   
1.21212843E+02   
1.17597019E+02   
1.24564813E+02   
1.16266053E+02   
1.10683037E+02   
1.28118124E+02   
1.16459092E+02   
1.19713943E+02   
1.04764353E+02   
1.27066513E+02   
9.91425285E+01   
1.09771654E+02   
9.87503501E+01   
9.70797159E+01   
1.05808062E+02   
8.75332066E+01   
8.13004601E+01   
7.85857171E+01   
7.77323465E+01   
7.96554311E+01   
8.88873775E+01   
8.05669134E+01   
8.95304061E+01   
8.24398880E+01   
8.37051410E+01   
8.47483497E+01   
7.04358872E+01   
8.31249250E+01   
7.84370874E+01   
5.75726145E+01   
6.22967594E+01   
5.68906781E+01   
6.26358272E+01   
6.08032607E+01   
5.64254851E+01   
6.09429886E+01   
5.80461092E+01   
4.80718144E+01   
6.07751550E+01   
4.74210842E+01   
4.40100020E+01   
4.22143429E+01   
3.78450690E+01   
5.58820764E+01   
4.35205041E+01   
1.24124925E+02   
4.99011802E+01   
3.41974395E+01   
3.70068014E+01   
1.82193439E+01   
2.45972194E+01   
1.90069014E+01   
2.38035607E+01   
2.56042208E+01   
1.30044009E+01   
1.09980996E+01   
1.56140228E+01   
1.41928386E+01   
1.58052611E+01   
1.48060612E+01   
8.26599320E+00   
7.20144029E+00   
7.20144029E+00   
7.20144029E+00   
7.20144029E+00   
4.30250050E+00   
8.05661132E-01   
1.94338868E-01   
0.00000000E+00   
0.00000000E+00   
0.00000000E+00   
0.00000000E+00   
0.00000000E+00   
0.00000000E+00   
0.00000000E+00   
8.09261852E-01   
1.90738148E-01   
0.00000000E+00   
0.00000000E+00   
0.00000000E+00   
0.00000000E+00   
1.00000000E+00   
0.00000000E+00   
0.00000000E+00   
0.00000000E+00   
1.00000000E+00   
0.00000000E+00   
0.00000000E+00   
0.00000000E+00   
0.00000000E+00   
0.00000000E+00   
0.00000000E+00   
1.00000000E+00   
0.00000000E+00   
0.00000000E+00   
0.00000000E+00   
0.00000000E+00   
0.00000000E+00   
0.00000000E+00   
0.00000000E+00   
0.00000000E+00   
0.00000000E+00   
0.00000000E+00   
0.00000000E+00   
0.00000000E+00   
0.00000000E+00   
0.00000000E+00   
0.00000000E+00   
0.00000000E+00   
0.00000000E+00   
0.00000000E+00   
0.00000000E+00   
0.00000000E+00   
0.00000000E+00   
0.00000000E+00   
0.00000000E+00   
0.00000000E+00   
0.00000000E+00   
0.00000000E+00   
0.00000000E+00   
0.00000000E+00   
0.00000000E+00   
0.00000000E+00   
0.00000000E+00   
0.00000000E+00   
0.00000000E+00   
0.00000000E+00   
0.00000000E+00   
0.00000000E+00   
0.00000000E+00   
0.00000000E+00   
0.00000000E+00   
0.00000000E+00   
0.00000000E+00   
0.00000000E+00   
0.00000000E+00   
0.00000000E+00   
0.00000000E+00   
0.00000000E+00   
0.00000000E+00   
0.00000000E+00   
0.00000000E+00   
0.00000000E+00   
0.00000000E+00   
0.00000000E+00   
0.00000000E+00   
0.00000000E+00   
0.00000000E+00   
0.00000000E+00   
0.00000000E+00   
0.00000000E+00   
0.00000000E+00   
0.00000000E+00   
0.00000000E+00   
0.00000000E+00   
0.00000000E+00   
0.00000000E+00   
8.42068414E-01   
1.57931586E-01   
0.00000000E+00   
0.00000000E+00   
0.00000000E+00   
0.00000000E+00   
0.00000000E+00   
0.00000000E+00   
8.45269054E-01   
1.54730946E-01   
0.00000000E+00   
0.00000000E+00   
0.00000000E+00   
0.00000000E+00   
0.00000000E+00   
0.00000000E+00   
0.00000000E+00   
0.00000000E+00   
0.00000000E+00   
0.00000000E+00   
8.50070014E-01   
1.49929986E-01   
0.00000000E+00   
0.00000000E+00   
0.00000000E+00   
0.00000000E+00   
0.00000000E+00   
0.00000000E+00   
0.00000000E+00   
0.00000000E+00   
0.00000000E+00   
0.00000000E+00   
0.00000000E+00   
0.00000000E+00   
0.00000000E+00   
0.00000000E+00   
0.00000000E+00   
0.00000000E+00   
0.00000000E+00   
0.00000000E+00   
0.00000000E+00   
0.00000000E+00   
0.00000000E+00   
0.00000000E+00   
1.00000000E+00   
0.00000000E+00   
0.00000000E+00   
0.00000000E+00   
0.00000000E+00   
0.00000000E+00   
0.00000000E+00   
0.00000000E+00   
0.00000000E+00   
0.00000000E+00   
0.00000000E+00   
1.00000000E+00   
0.00000000E+00   
0.00000000E+00   
1.00000000E+00   
0.00000000E+00   
0.00000000E+00   
0.00000000E+00   
0.00000000E+00   
0.00000000E+00   
0.00000000E+00   
0.00000000E+00   
0.00000000E+00   
0.00000000E+00   
0.00000000E+00   
0.00000000E+00   
0.00000000E+00   
0.00000000E+00   
0.00000000E+00   
8.71274255E-01   
1.28725745E-01   
0.00000000E+00   
0.00000000E+00   
1.00000000E+00   
0.00000000E+00   
0.00000000E+00   
0.00000000E+00   
8.74474895E-01   
1.25525105E-01   
0.00000000E+00   
0.00000000E+00   
0.00000000E+00   
0.00000000E+00   
0.00000000E+00   
8.77275455E-01   
1.22724545E-01   
0.00000000E+00   
0.00000000E+00   
0.00000000E+00   
0.00000000E+00   
0.00000000E+00   
0.00000000E+00   
0.00000000E+00   
0.00000000E+00   
0.00000000E+00   
0.00000000E+00   
1.00000000E+00   
0.00000000E+00   
0.00000000E+00   
0.00000000E+00   
0.00000000E+00   
0.00000000E+00   
0.00000000E+00   
0.00000000E+00   
0.00000000E+00   
0.00000000E+00   
0.00000000E+00   
0.00000000E+00   
0.00000000E+00   
0.00000000E+00   
0.00000000E+00   
0.00000000E+00   
0.00000000E+00   
8.88877776E-01   
1.11122224E-01   
0.00000000E+00   
0.00000000E+00   
0.00000000E+00   
8.90878176E-01   
1.09121824E-01   
0.00000000E+00   
0.00000000E+00   
0.00000000E+00   
0.00000000E+00   
0.00000000E+00   
0.00000000E+00   
0.00000000E+00   
0.00000000E+00   
0.00000000E+00   
0.00000000E+00   
0.00000000E+00   
0.00000000E+00   
0.00000000E+00   
0.00000000E+00   
0.00000000E+00   
0.00000000E+00   
0.00000000E+00   
0.00000000E+00   
0.00000000E+00   
0.00000000E+00   
0.00000000E+00   
9.00080016E-01   
9.99199840E-02   
0.00000000E+00   
0.00000000E+00   
0.00000000E+00   
0.00000000E+00   
0.00000000E+00   
0.00000000E+00   
0.00000000E+00   
1.00000000E+00   
0.00000000E+00   
0.00000000E+00   
0.00000000E+00   
0.00000000E+00   
0.00000000E+00   
0.00000000E+00   
0.00000000E+00   
0.00000000E+00   
9.07281456E-01   
9.27185437E-02   
9.08081616E-01   
9.19183837E-02   
0.00000000E+00   
0.00000000E+00   
0.00000000E+00   
0.00000000E+00   
0.00000000E+00   
0.00000000E+00   
0.00000000E+00   
0.00000000E+00   
0.00000000E+00   
0.00000000E+00   
0.00000000E+00   
0.00000000E+00   
0.00000000E+00   
0.00000000E+00   
0.00000000E+00   
0.00000000E+00   
0.00000000E+00   
0.00000000E+00   
0.00000000E+00   
0.00000000E+00   
0.00000000E+00   
0.00000000E+00   
0.00000000E+00   
0.00000000E+00   
0.00000000E+00   
0.00000000E+00   
0.00000000E+00   
0.00000000E+00   
0.00000000E+00   
0.00000000E+00   
0.00000000E+00   
0.00000000E+00   
0.00000000E+00   
0.00000000E+00   
0.00000000E+00   
0.00000000E+00   
0.00000000E+00   
0.00000000E+00   
0.00000000E+00   
0.00000000E+00   
0.00000000E+00   
0.00000000E+00   
0.00000000E+00   
0.00000000E+00   
0.00000000E+00   
0.00000000E+00   
0.00000000E+00   
0.00000000E+00   
0.00000000E+00   
0.00000000E+00   
0.00000000E+00   
0.00000000E+00   
0.00000000E+00   
0.00000000E+00   
0.00000000E+00   
0.00000000E+00   
0.00000000E+00   
0.00000000E+00   
0.00000000E+00   
0.00000000E+00   
0.00000000E+00   
0.00000000E+00   
0.00000000E+00   
0.00000000E+00   
1.00000000E+00   
0.00000000E+00   
1.00000000E+00   
0.00000000E+00   
0.00000000E+00   
0.00000000E+00   
0.00000000E+00   
0.00000000E+00   
0.00000000E+00   
0.00000000E+00   
1.00000000E+00   
9.38887778E-01   
6.11122224E-02   
0.00000000E+00   
0.00000000E+00   
0.00000000E+00   
0.00000000E+00   
0.00000000E+00   
0.00000000E+00   
0.00000000E+00   
0.00000000E+00   
0.00000000E+00   
0.00000000E+00   
0.00000000E+00   
0.00000000E+00   
0.00000000E+00   
0.00000000E+00   
0.00000000E+00   
0.00000000E+00   
0.00000000E+00   
0.00000000E+00   
0.00000000E+00   
0.00000000E+00   
0.00000000E+00   
0.00000000E+00   
0.00000000E+00   
0.00000000E+00   
0.00000000E+00   
0.00000000E+00   
0.00000000E+00   
0.00000000E+00   
0.00000000E+00   
0.00000000E+00   
0.00000000E+00   
0.00000000E+00   
0.00000000E+00   
0.00000000E+00   
0.00000000E+00   
0.00000000E+00   
0.00000000E+00   
1.00000000E+00   
0.00000000E+00   
1.00000000E+00   
0.00000000E+00   
0.00000000E+00   
0.00000000E+00   
9.56891378E-01   
4.31086217E-02   
0.00000000E+00   
0.00000000E+00   
0.00000000E+00   
0.00000000E+00   
0.00000000E+00   
0.00000000E+00   
0.00000000E+00   
0.00000000E+00   
0.00000000E+00   
0.00000000E+00   
0.00000000E+00   
0.00000000E+00   
0.00000000E+00   
0.00000000E+00   
0.00000000E+00   
0.00000000E+00   
0.00000000E+00   
0.00000000E+00   
0.00000000E+00   
0.00000000E+00   
0.00000000E+00   
0.00000000E+00   
0.00000000E+00   
0.00000000E+00   
0.00000000E+00   
0.00000000E+00   
0.00000000E+00   
0.00000000E+00   
0.00000000E+00   
0.00000000E+00   
0.00000000E+00   
9.70094019E-01   
2.99059812E-02   
0.00000000E+00   
0.00000000E+00   
0.00000000E+00   
0.00000000E+00   
0.00000000E+00   
0.00000000E+00   
0.00000000E+00   
0.00000000E+00   
0.00000000E+00   
0.00000000E+00   
0.00000000E+00   
0.00000000E+00   
0.00000000E+00   
0.00000000E+00   
0.00000000E+00   
1.00000000E+00   
1.00000000E+00   
1.00000000E+00   
0.00000000E+00   
0.00000000E+00   
0.00000000E+00   
0.00000000E+00   
0.00000000E+00   
0.00000000E+00   
0.00000000E+00   
0.00000000E+00   
0.00000000E+00   
0.00000000E+00   
0.00000000E+00   
0.00000000E+00   
1.00000000E+00   
0.00000000E+00   
0.00000000E+00   
0.00000000E+00   
0.00000000E+00   
0.00000000E+00   
0.00000000E+00   
0.00000000E+00   
0.00000000E+00   
0.00000000E+00   
0.00000000E+00   
1.00000000E+00   
0.00000000E+00   
0.00000000E+00   
0.00000000E+00   
0.00000000E+00   
0.00000000E+00   
0.00000000E+00   
9.90098020E-01   
9.90198040E-03   
0.00000000E+00   
0.00000000E+00   
0.00000000E+00   
0.00000000E+00   
0.00000000E+00   
0.00000000E+00   
0.00000000E+00   
0.00000000E+00   
0.00000000E+00   
0.00000000E+00   
0.00000000E+00   
0.00000000E+00   
0.00000000E+00   
0.00000000E+00   
1.99299860E+00   
1.00700140E+00   
0.00000000E+00   
0.00000000E+00   
0.00000000E+00   
0.00000000E+00   
0.00000000E+00   
0.00000000E+00   
0.00000000E+00   
0.00000000E+00   
0.00000000E+00   
0.00000000E+00   
0.00000000E+00   
0.00000000E+00   
0.00000000E+00   
0.00000000E+00   
0.00000000E+00   
0.00000000E+00   
0.00000000E+00   
0.00000000E+00   
0.00000000E+00   
0.00000000E+00   
0.00000000E+00   
0.00000000E+00   
0.00000000E+00   
0.00000000E+00   
0.00000000E+00   
0.00000000E+00   
0.00000000E+00   
0.00000000E+00   
0.00000000E+00   
0.00000000E+00   
0.00000000E+00   
0.00000000E+00   
0.00000000E+00   
0.00000000E+00   
0.00000000E+00   
0.00000000E+00   
0.00000000E+00   
0.00000000E+00   
0.00000000E+00   
0.00000000E+00   
0.00000000E+00   
0.00000000E+00   
0.00000000E+00   
0.00000000E+00   
0.00000000E+00   
0.00000000E+00   
0.00000000E+00   
0.00000000E+00   
0.00000000E+00   
0.00000000E+00   
0.00000000E+00   
0.00000000E+00   
0.00000000E+00   
0.00000000E+00   
1.89037808E-02   
9.81096219E-01   
0.00000000E+00   
0.00000000E+00   
0.00000000E+00   
0.00000000E+00   
0.00000000E+00   
0.00000000E+00   
0.00000000E+00   
0.00000000E+00   
0.00000000E+00   
0.00000000E+00   
0.00000000E+00   
0.00000000E+00   
0.00000000E+00   
0.00000000E+00   
0.00000000E+00   
0.00000000E+00   
0.00000000E+00   
0.00000000E+00   
0.00000000E+00   
0.00000000E+00   
0.00000000E+00   
0.00000000E+00   
0.00000000E+00   
0.00000000E+00   
0.00000000E+00   
0.00000000E+00   
0.00000000E+00   
0.00000000E+00   
0.00000000E+00   
0.00000000E+00   
0.00000000E+00   
0.00000000E+00   
0.00000000E+00   
0.00000000E+00   
0.00000000E+00   
0.00000000E+00   
0.00000000E+00   
0.00000000E+00   
0.00000000E+00   
0.00000000E+00   
0.00000000E+00   
0.00000000E+00   
3.65073015E-02   
9.63492699E-01   
0.00000000E+00   
0.00000000E+00   
0.00000000E+00   
0.00000000E+00   
0.00000000E+00   
0.00000000E+00   
0.00000000E+00   
0.00000000E+00   
0.00000000E+00   
0.00000000E+00   
0.00000000E+00   
0.00000000E+00   
0.00000000E+00   
0.00000000E+00   
0.00000000E+00   
0.00000000E+00   
0.00000000E+00   
0.00000000E+00   
0.00000000E+00   
0.00000000E+00   
0.00000000E+00   
0.00000000E+00   
0.00000000E+00   
0.00000000E+00   
0.00000000E+00   
0.00000000E+00   
0.00000000E+00   
0.00000000E+00   
0.00000000E+00   
0.00000000E+00   
0.00000000E+00   
0.00000000E+00   
0.00000000E+00   
0.00000000E+00   
0.00000000E+00   
0.00000000E+00   
0.00000000E+00   
0.00000000E+00   
0.00000000E+00   
0.00000000E+00   
0.00000000E+00   
0.00000000E+00   
0.00000000E+00   
0.00000000E+00   
0.00000000E+00   
0.00000000E+00   
0.00000000E+00   
0.00000000E+00   
0.00000000E+00   
0.00000000E+00   
0.00000000E+00   
0.00000000E+00   
0.00000000E+00   
0.00000000E+00   
0.00000000E+00   
0.00000000E+00   
0.00000000E+00   
0.00000000E+00   
0.00000000E+00   
0.00000000E+00   
0.00000000E+00   
0.00000000E+00   
0.00000000E+00   
0.00000000E+00   
0.00000000E+00   
0.00000000E+00   
0.00000000E+00   
0.00000000E+00   
0.00000000E+00   
0.00000000E+00   
0.00000000E+00   
0.00000000E+00   
0.00000000E+00   
0.00000000E+00   
0.00000000E+00   
0.00000000E+00   
0.00000000E+00   
0.00000000E+00   
0.00000000E+00   
0.00000000E+00   
0.00000000E+00   
0.00000000E+00   
0.00000000E+00   
0.00000000E+00   
0.00000000E+00   
0.00000000E+00   
0.00000000E+00   
0.00000000E+00   
0.00000000E+00   
0.00000000E+00   
0.00000000E+00   
0.00000000E+00   
0.00000000E+00   
0.00000000E+00   
0.00000000E+00   
0.00000000E+00   
0.00000000E+00   
0.00000000E+00   
0.00000000E+00   
0.00000000E+00   
0.00000000E+00   
0.00000000E+00   
0.00000000E+00   
0.00000000E+00   
0.00000000E+00   
0.00000000E+00   
0.00000000E+00   
0.00000000E+00   
0.00000000E+00   
0.00000000E+00   
0.00000000E+00   
0.00000000E+00   
0.00000000E+00   
0.00000000E+00   
0.00000000E+00   
0.00000000E+00   
0.00000000E+00   
0.00000000E+00   
0.00000000E+00   
0.00000000E+00   
0.00000000E+00   
0.00000000E+00   
0.00000000E+00   
0.00000000E+00   
0.00000000E+00   
0.00000000E+00   
0.00000000E+00   
0.00000000E+00   
0.00000000E+00   
0.00000000E+00   
0.00000000E+00   
0.00000000E+00   
0.00000000E+00   
0.00000000E+00   
0.00000000E+00   
0.00000000E+00   
0.00000000E+00   
1.84236847E-01   
1.81576315E+00   
0.00000000E+00   
0.00000000E+00   
0.00000000E+00   
0.00000000E+00   
0.00000000E+00   
0.00000000E+00   
0.00000000E+00   
0.00000000E+00   
0.00000000E+00   
0.00000000E+00   
0.00000000E+00   
0.00000000E+00   
0.00000000E+00   
0.00000000E+00   
1.97039408E-01   
1.80296059E+00   
0.00000000E+00   
0.00000000E+00   
0.00000000E+00   
0.00000000E+00   
0.00000000E+00   
0.00000000E+00   
0.00000000E+00   
0.00000000E+00   
0.00000000E+00   
0.00000000E+00   
0.00000000E+00   
0.00000000E+00   
0.00000000E+00   
0.00000000E+00   
0.00000000E+00   
0.00000000E+00   
0.00000000E+00   
0.00000000E+00   
0.00000000E+00   
0.00000000E+00   
0.00000000E+00   
0.00000000E+00   
0.00000000E+00   
0.00000000E+00   
0.00000000E+00   
0.00000000E+00   
0.00000000E+00   
0.00000000E+00   
0.00000000E+00   
0.00000000E+00   
0.00000000E+00   
0.00000000E+00   
0.00000000E+00   
0.00000000E+00   
0.00000000E+00   
0.00000000E+00   
0.00000000E+00   
0.00000000E+00   
0.00000000E+00   
0.00000000E+00   
0.00000000E+00   
0.00000000E+00   
0.00000000E+00   
0.00000000E+00   
0.00000000E+00   
0.00000000E+00   
0.00000000E+00   
0.00000000E+00   
0.00000000E+00   
0.00000000E+00   
0.00000000E+00   
0.00000000E+00   
0.00000000E+00   
0.00000000E+00   
0.00000000E+00   
0.00000000E+00   
0.00000000E+00   
0.00000000E+00   
0.00000000E+00   
0.00000000E+00   
0.00000000E+00   
0.00000000E+00   
0.00000000E+00   
0.00000000E+00   
0.00000000E+00   
0.00000000E+00   
0.00000000E+00   
0.00000000E+00   
0.00000000E+00   
0.00000000E+00   
0.00000000E+00   
0.00000000E+00   
0.00000000E+00   
0.00000000E+00   
0.00000000E+00   
0.00000000E+00   
0.00000000E+00   
0.00000000E+00   
0.00000000E+00   
0.00000000E+00   
0.00000000E+00   
0.00000000E+00   
0.00000000E+00   
0.00000000E+00   
0.00000000E+00   
0.00000000E+00   
0.00000000E+00   
0.00000000E+00   
0.00000000E+00   
0.00000000E+00   
0.00000000E+00   
0.00000000E+00   
0.00000000E+00   
0.00000000E+00   
0.00000000E+00   
0.00000000E+00   
0.00000000E+00   
0.00000000E+00   
0.00000000E+00   
0.00000000E+00   
0.00000000E+00   
0.00000000E+00   
0.00000000E+00   
0.00000000E+00   
0.00000000E+00   
0.00000000E+00   
0.00000000E+00   
0.00000000E+00   
0.00000000E+00   
0.00000000E+00   
0.00000000E+00   
0.00000000E+00   
0.00000000E+00   
0.00000000E+00   
0.00000000E+00   
0.00000000E+00   
0.00000000E+00   
0.00000000E+00   
0.00000000E+00   
0.00000000E+00   
0.00000000E+00   
0.00000000E+00   
0.00000000E+00   
0.00000000E+00   
0.00000000E+00   
0.00000000E+00   
0.00000000E+00   
0.00000000E+00   
0.00000000E+00   
0.00000000E+00   
0.00000000E+00   
0.00000000E+00   
0.00000000E+00   
0.00000000E+00   
0.00000000E+00   
0.00000000E+00   
0.00000000E+00   
0.00000000E+00   
0.00000000E+00   
0.00000000E+00   
0.00000000E+00   
0.00000000E+00   
0.00000000E+00   
0.00000000E+00   
0.00000000E+00   
0.00000000E+00   
0.00000000E+00   
0.00000000E+00   
0.00000000E+00   
0.00000000E+00   
0.00000000E+00   
0.00000000E+00   
0.00000000E+00   
0.00000000E+00   
0.00000000E+00   
0.00000000E+00   
0.00000000E+00   
0.00000000E+00   
0.00000000E+00   
0.00000000E+00   
0.00000000E+00   
0.00000000E+00   
0.00000000E+00   
0.00000000E+00   
0.00000000E+00   
0.00000000E+00   
0.00000000E+00   
0.00000000E+00   
0.00000000E+00   
0.00000000E+00   
0.00000000E+00   
0.00000000E+00   
0.00000000E+00   
0.00000000E+00   
0.00000000E+00   
0.00000000E+00   
0.00000000E+00   
0.00000000E+00   
0.00000000E+00   
0.00000000E+00   
0.00000000E+00   
0.00000000E+00   
0.00000000E+00   
0.00000000E+00   
0.00000000E+00   
0.00000000E+00   
0.00000000E+00   
0.00000000E+00   
0.00000000E+00   
0.00000000E+00   
0.00000000E+00   
0.00000000E+00   
0.00000000E+00   
0.00000000E+00   
0.00000000E+00   
0.00000000E+00   
0.00000000E+00   
0.00000000E+00   
0.00000000E+00   
0.00000000E+00   
0.00000000E+00   
0.00000000E+00   
0.00000000E+00   
0.00000000E+00   
0.00000000E+00   
0.00000000E+00   
0.00000000E+00   
0.00000000E+00   
0.00000000E+00   
0.00000000E+00   
0.00000000E+00   
0.00000000E+00   
0.00000000E+00   
0.00000000E+00   
0.00000000E+00   
0.00000000E+00   
0.00000000E+00   
0.00000000E+00   
0.00000000E+00   
0.00000000E+00   
0.00000000E+00   
0.00000000E+00   
0.00000000E+00   
0.00000000E+00   
0.00000000E+00   
0.00000000E+00   
0.00000000E+00   
0.00000000E+00   
0.00000000E+00   
0.00000000E+00   
0.00000000E+00   
0.00000000E+00   
0.00000000E+00   
0.00000000E+00   
0.00000000E+00   
0.00000000E+00   
0.00000000E+00   
0.00000000E+00   
0.00000000E+00   
0.00000000E+00   
0.00000000E+00   
0.00000000E+00   
0.00000000E+00   
0.00000000E+00   
0.00000000E+00   
0.00000000E+00   
0.00000000E+00   
0.00000000E+00   
0.00000000E+00   
0.00000000E+00   
0.00000000E+00   
0.00000000E+00   
0.00000000E+00   
0.00000000E+00   
0.00000000E+00   
0.00000000E+00   
0.00000000E+00   
0.00000000E+00   
0.00000000E+00   
0.00000000E+00   
0.00000000E+00   
0.00000000E+00   
0.00000000E+00   
0.00000000E+00   
0.00000000E+00   
0.00000000E+00   
0.00000000E+00   
0.00000000E+00   
0.00000000E+00   
0.00000000E+00   
0.00000000E+00   
0.00000000E+00   
0.00000000E+00   
0.00000000E+00   
0.00000000E+00   
0.00000000E+00   
0.00000000E+00   
0.00000000E+00   
0.00000000E+00   
0.00000000E+00   
0.00000000E+00   
0.00000000E+00   
0.00000000E+00   
0.00000000E+00   
0.00000000E+00   
0.00000000E+00   
0.00000000E+00   
0.00000000E+00   
0.00000000E+00   
0.00000000E+00   
0.00000000E+00   
0.00000000E+00   
0.00000000E+00   
0.00000000E+00   
0.00000000E+00   
0.00000000E+00   
0.00000000E+00   
0.00000000E+00   
0.00000000E+00   
0.00000000E+00   
0.00000000E+00   
0.00000000E+00   
0.00000000E+00   
0.00000000E+00   
0.00000000E+00   
0.00000000E+00   
0.00000000E+00   
0.00000000E+00   
0.00000000E+00   
0.00000000E+00   
0.00000000E+00   
0.00000000E+00   
0.00000000E+00   
0.00000000E+00   
0.00000000E+00   
0.00000000E+00   
0.00000000E+00   
0.00000000E+00   
0.00000000E+00   
0.00000000E+00   
0.00000000E+00   
0.00000000E+00   
0.00000000E+00   
0.00000000E+00   
0.00000000E+00   
0.00000000E+00   
0.00000000E+00   
0.00000000E+00   
0.00000000E+00   
0.00000000E+00   
0.00000000E+00   
0.00000000E+00   
0.00000000E+00   
0.00000000E+00   
0.00000000E+00   
0.00000000E+00   
0.00000000E+00   
0.00000000E+00   
0.00000000E+00   
0.00000000E+00   
0.00000000E+00   
0.00000000E+00   
0.00000000E+00   
0.00000000E+00   
0.00000000E+00   
0.00000000E+00   
0.00000000E+00   
0.00000000E+00   
0.00000000E+00   
0.00000000E+00   
0.00000000E+00   
0.00000000E+00   
0.00000000E+00   
0.00000000E+00   
0.00000000E+00   
0.00000000E+00   
0.00000000E+00   
0.00000000E+00   
0.00000000E+00   
0.00000000E+00   
0.00000000E+00   
0.00000000E+00   
0.00000000E+00   
0.00000000E+00   
0.00000000E+00   
0.00000000E+00   
0.00000000E+00   
0.00000000E+00   
0.00000000E+00   
0.00000000E+00   
0.00000000E+00   
0.00000000E+00   
0.00000000E+00   
0.00000000E+00   
0.00000000E+00   
0.00000000E+00   
0.00000000E+00   
0.00000000E+00   
0.00000000E+00   
0.00000000E+00   
0.00000000E+00   
0.00000000E+00   
0.00000000E+00   
0.00000000E+00   
0.00000000E+00   
0.00000000E+00   
0.00000000E+00   
0.00000000E+00   
0.00000000E+00   
0.00000000E+00   
0.00000000E+00   
0.00000000E+00   
0.00000000E+00   
0.00000000E+00   
0.00000000E+00   
0.00000000E+00   
0.00000000E+00   
0.00000000E+00   
0.00000000E+00   
0.00000000E+00   
0.00000000E+00   
0.00000000E+00   
0.00000000E+00   
0.00000000E+00   
0.00000000E+00   
0.00000000E+00   
0.00000000E+00   
0.00000000E+00   
0.00000000E+00   
0.00000000E+00   
0.00000000E+00   
0.00000000E+00   
0.00000000E+00   
0.00000000E+00   
0.00000000E+00   
0.00000000E+00   
0.00000000E+00   
0.00000000E+00   
0.00000000E+00   
0.00000000E+00   
0.00000000E+00   
0.00000000E+00   
0.00000000E+00   
0.00000000E+00   
0.00000000E+00   
0.00000000E+00   
0.00000000E+00   
0.00000000E+00   
0.00000000E+00   
0.00000000E+00   
0.00000000E+00   
0.00000000E+00   
0.00000000E+00   
0.00000000E+00   
0.00000000E+00   
0.00000000E+00   
0.00000000E+00   
0.00000000E+00   
0.00000000E+00   
0.00000000E+00   
0.00000000E+00   
0.00000000E+00   
0.00000000E+00   
0.00000000E+00   
0.00000000E+00   
0.00000000E+00   
0.00000000E+00   
0.00000000E+00   
0.00000000E+00   
0.00000000E+00   
0.00000000E+00   
0.00000000E+00   
0.00000000E+00   
0.00000000E+00   
0.00000000E+00   
0.00000000E+00   
0.00000000E+00   
0.00000000E+00   
0.00000000E+00   
0.00000000E+00   
0.00000000E+00   
0.00000000E+00   
0.00000000E+00   
0.00000000E+00   
0.00000000E+00   
0.00000000E+00   
0.00000000E+00   
0.00000000E+00   
0.00000000E+00   
0.00000000E+00   
0.00000000E+00   
0.00000000E+00   
0.00000000E+00   
0.00000000E+00   
0.00000000E+00   
0.00000000E+00   
0.00000000E+00   
0.00000000E+00   
0.00000000E+00   
0.00000000E+00   
0.00000000E+00   
0.00000000E+00   
0.00000000E+00   
0.00000000E+00   
0.00000000E+00   
0.00000000E+00   
0.00000000E+00   
0.00000000E+00   
0.00000000E+00   
0.00000000E+00   
0.00000000E+00   
0.00000000E+00   
0.00000000E+00   
0.00000000E+00   
0.00000000E+00   
0.00000000E+00   
0.00000000E+00   
0.00000000E+00   
0.00000000E+00   
0.00000000E+00   
0.00000000E+00   
0.00000000E+00   
0.00000000E+00   
0.00000000E+00   
0.00000000E+00   
0.00000000E+00   
0.00000000E+00   
0.00000000E+00   
0.00000000E+00   
0.00000000E+00   
0.00000000E+00   
0.00000000E+00   
0.00000000E+00   
0.00000000E+00   
0.00000000E+00   
0.00000000E+00   
0.00000000E+00   
0.00000000E+00   
0.00000000E+00   
0.00000000E+00   
0.00000000E+00   
0.00000000E+00   
0.00000000E+00   
0.00000000E+00   
0.00000000E+00   
0.00000000E+00   
0.00000000E+00   
0.00000000E+00   
0.00000000E+00   
0.00000000E+00   
0.00000000E+00   
0.00000000E+00   
0.00000000E+00   
0.00000000E+00   
0.00000000E+00   
0.00000000E+00   
0.00000000E+00   
0.00000000E+00   
0.00000000E+00   
0.00000000E+00   
0.00000000E+00   
0.00000000E+00   
0.00000000E+00   
0.00000000E+00   
0.00000000E+00   
0.00000000E+00   
0.00000000E+00   
0.00000000E+00   
0.00000000E+00   
0.00000000E+00   
0.00000000E+00   
0.00000000E+00   
0.00000000E+00   
0.00000000E+00   
0.00000000E+00   
0.00000000E+00   
0.00000000E+00   
0.00000000E+00   
0.00000000E+00   
0.00000000E+00   
0.00000000E+00   
0.00000000E+00   
0.00000000E+00   
0.00000000E+00   
0.00000000E+00   
0.00000000E+00   
0.00000000E+00   
0.00000000E+00   
0.00000000E+00   
0.00000000E+00   
0.00000000E+00   
0.00000000E+00   
0.00000000E+00   
0.00000000E+00   
0.00000000E+00   
0.00000000E+00   
0.00000000E+00   
0.00000000E+00   
0.00000000E+00   
0.00000000E+00   
0.00000000E+00   
0.00000000E+00   
0.00000000E+00   
0.00000000E+00   
0.00000000E+00   
0.00000000E+00   
0.00000000E+00   
0.00000000E+00   
0.00000000E+00   
0.00000000E+00   
0.00000000E+00   
0.00000000E+00   
0.00000000E+00   
0.00000000E+00   
0.00000000E+00   
0.00000000E+00   
0.00000000E+00   
0.00000000E+00   
0.00000000E+00   
0.00000000E+00   
0.00000000E+00   
0.00000000E+00   
0.00000000E+00   
0.00000000E+00   
0.00000000E+00   
0.00000000E+00   
0.00000000E+00   
0.00000000E+00   
0.00000000E+00   
0.00000000E+00   
0.00000000E+00   
0.00000000E+00   
0.00000000E+00   
0.00000000E+00   
0.00000000E+00   
0.00000000E+00   
0.00000000E+00   
0.00000000E+00   
0.00000000E+00   
0.00000000E+00   
0.00000000E+00   
0.00000000E+00   
0.00000000E+00   
0.00000000E+00   
0.00000000E+00   
0.00000000E+00   
0.00000000E+00   
0.00000000E+00   
0.00000000E+00   
0.00000000E+00   
0.00000000E+00   
0.00000000E+00   
0.00000000E+00   
0.00000000E+00   
0.00000000E+00   
0.00000000E+00   
0.00000000E+00   
0.00000000E+00   
0.00000000E+00   
0.00000000E+00   
0.00000000E+00   
0.00000000E+00   
0.00000000E+00   
0.00000000E+00   
0.00000000E+00   
0.00000000E+00   
0.00000000E+00   
0.00000000E+00   
0.00000000E+00   
0.00000000E+00   
0.00000000E+00   
0.00000000E+00   
0.00000000E+00   
0.00000000E+00   
0.00000000E+00   
0.00000000E+00   
0.00000000E+00   
0.00000000E+00   
0.00000000E+00   
0.00000000E+00   
0.00000000E+00   
0.00000000E+00   
0.00000000E+00   
0.00000000E+00   
0.00000000E+00   
0.00000000E+00   
0.00000000E+00   
0.00000000E+00   
0.00000000E+00   
0.00000000E+00   
0.00000000E+00   
0.00000000E+00   
0.00000000E+00   
0.00000000E+00   
0.00000000E+00   
0.00000000E+00   
0.00000000E+00   
0.00000000E+00   
0.00000000E+00   
0.00000000E+00   
0.00000000E+00   
0.00000000E+00   
0.00000000E+00   
0.00000000E+00   
0.00000000E+00   
0.00000000E+00   
0.00000000E+00   
0.00000000E+00   
0.00000000E+00   
0.00000000E+00   
0.00000000E+00   
0.00000000E+00   
0.00000000E+00   
0.00000000E+00   
0.00000000E+00   
0.00000000E+00   
0.00000000E+00   
0.00000000E+00   
0.00000000E+00   
0.00000000E+00   
0.00000000E+00   
0.00000000E+00   
0.00000000E+00   
0.00000000E+00   
0.00000000E+00   
0.00000000E+00   
0.00000000E+00   
0.00000000E+00   
0.00000000E+00   
0.00000000E+00   
0.00000000E+00   
0.00000000E+00   
0.00000000E+00   
0.00000000E+00   
0.00000000E+00   
0.00000000E+00   
0.00000000E+00   
0.00000000E+00   
0.00000000E+00   
0.00000000E+00   
0.00000000E+00   
0.00000000E+00   
0.00000000E+00   
0.00000000E+00   
0.00000000E+00   
0.00000000E+00   
0.00000000E+00   
0.00000000E+00   
0.00000000E+00   
0.00000000E+00   
0.00000000E+00   
0.00000000E+00   
0.00000000E+00   
0.00000000E+00   
0.00000000E+00   
0.00000000E+00   
0.00000000E+00   
0.00000000E+00   
0.00000000E+00   
0.00000000E+00   
0.00000000E+00   
0.00000000E+00   
0.00000000E+00   
0.00000000E+00   
0.00000000E+00   
0.00000000E+00   
0.00000000E+00   
0.00000000E+00   
0.00000000E+00   
0.00000000E+00   
0.00000000E+00   
0.00000000E+00   
0.00000000E+00   
0.00000000E+00   
0.00000000E+00   
0.00000000E+00   
0.00000000E+00   
0.00000000E+00   
0.00000000E+00   
0.00000000E+00   
0.00000000E+00   
0.00000000E+00   
0.00000000E+00   
0.00000000E+00   
0.00000000E+00   
0.00000000E+00   
0.00000000E+00   
0.00000000E+00   
0.00000000E+00   
0.00000000E+00   
0.00000000E+00   
0.00000000E+00   
0.00000000E+00   
0.00000000E+00   
0.00000000E+00   
0.00000000E+00   
0.00000000E+00   
0.00000000E+00   
0.00000000E+00   
0.00000000E+00   
0.00000000E+00   
0.00000000E+00   
0.00000000E+00   
0.00000000E+00   
0.00000000E+00   
0.00000000E+00   
0.00000000E+00   
0.00000000E+00   
0.00000000E+00   
0.00000000E+00   
0.00000000E+00   
0.00000000E+00   
0.00000000E+00   
0.00000000E+00   
0.00000000E+00   
0.00000000E+00   
0.00000000E+00   
0.00000000E+00   
0.00000000E+00   
0.00000000E+00   
0.00000000E+00   
0.00000000E+00   
0.00000000E+00   
0.00000000E+00   
0.00000000E+00   
0.00000000E+00   
0.00000000E+00   
0.00000000E+00   
0.00000000E+00   
0.00000000E+00   
0.00000000E+00   
0.00000000E+00   
0.00000000E+00   
0.00000000E+00   
0.00000000E+00   
0.00000000E+00   
0.00000000E+00   
0.00000000E+00   
0.00000000E+00   
0.00000000E+00   
0.00000000E+00   
0.00000000E+00   
0.00000000E+00   
0.00000000E+00   
0.00000000E+00   
0.00000000E+00   
0.00000000E+00   
0.00000000E+00   
0.00000000E+00   
0.00000000E+00   
0.00000000E+00   
0.00000000E+00   
0.00000000E+00   
0.00000000E+00   
0.00000000E+00   
0.00000000E+00   
0.00000000E+00   
0.00000000E+00   
0.00000000E+00   
0.00000000E+00   
0.00000000E+00   
0.00000000E+00   
0.00000000E+00   
0.00000000E+00   
0.00000000E+00   
0.00000000E+00   
0.00000000E+00   
0.00000000E+00   
0.00000000E+00   
0.00000000E+00   
0.00000000E+00   
0.00000000E+00   
0.00000000E+00   
0.00000000E+00   
0.00000000E+00   
0.00000000E+00   
0.00000000E+00   
0.00000000E+00   
0.00000000E+00   
0.00000000E+00   
0.00000000E+00   
0.00000000E+00   
0.00000000E+00   
0.00000000E+00   
0.00000000E+00   
0.00000000E+00   
0.00000000E+00   
0.00000000E+00   
0.00000000E+00   
0.00000000E+00   
0.00000000E+00   
0.00000000E+00   
0.00000000E+00   
0.00000000E+00   
0.00000000E+00   
0.00000000E+00   
0.00000000E+00   
0.00000000E+00   
0.00000000E+00   
0.00000000E+00   
0.00000000E+00   
0.00000000E+00   
0.00000000E+00   
0.00000000E+00   
0.00000000E+00   
0.00000000E+00   
0.00000000E+00   
0.00000000E+00   
0.00000000E+00   
0.00000000E+00   
0.00000000E+00   
0.00000000E+00   
0.00000000E+00   
0.00000000E+00   
0.00000000E+00   
0.00000000E+00   
0.00000000E+00   
0.00000000E+00   
0.00000000E+00   
0.00000000E+00   
0.00000000E+00   
0.00000000E+00   
0.00000000E+00   
0.00000000E+00   
0.00000000E+00   
0.00000000E+00   
0.00000000E+00   
0.00000000E+00   
0.00000000E+00   
0.00000000E+00   
0.00000000E+00   
0.00000000E+00   
0.00000000E+00   
0.00000000E+00   
0.00000000E+00   
0.00000000E+00   
0.00000000E+00   
0.00000000E+00   
0.00000000E+00   
0.00000000E+00   
0.00000000E+00   
0.00000000E+00   
0.00000000E+00   
0.00000000E+00   
0.00000000E+00   
0.00000000E+00   
0.00000000E+00   
0.00000000E+00   
0.00000000E+00   
0.00000000E+00   
0.00000000E+00   
0.00000000E+00   
0.00000000E+00   
0.00000000E+00   
0.00000000E+00   
0.00000000E+00   
0.00000000E+00   
0.00000000E+00   
0.00000000E+00   
0.00000000E+00   
0.00000000E+00   
0.00000000E+00   
0.00000000E+00   
0.00000000E+00   
0.00000000E+00   
0.00000000E+00   
0.00000000E+00   
0.00000000E+00   
0.00000000E+00   
0.00000000E+00   
0.00000000E+00   
0.00000000E+00   
0.00000000E+00   
0.00000000E+00   
0.00000000E+00   
0.00000000E+00   
0.00000000E+00   
0.00000000E+00   
0.00000000E+00   
0.00000000E+00   
0.00000000E+00   
0.00000000E+00   
0.00000000E+00   
0.00000000E+00   
0.00000000E+00   
0.00000000E+00   
0.00000000E+00   
0.00000000E+00   
0.00000000E+00   
0.00000000E+00   
0.00000000E+00   
0.00000000E+00   
0.00000000E+00   
0.00000000E+00   
0.00000000E+00   
0.00000000E+00   
0.00000000E+00   
0.00000000E+00   
0.00000000E+00   
0.00000000E+00   
0.00000000E+00   
0.00000000E+00   
0.00000000E+00   
0.00000000E+00   
0.00000000E+00   
0.00000000E+00   
0.00000000E+00   
0.00000000E+00   
0.00000000E+00   
0.00000000E+00   
0.00000000E+00   
0.00000000E+00   
0.00000000E+00   
0.00000000E+00   
0.00000000E+00   
0.00000000E+00   
0.00000000E+00   
0.00000000E+00   
0.00000000E+00   
0.00000000E+00   
0.00000000E+00   
0.00000000E+00   
0.00000000E+00   
!IDEND=

