!FILE=Disk 
!KIND=Spectrum 
!LABORATORY=Oslo Cyclotron Laboratory (OCL) 
!EXPERIMENT= oslo_method_python 
!COMMENT=Made by OMpy 
!TIME=DATE:08-Sep-20 09:57:43   
!CALIBRATION EkeV=6, 0.000000E+00, 2.000400E+00, 0.000000E+00 
!PRECISION=16 
!DIMENSION=1,0:4999 
!CHANNEL=(0:4999) 
2.13531006E+02   
3.53077616E+02   
3.81110422E+02   
4.70124025E+02   
4.78643029E+02   
5.31103621E+02   
5.48641028E+02   
6.31274455E+02   
6.50168034E+02   
6.73160832E+02   
6.87602621E+02   
6.84081616E+02   
7.12897079E+02   
7.49066813E+02   
7.99390478E+02   
7.92927986E+02   
8.23650130E+02   
8.90573815E+02   
9.08735347E+02   
9.81164933E+02   
9.19274355E+02   
1.05712633E+03   
1.13302150E+03   
1.21344449E+03   
1.30083457E+03   
1.37006631E+03   
1.47383167E+03   
1.63365173E+03   
1.81791688E+03   
1.79393069E+03   
1.90444689E+03   
1.93454401E+03   
2.05636657E+03   
2.23052290E+03   
2.28825615E+03   
2.45510492E+03   
2.46236847E+03   
2.58620064E+03   
2.72792939E+03   
2.65996029E+03   
2.84350950E+03   
2.94369034E+03   
2.87609172E+03   
3.02635907E+03   
3.00807882E+03   
3.13576015E+03   
3.00162022E+03   
3.02712833E+03   
3.17222474E+03   
3.18435607E+03   
3.16634447E+03   
3.29943939E+03   
3.30489348E+03   
3.28756801E+03   
3.26618624E+03   
3.25850690E+03   
3.33158492E+03   
3.36170754E+03   
3.35021864E+03   
3.31914263E+03   
3.30655281E+03   
3.28515743E+03   
3.36006311E+03   
3.33334857E+03   
3.29437337E+03   
3.36514103E+03   
3.25485607E+03   
3.18856831E+03   
3.22226955E+03   
3.18502280E+03   
3.17368214E+03   
3.23120104E+03   
3.26914043E+03   
3.21406731E+03   
3.23287898E+03   
3.29265723E+03   
3.16185477E+03   
3.19768284E+03   
3.10952460E+03   
3.08927786E+03   
3.06419034E+03   
3.08292739E+03   
3.11291258E+03   
3.06816243E+03   
3.08845379E+03   
3.02545609E+03   
3.18497810E+03   
3.21774485E+03   
3.22655201E+03   
3.19481166E+03   
3.19485277E+03   
3.17795229E+03   
3.18704121E+03   
3.07391248E+03   
3.01951050E+03   
3.07376015E+03   
3.17508912E+03   
3.06691198E+03   
2.92918824E+03   
2.98861002E+03   
2.85783047E+03   
2.80376605E+03   
2.81381666E+03   
2.70712983E+03   
2.83963933E+03   
2.71373505E+03   
2.67973625E+03   
2.70920354E+03   
2.77700780E+03   
2.66217524E+03   
2.58429816E+03   
2.57725075E+03   
2.59054931E+03   
2.50360492E+03   
2.48849920E+03   
2.44398780E+03   
2.40007942E+03   
2.41462843E+03   
2.42269124E+03   
2.39531276E+03   
2.32457952E+03   
2.27236467E+03   
2.32445279E+03   
2.38285497E+03   
2.43934427E+03   
2.51913593E+03   
2.36712312E+03   
2.46926745E+03   
2.42497690E+03   
2.37144779E+03   
2.31600500E+03   
2.39821874E+03   
2.27263243E+03   
2.23905001E+03   
2.22298210E+03   
2.29191358E+03   
2.19109752E+03   
2.10545449E+03   
2.13030706E+03   
2.19155231E+03   
2.14417724E+03   
2.10618294E+03   
2.10029966E+03   
2.02788678E+03   
2.05550300E+03   
2.05994139E+03   
2.01550700E+03   
2.01269834E+03   
2.04738138E+03   
2.04137417E+03   
2.03680676E+03   
2.02411692E+03   
1.90966453E+03   
1.84466043E+03   
1.90055821E+03   
1.87291368E+03   
1.89588038E+03   
1.83494009E+03   
1.85782687E+03   
1.86311512E+03   
1.87264823E+03   
1.83395419E+03   
1.77465303E+03   
1.80847319E+03   
1.74115563E+03   
1.78708752E+03   
1.70140628E+03   
1.70368394E+03   
1.68525795E+03   
1.70871074E+03   
1.61092939E+03   
1.62379016E+03   
1.54550070E+03   
1.45314443E+03   
1.52615813E+03   
1.52134727E+03   
1.47377135E+03   
1.49682406E+03   
1.40974045E+03   
1.42313263E+03   
1.38329766E+03   
1.34996319E+03   
1.37637568E+03   
1.36724195E+03   
1.38394269E+03   
1.31982517E+03   
1.30279096E+03   
1.32071774E+03   
1.32178966E+03   
1.32138578E+03   
1.29268664E+03   
1.27866983E+03   
1.24507772E+03   
1.20609802E+03   
1.20902541E+03   
1.24245519E+03   
1.19042468E+03   
1.19650470E+03   
1.20077926E+03   
1.20836217E+03   
1.17339048E+03   
1.17045639E+03   
1.24517884E+03   
1.19863873E+03   
1.13875855E+03   
1.14171734E+03   
1.18063523E+03   
1.12757812E+03   
1.10579966E+03   
1.10462102E+03   
1.09540868E+03   
1.16514683E+03   
1.12497469E+03   
1.07896399E+03   
1.11572685E+03   
1.12058152E+03   
1.07869594E+03   
1.12630166E+03   
1.09749570E+03   
1.07883527E+03   
1.03080916E+03   
1.03102931E+03   
1.03080836E+03   
1.07525345E+03   
1.02034977E+03   
9.89033207E+02   
1.05204171E+03   
9.62064113E+02   
1.01142899E+03   
9.87137828E+02   
1.00926145E+03   
9.89236547E+02   
9.76383677E+02   
1.00062733E+03   
1.01952010E+03   
9.66128826E+02   
9.70976695E+02   
9.91268754E+02   
9.64508602E+02   
9.34822164E+02   
9.21369074E+02   
9.96774555E+02   
9.17734347E+02   
9.16127225E+02   
9.30806461E+02   
9.07201040E+02   
8.87539208E+02   
8.47645729E+02   
8.73165533E+02   
8.01570614E+02   
8.68379276E+02   
8.44942188E+02   
8.66390678E+02   
6.72729916E+02   
6.27525505E+02   
6.27525505E+02   
6.27525505E+02   
6.27525505E+02   
5.61933677E+02   
4.21573715E+02   
4.03756551E+02   
3.87241848E+02   
4.00100720E+02   
3.94526405E+02   
3.85417183E+02   
3.99651930E+02   
3.80075215E+02   
3.97826065E+02   
4.01117323E+02   
4.15516903E+02   
4.12046109E+02   
4.16607622E+02   
4.01863573E+02   
3.78814863E+02   
3.75491398E+02   
3.72003301E+02   
3.86456191E+02   
3.86249350E+02   
3.71178636E+02   
3.44924685E+02   
3.84854771E+02   
3.70501700E+02   
3.48264453E+02   
3.80561712E+02   
3.77530506E+02   
3.93650130E+02   
3.62420484E+02   
3.57324165E+02   
3.31988098E+02   
3.45373975E+02   
3.41179836E+02   
3.66869074E+02   
3.30000200E+02   
3.32214943E+02   
3.62097720E+02   
3.39797860E+02   
3.53963193E+02   
3.73690638E+02   
3.66161232E+02   
3.43743149E+02   
3.43008302E+02   
3.06515403E+02   
3.18763253E+02   
3.50569414E+02   
3.44281456E+02   
3.02978296E+02   
3.38269254E+02   
3.12886377E+02   
3.16641228E+02   
3.20955891E+02   
3.22793359E+02   
3.19447590E+02   
3.11940488E+02   
3.16317864E+02   
3.26319264E+02   
3.15655431E+02   
3.01961892E+02   
3.01182537E+02   
2.91768754E+02   
2.92589118E+02   
2.85636627E+02   
2.64653631E+02   
3.07341468E+02   
2.89237748E+02   
2.97281456E+02   
2.80167333E+02   
2.80597419E+02   
2.76409282E+02   
2.99372274E+02   
3.04111922E+02   
2.79896479E+02   
2.85851370E+02   
2.96525905E+02   
2.79689838E+02   
3.15761252E+02   
2.90547009E+02   
2.74881276E+02   
2.75782356E+02   
2.43145329E+02   
2.66327966E+02   
2.71407582E+02   
2.75787758E+02   
3.14692939E+02   
2.81298960E+02   
2.75441188E+02   
2.84799260E+02   
2.70202140E+02   
2.61247149E+02   
2.57626025E+02   
2.53719244E+02   
2.66816763E+02   
2.60241448E+02   
2.35610122E+02   
2.57744749E+02   
2.50723045E+02   
2.47739548E+02   
2.19628926E+02   
2.38902981E+02   
2.48988698E+02   
2.63057211E+02   
2.52884177E+02   
2.42114523E+02   
2.25306861E+02   
2.30887277E+02   
2.11947489E+02   
2.40584917E+02   
2.30629726E+02   
2.41515103E+02   
2.24863073E+02   
2.10630126E+02   
2.33743949E+02   
2.21769054E+02   
2.42535907E+02   
2.15658732E+02   
2.16642529E+02   
2.32493199E+02   
1.95186337E+02   
1.97756951E+02   
2.20045609E+02   
2.02527305E+02   
1.97346069E+02   
1.91905581E+02   
2.03608022E+02   
1.96812162E+02   
1.98959392E+02   
2.12655731E+02   
2.20040408E+02   
2.00695439E+02   
2.01662533E+02   
2.10172434E+02   
1.91662533E+02   
2.05412683E+02   
1.91868074E+02   
2.11642929E+02   
2.13575315E+02   
1.87140028E+02   
2.02548010E+02   
1.99133227E+02   
1.66826465E+02   
1.78288158E+02   
1.96937888E+02   
1.99737247E+02   
1.94259052E+02   
1.97864873E+02   
1.84300460E+02   
1.90378176E+02   
1.73100520E+02   
1.92283757E+02   
1.87130526E+02   
1.89300560E+02   
1.95056211E+02   
1.80392879E+02   
1.80035207E+02   
1.76708042E+02   
1.68367373E+02   
1.67701640E+02   
1.47363873E+02   
1.71372474E+02   
1.70018904E+02   
1.66707141E+02   
1.57042208E+02   
1.59023405E+02   
1.63392178E+02   
1.77012302E+02   
1.56373275E+02   
1.61353471E+02   
1.71374075E+02   
1.32968094E+02   
1.58756251E+02   
1.66032807E+02   
1.74738448E+02   
1.61963993E+02   
1.69126325E+02   
1.63568114E+02   
1.45311962E+02   
1.30957892E+02   
1.52237548E+02   
1.63683137E+02   
1.64356971E+02   
1.48032006E+02   
1.49441888E+02   
1.63915583E+02   
1.43384477E+02   
1.55289158E+02   
1.62518104E+02   
1.43434587E+02   
1.50312062E+02   
1.58206941E+02   
1.48990898E+02   
1.54186037E+02   
1.60992098E+02   
1.41502701E+02   
1.40198440E+02   
1.52853571E+02   
1.40389678E+02   
1.41484697E+02   
1.55808462E+02   
1.30541708E+02   
1.24437988E+02   
1.48486397E+02   
1.45085817E+02   
1.64035307E+02   
1.57334067E+02   
1.44881176E+02   
1.50429086E+02   
1.55770154E+02   
1.58086717E+02   
1.41470594E+02   
1.43960292E+02   
1.45155831E+02   
1.52913583E+02   
1.64130626E+02   
1.18848070E+02   
1.41512102E+02   
1.41992298E+02   
1.28295559E+02   
1.36216843E+02   
1.28576415E+02   
1.28040908E+02   
1.44257051E+02   
1.40021904E+02   
1.40413283E+02   
1.48642729E+02   
1.20188638E+02   
1.37704341E+02   
1.48910382E+02   
1.36919384E+02   
1.38892478E+02   
1.29075615E+02   
1.35417684E+02   
1.22760652E+02   
1.29843369E+02   
1.06838568E+02   
1.27336467E+02   
1.28470094E+02   
1.31213443E+02   
1.27642729E+02   
1.16312963E+02   
1.18123525E+02   
1.26026405E+02   
1.34024005E+02   
1.07423685E+02   
1.21229446E+02   
1.45532807E+02   
1.06201840E+02   
1.31044409E+02   
1.11026005E+02   
1.30838168E+02   
1.36510402E+02   
1.14171834E+02   
1.19583617E+02   
1.42253851E+02   
1.43977996E+02   
1.26024405E+02   
1.31847770E+02   
1.30438488E+02   
1.25733447E+02   
1.38491998E+02   
1.28780556E+02   
1.22899280E+02   
1.06939188E+02   
1.22481796E+02   
1.34189038E+02   
1.25989698E+02   
1.15508302E+02   
1.19805961E+02   
1.25054311E+02   
1.28737047E+02   
1.35334867E+02   
1.21023205E+02   
1.11159932E+02   
1.13035907E+02   
1.14308562E+02   
1.19021204E+02   
1.13024305E+02   
1.09018104E+02   
1.37167634E+02   
1.25460592E+02   
1.08004501E+02   
1.10167934E+02   
1.12724145E+02   
1.30485497E+02   
1.30006301E+02   
1.13457692E+02   
1.15766353E+02   
1.08562613E+02   
1.09867273E+02   
1.24088618E+02   
1.27991498E+02   
1.29662933E+02   
1.29065213E+02   
1.19552711E+02   
1.23260452E+02   
1.41189938E+02   
1.17642829E+02   
1.13688538E+02   
1.18413183E+02   
1.21855271E+02   
1.09916983E+02   
1.19167133E+02   
1.31091618E+02   
1.19714243E+02   
1.01600820E+02   
1.12472094E+02   
9.97635527E+01   
1.00375475E+02   
1.14833567E+02   
1.21112923E+02   
1.27026405E+02   
1.12564413E+02   
1.21477696E+02   
1.10650130E+02   
1.09581016E+02   
9.88348670E+01   
1.10130926E+02   
1.11992098E+02   
9.55591118E+01   
9.67921584E+01   
1.24218744E+02   
1.06316063E+02   
1.10680436E+02   
1.02684437E+02   
1.02692739E+02   
1.08353671E+02   
1.00289358E+02   
1.07477596E+02   
1.16302661E+02   
9.93479696E+01   
9.38730746E+01   
1.19376875E+02   
1.19494899E+02   
1.15023205E+02   
1.10812062E+02   
1.02597319E+02   
1.10446689E+02   
1.05022004E+02   
9.85447089E+01   
9.74135827E+01   
1.06149930E+02   
9.07602521E+01   
1.31605021E+02   
1.11177235E+02   
9.13159632E+01   
1.02950790E+02   
9.75387077E+01   
9.93103621E+01   
1.16188738E+02   
1.08537908E+02   
1.01845269E+02   
9.42749550E+01   
1.25601620E+02   
1.08647730E+02   
9.30608122E+01   
1.06945189E+02   
8.41074215E+01   
1.04986397E+02   
1.04472695E+02   
1.08554711E+02   
1.10011002E+02   
8.70572114E+01   
1.03750650E+02   
8.90308062E+01   
9.70016003E+01   
1.24271554E+02   
1.15024405E+02   
1.08523905E+02   
9.90184037E+01   
1.17522505E+02   
1.09778456E+02   
1.02249150E+02   
1.03292759E+02   
9.94958992E+01   
1.11795859E+02   
1.04254751E+02   
7.92507502E+01   
1.05543509E+02   
1.02775055E+02   
7.82051410E+01   
9.15919184E+01   
9.97770554E+01   
9.24840968E+01   
8.38024605E+01   
9.11513303E+01   
9.95889178E+01   
1.03049810E+02   
9.95365073E+01   
1.07020804E+02   
8.94664933E+01   
1.02537307E+02   
1.02779056E+02   
1.18978596E+02   
8.49753951E+01   
9.85827165E+01   
9.87802561E+01   
1.00114023E+02   
1.02260152E+02   
1.00547309E+02   
1.02733647E+02   
8.76774355E+01   
9.13103621E+01   
1.01491498E+02   
1.10607121E+02   
1.00196339E+02   
1.04019604E+02   
9.24878976E+01   
9.24862973E+01   
9.39513903E+01   
8.14822965E+01   
1.08759952E+02   
9.34140828E+01   
9.07997600E+01   
9.22378476E+01   
9.47878576E+01   
1.13019204E+02   
9.48603721E+01   
9.37862573E+01   
1.02952290E+02   
9.00805161E+01   
8.13876775E+01   
8.98199640E+01   
9.85641128E+01   
8.72032406E+01   
8.95184037E+01   
1.03925385E+02   
8.75052010E+01   
8.78527706E+01   
8.63708742E+01   
9.47424485E+01   
9.82694539E+01   
1.10140728E+02   
1.02228046E+02   
1.05234447E+02   
9.48209642E+01   
8.52336467E+01   
1.14795759E+02   
8.56821364E+01   
7.92377475E+01   
8.72369474E+01   
9.63690738E+01   
1.08020404E+02   
8.44375875E+01   
9.93838768E+01   
8.69617924E+01   
9.11725345E+01   
8.98913783E+01   
1.00799460E+02   
8.02349470E+01   
1.02413883E+02   
7.88370674E+01   
7.96392278E+01   
8.16888378E+01   
7.25837167E+01   
9.44450890E+01   
8.73671734E+01   
9.74494899E+01   
7.75853171E+01   
8.74422885E+01   
1.06200640E+02   
8.55293059E+01   
9.31023205E+01   
9.11095219E+01   
9.81734347E+01   
9.93407682E+01   
8.10160032E+01   
8.00667133E+01   
7.33847770E+01   
8.41778356E+01   
8.41363273E+01   
9.62289458E+01   
9.41014203E+01   
8.31463293E+01   
9.06049210E+01   
7.96759352E+01   
9.45714143E+01   
8.34936987E+01   
1.01575015E+02   
9.67592519E+01   
1.01047109E+02   
9.38385677E+01   
7.46312262E+01   
7.30363073E+01   
7.75922184E+01   
9.36272254E+01   
8.10172034E+01   
9.06236247E+01   
8.94020804E+01   
8.76098220E+01   
8.80361072E+01   
8.02192438E+01   
7.44138828E+01   
7.74161832E+01   
8.06127225E+01   
8.64073815E+01   
7.86222244E+01   
8.94296859E+01   
9.38428686E+01   
8.25745149E+01   
7.39999000E+01   
8.12443489E+01   
9.20168034E+01   
6.85614123E+01   
9.17607522E+01   
9.95586117E+01   
8.37427485E+01   
7.26253251E+01   
7.75956191E+01   
8.84998000E+01   
7.91407281E+01   
7.66289258E+01   
8.96698340E+01   
8.78258652E+01   
7.19746949E+01   
9.09156831E+01   
7.28311662E+01   
7.95406081E+01   
7.92073415E+01   
8.53958792E+01   
7.49610922E+01   
8.47519504E+01   
9.88310662E+01   
7.65828166E+01   
9.75804161E+01   
7.34563913E+01   
1.01137628E+02   
7.84575915E+01   
9.09027806E+01   
9.15410082E+01   
9.80187037E+01   
8.26836367E+01   
7.79398880E+01   
6.73846769E+01   
8.20164033E+01   
8.33699740E+01   
8.06628326E+01   
8.07449490E+01   
8.61070214E+01   
7.11039208E+01   
7.62906581E+01   
8.47522505E+01   
9.50003001E+01   
8.26778356E+01   
8.06336267E+01   
7.87317463E+01   
7.15500100E+01   
7.66974395E+01   
7.62625525E+01   
8.58382677E+01   
8.28390678E+01   
6.23705741E+01   
6.74235847E+01   
7.70793159E+01   
7.72441488E+01   
7.37894579E+01   
7.15404081E+01   
8.33190638E+01   
7.51909382E+01   
7.93234647E+01   
6.77477495E+01   
8.52538508E+01   
7.75700140E+01   
8.21585317E+01   
8.59038808E+01   
7.71857371E+01   
8.66501300E+01   
8.78474695E+01   
7.00548110E+01   
7.41505301E+01   
8.45380076E+01   
7.56769354E+01   
8.26785357E+01   
7.66929386E+01   
8.53342669E+01   
1.01515603E+02   
8.30200040E+01   
6.68474695E+01   
7.21805361E+01   
8.00224045E+01   
8.66661332E+01   
6.30128026E+01   
8.05356071E+01   
8.90340068E+01   
7.55088018E+01   
8.16917383E+01   
8.35308062E+01   
7.88302661E+01   
7.99879976E+01   
7.92085417E+01   
8.48218644E+01   
5.76205241E+01   
7.28902781E+01   
9.07361472E+01   
7.88578716E+01   
7.34943989E+01   
6.79187838E+01   
8.01652330E+01   
9.50188038E+01   
6.58507702E+01   
6.48546709E+01   
8.06032206E+01   
6.57330466E+01   
8.32981596E+01   
7.63942789E+01   
7.77214443E+01   
6.89310862E+01   
7.05569114E+01   
7.02429486E+01   
8.67136427E+01   
9.59490898E+01   
9.47002400E+01   
7.25393079E+01   
7.45588118E+01   
7.91072214E+01   
1.04206441E+02   
7.33877776E+01   
6.90591118E+01   
7.87646529E+01   
7.51633327E+01   
9.08221644E+01   
6.95021004E+01   
6.50128026E+01   
8.48309662E+01   
8.21320264E+01   
8.11653331E+01   
7.91902380E+01   
8.34302861E+01   
8.31219244E+01   
9.20562112E+01   
6.57551510E+01   
6.54330866E+01   
8.85715143E+01   
7.15978196E+01   
7.92957592E+01   
8.71563313E+01   
8.97322464E+01   
9.08703741E+01   
8.21569314E+01   
7.57321464E+01   
7.40156031E+01   
8.23129626E+01   
9.25781156E+01   
6.98762753E+01   
7.82950590E+01   
6.36827365E+01   
7.33484697E+01   
7.81537307E+01   
7.67038408E+01   
8.10519104E+01   
8.44682937E+01   
8.38810762E+01   
7.95625125E+01   
7.83377676E+01   
7.90184037E+01   
7.99628926E+01   
7.60918184E+01   
6.94028806E+01   
8.46219244E+01   
6.16790358E+01   
8.30165033E+01   
8.86911382E+01   
7.97380476E+01   
8.60152030E+01   
8.52272454E+01   
7.68031606E+01   
8.07541508E+01   
7.20570114E+01   
7.91047209E+01   
8.42396479E+01   
6.83072615E+01   
8.11143229E+01   
8.12730546E+01   
7.21655331E+01   
9.25932186E+01   
6.56854371E+01   
7.18728746E+01   
8.88890778E+01   
7.30156031E+01   
7.25169034E+01   
7.25143029E+01   
8.43891778E+01   
6.60074015E+01   
7.06502300E+01   
7.56322264E+01   
6.47511502E+01   
6.81535307E+01   
9.21821364E+01   
7.37241448E+01   
7.07717544E+01   
6.41035207E+01   
7.22884577E+01   
7.16146229E+01   
7.91739348E+01   
7.52534507E+01   
9.11815363E+01   
7.64908982E+01   
7.06608322E+01   
6.66645329E+01   
6.75415083E+01   
7.80770154E+01   
6.74816963E+01   
7.31301260E+01   
6.03607722E+01   
7.80898180E+01   
8.72454491E+01   
7.07019404E+01   
6.34417884E+01   
7.87869574E+01   
8.06752350E+01   
8.19034807E+01   
8.62291458E+01   
7.29256851E+01   
7.38955791E+01   
7.46847369E+01   
7.75690138E+01   
7.34544909E+01   
7.12399480E+01   
7.17941588E+01   
7.18889778E+01   
5.73576715E+01   
6.63391678E+01   
7.16880376E+01   
8.11518304E+01   
8.05534107E+01   
7.53355671E+01   
6.82918584E+01   
7.45680136E+01   
8.51237247E+01   
7.20708142E+01   
7.09086817E+01   
7.11185237E+01   
8.31806361E+01   
5.57428486E+01   
7.76007201E+01   
7.52214443E+01   
5.64248850E+01   
8.05026005E+01   
7.87272454E+01   
7.06071214E+01   
7.50140028E+01   
6.17124425E+01   
7.04144829E+01   
6.44136827E+01   
7.68133627E+01   
7.95182036E+01   
8.38177636E+01   
9.22306461E+01   
7.16800360E+01   
8.54548910E+01   
6.62783557E+01   
6.98201640E+01   
6.68217644E+01   
9.02490498E+01   
7.32086417E+01   
6.96816363E+01   
7.31637327E+01   
7.57709542E+01   
7.64833967E+01   
7.37996599E+01   
7.22967594E+01   
8.93868774E+01   
6.33836767E+01   
8.66378276E+01   
8.33893779E+01   
7.91953391E+01   
7.51077215E+01   
8.85662132E+01   
8.05440088E+01   
8.37615523E+01   
8.35511102E+01   
5.55463093E+01   
8.49553911E+01   
6.74561912E+01   
8.62775555E+01   
7.91013203E+01   
7.30140028E+01   
7.77556511E+01   
9.48151630E+01   
7.74711942E+01   
6.92687538E+01   
6.46747349E+01   
7.21079216E+01   
6.99208842E+01   
6.86809362E+01   
7.29282857E+01   
8.44437888E+01   
6.53330666E+01   
6.53396679E+01   
6.06046209E+01   
8.29612923E+01   
6.59040808E+01   
7.47736547E+01   
9.18194639E+01   
7.82902581E+01   
7.76202240E+01   
6.83308662E+01   
6.11869374E+01   
6.53097620E+01   
8.21623325E+01   
8.34017804E+01   
5.95508102E+01   
5.77079416E+01   
7.53325665E+01   
8.09422885E+01   
7.38420684E+01   
6.60136027E+01   
7.31983397E+01   
6.51974395E+01   
6.28649730E+01   
8.18457692E+01   
8.88012603E+01   
7.22363473E+01   
6.98793759E+01   
7.61566313E+01   
8.16658332E+01   
8.27964593E+01   
6.48577716E+01   
7.81053211E+01   
8.69474895E+01   
7.81550310E+01   
7.00164033E+01   
7.55613123E+01   
6.79454891E+01   
7.79462893E+01   
6.07500500E+01   
7.20784157E+01   
6.39407882E+01   
8.68267654E+01   
6.86249250E+01   
7.85385077E+01   
7.14675935E+01   
8.44361872E+01   
7.94627926E+01   
7.56974395E+01   
7.73934787E+01   
7.49510902E+01   
7.20761152E+01   
6.96433287E+01   
7.67707542E+01   
7.62003401E+01   
7.41374275E+01   
5.76167233E+01   
9.58770754E+01   
7.82564513E+01   
7.36656331E+01   
6.99546909E+01   
9.47230446E+01   
8.20733147E+01   
7.56140228E+01   
7.59041808E+01   
7.35839168E+01   
8.01270254E+01   
8.94568914E+01   
6.76817363E+01   
6.42877576E+01   
7.64660932E+01   
8.32576515E+01   
6.96858372E+01   
7.77822565E+01   
7.04408882E+01   
8.02769554E+01   
7.33349670E+01   
6.96898380E+01   
7.07558512E+01   
6.48616723E+01   
7.33186637E+01   
7.94118824E+01   
7.15648130E+01   
6.68163633E+01   
8.60641128E+01   
6.00633127E+01   
7.00144029E+01   
7.31575315E+01   
6.64862973E+01   
7.25870174E+01   
7.10128026E+01   
5.91050210E+01   
5.62862573E+01   
7.56018204E+01   
7.57886577E+01   
7.39261852E+01   
8.01042208E+01   
6.61900380E+01   
6.88836767E+01   
7.48002601E+01   
7.40593119E+01   
7.43111622E+01   
6.82221444E+01   
7.24745949E+01   
7.70986197E+01   
7.41375275E+01   
6.02554511E+01   
6.61315263E+01   
8.71857371E+01   
6.56810362E+01   
6.79357872E+01   
7.47468494E+01   
7.41672334E+01   
6.20894179E+01   
8.63865773E+01   
8.08239648E+01   
7.56509302E+01   
8.39445889E+01   
7.71580316E+01   
7.37708542E+01   
7.03285657E+01   
8.08438688E+01   
8.56456291E+01   
7.56536307E+01   
6.50790158E+01   
8.26548310E+01   
6.65626125E+01   
7.56929386E+01   
5.92018404E+01   
5.61352270E+01   
7.66134227E+01   
7.81055211E+01   
8.40437087E+01   
7.90429086E+01   
8.47241448E+01   
6.14732947E+01   
7.95049010E+01   
6.91565313E+01   
7.52344469E+01   
9.36630326E+01   
8.71240248E+01   
5.93035607E+01   
5.12176435E+01   
8.04773955E+01   
6.81915383E+01   
6.62839568E+01   
6.77448490E+01   
8.58010602E+01   
5.84840968E+01   
8.66206241E+01   
6.32193439E+01   
7.59247850E+01   
7.59713943E+01   
7.19516903E+01   
6.21213243E+01   
6.11173235E+01   
6.49323865E+01   
6.59749950E+01   
6.99765953E+01   
8.31105221E+01   
6.50325065E+01   
7.90498100E+01   
9.67295459E+01   
6.03825765E+01   
7.18755751E+01   
6.89149830E+01   
7.42257451E+01   
8.97756551E+01   
7.21702340E+01   
6.90877175E+01   
6.90257051E+01   
8.49120824E+01   
7.90136027E+01   
8.28007602E+01   
6.62651530E+01   
6.99498900E+01   
6.20507101E+01   
8.09429886E+01   
6.80721144E+01   
7.69917984E+01   
7.90039008E+01   
6.20249050E+01   
6.70532106E+01   
7.79383877E+01   
6.10783157E+01   
7.60557111E+01   
7.19463893E+01   
6.69912983E+01   
7.00667133E+01   
7.00128026E+01   
6.90258052E+01   
7.69936987E+01   
6.99960992E+01   
7.59825965E+01   
5.90805161E+01   
7.29710942E+01   
7.60234047E+01   
7.50218044E+01   
8.49838968E+01   
6.60578116E+01   
7.00016003E+01   
9.20048010E+01   
7.70131026E+01   
6.50282056E+01   
6.50031006E+01   
7.40103021E+01   
8.60191038E+01   
6.50150030E+01   
7.80106021E+01   
6.80069014E+01   
7.20374075E+01   
8.89947990E+01   
7.40289058E+01   
6.79885977E+01   
5.60519104E+01   
8.60133027E+01   
6.79734947E+01   
5.60722144E+01   
7.39423885E+01   
5.60622124E+01   
6.40152030E+01   
6.30388078E+01   
7.80168034E+01   
8.29899980E+01   
7.49370874E+01   
6.70783157E+01   
7.71013203E+01   
8.99689938E+01   
8.60251050E+01   
7.79257852E+01   
6.89462893E+01   
6.20892178E+01   
7.59513903E+01   
6.00964193E+01   
7.29806961E+01   
7.80818164E+01   
7.89794959E+01   
7.20140028E+01   
7.01537307E+01   
7.79528906E+01   
7.78948790E+01   
6.90406081E+01   
7.70279056E+01   
8.39698940E+01   
6.69523905E+01   
6.10422084E+01   
7.20915183E+01   
7.99976995E+01   
7.08966793E+01   
6.11647329E+01   
6.49618924E+01   
6.21743349E+01   
8.69252851E+01   
6.79586917E+01   
6.72428486E+01   
9.79013803E+01   
7.48965793E+01   
7.52572515E+01   
7.97492498E+01   
6.71398280E+01   
8.39295859E+01   
7.19482897E+01   
7.01020204E+01   
6.71506301E+01   
8.77164433E+01   
7.92936587E+01   
7.80403081E+01   
7.76036207E+01   
6.52570514E+01   
7.01144229E+01   
6.49645929E+01   
7.90666133E+01   
6.59629926E+01   
7.49079816E+01   
7.10945189E+01   
6.80694139E+01   
8.33779756E+01   
8.95109022E+01   
7.23576715E+01   
8.09015803E+01   
8.10459092E+01   
7.00467093E+01   
7.47141428E+01   
6.90746149E+01   
7.29206841E+01   
7.90128026E+01   
7.34594919E+01   
8.24045809E+01   
6.43378676E+01   
7.31141228E+01   
7.71835367E+01   
8.17806561E+01   
7.63239648E+01   
8.14634927E+01   
6.11528306E+01   
7.41915383E+01   
7.10878176E+01   
8.91620324E+01   
8.58348670E+01   
8.27937588E+01   
6.69389878E+01   
6.48994799E+01   
7.70503101E+01   
6.42833567E+01   
6.85459092E+01   
6.00894179E+01   
6.45699140E+01   
7.86943389E+01   
6.82985597E+01   
7.48108622E+01   
7.40144029E+01   
7.46791358E+01   
6.61381276E+01   
7.81405281E+01   
6.92291458E+01   
6.75370074E+01   
6.92746549E+01   
6.19692939E+01   
6.71473295E+01   
7.19241848E+01   
5.76052210E+01   
8.83760752E+01   
7.23836767E+01   
7.43157632E+01   
5.98690738E+01   
5.94842969E+01   
6.39173835E+01   
6.66404281E+01   
9.23585717E+01   
8.03819764E+01   
7.83617724E+01   
7.96686337E+01   
6.63170634E+01   
7.66119224E+01   
7.74743949E+01   
8.01938388E+01   
6.61673335E+01   
6.14312863E+01   
8.38051610E+01   
7.71737347E+01   
8.19620924E+01   
7.60691138E+01   
7.91242248E+01   
7.37975595E+01   
7.15659132E+01   
9.26310262E+01   
6.74560912E+01   
5.86877375E+01   
8.67332466E+01   
7.88434687E+01   
6.75887177E+01   
7.59596919E+01   
7.38422685E+01   
8.33095619E+01   
8.08406681E+01   
7.97787558E+01   
7.97156431E+01   
6.83750750E+01   
6.65299060E+01   
7.15624125E+01   
8.09544909E+01   
6.88298660E+01   
8.54535907E+01   
6.88260652E+01   
8.38266653E+01   
7.03958792E+01   
7.57615523E+01   
6.74657932E+01   
8.15007001E+01   
7.28849770E+01   
7.49488898E+01   
6.34753951E+01   
7.61494299E+01   
7.61503301E+01   
7.24821964E+01   
7.14075815E+01   
6.94190838E+01   
6.72872575E+01   
7.43971794E+01   
7.25649130E+01   
7.31542308E+01   
8.09248850E+01   
1.00685237E+02   
8.40843169E+01   
6.77295459E+01   
6.22269454E+01   
7.30855171E+01   
7.17371474E+01   
8.07998600E+01   
8.00899180E+01   
8.45026005E+01   
6.82361472E+01   
7.57926585E+01   
6.61638328E+01   
8.54658932E+01   
8.56400280E+01   
7.96360272E+01   
7.37004401E+01   
9.40199040E+01   
6.97060412E+01   
7.36357271E+01   
8.86942388E+01   
5.87951590E+01   
8.16224245E+01   
7.35678136E+01   
7.01421284E+01   
7.37316463E+01   
8.23372675E+01   
8.34211842E+01   
8.88294659E+01   
6.60685137E+01   
6.50959192E+01   
7.29320864E+01   
7.00893179E+01   
7.52711542E+01   
7.22661532E+01   
7.07650530E+01   
7.70156031E+01   
7.65920184E+01   
7.63540708E+01   
7.92455491E+01   
7.45271054E+01   
6.85824165E+01   
7.80987197E+01   
6.74479896E+01   
7.02396479E+01   
8.82287457E+01   
8.29878976E+01   
8.72705541E+01   
5.32363473E+01   
7.51079216E+01   
8.36700340E+01   
8.42837568E+01   
8.47418484E+01   
7.08328666E+01   
7.20164033E+01   
7.81083217E+01   
8.48321664E+01   
6.25524105E+01   
7.03621724E+01   
6.91047209E+01   
7.45143029E+01   
9.17350470E+01   
7.49220844E+01   
8.30652130E+01   
6.75855171E+01   
6.79596919E+01   
7.15515103E+01   
7.78561712E+01   
7.36918384E+01   
6.85751150E+01   
9.07690538E+01   
8.81918384E+01   
9.64244849E+01   
6.53117624E+01   
8.01199240E+01   
5.71111222E+01   
7.71135227E+01   
7.15164033E+01   
7.37114423E+01   
6.74044809E+01   
7.40304061E+01   
7.69128826E+01   
7.58093619E+01   
7.50140028E+01   
7.09104821E+01   
8.38449690E+01   
8.82254451E+01   
8.13317664E+01   
8.74419884E+01   
7.44348870E+01   
7.83321664E+01   
8.43345669E+01   
8.64831966E+01   
8.04432887E+01   
8.50487097E+01   
6.26603321E+01   
7.41235247E+01   
7.36894379E+01   
7.25779156E+01   
7.47794559E+01   
8.13453691E+01   
8.64651930E+01   
7.25719144E+01   
7.61243249E+01   
6.64596919E+01   
7.71271254E+01   
7.93416683E+01   
7.24495899E+01   
7.48211642E+01   
8.71094219E+01   
7.20144029E+01   
8.10433087E+01   
8.36413283E+01   
6.14375875E+01   
6.60112022E+01   
7.15908182E+01   
5.94315863E+01   
6.48282657E+01   
8.11852370E+01   
8.11953391E+01   
7.05435087E+01   
7.13685737E+01   
7.17773555E+01   
8.39669934E+01   
8.63000600E+01   
7.45757151E+01   
6.45823165E+01   
1.03524205E+02   
6.76502300E+01   
7.34428886E+01   
8.83380676E+01   
7.46018204E+01   
8.35259052E+01   
7.27689538E+01   
8.21261252E+01   
8.47787558E+01   
6.42626525E+01   
5.98900780E+01   
7.50154031E+01   
8.06368274E+01   
6.58946789E+01   
7.72686537E+01   
9.17633527E+01   
7.86516303E+01   
8.72528506E+01   
6.88642729E+01   
6.30386077E+01   
7.25003001E+01   
7.64970994E+01   
7.69548910E+01   
8.84077816E+01   
8.80643129E+01   
7.83204641E+01   
8.62304461E+01   
7.42507502E+01   
8.86258252E+01   
8.55648130E+01   
7.58832767E+01   
7.37493499E+01   
7.04806961E+01   
6.32810562E+01   
6.34169834E+01   
7.30152030E+01   
7.94205841E+01   
6.92545509E+01   
6.54578916E+01   
9.23824765E+01   
7.78768754E+01   
7.98359672E+01   
8.47778556E+01   
7.51154231E+01   
8.18768754E+01   
6.65986197E+01   
7.48222645E+01   
8.60421084E+01   
8.54357872E+01   
8.07365473E+01   
7.61422284E+01   
9.03260652E+01   
7.35809162E+01   
8.43067614E+01   
8.68683737E+01   
7.67313463E+01   
8.31610322E+01   
8.15839168E+01   
8.98637728E+01   
6.87336467E+01   
6.25798160E+01   
7.40446089E+01   
8.91265253E+01   
7.27643529E+01   
8.45304061E+01   
7.32121424E+01   
7.03987798E+01   
6.81930386E+01   
7.48680736E+01   
7.60156031E+01   
7.49744949E+01   
7.35041008E+01   
8.97644529E+01   
8.93695739E+01   
7.59686937E+01   
7.81557311E+01   
6.75233047E+01   
7.02583517E+01   
7.43178636E+01   
7.47101420E+01   
7.30140028E+01   
7.70047009E+01   
9.74050810E+01   
8.37097419E+01   
8.47884577E+01   
8.48525705E+01   
7.29439888E+01   
7.11711342E+01   
8.12363473E+01   
7.50760152E+01   
6.82058412E+01   
7.75458092E+01   
8.13858772E+01   
8.52778556E+01   
7.12759552E+01   
7.99179836E+01   
8.75858172E+01   
8.35358072E+01   
8.50132026E+01   
7.33338668E+01   
6.71747349E+01   
7.90144029E+01   
8.66913383E+01   
7.03658732E+01   
6.93366673E+01   
6.81283257E+01   
8.65286057E+01   
7.47085417E+01   
7.00136027E+01   
8.75346069E+01   
7.03278656E+01   
7.75086017E+01   
6.60212042E+01   
6.70076015E+01   
7.20124025E+01   
7.73498700E+01   
8.73466693E+01   
7.05214043E+01   
8.88492699E+01   
8.20168034E+01   
7.80168034E+01   
8.78476695E+01   
8.60508102E+01   
8.93218644E+01   
7.76765353E+01   
7.49675935E+01   
6.58940788E+01   
8.35598120E+01   
8.36441288E+01   
9.11887377E+01   
7.96349270E+01   
7.24941988E+01   
6.30037007E+01   
9.49343869E+01   
7.86221244E+01   
8.18872775E+01   
7.46653331E+01   
7.45946189E+01   
7.14905981E+01   
7.54301860E+01   
8.30740148E+01   
8.52044409E+01   
9.81355271E+01   
8.86404281E+01   
7.81536307E+01   
1.00660932E+02   
7.08679736E+01   
6.84490898E+01   
7.77564513E+01   
8.30789158E+01   
9.42126425E+01   
8.17405481E+01   
9.11099220E+01   
8.11975395E+01   
7.01983397E+01   
8.24681936E+01   
7.00995199E+01   
6.94625925E+01   
7.51156231E+01   
8.50421084E+01   
8.75409082E+01   
8.62750550E+01   
6.31995399E+01   
8.22003401E+01   
8.65055011E+01   
7.87108422E+01   
7.52023405E+01   
7.62654531E+01   
8.14501900E+01   
6.95195039E+01   
7.25822164E+01   
7.26389278E+01   
7.67745549E+01   
9.17777556E+01   
8.58321664E+01   
7.79181836E+01   
8.57793559E+01   
7.50164033E+01   
8.14808962E+01   
7.11672334E+01   
8.52083417E+01   
8.77885577E+01   
8.40176035E+01   
8.52721544E+01   
7.47630526E+01   
8.34070814E+01   
9.22621524E+01   
8.06460292E+01   
6.94444889E+01   
6.17575515E+01   
6.90470094E+01   
7.07417483E+01   
8.56372274E+01   
7.22357471E+01   
8.21953391E+01   
7.14217844E+01   
8.78176635E+01   
7.72159432E+01   
9.08171634E+01   
6.72147429E+01   
7.60185037E+01   
8.06202240E+01   
8.15995199E+01   
7.26190238E+01   
9.15980196E+01   
7.22280456E+01   
8.12328466E+01   
7.87774555E+01   
7.48868774E+01   
8.31805361E+01   
8.19922985E+01   
7.68602721E+01   
8.34286857E+01   
8.57827566E+01   
8.86667333E+01   
8.06776355E+01   
7.15322064E+01   
8.49044809E+01   
6.82989598E+01   
7.99742949E+01   
8.24314863E+01   
7.64330866E+01   
8.22251450E+01   
7.77563513E+01   
8.93273655E+01   
8.51750350E+01   
7.72832567E+01   
8.37111422E+01   
9.44189838E+01   
6.98645729E+01   
8.90168034E+01   
8.71642328E+01   
8.88016603E+01   
8.85821164E+01   
9.10196039E+01   
8.01542308E+01   
8.94426885E+01   
7.77375475E+01   
9.64482897E+01   
8.61518304E+01   
7.93160632E+01   
7.66294259E+01   
7.22767554E+01   
8.82760552E+01   
8.43613723E+01   
1.03077616E+02   
9.86102220E+01   
8.51382276E+01   
7.66746349E+01   
9.03380676E+01   
7.69146829E+01   
7.99009802E+01   
8.10241048E+01   
8.58996799E+01   
9.54642929E+01   
1.05129426E+02   
8.70105021E+01   
8.95800160E+01   
8.57785557E+01   
8.14817964E+01   
8.79173835E+01   
8.17685537E+01   
8.48203641E+01   
8.49229846E+01   
8.46627325E+01   
8.93381676E+01   
8.05629126E+01   
8.72439488E+01   
8.99800960E+01   
1.09455091E+02   
7.03277656E+01   
6.69916983E+01   
9.09361872E+01   
8.80998200E+01   
8.94000800E+01   
7.90977195E+01   
7.55562112E+01   
8.43233647E+01   
8.69292859E+01   
6.96601320E+01   
9.21592318E+01   
1.04686537E+02   
7.73494699E+01   
8.23803761E+01   
8.21869374E+01   
9.27824565E+01   
8.44276855E+01   
8.70192038E+01   
9.53675735E+01   
8.26162232E+01   
8.83105621E+01   
9.00710142E+01   
9.53053611E+01   
8.39234847E+01   
7.69649930E+01   
7.72069414E+01   
8.17326465E+01   
8.50164033E+01   
7.37362472E+01   
9.45842168E+01   
1.04210242E+02   
7.89463893E+01   
9.13295659E+01   
8.30176035E+01   
8.70482096E+01   
9.59289858E+01   
9.46441288E+01   
8.50136027E+01   
8.95015003E+01   
7.83900780E+01   
9.80862172E+01   
9.93217644E+01   
6.79427886E+01   
9.20528106E+01   
7.14806961E+01   
7.95797159E+01   
7.04854971E+01   
8.45229046E+01   
7.00172034E+01   
8.55205041E+01   
8.02751550E+01   
7.75119024E+01   
8.87630526E+01   
8.55157031E+01   
8.87686537E+01   
9.30132026E+01   
7.22671534E+01   
8.75195039E+01   
8.22847570E+01   
9.02355471E+01   
7.07950590E+01   
8.70318064E+01   
9.90066013E+01   
9.90034007E+01   
9.30176035E+01   
9.97818564E+01   
9.30188038E+01   
7.99743949E+01   
7.85275055E+01   
7.73235647E+01   
8.69389878E+01   
8.05867173E+01   
8.39587918E+01   
8.19841968E+01   
8.60478096E+01   
9.47572515E+01   
8.38296659E+01   
9.12779556E+01   
8.91593319E+01   
8.05351070E+01   
8.35367073E+01   
7.98440688E+01   
8.04956991E+01   
8.66375275E+01   
1.04333767E+02   
9.17689538E+01   
8.01212242E+01   
1.02282757E+02   
8.69079816E+01   
8.15451090E+01   
9.52819564E+01   
8.28736747E+01   
9.95515103E+01   
9.05000000E+01   
7.03508702E+01   
7.79459892E+01   
8.46164233E+01   
9.02847570E+01   
9.63573715E+01   
9.71411282E+01   
8.89417884E+01   
7.90152030E+01   
8.86758352E+01   
1.06514203E+02   
8.79108822E+01   
1.05291958E+02   
1.04208142E+02   
9.12186437E+01   
7.74623925E+01   
8.55631126E+01   
8.88374675E+01   
1.03015703E+02   
7.30160032E+01   
8.20295059E+01   
9.15512102E+01   
9.51158232E+01   
9.04680936E+01   
9.22220444E+01   
9.36410282E+01   
8.69133827E+01   
9.29544909E+01   
9.45256051E+01   
7.85144029E+01   
9.82404481E+01   
8.37891578E+01   
8.29153831E+01   
1.05018404E+02   
9.39752951E+01   
9.44612923E+01   
9.14971994E+01   
8.68590718E+01   
8.96122224E+01   
9.15500100E+01   
9.30196039E+01   
8.36313263E+01   
8.95803161E+01   
7.10156031E+01   
8.78511702E+01   
8.54393879E+01   
9.54623925E+01   
9.01570314E+01   
9.51602320E+01   
9.05956191E+01   
8.55889178E+01   
8.27291458E+01   
8.23108622E+01   
8.17227445E+01   
9.43301660E+01   
1.03247950E+02   
8.12394479E+01   
9.78058612E+01   
7.64605921E+01   
1.02727245E+02   
9.20461092E+01   
9.14384877E+01   
8.96923385E+01   
6.86356271E+01   
8.37272454E+01   
7.72666533E+01   
9.49395879E+01   
9.54344869E+01   
9.65534107E+01   
8.68978796E+01   
7.97244449E+01   
7.79574915E+01   
8.86680336E+01   
1.00133327E+02   
9.00865173E+01   
9.06123225E+01   
1.06539408E+02   
1.00019204E+02   
8.70476095E+01   
8.35615123E+01   
8.98729746E+01   
8.44176835E+01   
8.13912783E+01   
9.98241648E+01   
7.49222845E+01   
8.18161632E+01   
9.12166433E+01   
8.60164033E+01   
1.14834967E+02   
1.01499400E+02   
9.84324865E+01   
1.00624725E+02   
1.12718044E+02   
9.74729946E+01   
8.32642529E+01   
9.70685137E+01   
8.92758552E+01   
1.01801360E+02   
8.87981596E+01   
1.04461692E+02   
9.85727145E+01   
9.13062613E+01   
9.58875775E+01   
8.26291258E+01   
8.58609722E+01   
8.47861572E+01   
1.02249850E+02   
8.35479096E+01   
8.92705541E+01   
1.07950290E+02   
9.42331466E+01   
1.08088118E+02   
1.01882577E+02   
1.02664133E+02   
9.58038608E+01   
1.14473595E+02   
9.25153031E+01   
9.81472294E+01   
9.59524905E+01   
9.92133427E+01   
9.88234647E+01   
1.07446589E+02   
1.07367373E+02   
1.00241248E+02   
8.08094619E+01   
9.36508302E+01   
1.00798560E+02   
8.39141828E+01   
9.44077816E+01   
1.09117423E+02   
1.01200040E+02   
1.07612222E+02   
1.06061312E+02   
7.99738948E+01   
1.04893679E+02   
1.10661132E+02   
9.53812763E+01   
1.03625025E+02   
1.16169234E+02   
9.85909182E+01   
9.98360672E+01   
9.31413283E+01   
1.09828066E+02   
8.86041208E+01   
8.77570514E+01   
9.50754151E+01   
8.15579116E+01   
1.03099520E+02   
8.44419884E+01   
8.13399680E+01   
7.29705941E+01   
9.86908382E+01   
8.43829766E+01   
8.92124425E+01   
1.08023605E+02   
1.05071914E+02   
8.93334667E+01   
8.93366673E+01   
1.06402380E+02   
1.02984897E+02   
9.60426085E+01   
1.20020004E+02   
9.70277055E+01   
8.40188038E+01   
9.16872374E+01   
9.33421684E+01   
9.06888378E+01   
1.04689738E+02   
9.33513703E+01   
1.06684937E+02   
8.63571714E+01   
9.73396679E+01   
9.66761352E+01   
8.23762753E+01   
1.06348870E+02   
8.76911382E+01   
1.10029106E+02   
1.07378576E+02   
1.14012503E+02   
1.11296859E+02   
1.01086717E+02   
1.15609322E+02   
8.40331066E+01   
9.76788358E+01   
7.90550110E+01   
1.04940388E+02   
9.84188838E+01   
9.24268854E+01   
1.14270354E+02   
9.99940988E+01   
9.14372875E+01   
1.06652130E+02   
9.76206241E+01   
9.84193839E+01   
1.13768554E+02   
9.78317664E+01   
9.61484297E+01   
1.03399880E+02   
9.78093619E+01   
9.58531706E+01   
1.01982897E+02   
9.90587117E+01   
1.08553111E+02   
9.61413283E+01   
1.04105821E+02   
9.79788958E+01   
1.01628126E+02   
9.57175435E+01   
1.01210842E+02   
1.03335067E+02   
9.78664733E+01   
1.02773055E+02   
1.00970894E+02   
1.03212643E+02   
1.08370374E+02   
9.17231446E+01   
8.52581516E+01   
9.49567914E+01   
1.20317263E+02   
1.07022805E+02   
8.57751550E+01   
9.01442288E+01   
1.14956091E+02   
8.74398880E+01   
1.02242949E+02   
8.77307461E+01   
8.80887177E+01   
1.03734347E+02   
8.80931186E+01   
9.84470894E+01   
1.03684037E+02   
1.06503801E+02   
1.05303661E+02   
1.02379576E+02   
8.97846569E+01   
9.64570914E+01   
9.04150830E+01   
9.85910182E+01   
9.81609322E+01   
9.43317664E+01   
1.06681136E+02   
9.62813563E+01   
1.13670334E+02   
9.51978396E+01   
1.00111922E+02   
1.00202541E+02   
1.08113523E+02   
1.10927285E+02   
1.09924885E+02   
1.01481496E+02   
1.01386777E+02   
1.00822965E+02   
9.95862172E+01   
9.85529106E+01   
1.01636327E+02   
1.11875575E+02   
1.07232747E+02   
9.71227245E+01   
1.01601820E+02   
1.04542108E+02   
9.50188038E+01   
9.67595519E+01   
9.59072815E+01   
1.00245449E+02   
1.06020804E+02   
9.85087017E+01   
9.66710342E+01   
1.05119324E+02   
1.06679236E+02   
9.16314263E+01   
1.03775355E+02   
8.72580516E+01   
1.08771954E+02   
1.08272855E+02   
1.12900280E+02   
9.76406281E+01   
9.97625525E+01   
1.06264853E+02   
1.03561112E+02   
1.14872274E+02   
1.06131326E+02   
1.02667834E+02   
1.07991798E+02   
8.88812763E+01   
9.81563313E+01   
8.90188038E+01   
1.01301060E+02   
1.03071114E+02   
9.90207041E+01   
1.05445489E+02   
1.04547510E+02   
1.03109322E+02   
1.07229746E+02   
1.08556311E+02   
1.12710242E+02   
1.07580516E+02   
1.07016103E+02   
1.10407081E+02   
1.02249250E+02   
9.30909182E+01   
8.31747349E+01   
9.48136627E+01   
1.02062012E+02   
1.02985997E+02   
1.29086117E+02   
1.16349870E+02   
1.07752250E+02   
1.09130226E+02   
1.00466493E+02   
1.02242448E+02   
1.04070914E+02   
1.14484097E+02   
1.09162733E+02   
1.01974295E+02   
1.04761452E+02   
1.04415183E+02   
1.10808362E+02   
1.24311062E+02   
1.14771854E+02   
1.14841668E+02   
1.09809162E+02   
1.04388278E+02   
1.06024405E+02   
1.25790658E+02   
1.11511202E+02   
1.16979396E+02   
1.11230846E+02   
1.06832466E+02   
1.25199040E+02   
1.12639328E+02   
1.08236547E+02   
1.06222845E+02   
1.04613923E+02   
1.23209742E+02   
1.27425185E+02   
1.04226245E+02   
9.84215843E+01   
1.20418484E+02   
9.86365273E+01   
1.30812963E+02   
1.27424385E+02   
1.20229946E+02   
1.04037908E+02   
1.10429186E+02   
1.20376275E+02   
1.12272555E+02   
1.26621624E+02   
1.23787357E+02   
1.31643129E+02   
1.04534707E+02   
1.04077415E+02   
1.10427986E+02   
1.16615223E+02   
9.38000600E+01   
1.10205241E+02   
1.08731346E+02   
1.12391678E+02   
1.08979696E+02   
1.09702240E+02   
9.25697139E+01   
1.02332967E+02   
1.01123025E+02   
1.22433987E+02   
1.10378876E+02   
1.21491498E+02   
1.22848370E+02   
1.22076615E+02   
1.05845969E+02   
1.01608022E+02   
1.12810962E+02   
1.06230646E+02   
1.32380376E+02   
1.33735147E+02   
9.76835367E+01   
1.05362072E+02   
1.13350670E+02   
1.28445789E+02   
1.03606221E+02   
1.12940088E+02   
1.13595419E+02   
1.13362673E+02   
1.14603621E+02   
1.04440388E+02   
1.06249350E+02   
1.06088418E+02   
1.32408182E+02   
1.01660532E+02   
1.22069814E+02   
1.18970994E+02   
1.16814663E+02   
1.19336067E+02   
1.19401480E+02   
1.29830666E+02   
1.16988698E+02   
1.17222545E+02   
1.31428786E+02   
1.19808562E+02   
1.25449590E+02   
1.25348170E+02   
1.13553411E+02   
1.21044109E+02   
1.08464893E+02   
1.12447590E+02   
1.23021204E+02   
1.13876375E+02   
1.19882076E+02   
1.01591618E+02   
1.14736247E+02   
1.24594819E+02   
1.11164433E+02   
1.16612623E+02   
1.25724145E+02   
1.15300860E+02   
1.23022404E+02   
1.10885577E+02   
1.14751150E+02   
1.47754351E+02   
1.17728046E+02   
1.36025205E+02   
1.14787057E+02   
1.14923485E+02   
1.30930686E+02   
1.33894379E+02   
1.21460792E+02   
1.40056611E+02   
1.21047309E+02   
1.32829066E+02   
1.21102120E+02   
1.38411482E+02   
1.17271854E+02   
1.09339568E+02   
1.18519704E+02   
1.01829666E+02   
1.19535107E+02   
1.24343569E+02   
1.27706041E+02   
1.34465193E+02   
1.20347570E+02   
1.24614523E+02   
1.30113523E+02   
1.20213043E+02   
1.29606921E+02   
1.30026805E+02   
1.12810862E+02   
1.23694039E+02   
1.13583717E+02   
1.18797159E+02   
1.24358672E+02   
1.13916383E+02   
1.14342969E+02   
1.32250750E+02   
1.27683637E+02   
1.28702340E+02   
1.30837467E+02   
1.17448490E+02   
1.31234047E+02   
1.11092118E+02   
1.12161532E+02   
1.24862272E+02   
1.41275955E+02   
1.36180136E+02   
1.14421684E+02   
1.22472394E+02   
1.26180336E+02   
1.31895479E+02   
1.26894179E+02   
1.36546709E+02   
1.13687738E+02   
1.07380776E+02   
1.18486497E+02   
1.22086017E+02   
1.25585917E+02   
1.40572214E+02   
1.27478096E+02   
1.25215143E+02   
1.42012903E+02   
1.20198840E+02   
1.15961092E+02   
1.19426985E+02   
1.36832166E+02   
1.30665033E+02   
1.07271054E+02   
1.25650830E+02   
1.39862773E+02   
1.38027606E+02   
1.26727646E+02   
1.22184037E+02   
1.21867173E+02   
1.29331566E+02   
1.21642128E+02   
1.15483197E+02   
1.03183137E+02   
1.33413583E+02   
1.31173635E+02   
1.28488398E+02   
1.17097219E+02   
1.20417584E+02   
1.28814363E+02   
1.38932987E+02   
1.32726245E+02   
1.38026805E+02   
1.31627626E+02   
1.28625225E+02   
1.42294759E+02   
1.30207742E+02   
1.20526605E+02   
1.35094419E+02   
1.24841768E+02   
1.32934687E+02   
1.28922885E+02   
1.22432386E+02   
1.21964393E+02   
1.28378376E+02   
1.48151930E+02   
1.37429286E+02   
1.13002100E+02   
1.19963993E+02   
1.07856771E+02   
1.19173935E+02   
1.38448390E+02   
1.30606821E+02   
1.29962893E+02   
1.37193139E+02   
1.26075615E+02   
1.24256751E+02   
1.36317664E+02   
1.28595619E+02   
1.18500400E+02   
1.45613523E+02   
1.33912082E+02   
1.33414383E+02   
1.38156031E+02   
1.43417984E+02   
1.33588418E+02   
1.41943189E+02   
1.39506301E+02   
1.37183737E+02   
1.37754751E+02   
1.37029206E+02   
1.37621224E+02   
1.33955191E+02   
1.29370374E+02   
1.30479696E+02   
1.20437988E+02   
1.18859972E+02   
1.40544009E+02   
1.28543209E+02   
1.45179236E+02   
1.27023205E+02   
1.23936787E+02   
1.39053611E+02   
1.37511202E+02   
1.42787558E+02   
1.47032406E+02   
1.70544809E+02   
1.48248050E+02   
1.36443589E+02   
1.54538808E+02   
1.41940788E+02   
1.43644829E+02   
1.24516003E+02   
1.34064813E+02   
1.21043209E+02   
1.47759952E+02   
1.41779656E+02   
1.31024405E+02   
1.24501600E+02   
1.40547209E+02   
1.39010802E+02   
1.26986797E+02   
1.39545609E+02   
1.33532006E+02   
1.38479196E+02   
1.36048810E+02   
1.26523605E+02   
1.44532406E+02   
1.46524405E+02   
1.61996399E+02   
1.36585617E+02   
1.38488798E+02   
1.33560812E+02   
1.43008802E+02   
1.47508402E+02   
1.53554011E+02   
1.33025605E+02   
1.34527205E+02   
1.44530406E+02   
1.42540808E+02   
1.42004401E+02   
1.43050810E+02   
1.58015603E+02   
1.61574015E+02   
1.48522004E+02   
1.31937988E+02   
1.39094019E+02   
1.46526005E+02   
1.37047209E+02   
1.54487998E+02   
1.56079616E+02   
1.63481196E+02   
1.37570014E+02   
1.41979596E+02   
1.38588818E+02   
1.46451990E+02   
1.43072414E+02   
1.33013203E+02   
1.35469594E+02   
1.45166433E+02   
1.57958392E+02   
1.43538408E+02   
1.33459192E+02   
1.50172034E+02   
1.61413183E+02   
1.40915583E+02   
1.48162833E+02   
1.51684437E+02   
1.69983997E+02   
1.53493599E+02   
1.43491198E+02   
1.43461592E+02   
1.49999600E+02   
1.52800460E+02   
1.34223545E+02   
1.32086817E+02   
1.41965193E+02   
1.47250050E+02   
1.41834767E+02   
1.57127626E+02   
1.32649630E+02   
1.53785557E+02   
1.43098420E+02   
1.42101620E+02   
1.43142428E+02   
1.60262452E+02   
1.60801560E+02   
1.61752050E+02   
1.70669134E+02   
1.59007702E+02   
1.59487097E+02   
1.66546509E+02   
1.67163533E+02   
1.54761952E+02   
1.47117223E+02   
1.69829266E+02   
1.54037107E+02   
1.44360472E+02   
1.55030006E+02   
1.60575715E+02   
1.55311962E+02   
1.49355971E+02   
1.61188438E+02   
1.68244349E+02   
1.59449990E+02   
1.34757151E+02   
1.48908582E+02   
1.64341968E+02   
1.45807962E+02   
1.55916783E+02   
1.50618024E+02   
1.60505301E+02   
1.75267954E+02   
1.58304661E+02   
1.44740448E+02   
1.61838968E+02   
1.66216243E+02   
1.63879676E+02   
1.73629226E+02   
1.49303561E+02   
1.56030406E+02   
1.51500900E+02   
1.74774055E+02   
1.65557111E+02   
1.51450890E+02   
1.62376175E+02   
1.61452090E+02   
1.42061512E+02   
1.61725845E+02   
1.60691038E+02   
1.36953991E+02   
1.53565213E+02   
1.63326165E+02   
1.60113923E+02   
1.81187237E+02   
1.43406281E+02   
1.52200540E+02   
1.70894079E+02   
1.71173935E+02   
1.67115623E+02   
1.81988098E+02   
1.71247950E+02   
1.64234147E+02   
1.56532907E+02   
1.64427786E+02   
1.68802661E+02   
1.60312362E+02   
1.64908582E+02   
1.83580816E+02   
1.67416583E+02   
1.72840568E+02   
1.56213043E+02   
1.56308962E+02   
1.73951290E+02   
1.59584017E+02   
1.67018304E+02   
1.76033207E+02   
1.80485197E+02   
1.71065313E+02   
1.76451490E+02   
1.44695839E+02   
1.56071314E+02   
1.69479996E+02   
1.74936987E+02   
1.66528706E+02   
1.70379176E+02   
1.67686437E+02   
1.54584817E+02   
1.69690438E+02   
1.52034407E+02   
1.60715143E+02   
1.74263953E+02   
1.55259952E+02   
1.49028006E+02   
1.76021304E+02   
1.46031606E+02   
1.70697940E+02   
1.67705441E+02   
1.62360672E+02   
1.79373675E+02   
1.67363573E+02   
1.73379676E+02   
1.68362372E+02   
1.91619324E+02   
1.78921584E+02   
1.70887077E+02   
1.71437888E+02   
1.82070414E+02   
1.77308362E+02   
1.74927485E+02   
1.87742248E+02   
1.71648930E+02   
1.73036807E+02   
1.90223345E+02   
1.84101520E+02   
1.75785557E+02   
1.88655131E+02   
1.84802561E+02   
1.90861272E+02   
1.83615323E+02   
1.86554111E+02   
1.69207542E+02   
1.94259752E+02   
1.81038008E+02   
1.86637127E+02   
1.60363473E+02   
1.68302060E+02   
1.82121424E+02   
1.89629126E+02   
1.96018904E+02   
1.93193939E+02   
1.86620324E+02   
1.95735747E+02   
1.79920084E+02   
1.51747149E+02   
1.72454591E+02   
1.70462392E+02   
1.74465693E+02   
1.94042909E+02   
1.66854371E+02   
1.71528606E+02   
1.95027906E+02   
1.76690038E+02   
1.88411682E+02   
2.08492098E+02   
1.94789158E+02   
1.70306761E+02   
1.98192939E+02   
1.95129426E+02   
1.83580716E+02   
1.87925285E+02   
2.06730746E+02   
1.83993499E+02   
1.96713043E+02   
2.00833467E+02   
1.95880776E+02   
1.87573415E+02   
1.99023305E+02   
1.79518504E+02   
1.66906981E+02   
1.89657131E+02   
1.97948890E+02   
1.83386677E+02   
1.86556111E+02   
1.87609022E+02   
1.81704741E+02   
1.87452390E+02   
1.91539708E+02   
1.92947089E+02   
1.88901180E+02   
1.96021404E+02   
1.97552911E+02   
2.09283557E+02   
2.17182336E+02   
1.91551210E+02   
1.93149330E+02   
1.96165433E+02   
1.97445889E+02   
1.93156731E+02   
1.94220744E+02   
2.00165333E+02   
1.90892779E+02   
1.88474295E+02   
1.93774555E+02   
2.02168534E+02   
1.97630826E+02   
1.95870374E+02   
2.08349770E+02   
2.11040808E+02   
2.01483897E+02   
1.94411282E+02   
1.88697439E+02   
1.95698840E+02   
1.99318164E+02   
1.91687037E+02   
1.99965093E+02   
1.97917283E+02   
2.11055911E+02   
2.15119424E+02   
2.31402280E+02   
2.21260752E+02   
1.99732146E+02   
2.03223745E+02   
2.05843569E+02   
2.15440788E+02   
1.90237648E+02   
2.03040008E+02   
2.38040608E+02   
2.27045709E+02   
2.15836167E+02   
2.12249750E+02   
2.17653731E+02   
2.10832266E+02   
1.97404881E+02   
1.92504901E+02   
2.17617824E+02   
2.11043209E+02   
2.24231146E+02   
2.20833167E+02   
1.98065313E+02   
2.17437988E+02   
2.32070914E+02   
1.95166533E+02   
2.15593719E+02   
2.38980996E+02   
2.11221344E+02   
1.86084317E+02   
2.18181836E+02   
2.13350170E+02   
2.00994299E+02   
2.53186837E+02   
2.26249550E+02   
2.05282857E+02   
2.13193139E+02   
2.16156231E+02   
2.38486497E+02   
2.23485697E+02   
2.21551010E+02   
2.06433987E+02   
2.17981896E+02   
2.19044009E+02   
2.08589518E+02   
2.08024705E+02   
2.20216843E+02   
2.31500500E+02   
2.10812362E+02   
2.39970094E+02   
2.28801760E+02   
2.22066213E+02   
2.48731846E+02   
2.29515703E+02   
2.29813163E+02   
2.49103421E+02   
2.26176035E+02   
2.11581016E+02   
2.32899280E+02   
2.21619424E+02   
2.37106721E+02   
2.47357972E+02   
2.32707942E+02   
2.23255451E+02   
2.25695839E+02   
2.43264653E+02   
2.40313863E+02   
2.39423185E+02   
2.29393979E+02   
2.34837367E+02   
2.37273655E+02   
2.35550710E+02   
2.29921284E+02   
2.35422785E+02   
2.38303861E+02   
2.55425585E+02   
2.25160532E+02   
2.27793159E+02   
2.57199940E+02   
2.36009202E+02   
2.39136527E+02   
2.21237347E+02   
2.38935287E+02   
2.45229946E+02   
2.65647830E+02   
2.48382176E+02   
2.41831366E+02   
2.28542208E+02   
2.47141628E+02   
2.29785157E+02   
2.32255451E+02   
2.24045209E+02   
2.41904781E+02   
2.43050810E+02   
2.44882677E+02   
2.63440488E+02   
2.46237447E+02   
2.31547109E+02   
2.67970194E+02   
2.29150030E+02   
2.26311562E+02   
2.38593419E+02   
2.43239948E+02   
2.57949090E+02   
2.47585417E+02   
2.32426285E+02   
2.57711142E+02   
2.45472394E+02   
2.66884177E+02   
2.52817163E+02   
2.46005201E+02   
2.79814263E+02   
2.54364073E+02   
2.37484297E+02   
2.57122725E+02   
2.47540608E+02   
2.71249350E+02   
2.62420384E+02   
2.35115923E+02   
2.46778356E+02   
2.71766353E+02   
2.45587317E+02   
2.53519904E+02   
2.49891778E+02   
2.45176635E+02   
2.31605221E+02   
2.26137227E+02   
2.36873775E+02   
2.56695339E+02   
2.51052410E+02   
2.60516203E+02   
2.63291758E+02   
2.74677035E+02   
2.44881576E+02   
2.45348070E+02   
2.49849970E+02   
2.58306561E+02   
2.58453091E+02   
2.48215443E+02   
2.41197439E+02   
2.54275155E+02   
2.67226345E+02   
2.74178536E+02   
2.55211642E+02   
2.32235547E+02   
2.45012102E+02   
2.77977796E+02   
2.43743949E+02   
2.50810962E+02   
2.63738348E+02   
2.52832466E+02   
2.38982997E+02   
2.68330966E+02   
2.49963893E+02   
2.61079516E+02   
2.47103021E+02   
2.49365673E+02   
2.45708442E+02   
2.59323865E+02   
2.69818364E+02   
2.85788858E+02   
2.90440188E+02   
2.75539608E+02   
2.46323965E+02   
2.47529106E+02   
2.75862873E+02   
2.90409482E+02   
2.57417784E+02   
2.64085717E+02   
2.51733047E+02   
2.79001800E+02   
2.85076515E+02   
2.61349470E+02   
2.72069414E+02   
2.82411382E+02   
2.68384777E+02   
2.87719644E+02   
2.68051510E+02   
2.61388578E+02   
2.72385877E+02   
2.73722845E+02   
2.44691838E+02   
2.73093919E+02   
2.70041408E+02   
2.57688438E+02   
2.82790758E+02   
2.89354471E+02   
2.45017303E+02   
2.69434787E+02   
2.66040708E+02   
2.58662032E+02   
2.50739748E+02   
2.99946489E+02   
2.82869374E+02   
2.80075315E+02   
2.95862272E+02   
2.98248950E+02   
3.41029406E+02   
3.53270654E+02   
3.53270654E+02   
3.53270654E+02   
3.53270654E+02   
3.68431766E+02   
4.36010502E+02   
4.04405281E+02   
4.06061812E+02   
4.16911482E+02   
3.97155031E+02   
4.04518304E+02   
4.04931986E+02   
4.33482096E+02   
3.70394379E+02   
3.93967794E+02   
4.21399580E+02   
4.21533507E+02   
4.30632126E+02   
4.06791758E+02   
3.98681436E+02   
4.23645329E+02   
4.29994699E+02   
3.89968094E+02   
4.45925185E+02   
3.99181936E+02   
4.02043409E+02   
4.47286557E+02   
4.36234147E+02   
4.38618724E+02   
4.14578316E+02   
4.26831566E+02   
4.40279156E+02   
4.67615723E+02   
4.67555511E+02   
4.17952591E+02   
4.20597119E+02   
4.51948090E+02   
4.67674935E+02   
4.56778856E+02   
4.44306361E+02   
4.34502701E+02   
4.49056711E+02   
4.84558612E+02   
4.68251650E+02   
4.20307261E+02   
4.34276155E+02   
4.71919284E+02   
4.20821964E+02   
4.28720844E+02   
4.56203841E+02   
4.63921384E+02   
4.36264853E+02   
4.06995199E+02   
4.25868174E+02   
4.72170234E+02   
4.52034307E+02   
4.38535707E+02   
4.56556611E+02   
4.22234147E+02   
4.87046409E+02   
4.43612222E+02   
4.50585017E+02   
4.49482496E+02   
4.56186537E+02   
4.66403181E+02   
4.51405981E+02   
4.88590218E+02   
4.77924985E+02   
4.38706841E+02   
4.87525605E+02   
5.00293059E+02   
4.73476995E+02   
4.80059112E+02   
4.45599520E+02   
4.67678736E+02   
4.31371474E+02   
4.72682737E+02   
4.86859672E+02   
4.86565413E+02   
4.88320364E+02   
4.77308462E+02   
4.87272655E+02   
4.86984497E+02   
4.65009002E+02   
5.23564413E+02   
5.46593119E+02   
4.84808862E+02   
5.59720544E+02   
5.28266653E+02   
5.16600820E+02   
5.43169034E+02   
5.09029406E+02   
5.53476195E+02   
4.65623625E+02   
4.97653831E+02   
4.89202140E+02   
5.12540308E+02   
5.30380076E+02   
5.41964993E+02   
4.81073715E+02   
4.98561012E+02   
4.96947590E+02   
5.34544409E+02   
5.25820064E+02   
5.47741948E+02   
5.33486797E+02   
4.94389178E+02   
5.27696639E+02   
5.21147329E+02   
5.37788358E+02   
5.15039408E+02   
5.24580016E+02   
5.28466293E+02   
5.29983797E+02   
5.18616023E+02   
4.96723845E+02   
5.19960592E+02   
5.05673135E+02   
4.80875175E+02   
5.23832867E+02   
5.29892378E+02   
5.70451490E+02   
5.58183037E+02   
5.11032106E+02   
5.03100420E+02   
4.97649930E+02   
5.13807361E+02   
5.59543009E+02   
5.57298060E+02   
5.37740648E+02   
5.22018304E+02   
5.07377375E+02   
4.98833267E+02   
5.37191838E+02   
5.21815563E+02   
5.27248150E+02   
4.87600120E+02   
5.44224045E+02   
5.48519104E+02   
5.23871374E+02   
5.23481096E+02   
5.24267654E+02   
5.34229546E+02   
5.10459092E+02   
5.23489798E+02   
5.10711542E+02   
5.02902480E+02   
5.07413183E+02   
5.01813163E+02   
5.33133527E+02   
5.43998800E+02   
5.28958492E+02   
4.90798960E+02   
5.04408282E+02   
4.90998200E+02   
4.68456391E+02   
5.13708042E+02   
5.19705041E+02   
4.93789058E+02   
4.86143429E+02   
5.11317664E+02   
5.01095719E+02   
5.07939188E+02   
5.02593619E+02   
5.07430086E+02   
5.21102020E+02   
5.05135427E+02   
5.17005001E+02   
5.07725245E+02   
4.67199740E+02   
4.65457992E+02   
4.61649930E+02   
4.61778856E+02   
4.44208342E+02   
4.35515203E+02   
4.30025005E+02   
4.32595519E+02   
4.24847870E+02   
4.07802861E+02   
4.51810062E+02   
4.24399780E+02   
4.43046009E+02   
4.31082216E+02   
4.46097820E+02   
4.19619924E+02   
4.42303361E+02   
4.34606921E+02   
4.12579716E+02   
4.31079816E+02   
4.19838468E+02   
4.03586917E+02   
4.14595119E+02   
4.20815063E+02   
3.95825865E+02   
3.92036407E+02   
4.03660132E+02   
4.04839668E+02   
3.94808062E+02   
4.17556911E+02   
4.07552110E+02   
4.03855071E+02   
3.71189538E+02   
3.94899480E+02   
3.78422785E+02   
3.76513503E+02   
4.04378776E+02   
4.20142028E+02   
3.68310262E+02   
3.75761252E+02   
3.83620724E+02   
3.58181036E+02   
3.98873075E+02   
3.47155931E+02   
3.84967193E+02   
3.81542208E+02   
3.90358172E+02   
3.66174135E+02   
3.93456091E+02   
3.81883977E+02   
3.54345469E+02   
3.96020204E+02   
4.22938188E+02   
4.12003401E+02   
3.53729946E+02   
3.52599420E+02   
3.58657031E+02   
3.71476495E+02   
3.69389078E+02   
3.80339268E+02   
3.76248150E+02   
3.60200840E+02   
3.66051110E+02   
3.84149030E+02   
3.65403981E+02   
3.38993799E+02   
3.69145529E+02   
3.35220044E+02   
3.70708942E+02   
3.57277756E+02   
3.71402881E+02   
4.00990598E+02   
3.68617323E+02   
3.77707141E+02   
3.54352671E+02   
3.56256051E+02   
3.56250850E+02   
3.46824065E+02   
3.65413783E+02   
3.21876775E+02   
3.60844069E+02   
3.36766553E+02   
3.47270054E+02   
3.28770854E+02   
3.25400880E+02   
3.96878296E+02   
4.81296259E+02   
4.81296259E+02   
4.81296259E+02   
4.81296259E+02   
4.81296259E+02   
6.49505361E+02   
6.44174935E+02   
6.56364873E+02   
6.70224045E+02   
6.54114323E+02   
6.74825965E+02   
6.67092919E+02   
6.97893779E+02   
7.08870874E+02   
6.93271454E+02   
6.95575115E+02   
6.62982096E+02   
7.13083617E+02   
6.73667634E+02   
6.83284257E+02   
7.07686537E+02   
6.71212543E+02   
6.45208542E+02   
6.90563913E+02   
6.72841168E+02   
6.80707341E+02   
6.80948490E+02   
6.43470994E+02   
6.84442889E+02   
7.18704441E+02   
6.96622024E+02   
7.28092318E+02   
6.98046609E+02   
7.09550410E+02   
6.74651330E+02   
6.88971794E+02   
6.69218444E+02   
6.76685237E+02   
6.71124625E+02   
6.80819764E+02   
7.02102220E+02   
6.57654731E+02   
6.85723745E+02   
6.95519804E+02   
6.55471294E+02   
6.49922484E+02   
7.27158332E+02   
6.78143229E+02   
6.54488398E+02   
6.50267153E+02   
6.86065913E+02   
7.11144429E+02   
6.71990998E+02   
6.67731746E+02   
6.48152731E+02   
6.61337768E+02   
6.41529306E+02   
6.58520004E+02   
6.66938788E+02   
6.91750650E+02   
6.53464693E+02   
6.94201040E+02   
6.51263853E+02   
6.49567914E+02   
6.90582316E+02   
6.87285857E+02   
6.59935287E+02   
6.52760452E+02   
6.79743749E+02   
6.54477295E+02   
6.98430786E+02   
6.51915783E+02   
6.88912583E+02   
7.02232146E+02   
6.82128526E+02   
6.78382977E+02   
6.92258552E+02   
6.40290058E+02   
6.49946789E+02   
7.04737948E+02   
6.78388178E+02   
6.91996799E+02   
6.89621724E+02   
6.83039808E+02   
6.89355771E+02   
7.19905281E+02   
7.70003401E+02   
8.27450190E+02   
8.26173835E+02   
8.10848670E+02   
8.88891478E+02   
8.03786657E+02   
7.45315763E+02   
7.78581916E+02   
7.63269554E+02   
7.06472094E+02   
7.98660132E+02   
7.38629526E+02   
6.93249350E+02   
7.46990498E+02   
7.68630526E+02   
7.16130726E+02   
7.17596319E+02   
7.03873075E+02   
6.91575815E+02   
6.97445589E+02   
6.80541408E+02   
6.86511802E+02   
6.98571114E+02   
6.85027305E+02   
6.76303761E+02   
6.94993799E+02   
6.37023705E+02   
6.53262452E+02   
6.64521704E+02   
6.89667834E+02   
6.37957792E+02   
6.27065313E+02   
6.63737247E+02   
6.01468594E+02   
6.14189938E+02   
6.49666033E+02   
6.24653531E+02   
6.09550310E+02   
5.92595819E+02   
5.91761652E+02   
5.68228546E+02   
6.00295859E+02   
5.86748950E+02   
6.37322364E+02   
6.41926485E+02   
5.74745449E+02   
5.48300760E+02   
5.36312362E+02   
5.41735347E+02   
5.00964893E+02   
5.03451090E+02   
5.05437087E+02   
5.17095219E+02   
4.90451090E+02   
4.72254751E+02   
4.68768954E+02   
4.92761752E+02   
4.62071214E+02   
4.30584217E+02   
4.40287157E+02   
4.33423085E+02   
4.28831266E+02   
4.30500700E+02   
4.15147930E+02   
3.78031206E+02   
4.00989298E+02   
3.90643729E+02   
3.81134027E+02   
3.88399480E+02   
3.76683737E+02   
3.65591418E+02   
3.30952390E+02   
3.34949690E+02   
3.02729246E+02   
3.35567914E+02   
3.25127125E+02   
3.22853271E+02   
3.34589018E+02   
3.23691338E+02   
2.84882376E+02   
2.75334367E+02   
2.79305861E+02   
2.57988398E+02   
2.56000300E+02   
2.82033707E+02   
2.48667734E+02   
2.25125225E+02   
2.33121824E+02   
1.97340168E+02   
2.26455291E+02   
2.30029506E+02   
2.22765053E+02   
2.04686737E+02   
2.10644929E+02   
2.09531506E+02   
1.95199740E+02   
2.04035807E+02   
1.82930186E+02   
1.80093319E+02   
1.79268154E+02   
1.59179536E+02   
1.63551510E+02   
1.65100220E+02   
1.58410782E+02   
1.44821464E+02   
1.58831066E+02   
1.43491298E+02   
1.18173535E+02   
1.50431186E+02   
1.29794959E+02   
1.58403081E+02   
1.24352270E+02   
1.23874175E+02   
1.30454991E+02   
1.19167133E+02   
1.14312362E+02   
1.47309862E+02   
1.07148130E+02   
1.06019204E+02   
9.87526505E+01   
8.57067413E+01   
1.12018004E+02   
8.92970594E+01   
9.80433087E+01   
9.99101820E+01   
1.07406481E+02   
7.42605521E+01   
8.80529106E+01   
8.69782957E+01   
8.07421484E+01   
7.99706941E+01   
8.45184037E+01   
7.00509102E+01   
6.34714943E+01   
7.73968794E+01   
7.04959992E+01   
6.28800760E+01   
7.01479296E+01   
6.37477495E+01   
4.78020604E+01   
5.26831366E+01   
6.07465493E+01   
5.00112022E+01   
5.98800760E+01   
4.09724945E+01   
5.40933187E+01   
4.36580316E+01   
3.96178236E+01   
4.30076015E+01   
4.76214243E+01   
4.25221044E+01   
3.99837968E+01   
6.92250450E+01   
4.97957592E+01   
1.31224945E+02   
3.53117624E+01   
3.30056011E+01   
3.20056011E+01   
2.98804761E+01   
2.81307261E+01   
2.46272254E+01   
1.97557512E+01   
1.22514503E+01   
2.20036007E+01   
1.03717744E+01   
1.36354271E+01   
7.61322264E+00   
1.15155031E+01   
1.12454491E+01   
5.98871774E+00   
5.60112022E+00   
5.60112022E+00   
5.60112022E+00   
5.60112022E+00   
3.13354671E+00   
0.00000000E+00   
0.00000000E+00   
1.00000000E+00   
0.00000000E+00   
0.00000000E+00   
0.00000000E+00   
0.00000000E+00   
0.00000000E+00   
0.00000000E+00   
0.00000000E+00   
0.00000000E+00   
0.00000000E+00   
0.00000000E+00   
0.00000000E+00   
1.88727746E+00   
2.11272254E+00   
0.00000000E+00   
0.00000000E+00   
0.00000000E+00   
0.00000000E+00   
0.00000000E+00   
0.00000000E+00   
1.00000000E+00   
0.00000000E+00   
0.00000000E+00   
0.00000000E+00   
0.00000000E+00   
0.00000000E+00   
0.00000000E+00   
0.00000000E+00   
0.00000000E+00   
1.00000000E+00   
0.00000000E+00   
0.00000000E+00   
0.00000000E+00   
0.00000000E+00   
0.00000000E+00   
0.00000000E+00   
0.00000000E+00   
0.00000000E+00   
0.00000000E+00   
0.00000000E+00   
0.00000000E+00   
8.98879776E-01   
1.01120224E-01   
0.00000000E+00   
0.00000000E+00   
0.00000000E+00   
0.00000000E+00   
0.00000000E+00   
0.00000000E+00   
0.00000000E+00   
0.00000000E+00   
9.02880576E-01   
9.71194239E-02   
9.03680736E-01   
9.63192639E-02   
0.00000000E+00   
0.00000000E+00   
0.00000000E+00   
0.00000000E+00   
0.00000000E+00   
0.00000000E+00   
0.00000000E+00   
0.00000000E+00   
0.00000000E+00   
0.00000000E+00   
0.00000000E+00   
0.00000000E+00   
0.00000000E+00   
0.00000000E+00   
0.00000000E+00   
0.00000000E+00   
0.00000000E+00   
0.00000000E+00   
0.00000000E+00   
0.00000000E+00   
0.00000000E+00   
0.00000000E+00   
1.00000000E+00   
0.00000000E+00   
0.00000000E+00   
0.00000000E+00   
0.00000000E+00   
0.00000000E+00   
0.00000000E+00   
0.00000000E+00   
0.00000000E+00   
0.00000000E+00   
0.00000000E+00   
0.00000000E+00   
0.00000000E+00   
0.00000000E+00   
0.00000000E+00   
0.00000000E+00   
0.00000000E+00   
0.00000000E+00   
0.00000000E+00   
0.00000000E+00   
0.00000000E+00   
0.00000000E+00   
1.00000000E+00   
0.00000000E+00   
0.00000000E+00   
0.00000000E+00   
0.00000000E+00   
0.00000000E+00   
9.24484897E-01   
7.55151030E-02   
0.00000000E+00   
0.00000000E+00   
0.00000000E+00   
0.00000000E+00   
0.00000000E+00   
0.00000000E+00   
0.00000000E+00   
0.00000000E+00   
0.00000000E+00   
0.00000000E+00   
0.00000000E+00   
0.00000000E+00   
0.00000000E+00   
0.00000000E+00   
0.00000000E+00   
0.00000000E+00   
0.00000000E+00   
0.00000000E+00   
0.00000000E+00   
0.00000000E+00   
0.00000000E+00   
0.00000000E+00   
0.00000000E+00   
0.00000000E+00   
0.00000000E+00   
0.00000000E+00   
0.00000000E+00   
0.00000000E+00   
0.00000000E+00   
0.00000000E+00   
0.00000000E+00   
0.00000000E+00   
0.00000000E+00   
0.00000000E+00   
9.38887778E-01   
6.11122224E-02   
0.00000000E+00   
0.00000000E+00   
0.00000000E+00   
0.00000000E+00   
0.00000000E+00   
0.00000000E+00   
0.00000000E+00   
0.00000000E+00   
0.00000000E+00   
0.00000000E+00   
0.00000000E+00   
0.00000000E+00   
0.00000000E+00   
0.00000000E+00   
0.00000000E+00   
0.00000000E+00   
0.00000000E+00   
0.00000000E+00   
0.00000000E+00   
0.00000000E+00   
0.00000000E+00   
0.00000000E+00   
0.00000000E+00   
0.00000000E+00   
0.00000000E+00   
9.49689938E-01   
5.03100620E-02   
9.50490098E-01   
4.95099020E-02   
0.00000000E+00   
9.51690338E-01   
4.83096619E-02   
0.00000000E+00   
0.00000000E+00   
0.00000000E+00   
0.00000000E+00   
0.00000000E+00   
0.00000000E+00   
0.00000000E+00   
0.00000000E+00   
0.00000000E+00   
0.00000000E+00   
0.00000000E+00   
0.00000000E+00   
0.00000000E+00   
0.00000000E+00   
0.00000000E+00   
0.00000000E+00   
0.00000000E+00   
0.00000000E+00   
9.59691938E-01   
4.03080616E-02   
0.00000000E+00   
0.00000000E+00   
0.00000000E+00   
0.00000000E+00   
0.00000000E+00   
0.00000000E+00   
0.00000000E+00   
0.00000000E+00   
0.00000000E+00   
0.00000000E+00   
0.00000000E+00   
0.00000000E+00   
0.00000000E+00   
0.00000000E+00   
0.00000000E+00   
0.00000000E+00   
0.00000000E+00   
1.00000000E+00   
0.00000000E+00   
0.00000000E+00   
0.00000000E+00   
0.00000000E+00   
0.00000000E+00   
0.00000000E+00   
0.00000000E+00   
1.00000000E+00   
0.00000000E+00   
0.00000000E+00   
0.00000000E+00   
0.00000000E+00   
1.00000000E+00   
1.00000000E+00   
0.00000000E+00   
0.00000000E+00   
0.00000000E+00   
0.00000000E+00   
0.00000000E+00   
1.00000000E+00   
0.00000000E+00   
0.00000000E+00   
0.00000000E+00   
0.00000000E+00   
0.00000000E+00   
0.00000000E+00   
0.00000000E+00   
0.00000000E+00   
0.00000000E+00   
0.00000000E+00   
0.00000000E+00   
0.00000000E+00   
0.00000000E+00   
0.00000000E+00   
0.00000000E+00   
0.00000000E+00   
0.00000000E+00   
0.00000000E+00   
0.00000000E+00   
0.00000000E+00   
0.00000000E+00   
0.00000000E+00   
0.00000000E+00   
0.00000000E+00   
0.00000000E+00   
0.00000000E+00   
0.00000000E+00   
0.00000000E+00   
0.00000000E+00   
0.00000000E+00   
0.00000000E+00   
0.00000000E+00   
0.00000000E+00   
0.00000000E+00   
0.00000000E+00   
0.00000000E+00   
0.00000000E+00   
0.00000000E+00   
0.00000000E+00   
0.00000000E+00   
0.00000000E+00   
0.00000000E+00   
0.00000000E+00   
9.92898580E-01   
1.00710142E+00   
0.00000000E+00   
0.00000000E+00   
0.00000000E+00   
0.00000000E+00   
0.00000000E+00   
0.00000000E+00   
0.00000000E+00   
0.00000000E+00   
0.00000000E+00   
9.97299460E-01   
2.70054011E-03   
0.00000000E+00   
0.00000000E+00   
0.00000000E+00   
0.00000000E+00   
0.00000000E+00   
0.00000000E+00   
0.00000000E+00   
0.00000000E+00   
0.00000000E+00   
0.00000000E+00   
0.00000000E+00   
0.00000000E+00   
0.00000000E+00   
0.00000000E+00   
0.00000000E+00   
0.00000000E+00   
0.00000000E+00   
0.00000000E+00   
0.00000000E+00   
0.00000000E+00   
0.00000000E+00   
0.00000000E+00   
0.00000000E+00   
0.00000000E+00   
7.70154031E-03   
9.92298460E-01   
0.00000000E+00   
1.00000000E+00   
0.00000000E+00   
0.00000000E+00   
0.00000000E+00   
0.00000000E+00   
0.00000000E+00   
0.00000000E+00   
0.00000000E+00   
0.00000000E+00   
0.00000000E+00   
0.00000000E+00   
0.00000000E+00   
0.00000000E+00   
0.00000000E+00   
0.00000000E+00   
0.00000000E+00   
0.00000000E+00   
0.00000000E+00   
0.00000000E+00   
0.00000000E+00   
0.00000000E+00   
0.00000000E+00   
0.00000000E+00   
0.00000000E+00   
0.00000000E+00   
0.00000000E+00   
0.00000000E+00   
0.00000000E+00   
0.00000000E+00   
0.00000000E+00   
0.00000000E+00   
0.00000000E+00   
0.00000000E+00   
0.00000000E+00   
0.00000000E+00   
0.00000000E+00   
0.00000000E+00   
0.00000000E+00   
0.00000000E+00   
0.00000000E+00   
0.00000000E+00   
1.00000000E+00   
0.00000000E+00   
0.00000000E+00   
0.00000000E+00   
0.00000000E+00   
0.00000000E+00   
0.00000000E+00   
0.00000000E+00   
0.00000000E+00   
0.00000000E+00   
0.00000000E+00   
0.00000000E+00   
0.00000000E+00   
0.00000000E+00   
0.00000000E+00   
0.00000000E+00   
0.00000000E+00   
0.00000000E+00   
0.00000000E+00   
0.00000000E+00   
0.00000000E+00   
0.00000000E+00   
0.00000000E+00   
0.00000000E+00   
0.00000000E+00   
0.00000000E+00   
0.00000000E+00   
0.00000000E+00   
0.00000000E+00   
0.00000000E+00   
0.00000000E+00   
0.00000000E+00   
0.00000000E+00   
0.00000000E+00   
0.00000000E+00   
0.00000000E+00   
0.00000000E+00   
0.00000000E+00   
4.05081016E-02   
9.59491898E-01   
4.13082617E-02   
1.95869174E+00   
0.00000000E+00   
4.25085017E-02   
9.57491498E-01   
0.00000000E+00   
0.00000000E+00   
0.00000000E+00   
0.00000000E+00   
0.00000000E+00   
0.00000000E+00   
1.00000000E+00   
0.00000000E+00   
0.00000000E+00   
0.00000000E+00   
0.00000000E+00   
0.00000000E+00   
0.00000000E+00   
0.00000000E+00   
0.00000000E+00   
0.00000000E+00   
1.00000000E+00   
0.00000000E+00   
0.00000000E+00   
0.00000000E+00   
0.00000000E+00   
0.00000000E+00   
0.00000000E+00   
0.00000000E+00   
0.00000000E+00   
0.00000000E+00   
0.00000000E+00   
1.00000000E+00   
0.00000000E+00   
0.00000000E+00   
0.00000000E+00   
0.00000000E+00   
0.00000000E+00   
0.00000000E+00   
0.00000000E+00   
0.00000000E+00   
0.00000000E+00   
0.00000000E+00   
0.00000000E+00   
0.00000000E+00   
0.00000000E+00   
0.00000000E+00   
0.00000000E+00   
0.00000000E+00   
0.00000000E+00   
0.00000000E+00   
0.00000000E+00   
0.00000000E+00   
0.00000000E+00   
0.00000000E+00   
0.00000000E+00   
0.00000000E+00   
0.00000000E+00   
0.00000000E+00   
0.00000000E+00   
0.00000000E+00   
0.00000000E+00   
2.00000000E+00   
0.00000000E+00   
0.00000000E+00   
0.00000000E+00   
0.00000000E+00   
0.00000000E+00   
6.85137027E-02   
1.93148630E+00   
0.00000000E+00   
0.00000000E+00   
0.00000000E+00   
0.00000000E+00   
0.00000000E+00   
0.00000000E+00   
7.17143429E-02   
9.28285657E-01   
4.00000000E+00   
0.00000000E+00   
0.00000000E+00   
0.00000000E+00   
0.00000000E+00   
0.00000000E+00   
0.00000000E+00   
0.00000000E+00   
0.00000000E+00   
0.00000000E+00   
0.00000000E+00   
0.00000000E+00   
0.00000000E+00   
0.00000000E+00   
0.00000000E+00   
0.00000000E+00   
0.00000000E+00   
0.00000000E+00   
0.00000000E+00   
0.00000000E+00   
0.00000000E+00   
0.00000000E+00   
0.00000000E+00   
0.00000000E+00   
0.00000000E+00   
0.00000000E+00   
0.00000000E+00   
0.00000000E+00   
0.00000000E+00   
0.00000000E+00   
0.00000000E+00   
0.00000000E+00   
0.00000000E+00   
0.00000000E+00   
0.00000000E+00   
0.00000000E+00   
0.00000000E+00   
0.00000000E+00   
0.00000000E+00   
0.00000000E+00   
0.00000000E+00   
0.00000000E+00   
0.00000000E+00   
0.00000000E+00   
0.00000000E+00   
0.00000000E+00   
0.00000000E+00   
0.00000000E+00   
0.00000000E+00   
0.00000000E+00   
0.00000000E+00   
0.00000000E+00   
0.00000000E+00   
0.00000000E+00   
0.00000000E+00   
0.00000000E+00   
0.00000000E+00   
0.00000000E+00   
0.00000000E+00   
0.00000000E+00   
0.00000000E+00   
0.00000000E+00   
0.00000000E+00   
0.00000000E+00   
0.00000000E+00   
0.00000000E+00   
0.00000000E+00   
0.00000000E+00   
0.00000000E+00   
0.00000000E+00   
0.00000000E+00   
0.00000000E+00   
0.00000000E+00   
1.00000000E+00   
0.00000000E+00   
0.00000000E+00   
0.00000000E+00   
1.00000000E+00   
0.00000000E+00   
0.00000000E+00   
0.00000000E+00   
0.00000000E+00   
0.00000000E+00   
0.00000000E+00   
0.00000000E+00   
0.00000000E+00   
0.00000000E+00   
0.00000000E+00   
0.00000000E+00   
0.00000000E+00   
0.00000000E+00   
0.00000000E+00   
0.00000000E+00   
0.00000000E+00   
1.00000000E+00   
0.00000000E+00   
1.10922184E-01   
8.89077816E-01   
0.00000000E+00   
0.00000000E+00   
0.00000000E+00   
0.00000000E+00   
0.00000000E+00   
0.00000000E+00   
0.00000000E+00   
0.00000000E+00   
0.00000000E+00   
0.00000000E+00   
0.00000000E+00   
0.00000000E+00   
0.00000000E+00   
1.00000000E+00   
0.00000000E+00   
0.00000000E+00   
0.00000000E+00   
0.00000000E+00   
0.00000000E+00   
0.00000000E+00   
0.00000000E+00   
0.00000000E+00   
0.00000000E+00   
0.00000000E+00   
0.00000000E+00   
0.00000000E+00   
0.00000000E+00   
0.00000000E+00   
0.00000000E+00   
0.00000000E+00   
0.00000000E+00   
0.00000000E+00   
0.00000000E+00   
0.00000000E+00   
0.00000000E+00   
0.00000000E+00   
0.00000000E+00   
0.00000000E+00   
0.00000000E+00   
0.00000000E+00   
0.00000000E+00   
0.00000000E+00   
0.00000000E+00   
0.00000000E+00   
0.00000000E+00   
0.00000000E+00   
0.00000000E+00   
0.00000000E+00   
0.00000000E+00   
0.00000000E+00   
0.00000000E+00   
0.00000000E+00   
0.00000000E+00   
0.00000000E+00   
0.00000000E+00   
0.00000000E+00   
0.00000000E+00   
0.00000000E+00   
0.00000000E+00   
0.00000000E+00   
0.00000000E+00   
0.00000000E+00   
0.00000000E+00   
0.00000000E+00   
0.00000000E+00   
0.00000000E+00   
0.00000000E+00   
0.00000000E+00   
0.00000000E+00   
0.00000000E+00   
0.00000000E+00   
0.00000000E+00   
0.00000000E+00   
0.00000000E+00   
0.00000000E+00   
0.00000000E+00   
0.00000000E+00   
0.00000000E+00   
0.00000000E+00   
0.00000000E+00   
0.00000000E+00   
0.00000000E+00   
0.00000000E+00   
0.00000000E+00   
0.00000000E+00   
0.00000000E+00   
0.00000000E+00   
0.00000000E+00   
0.00000000E+00   
0.00000000E+00   
0.00000000E+00   
0.00000000E+00   
0.00000000E+00   
0.00000000E+00   
0.00000000E+00   
0.00000000E+00   
0.00000000E+00   
0.00000000E+00   
0.00000000E+00   
0.00000000E+00   
0.00000000E+00   
0.00000000E+00   
0.00000000E+00   
0.00000000E+00   
0.00000000E+00   
0.00000000E+00   
0.00000000E+00   
0.00000000E+00   
0.00000000E+00   
0.00000000E+00   
0.00000000E+00   
0.00000000E+00   
0.00000000E+00   
0.00000000E+00   
0.00000000E+00   
0.00000000E+00   
0.00000000E+00   
0.00000000E+00   
0.00000000E+00   
0.00000000E+00   
0.00000000E+00   
0.00000000E+00   
0.00000000E+00   
0.00000000E+00   
0.00000000E+00   
0.00000000E+00   
0.00000000E+00   
0.00000000E+00   
0.00000000E+00   
0.00000000E+00   
0.00000000E+00   
0.00000000E+00   
0.00000000E+00   
0.00000000E+00   
0.00000000E+00   
0.00000000E+00   
0.00000000E+00   
0.00000000E+00   
0.00000000E+00   
3.34666933E-01   
1.66533307E+00   
3.36267253E-01   
1.66373275E+00   
0.00000000E+00   
0.00000000E+00   
0.00000000E+00   
0.00000000E+00   
0.00000000E+00   
0.00000000E+00   
0.00000000E+00   
0.00000000E+00   
0.00000000E+00   
0.00000000E+00   
0.00000000E+00   
0.00000000E+00   
0.00000000E+00   
0.00000000E+00   
1.39627926E+00   
6.60372074E+00   
0.00000000E+00   
0.00000000E+00   
0.00000000E+00   
0.00000000E+00   
0.00000000E+00   
0.00000000E+00   
0.00000000E+00   
0.00000000E+00   
0.00000000E+00   
0.00000000E+00   
0.00000000E+00   
0.00000000E+00   
0.00000000E+00   
0.00000000E+00   
0.00000000E+00   
0.00000000E+00   
0.00000000E+00   
0.00000000E+00   
0.00000000E+00   
0.00000000E+00   
0.00000000E+00   
0.00000000E+00   
0.00000000E+00   
0.00000000E+00   
0.00000000E+00   
0.00000000E+00   
0.00000000E+00   
0.00000000E+00   
0.00000000E+00   
0.00000000E+00   
0.00000000E+00   
0.00000000E+00   
0.00000000E+00   
0.00000000E+00   
0.00000000E+00   
0.00000000E+00   
0.00000000E+00   
0.00000000E+00   
0.00000000E+00   
0.00000000E+00   
0.00000000E+00   
0.00000000E+00   
0.00000000E+00   
0.00000000E+00   
0.00000000E+00   
0.00000000E+00   
0.00000000E+00   
0.00000000E+00   
0.00000000E+00   
0.00000000E+00   
0.00000000E+00   
0.00000000E+00   
0.00000000E+00   
0.00000000E+00   
0.00000000E+00   
0.00000000E+00   
0.00000000E+00   
0.00000000E+00   
0.00000000E+00   
0.00000000E+00   
0.00000000E+00   
0.00000000E+00   
0.00000000E+00   
0.00000000E+00   
0.00000000E+00   
0.00000000E+00   
0.00000000E+00   
0.00000000E+00   
0.00000000E+00   
0.00000000E+00   
0.00000000E+00   
0.00000000E+00   
0.00000000E+00   
0.00000000E+00   
0.00000000E+00   
0.00000000E+00   
0.00000000E+00   
0.00000000E+00   
0.00000000E+00   
0.00000000E+00   
0.00000000E+00   
0.00000000E+00   
0.00000000E+00   
0.00000000E+00   
0.00000000E+00   
0.00000000E+00   
0.00000000E+00   
0.00000000E+00   
0.00000000E+00   
0.00000000E+00   
0.00000000E+00   
0.00000000E+00   
0.00000000E+00   
0.00000000E+00   
0.00000000E+00   
0.00000000E+00   
0.00000000E+00   
0.00000000E+00   
0.00000000E+00   
0.00000000E+00   
0.00000000E+00   
0.00000000E+00   
0.00000000E+00   
0.00000000E+00   
0.00000000E+00   
0.00000000E+00   
0.00000000E+00   
0.00000000E+00   
0.00000000E+00   
0.00000000E+00   
0.00000000E+00   
0.00000000E+00   
0.00000000E+00   
0.00000000E+00   
0.00000000E+00   
0.00000000E+00   
0.00000000E+00   
0.00000000E+00   
0.00000000E+00   
0.00000000E+00   
0.00000000E+00   
0.00000000E+00   
0.00000000E+00   
0.00000000E+00   
0.00000000E+00   
0.00000000E+00   
0.00000000E+00   
0.00000000E+00   
0.00000000E+00   
0.00000000E+00   
0.00000000E+00   
0.00000000E+00   
0.00000000E+00   
0.00000000E+00   
0.00000000E+00   
0.00000000E+00   
0.00000000E+00   
0.00000000E+00   
0.00000000E+00   
0.00000000E+00   
0.00000000E+00   
0.00000000E+00   
0.00000000E+00   
0.00000000E+00   
0.00000000E+00   
0.00000000E+00   
0.00000000E+00   
0.00000000E+00   
0.00000000E+00   
0.00000000E+00   
0.00000000E+00   
0.00000000E+00   
0.00000000E+00   
0.00000000E+00   
0.00000000E+00   
0.00000000E+00   
0.00000000E+00   
0.00000000E+00   
0.00000000E+00   
0.00000000E+00   
0.00000000E+00   
0.00000000E+00   
0.00000000E+00   
0.00000000E+00   
0.00000000E+00   
0.00000000E+00   
0.00000000E+00   
0.00000000E+00   
0.00000000E+00   
0.00000000E+00   
0.00000000E+00   
0.00000000E+00   
0.00000000E+00   
0.00000000E+00   
0.00000000E+00   
0.00000000E+00   
0.00000000E+00   
0.00000000E+00   
0.00000000E+00   
0.00000000E+00   
0.00000000E+00   
0.00000000E+00   
0.00000000E+00   
0.00000000E+00   
0.00000000E+00   
0.00000000E+00   
0.00000000E+00   
0.00000000E+00   
0.00000000E+00   
0.00000000E+00   
0.00000000E+00   
0.00000000E+00   
0.00000000E+00   
0.00000000E+00   
0.00000000E+00   
0.00000000E+00   
0.00000000E+00   
0.00000000E+00   
0.00000000E+00   
0.00000000E+00   
0.00000000E+00   
0.00000000E+00   
0.00000000E+00   
0.00000000E+00   
0.00000000E+00   
0.00000000E+00   
0.00000000E+00   
0.00000000E+00   
0.00000000E+00   
0.00000000E+00   
0.00000000E+00   
0.00000000E+00   
0.00000000E+00   
0.00000000E+00   
0.00000000E+00   
0.00000000E+00   
0.00000000E+00   
0.00000000E+00   
0.00000000E+00   
0.00000000E+00   
0.00000000E+00   
0.00000000E+00   
0.00000000E+00   
0.00000000E+00   
0.00000000E+00   
0.00000000E+00   
0.00000000E+00   
0.00000000E+00   
0.00000000E+00   
0.00000000E+00   
0.00000000E+00   
0.00000000E+00   
0.00000000E+00   
0.00000000E+00   
0.00000000E+00   
0.00000000E+00   
0.00000000E+00   
0.00000000E+00   
0.00000000E+00   
0.00000000E+00   
0.00000000E+00   
0.00000000E+00   
0.00000000E+00   
0.00000000E+00   
0.00000000E+00   
0.00000000E+00   
0.00000000E+00   
0.00000000E+00   
0.00000000E+00   
0.00000000E+00   
0.00000000E+00   
0.00000000E+00   
0.00000000E+00   
0.00000000E+00   
0.00000000E+00   
0.00000000E+00   
0.00000000E+00   
0.00000000E+00   
0.00000000E+00   
0.00000000E+00   
0.00000000E+00   
0.00000000E+00   
0.00000000E+00   
0.00000000E+00   
0.00000000E+00   
0.00000000E+00   
0.00000000E+00   
0.00000000E+00   
0.00000000E+00   
0.00000000E+00   
0.00000000E+00   
0.00000000E+00   
0.00000000E+00   
0.00000000E+00   
0.00000000E+00   
0.00000000E+00   
0.00000000E+00   
0.00000000E+00   
0.00000000E+00   
0.00000000E+00   
0.00000000E+00   
0.00000000E+00   
0.00000000E+00   
0.00000000E+00   
0.00000000E+00   
0.00000000E+00   
0.00000000E+00   
0.00000000E+00   
0.00000000E+00   
0.00000000E+00   
0.00000000E+00   
0.00000000E+00   
0.00000000E+00   
0.00000000E+00   
0.00000000E+00   
0.00000000E+00   
0.00000000E+00   
0.00000000E+00   
0.00000000E+00   
0.00000000E+00   
0.00000000E+00   
0.00000000E+00   
0.00000000E+00   
0.00000000E+00   
0.00000000E+00   
0.00000000E+00   
0.00000000E+00   
0.00000000E+00   
0.00000000E+00   
0.00000000E+00   
0.00000000E+00   
0.00000000E+00   
0.00000000E+00   
0.00000000E+00   
0.00000000E+00   
0.00000000E+00   
0.00000000E+00   
0.00000000E+00   
0.00000000E+00   
0.00000000E+00   
0.00000000E+00   
0.00000000E+00   
0.00000000E+00   
0.00000000E+00   
0.00000000E+00   
0.00000000E+00   
0.00000000E+00   
0.00000000E+00   
0.00000000E+00   
0.00000000E+00   
0.00000000E+00   
0.00000000E+00   
0.00000000E+00   
0.00000000E+00   
0.00000000E+00   
0.00000000E+00   
0.00000000E+00   
0.00000000E+00   
0.00000000E+00   
0.00000000E+00   
0.00000000E+00   
0.00000000E+00   
0.00000000E+00   
0.00000000E+00   
0.00000000E+00   
0.00000000E+00   
0.00000000E+00   
0.00000000E+00   
0.00000000E+00   
0.00000000E+00   
0.00000000E+00   
0.00000000E+00   
0.00000000E+00   
0.00000000E+00   
0.00000000E+00   
0.00000000E+00   
0.00000000E+00   
0.00000000E+00   
0.00000000E+00   
0.00000000E+00   
0.00000000E+00   
0.00000000E+00   
0.00000000E+00   
0.00000000E+00   
0.00000000E+00   
0.00000000E+00   
0.00000000E+00   
0.00000000E+00   
0.00000000E+00   
0.00000000E+00   
0.00000000E+00   
0.00000000E+00   
0.00000000E+00   
0.00000000E+00   
0.00000000E+00   
0.00000000E+00   
0.00000000E+00   
0.00000000E+00   
0.00000000E+00   
0.00000000E+00   
0.00000000E+00   
0.00000000E+00   
0.00000000E+00   
0.00000000E+00   
0.00000000E+00   
0.00000000E+00   
0.00000000E+00   
0.00000000E+00   
0.00000000E+00   
0.00000000E+00   
0.00000000E+00   
0.00000000E+00   
0.00000000E+00   
0.00000000E+00   
0.00000000E+00   
0.00000000E+00   
0.00000000E+00   
0.00000000E+00   
0.00000000E+00   
0.00000000E+00   
0.00000000E+00   
0.00000000E+00   
0.00000000E+00   
0.00000000E+00   
0.00000000E+00   
0.00000000E+00   
0.00000000E+00   
0.00000000E+00   
0.00000000E+00   
0.00000000E+00   
0.00000000E+00   
0.00000000E+00   
0.00000000E+00   
0.00000000E+00   
0.00000000E+00   
0.00000000E+00   
0.00000000E+00   
0.00000000E+00   
0.00000000E+00   
0.00000000E+00   
0.00000000E+00   
0.00000000E+00   
0.00000000E+00   
0.00000000E+00   
0.00000000E+00   
0.00000000E+00   
0.00000000E+00   
0.00000000E+00   
0.00000000E+00   
0.00000000E+00   
0.00000000E+00   
0.00000000E+00   
0.00000000E+00   
0.00000000E+00   
0.00000000E+00   
0.00000000E+00   
0.00000000E+00   
0.00000000E+00   
0.00000000E+00   
0.00000000E+00   
0.00000000E+00   
0.00000000E+00   
0.00000000E+00   
0.00000000E+00   
0.00000000E+00   
0.00000000E+00   
0.00000000E+00   
0.00000000E+00   
0.00000000E+00   
0.00000000E+00   
0.00000000E+00   
0.00000000E+00   
0.00000000E+00   
0.00000000E+00   
0.00000000E+00   
0.00000000E+00   
0.00000000E+00   
0.00000000E+00   
0.00000000E+00   
0.00000000E+00   
0.00000000E+00   
0.00000000E+00   
0.00000000E+00   
0.00000000E+00   
0.00000000E+00   
0.00000000E+00   
0.00000000E+00   
0.00000000E+00   
0.00000000E+00   
0.00000000E+00   
0.00000000E+00   
0.00000000E+00   
0.00000000E+00   
0.00000000E+00   
0.00000000E+00   
0.00000000E+00   
0.00000000E+00   
0.00000000E+00   
0.00000000E+00   
0.00000000E+00   
0.00000000E+00   
0.00000000E+00   
0.00000000E+00   
0.00000000E+00   
0.00000000E+00   
0.00000000E+00   
0.00000000E+00   
0.00000000E+00   
0.00000000E+00   
0.00000000E+00   
0.00000000E+00   
0.00000000E+00   
0.00000000E+00   
0.00000000E+00   
0.00000000E+00   
0.00000000E+00   
0.00000000E+00   
0.00000000E+00   
0.00000000E+00   
0.00000000E+00   
0.00000000E+00   
0.00000000E+00   
0.00000000E+00   
0.00000000E+00   
0.00000000E+00   
0.00000000E+00   
0.00000000E+00   
0.00000000E+00   
0.00000000E+00   
0.00000000E+00   
0.00000000E+00   
0.00000000E+00   
0.00000000E+00   
0.00000000E+00   
0.00000000E+00   
0.00000000E+00   
0.00000000E+00   
0.00000000E+00   
0.00000000E+00   
0.00000000E+00   
0.00000000E+00   
0.00000000E+00   
0.00000000E+00   
0.00000000E+00   
0.00000000E+00   
0.00000000E+00   
0.00000000E+00   
0.00000000E+00   
0.00000000E+00   
0.00000000E+00   
0.00000000E+00   
0.00000000E+00   
0.00000000E+00   
0.00000000E+00   
0.00000000E+00   
0.00000000E+00   
0.00000000E+00   
0.00000000E+00   
0.00000000E+00   
0.00000000E+00   
0.00000000E+00   
0.00000000E+00   
0.00000000E+00   
0.00000000E+00   
0.00000000E+00   
0.00000000E+00   
0.00000000E+00   
0.00000000E+00   
0.00000000E+00   
0.00000000E+00   
0.00000000E+00   
0.00000000E+00   
0.00000000E+00   
0.00000000E+00   
0.00000000E+00   
0.00000000E+00   
0.00000000E+00   
0.00000000E+00   
0.00000000E+00   
0.00000000E+00   
0.00000000E+00   
0.00000000E+00   
0.00000000E+00   
0.00000000E+00   
0.00000000E+00   
0.00000000E+00   
0.00000000E+00   
0.00000000E+00   
0.00000000E+00   
0.00000000E+00   
0.00000000E+00   
0.00000000E+00   
0.00000000E+00   
0.00000000E+00   
0.00000000E+00   
0.00000000E+00   
0.00000000E+00   
0.00000000E+00   
0.00000000E+00   
0.00000000E+00   
0.00000000E+00   
0.00000000E+00   
0.00000000E+00   
0.00000000E+00   
0.00000000E+00   
0.00000000E+00   
0.00000000E+00   
0.00000000E+00   
0.00000000E+00   
0.00000000E+00   
0.00000000E+00   
0.00000000E+00   
0.00000000E+00   
0.00000000E+00   
0.00000000E+00   
0.00000000E+00   
0.00000000E+00   
0.00000000E+00   
0.00000000E+00   
0.00000000E+00   
0.00000000E+00   
0.00000000E+00   
0.00000000E+00   
0.00000000E+00   
0.00000000E+00   
0.00000000E+00   
0.00000000E+00   
0.00000000E+00   
0.00000000E+00   
0.00000000E+00   
0.00000000E+00   
0.00000000E+00   
0.00000000E+00   
0.00000000E+00   
0.00000000E+00   
0.00000000E+00   
0.00000000E+00   
0.00000000E+00   
0.00000000E+00   
0.00000000E+00   
0.00000000E+00   
0.00000000E+00   
0.00000000E+00   
0.00000000E+00   
0.00000000E+00   
0.00000000E+00   
0.00000000E+00   
0.00000000E+00   
0.00000000E+00   
0.00000000E+00   
0.00000000E+00   
0.00000000E+00   
0.00000000E+00   
0.00000000E+00   
0.00000000E+00   
0.00000000E+00   
0.00000000E+00   
0.00000000E+00   
0.00000000E+00   
0.00000000E+00   
0.00000000E+00   
0.00000000E+00   
0.00000000E+00   
0.00000000E+00   
0.00000000E+00   
0.00000000E+00   
0.00000000E+00   
0.00000000E+00   
0.00000000E+00   
0.00000000E+00   
0.00000000E+00   
0.00000000E+00   
0.00000000E+00   
0.00000000E+00   
0.00000000E+00   
0.00000000E+00   
0.00000000E+00   
0.00000000E+00   
0.00000000E+00   
0.00000000E+00   
0.00000000E+00   
0.00000000E+00   
0.00000000E+00   
0.00000000E+00   
0.00000000E+00   
0.00000000E+00   
0.00000000E+00   
0.00000000E+00   
0.00000000E+00   
0.00000000E+00   
0.00000000E+00   
0.00000000E+00   
0.00000000E+00   
0.00000000E+00   
0.00000000E+00   
0.00000000E+00   
0.00000000E+00   
0.00000000E+00   
0.00000000E+00   
0.00000000E+00   
0.00000000E+00   
0.00000000E+00   
0.00000000E+00   
0.00000000E+00   
0.00000000E+00   
0.00000000E+00   
0.00000000E+00   
0.00000000E+00   
0.00000000E+00   
0.00000000E+00   
0.00000000E+00   
0.00000000E+00   
0.00000000E+00   
0.00000000E+00   
0.00000000E+00   
0.00000000E+00   
0.00000000E+00   
0.00000000E+00   
0.00000000E+00   
0.00000000E+00   
0.00000000E+00   
0.00000000E+00   
0.00000000E+00   
0.00000000E+00   
0.00000000E+00   
0.00000000E+00   
0.00000000E+00   
0.00000000E+00   
0.00000000E+00   
0.00000000E+00   
0.00000000E+00   
0.00000000E+00   
0.00000000E+00   
0.00000000E+00   
0.00000000E+00   
0.00000000E+00   
0.00000000E+00   
0.00000000E+00   
0.00000000E+00   
0.00000000E+00   
0.00000000E+00   
0.00000000E+00   
0.00000000E+00   
0.00000000E+00   
0.00000000E+00   
0.00000000E+00   
0.00000000E+00   
0.00000000E+00   
0.00000000E+00   
0.00000000E+00   
0.00000000E+00   
0.00000000E+00   
0.00000000E+00   
0.00000000E+00   
0.00000000E+00   
0.00000000E+00   
0.00000000E+00   
0.00000000E+00   
0.00000000E+00   
0.00000000E+00   
0.00000000E+00   
0.00000000E+00   
0.00000000E+00   
0.00000000E+00   
0.00000000E+00   
0.00000000E+00   
0.00000000E+00   
0.00000000E+00   
0.00000000E+00   
0.00000000E+00   
0.00000000E+00   
0.00000000E+00   
0.00000000E+00   
0.00000000E+00   
0.00000000E+00   
0.00000000E+00   
0.00000000E+00   
0.00000000E+00   
0.00000000E+00   
0.00000000E+00   
0.00000000E+00   
0.00000000E+00   
0.00000000E+00   
0.00000000E+00   
0.00000000E+00   
0.00000000E+00   
0.00000000E+00   
0.00000000E+00   
0.00000000E+00   
0.00000000E+00   
0.00000000E+00   
0.00000000E+00   
0.00000000E+00   
0.00000000E+00   
0.00000000E+00   
0.00000000E+00   
0.00000000E+00   
0.00000000E+00   
0.00000000E+00   
0.00000000E+00   
0.00000000E+00   
0.00000000E+00   
0.00000000E+00   
0.00000000E+00   
0.00000000E+00   
0.00000000E+00   
0.00000000E+00   
0.00000000E+00   
0.00000000E+00   
0.00000000E+00   
0.00000000E+00   
0.00000000E+00   
0.00000000E+00   
0.00000000E+00   
0.00000000E+00   
0.00000000E+00   
0.00000000E+00   
0.00000000E+00   
0.00000000E+00   
0.00000000E+00   
0.00000000E+00   
0.00000000E+00   
0.00000000E+00   
0.00000000E+00   
0.00000000E+00   
0.00000000E+00   
0.00000000E+00   
0.00000000E+00   
0.00000000E+00   
0.00000000E+00   
0.00000000E+00   
0.00000000E+00   
0.00000000E+00   
!IDEND=

