!FILE=Disk 
!KIND=Spectrum 
!LABORATORY=Oslo Cyclotron Laboratory (OCL) 
!EXPERIMENT= oslo_method_python 
!COMMENT=Made by OMpy 
!TIME=DATE:08-Sep-20 09:57:37   
!CALIBRATION EkeV=6, 0.000000E+00, 2.000400E+00, 0.000000E+00 
!PRECISION=16 
!DIMENSION=1,0:4999 
!CHANNEL=(0:4999) 
2.20532607E+02   
3.64574215E+02   
3.80119224E+02   
4.75124025E+02   
4.87042408E+02   
4.97166433E+02   
5.30666633E+02   
5.31045609E+02   
6.01721844E+02   
5.93071214E+02   
5.99364073E+02   
6.76090018E+02   
6.41052010E+02   
7.21244449E+02   
7.10401280E+02   
7.73301660E+02   
8.20761452E+02   
7.74154431E+02   
8.72670934E+02   
9.47328166E+02   
8.78045109E+02   
9.80599420E+02   
1.04465773E+03   
1.12884977E+03   
1.21537487E+03   
1.31459002E+03   
1.41310512E+03   
1.49970694E+03   
1.65822935E+03   
1.74392919E+03   
1.75416943E+03   
1.87250960E+03   
1.97101140E+03   
2.07515703E+03   
2.24081536E+03   
2.31360472E+03   
2.37973575E+03   
2.44862032E+03   
2.51799510E+03   
2.56065673E+03   
2.62285187E+03   
2.70603641E+03   
2.67705971E+03   
2.76733807E+03   
2.86405691E+03   
2.86367413E+03   
2.83786037E+03   
2.85484437E+03   
2.91237037E+03   
2.89426355E+03   
2.97251830E+03   
3.06914303E+03   
3.09949170E+03   
3.17250660E+03   
3.10433157E+03   
3.12467393E+03   
3.17565263E+03   
3.13076915E+03   
3.18780486E+03   
3.16847299E+03   
3.12763063E+03   
3.08848290E+03   
3.04260282E+03   
3.06548480E+03   
3.08535167E+03   
3.08012563E+03   
3.07420324E+03   
3.07082547E+03   
3.08370704E+03   
3.09964043E+03   
3.07713253E+03   
3.08516173E+03   
2.98944199E+03   
3.06262513E+03   
2.97872384E+03   
2.93506241E+03   
2.91212983E+03   
2.94317273E+03   
2.90210732E+03   
2.89254051E+03   
2.89552891E+03   
2.85804921E+03   
2.89300380E+03   
2.86205641E+03   
2.90026065E+03   
3.02379486E+03   
3.09039018E+03   
3.01955291E+03   
3.06522975E+03   
3.10039528E+03   
3.06990248E+03   
2.96202861E+03   
2.94274375E+03   
2.91471634E+03   
2.92952450E+03   
2.87348480E+03   
2.77041258E+03   
2.81934227E+03   
2.75684117E+03   
2.72260962E+03   
2.68589438E+03   
2.61795569E+03   
2.67008772E+03   
2.56329186E+03   
2.53941368E+03   
2.53424265E+03   
2.48162212E+03   
2.49880176E+03   
2.44113433E+03   
2.46200650E+03   
2.42191358E+03   
2.40838048E+03   
2.33028886E+03   
2.28874175E+03   
2.36164703E+03   
2.32080336E+03   
2.27188048E+03   
2.17909282E+03   
2.19496189E+03   
2.21449230E+03   
2.21406361E+03   
2.29149460E+03   
2.28469164E+03   
2.28717193E+03   
2.28116763E+03   
2.21765653E+03   
2.28566433E+03   
2.24737748E+03   
2.27165303E+03   
2.16154461E+03   
2.19892058E+03   
2.14956621E+03   
2.16791438E+03   
2.15136357E+03   
2.14270674E+03   
2.04999120E+03   
2.13441318E+03   
2.03713933E+03   
2.05726665E+03   
2.08597229E+03   
1.94871944E+03   
2.00064153E+03   
1.97168144E+03   
1.95161892E+03   
1.95891428E+03   
1.95828536E+03   
1.96697299E+03   
1.89170104E+03   
1.88208072E+03   
1.92351520E+03   
1.85669574E+03   
1.82587027E+03   
1.79243169E+03   
1.77533557E+03   
1.85611362E+03   
1.84916573E+03   
1.79692849E+03   
1.81198360E+03   
1.69704721E+03   
1.71456631E+03   
1.67304301E+03   
1.66879446E+03   
1.80005451E+03   
1.65676295E+03   
1.63492839E+03   
1.64092358E+03   
1.61351750E+03   
1.58387187E+03   
1.54908292E+03   
1.55433497E+03   
1.51646579E+03   
1.45620704E+03   
1.49798860E+03   
1.42401290E+03   
1.39441448E+03   
1.41293529E+03   
1.38074585E+03   
1.34745309E+03   
1.30496809E+03   
1.29610802E+03   
1.26970494E+03   
1.29571554E+03   
1.28947449E+03   
1.23292899E+03   
1.25670284E+03   
1.31636547E+03   
1.28519834E+03   
1.21818214E+03   
1.21528706E+03   
1.21718044E+03   
1.27642969E+03   
1.21668064E+03   
1.20035337E+03   
1.20544599E+03   
1.22142759E+03   
1.17667934E+03   
1.19108472E+03   
1.21638788E+03   
1.13158122E+03   
1.13740988E+03   
1.17436957E+03   
1.09419474E+03   
1.08128596E+03   
1.05533667E+03   
1.03154301E+03   
1.09279866E+03   
1.03657311E+03   
1.13503041E+03   
1.10729576E+03   
1.04104321E+03   
1.02605221E+03   
1.11661412E+03   
1.06586867E+03   
1.01425725E+03   
1.04064233E+03   
1.02668784E+03   
1.02389508E+03   
9.94073015E+02   
9.64366073E+02   
9.91414383E+02   
9.88968494E+02   
1.04531356E+03   
9.70304661E+02   
9.89979196E+02   
9.50198840E+02   
9.25327065E+02   
9.50030106E+02   
9.63742949E+02   
9.23038508E+02   
9.14774655E+02   
9.53261052E+02   
9.15216843E+02   
9.71595019E+02   
9.14879776E+02   
9.12025305E+02   
8.66671734E+02   
9.03579116E+02   
8.91121724E+02   
9.13664933E+02   
8.80005001E+02   
8.92610222E+02   
8.48208142E+02   
8.52378976E+02   
9.06152631E+02   
8.44498000E+02   
8.03161232E+02   
8.35351570E+02   
8.48149330E+02   
8.20184537E+02   
8.60360572E+02   
7.94756851E+02   
7.97149030E+02   
7.79570614E+02   
6.22166293E+02   
5.79315863E+02   
5.79315863E+02   
5.79315863E+02   
5.79315863E+02   
5.17404901E+02   
3.80093919E+02   
3.94889478E+02   
3.92705741E+02   
3.78879576E+02   
4.12043309E+02   
3.61865973E+02   
3.62859072E+02   
3.54868074E+02   
3.87001600E+02   
3.68467193E+02   
3.63972494E+02   
3.89374675E+02   
3.80558412E+02   
3.77896479E+02   
3.52067213E+02   
3.54945789E+02   
3.49172635E+02   
3.71746949E+02   
3.48126325E+02   
3.60070014E+02   
3.66341568E+02   
3.58536107E+02   
3.52238148E+02   
3.66588318E+02   
3.66334467E+02   
3.42293459E+02   
3.94524805E+02   
3.65559912E+02   
3.73457792E+02   
3.40072414E+02   
3.39755951E+02   
3.37794459E+02   
3.39950990E+02   
3.56575515E+02   
3.58319264E+02   
3.53242248E+02   
3.06193739E+02   
3.04662933E+02   
3.41251750E+02   
3.51888078E+02   
3.25046209E+02   
3.27226045E+02   
3.29104221E+02   
3.51234747E+02   
3.21304461E+02   
3.10062412E+02   
3.02706841E+02   
3.15776355E+02   
2.99866573E+02   
2.98171934E+02   
3.03570914E+02   
2.95409182E+02   
3.24301460E+02   
2.98445589E+02   
2.85546709E+02   
2.75447790E+02   
2.84302260E+02   
2.92829966E+02   
2.84046609E+02   
2.69785357E+02   
2.66149530E+02   
2.84820564E+02   
3.18312763E+02   
2.97052511E+02   
2.95866373E+02   
2.81651230E+02   
2.89208342E+02   
2.65906081E+02   
2.86853871E+02   
2.57420584E+02   
2.51156131E+02   
2.46740448E+02   
2.80054011E+02   
2.73916383E+02   
2.64622825E+02   
2.54961092E+02   
2.70081516E+02   
2.58630326E+02   
2.49681436E+02   
2.41661632E+02   
2.39703641E+02   
2.60592519E+02   
2.62778856E+02   
2.72697139E+02   
3.04507902E+02   
2.60937287E+02   
2.57877776E+02   
2.54748650E+02   
2.77299360E+02   
2.56383277E+02   
2.24174535E+02   
2.11764353E+02   
2.47215943E+02   
2.46025905E+02   
2.19627325E+02   
2.33157832E+02   
2.58257552E+02   
2.62405781E+02   
2.29832867E+02   
2.26472294E+02   
2.07674635E+02   
2.15462292E+02   
2.42285557E+02   
2.23400180E+02   
2.19526805E+02   
2.28729446E+02   
2.34231946E+02   
2.11277556E+02   
2.27340968E+02   
2.06809562E+02   
2.13875675E+02   
2.27862973E+02   
2.25342869E+02   
2.12907081E+02   
2.02990298E+02   
2.04544909E+02   
1.90788058E+02   
1.99386577E+02   
1.96896079E+02   
1.98223245E+02   
2.09902080E+02   
1.93474895E+02   
2.11382476E+02   
2.05689038E+02   
1.71769254E+02   
1.90841868E+02   
2.19199640E+02   
2.09082116E+02   
1.97874375E+02   
1.99762052E+02   
1.96478896E+02   
1.98595519E+02   
1.53157632E+02   
1.92830066E+02   
1.99013103E+02   
1.98068514E+02   
1.93939588E+02   
1.77286657E+02   
1.81987798E+02   
1.77333167E+02   
1.94996999E+02   
1.84495999E+02   
1.75354071E+02   
1.78745349E+02   
1.87306161E+02   
1.86682136E+02   
1.78414083E+02   
1.81357672E+02   
1.85696239E+02   
1.75331366E+02   
1.88046509E+02   
1.82686437E+02   
1.66734747E+02   
1.83684337E+02   
1.77354071E+02   
1.75071114E+02   
1.72688838E+02   
1.89038108E+02   
1.66034607E+02   
1.71373875E+02   
1.81016603E+02   
1.68731546E+02   
1.91690138E+02   
1.43683737E+02   
1.64016203E+02   
1.59379576E+02   
1.88043109E+02   
1.74680436E+02   
1.61728846E+02   
1.67320064E+02   
1.93138928E+02   
1.64283057E+02   
1.74431386E+02   
1.63922184E+02   
1.30621824E+02   
1.42197239E+02   
1.57875875E+02   
1.70375675E+02   
1.40327065E+02   
1.64508002E+02   
1.53949890E+02   
1.40971394E+02   
1.45529206E+02   
1.59325065E+02   
1.49096219E+02   
1.64611322E+02   
1.54065513E+02   
1.50531106E+02   
1.43100620E+02   
1.38952190E+02   
1.70061812E+02   
1.66874775E+02   
1.69268354E+02   
1.51030006E+02   
1.66844369E+02   
1.59851970E+02   
1.46935787E+02   
1.57583717E+02   
1.60813663E+02   
1.51467093E+02   
1.42816463E+02   
1.50769354E+02   
1.48025905E+02   
1.53081516E+02   
1.49769354E+02   
1.36657532E+02   
1.34655931E+02   
1.32520704E+02   
1.44595619E+02   
1.26904181E+02   
1.40777756E+02   
1.31469194E+02   
1.39898180E+02   
1.60228946E+02   
1.29136827E+02   
1.46925585E+02   
1.38748350E+02   
1.48479596E+02   
1.37028406E+02   
1.38719844E+02   
1.31639028E+02   
1.39726345E+02   
1.30716743E+02   
1.33567914E+02   
1.36574315E+02   
1.39948490E+02   
1.27615223E+02   
1.14274555E+02   
1.31161132E+02   
1.19414483E+02   
1.24895279E+02   
1.30330966E+02   
1.22273855E+02   
1.31779756E+02   
1.32329366E+02   
1.27630726E+02   
1.24137928E+02   
1.44584717E+02   
1.39839768E+02   
1.33643929E+02   
1.57220244E+02   
1.23427285E+02   
1.30834967E+02   
1.16608722E+02   
1.33037207E+02   
1.33026805E+02   
1.16217844E+02   
1.30943689E+02   
1.45761452E+02   
1.34591118E+02   
1.13396879E+02   
1.31066813E+02   
1.31526305E+02   
1.13364973E+02   
1.22426585E+02   
1.16208142E+02   
1.23259852E+02   
1.28144729E+02   
1.20490798E+02   
1.25976095E+02   
1.23824865E+02   
1.20729846E+02   
1.32029406E+02   
1.14051310E+02   
1.09208042E+02   
1.14509102E+02   
1.25732647E+02   
1.44631426E+02   
1.17969394E+02   
1.17487497E+02   
1.19256851E+02   
1.14193339E+02   
1.21184537E+02   
1.14010502E+02   
1.15302661E+02   
1.20027506E+02   
1.06307361E+02   
1.21740848E+02   
1.16016603E+02   
1.07444389E+02   
1.07188938E+02   
1.29310162E+02   
1.24442789E+02   
1.27326265E+02   
1.22308962E+02   
1.13436787E+02   
1.13559812E+02   
1.15081416E+02   
1.13711742E+02   
1.19620824E+02   
8.71890378E+01   
9.50585117E+01   
1.09505401E+02   
1.05417984E+02   
1.28185537E+02   
1.10856871E+02   
1.09910182E+02   
1.19190738E+02   
1.02239648E+02   
1.02361472E+02   
1.22127826E+02   
1.12951890E+02   
9.36709342E+01   
1.02892078E+02   
9.84933987E+01   
1.05567113E+02   
1.05827966E+02   
1.02747850E+02   
1.11567514E+02   
1.09750150E+02   
1.33209142E+02   
9.85489098E+01   
1.01303661E+02   
1.10292158E+02   
1.16938588E+02   
9.22642529E+01   
8.32873575E+01   
1.14552711E+02   
1.00212743E+02   
9.80176035E+01   
9.15316063E+01   
9.87003401E+01   
1.02414683E+02   
1.25419484E+02   
1.04889478E+02   
1.07085417E+02   
1.01361672E+02   
1.13288558E+02   
1.09407381E+02   
1.03638228E+02   
1.15758652E+02   
9.32432486E+01   
8.98565713E+01   
1.10495699E+02   
1.01647930E+02   
1.03299660E+02   
1.12287357E+02   
9.13430686E+01   
8.14920984E+01   
8.04936987E+01   
1.07332867E+02   
1.03620324E+02   
9.99813963E+01   
1.10243549E+02   
9.47972595E+01   
1.15729646E+02   
1.04826665E+02   
1.06990198E+02   
9.60768154E+01   
1.09222144E+02   
1.11740048E+02   
1.14045809E+02   
1.04276555E+02   
1.00746049E+02   
1.00531906E+02   
1.01055211E+02   
8.82725545E+01   
9.42985597E+01   
1.11679236E+02   
8.65927185E+01   
1.08981596E+02   
1.01281156E+02   
9.92717544E+01   
1.03757652E+02   
9.62823565E+01   
1.13019404E+02   
8.87718544E+01   
1.07014203E+02   
9.55235047E+01   
8.77652531E+01   
9.87776555E+01   
1.02250150E+02   
8.47800560E+01   
9.70310062E+01   
1.07541108E+02   
1.07007401E+02   
1.07004201E+02   
1.04302160E+02   
1.11757251E+02   
9.20212042E+01   
9.29743949E+01   
9.42867574E+01   
1.02315763E+02   
1.04208542E+02   
1.06835467E+02   
9.44434887E+01   
9.72597520E+01   
9.66041208E+01   
9.69129826E+01   
1.12484197E+02   
1.08388078E+02   
1.09979396E+02   
9.89761952E+01   
8.40172034E+01   
1.10154631E+02   
1.04689038E+02   
8.30192038E+01   
9.09685937E+01   
8.48328666E+01   
9.74926985E+01   
8.79633927E+01   
9.22529506E+01   
9.26633327E+01   
8.98401680E+01   
1.01905081E+02   
9.23610722E+01   
1.00911882E+02   
9.97523505E+01   
9.21496299E+01   
1.11225445E+02   
8.25744149E+01   
9.30164033E+01   
8.80164033E+01   
7.93235647E+01   
9.00176035E+01   
8.80176035E+01   
9.96391278E+01   
8.96439288E+01   
8.13723745E+01   
9.45008002E+01   
9.67910582E+01   
1.00069314E+02   
8.26980396E+01   
8.74261852E+01   
8.88848770E+01   
8.56026205E+01   
8.54365873E+01   
9.68928786E+01   
8.09703941E+01   
7.47673535E+01   
9.17753551E+01   
9.03769754E+01   
9.17813563E+01   
8.91335267E+01   
7.83491698E+01   
8.36837367E+01   
8.46913383E+01   
9.82362472E+01   
1.01251250E+02   
9.60069014E+01   
8.60184037E+01   
8.87986597E+01   
8.38702741E+01   
7.21083217E+01   
9.97334467E+01   
7.82357471E+01   
9.35414083E+01   
8.99276855E+01   
7.81486297E+01   
9.18841768E+01   
9.93679736E+01   
7.65278056E+01   
9.72153431E+01   
1.00449890E+02   
8.43028606E+01   
8.00204041E+01   
1.00238148E+02   
9.60088018E+01   
6.90164033E+01   
8.41662332E+01   
7.86544309E+01   
9.52641528E+01   
9.31354271E+01   
7.98617724E+01   
9.99109822E+01   
8.74913983E+01   
8.05981196E+01   
9.65997199E+01   
7.71086217E+01   
8.85127025E+01   
7.53095619E+01   
9.23923785E+01   
8.93947790E+01   
1.00845769E+02   
9.07771554E+01   
8.30802160E+01   
8.89573915E+01   
9.56348270E+01   
1.00812663E+02   
7.64043809E+01   
9.69984997E+01   
8.52436487E+01   
8.48321664E+01   
7.54377876E+01   
9.93813763E+01   
9.48174635E+01   
7.50548110E+01   
7.91999400E+01   
8.26137227E+01   
7.84174835E+01   
8.84137828E+01   
8.18171634E+01   
9.20284057E+01   
9.10020004E+01   
8.00152030E+01   
8.22412482E+01   
9.36140228E+01   
8.18222645E+01   
8.50047009E+01   
1.00249150E+02   
9.38061612E+01   
8.71518304E+01   
8.04275855E+01   
6.14046809E+01   
9.14849970E+01   
9.36016203E+01   
7.21491298E+01   
9.55002000E+01   
7.84046809E+01   
9.20180036E+01   
1.04096619E+02   
7.90898180E+01   
6.83982797E+01   
9.04419884E+01   
8.47768554E+01   
9.57340468E+01   
8.07268454E+01   
8.85542108E+01   
8.48318664E+01   
7.74721944E+01   
9.18871774E+01   
8.37080416E+01   
8.00148030E+01   
7.82670534E+01   
7.73894779E+01   
7.75740148E+01   
8.73427686E+01   
8.05740148E+01   
6.27908582E+01   
7.36891378E+01   
9.16497299E+01   
9.01212242E+01   
7.91997399E+01   
7.59183837E+01   
8.09310862E+01   
9.19235847E+01   
8.22909582E+01   
8.44719944E+01   
7.95600120E+01   
8.87522505E+01   
8.90188038E+01   
6.99958992E+01   
6.87590518E+01   
8.73750750E+01   
7.68017604E+01   
9.04091818E+01   
8.38382677E+01   
7.45484097E+01   
7.70152030E+01   
8.77213443E+01   
8.69567914E+01   
7.90160032E+01   
6.54706941E+01   
7.55613123E+01   
8.90160032E+01   
8.81453291E+01   
8.78866773E+01   
7.02293459E+01   
8.11485297E+01   
8.93250650E+01   
8.62954591E+01   
8.30512102E+01   
7.07597520E+01   
7.21573315E+01   
7.06729346E+01   
7.61433287E+01   
8.68862773E+01   
7.78294659E+01   
7.88622725E+01   
9.05100020E+01   
8.60256051E+01   
8.25048010E+01   
9.03486697E+01   
6.93550710E+01   
7.41829366E+01   
9.73546709E+01   
9.85116023E+01   
8.13470694E+01   
6.80052010E+01   
8.73806761E+01   
7.36609322E+01   
6.88342669E+01   
9.37469494E+01   
8.33026605E+01   
8.15284057E+01   
8.71521304E+01   
8.38822765E+01   
7.38238648E+01   
8.58886777E+01   
8.94259852E+01   
6.62113423E+01   
7.68126625E+01   
7.90560112E+01   
9.05376075E+01   
6.76497299E+01   
9.01164233E+01   
6.70157031E+01   
9.64938988E+01   
8.34883977E+01   
8.26425285E+01   
7.17657532E+01   
8.82638528E+01   
8.47041408E+01   
8.64662933E+01   
8.49467894E+01   
7.99382877E+01   
6.93259652E+01   
6.26273255E+01   
7.05536107E+01   
6.90136027E+01   
8.69486897E+01   
8.84990998E+01   
7.06523305E+01   
8.89921984E+01   
7.22230446E+01   
7.63158632E+01   
9.04693939E+01   
7.10082016E+01   
8.42264453E+01   
6.72066413E+01   
7.63114623E+01   
7.52416483E+01   
7.54924985E+01   
9.03090618E+01   
8.96699340E+01   
7.53588718E+01   
7.68686737E+01   
7.40148030E+01   
7.52901580E+01   
7.73058612E+01   
8.14572915E+01   
7.12933587E+01   
8.02973595E+01   
7.74447890E+01   
6.75849170E+01   
8.66021204E+01   
7.29990998E+01   
8.76011202E+01   
7.55821164E+01   
6.48599720E+01   
8.44538908E+01   
7.63173635E+01   
7.17146429E+01   
7.75992198E+01   
8.38786757E+01   
7.95370074E+01   
8.86359272E+01   
8.64678936E+01   
8.99772955E+01   
6.19716943E+01   
7.72854571E+01   
7.93836767E+01   
7.30998200E+01   
7.66092218E+01   
8.18223645E+01   
7.30128026E+01   
7.58092619E+01   
7.34163833E+01   
6.85469094E+01   
6.40738148E+01   
6.94248850E+01   
7.48055611E+01   
6.51441288E+01   
6.69649930E+01   
7.40156031E+01   
7.46252250E+01   
6.76654331E+01   
8.44628926E+01   
8.56642328E+01   
7.16884377E+01   
7.57061412E+01   
8.68077616E+01   
8.27593519E+01   
7.52532507E+01   
7.32824565E+01   
6.93915783E+01   
8.07547510E+01   
7.48932787E+01   
8.11387277E+01   
6.80122024E+01   
6.05093019E+01   
6.46400280E+01   
7.72724545E+01   
6.52606521E+01   
8.71563313E+01   
6.07495499E+01   
7.48926785E+01   
8.45589118E+01   
7.11962392E+01   
7.68071614E+01   
7.42176435E+01   
7.69348870E+01   
6.91807361E+01   
5.78026605E+01   
8.10646129E+01   
7.94884977E+01   
7.62498500E+01   
7.43655731E+01   
6.77262452E+01   
7.92498500E+01   
8.05966193E+01   
7.75511102E+01   
8.75922184E+01   
7.69792959E+01   
8.07881576E+01   
7.38168634E+01   
6.88112623E+01   
8.13324665E+01   
6.32406481E+01   
6.63515703E+01   
7.31249250E+01   
8.02303461E+01   
8.29038808E+01   
6.81265253E+01   
7.12362472E+01   
8.78030606E+01   
8.63354671E+01   
7.74673935E+01   
7.97784557E+01   
7.41450290E+01   
8.76920384E+01   
8.11253251E+01   
6.96611322E+01   
7.74801960E+01   
8.24428886E+01   
8.04396879E+01   
6.56964393E+01   
7.75935187E+01   
6.11213243E+01   
6.87476495E+01   
9.87225445E+01   
8.25778156E+01   
8.06027205E+01   
8.29438888E+01   
8.05014003E+01   
7.03223645E+01   
8.24044809E+01   
7.26251250E+01   
7.34184837E+01   
7.62090418E+01   
7.73167634E+01   
7.98157632E+01   
8.07112422E+01   
8.23315663E+01   
7.61037207E+01   
9.12306461E+01   
8.40188038E+01   
7.77000400E+01   
6.35975195E+01   
7.32066413E+01   
7.19166833E+01   
6.93003601E+01   
7.23447690E+01   
7.16792358E+01   
7.01065213E+01   
7.00704141E+01   
7.29218844E+01   
6.96692338E+01   
7.97344469E+01   
6.29218844E+01   
7.78305661E+01   
8.38321664E+01   
6.70209042E+01   
7.61937387E+01   
7.54724945E+01   
6.76488298E+01   
7.59254851E+01   
6.63728746E+01   
8.29469894E+01   
7.40810162E+01   
7.12783557E+01   
7.84864973E+01   
7.49278856E+01   
8.36679336E+01   
7.07093419E+01   
7.70667133E+01   
7.78755751E+01   
8.35878176E+01   
6.82052410E+01   
7.86585317E+01   
8.42695539E+01   
5.93508702E+01   
6.19308862E+01   
7.03466693E+01   
7.47656531E+01   
7.32607522E+01   
7.63788758E+01   
7.40783157E+01   
8.85305061E+01   
6.59040808E+01   
6.98537708E+01   
8.16162232E+01   
7.44133827E+01   
7.20407081E+01   
6.51459292E+01   
7.63264653E+01   
7.17015403E+01   
9.07820564E+01   
8.53229646E+01   
7.32430486E+01   
6.80124025E+01   
8.00281056E+01   
6.59213843E+01   
8.44883977E+01   
7.31646329E+01   
8.60513103E+01   
7.24942989E+01   
6.67920584E+01   
8.34298860E+01   
8.21614323E+01   
8.24386877E+01   
6.64530906E+01   
8.41550310E+01   
7.56538308E+01   
7.89542909E+01   
6.93685737E+01   
7.09462893E+01   
8.42539508E+01   
6.83990798E+01   
6.54238848E+01   
6.59422885E+01   
6.89950990E+01   
6.64879976E+01   
8.37463493E+01   
7.50821164E+01   
6.66102220E+01   
8.77630526E+01   
5.99988998E+01   
6.13377676E+01   
7.15596119E+01   
7.20140028E+01   
7.33768754E+01   
7.90813163E+01   
5.68354671E+01   
6.86373275E+01   
8.32011402E+01   
8.07667534E+01   
7.28925785E+01   
7.83205641E+01   
8.34088818E+01   
8.31983397E+01   
8.21959392E+01   
8.38376675E+01   
7.13113623E+01   
6.98977796E+01   
6.97710542E+01   
8.47984597E+01   
7.54199840E+01   
7.72436487E+01   
9.25058012E+01   
6.90841168E+01   
8.31190238E+01   
7.42933587E+01   
8.06304261E+01   
8.58540708E+01   
8.22893579E+01   
7.63390678E+01   
7.39610922E+01   
5.81735347E+01   
8.14884977E+01   
7.12260452E+01   
7.43262653E+01   
6.96031206E+01   
8.42713543E+01   
8.18632727E+01   
7.23166633E+01   
8.57650530E+01   
6.93114623E+01   
8.51328266E+01   
6.57480496E+01   
7.45814163E+01   
7.24473895E+01   
6.62982597E+01   
7.65898180E+01   
6.90621124E+01   
7.47846569E+01   
7.16114223E+01   
7.66948390E+01   
8.07902581E+01   
7.88387678E+01   
7.66800360E+01   
7.78375675E+01   
6.20140028E+01   
7.66707341E+01   
7.23147630E+01   
7.20986197E+01   
7.39718944E+01   
6.30553111E+01   
7.96454291E+01   
7.92602521E+01   
7.22153431E+01   
7.56157231E+01   
7.73312663E+01   
7.38968794E+01   
8.08992799E+01   
7.50541108E+01   
7.00156031E+01   
6.22394479E+01   
6.89762953E+01   
6.70501100E+01   
9.51105221E+01   
7.38801760E+01   
7.96958392E+01   
6.52615523E+01   
7.89453891E+01   
6.90152030E+01   
7.96444289E+01   
8.24858972E+01   
6.92114423E+01   
9.17515503E+01   
6.89505901E+01   
8.47302460E+01   
6.92070414E+01   
6.80786157E+01   
7.92600520E+01   
8.57719544E+01   
8.49862973E+01   
7.71629326E+01   
6.52167433E+01   
6.78975795E+01   
7.31256251E+01   
6.78730746E+01   
7.20682136E+01   
7.00397079E+01   
7.56678336E+01   
8.61481296E+01   
6.52469494E+01   
7.48601720E+01   
7.50393079E+01   
6.40875175E+01   
6.79886977E+01   
7.80132026E+01   
8.17102420E+01   
7.02474495E+01   
8.08568714E+01   
8.59950990E+01   
9.19741948E+01   
7.61462292E+01   
6.11205241E+01   
8.07269454E+01   
5.84618924E+01   
7.78137628E+01   
8.89375875E+01   
7.99785957E+01   
6.42577516E+01   
7.88490698E+01   
5.91749350E+01   
7.00293059E+01   
7.29439888E+01   
8.88151630E+01   
9.00019004E+01   
5.63638728E+01   
7.76729346E+01   
7.91972394E+01   
5.20861172E+01   
7.98141628E+01   
7.70309062E+01   
7.90168034E+01   
7.00297059E+01   
9.40039008E+01   
6.71620324E+01   
7.10471094E+01   
7.48412683E+01   
7.90168034E+01   
8.79747950E+01   
6.21699340E+01   
7.49347870E+01   
8.80156031E+01   
7.90067013E+01   
7.69734947E+01   
8.20342068E+01   
6.70865173E+01   
8.39843969E+01   
7.90221044E+01   
6.70473095E+01   
8.09944989E+01   
7.50083017E+01   
6.60091018E+01   
7.50001000E+01   
8.30205041E+01   
7.80402080E+01   
9.19724945E+01   
8.50110022E+01   
6.80532106E+01   
9.39585917E+01   
6.90728146E+01   
8.00043009E+01   
7.90070014E+01   
7.00325065E+01   
8.70009002E+01   
8.40180036E+01   
9.20174035E+01   
7.90046009E+01   
5.80232046E+01   
8.20358072E+01   
9.20014003E+01   
7.30026005E+01   
7.70329066E+01   
8.00168034E+01   
8.79992999E+01   
7.09913983E+01   
7.50210042E+01   
6.91072214E+01   
7.99038808E+01   
7.61220244E+01   
8.50259052E+01   
9.29384877E+01   
7.09950990E+01   
7.49642929E+01   
7.00787157E+01   
7.99278856E+01   
5.50851170E+01   
6.80227045E+01   
7.20235047E+01   
6.89862973E+01   
7.10631126E+01   
7.59743949E+01   
7.20247049E+01   
6.79144829E+01   
7.21488298E+01   
7.09679936E+01   
7.10878176E+01   
7.29020804E+01   
5.92224445E+01   
9.68166633E+01   
7.40688138E+01   
7.31006201E+01   
9.17672535E+01   
6.72520504E+01   
8.87687538E+01   
6.32012402E+01   
7.70152030E+01   
6.51989398E+01   
7.78314663E+01   
7.68751750E+01   
6.62626525E+01   
7.39443889E+01   
8.00908182E+01   
8.28838768E+01   
7.98977796E+01   
6.00721144E+01   
6.90542108E+01   
6.52214443E+01   
7.45963193E+01   
8.45050010E+01   
7.89538908E+01   
8.41522304E+01   
9.16802360E+01   
8.89454891E+01   
7.62251450E+01   
7.28020604E+01   
7.30136027E+01   
6.40383077E+01   
7.49386877E+01   
6.71658332E+01   
6.43001600E+01   
9.27565513E+01   
7.90156031E+01   
8.31511302E+01   
8.79350870E+01   
7.37652531E+01   
7.22392478E+01   
8.77289458E+01   
5.96814363E+01   
9.37261452E+01   
7.91368274E+01   
8.50188038E+01   
9.10188038E+01   
9.83966793E+01   
7.58532707E+01   
6.78702741E+01   
8.94380876E+01   
6.72086417E+01   
7.24782957E+01   
7.95178036E+01   
7.38448690E+01   
6.52525505E+01   
7.07722545E+01   
6.83634727E+01   
8.69098820E+01   
7.81229246E+01   
7.61979396E+01   
8.43943789E+01   
6.91229246E+01   
7.73503701E+01   
8.40543109E+01   
8.24804961E+01   
5.87079416E+01   
8.70184037E+01   
7.98208642E+01   
9.20563113E+01   
8.18958792E+01   
7.68120624E+01   
8.53013603E+01   
7.68918784E+01   
8.79313863E+01   
7.82682537E+01   
8.38032607E+01   
7.68854771E+01   
6.80136027E+01   
8.85405081E+01   
8.20184037E+01   
9.03924785E+01   
6.25541108E+01   
7.60176035E+01   
7.52371474E+01   
7.90296059E+01   
7.54399880E+01   
1.03033907E+02   
8.08247650E+01   
6.36360272E+01   
7.97285457E+01   
7.99672935E+01   
7.52120424E+01   
8.52152430E+01   
9.11703341E+01   
6.32132426E+01   
8.20278056E+01   
9.81016203E+01   
6.14779956E+01   
7.79660932E+01   
8.01222244E+01   
8.55967193E+01   
7.35903181E+01   
6.44400880E+01   
8.07456491E+01   
7.35563113E+01   
7.63606721E+01   
8.41777355E+01   
5.91246249E+01   
6.81821364E+01   
7.85088018E+01   
6.23522705E+01   
7.03570714E+01   
9.31893379E+01   
8.95547109E+01   
8.93063613E+01   
8.44883977E+01   
6.25452090E+01   
7.34811962E+01   
7.55524105E+01   
8.23786757E+01   
8.57763553E+01   
7.78953791E+01   
7.98322665E+01   
8.30156031E+01   
8.16387277E+01   
7.72077415E+01   
9.18847770E+01   
7.71406281E+01   
8.09504901E+01   
6.92069414E+01   
7.42093419E+01   
7.67559512E+01   
7.00803161E+01   
7.86856371E+01   
6.40132026E+01   
7.73467694E+01   
7.32836567E+01   
9.13416683E+01   
7.62165433E+01   
7.41506301E+01   
8.33276655E+01   
5.96328266E+01   
7.64314863E+01   
7.66672334E+01   
7.14366873E+01   
7.73100620E+01   
7.22265453E+01   
6.79440888E+01   
8.61566313E+01   
6.80871174E+01   
8.56696339E+01   
8.04338868E+01   
7.57950590E+01   
7.20883177E+01   
8.30148030E+01   
7.87619524E+01   
7.58920784E+01   
6.88434687E+01   
7.63339668E+01   
7.20820164E+01   
8.84821964E+01   
8.83994799E+01   
5.91682336E+01   
7.17802561E+01   
7.92477495E+01   
6.77224445E+01   
8.13846769E+01   
7.60939188E+01   
7.88549710E+01   
7.03352671E+01   
7.26927385E+01   
7.63384677E+01   
9.37274455E+01   
9.85495099E+01   
7.41936387E+01   
6.65918184E+01   
8.03480696E+01   
7.30172034E+01   
7.91011202E+01   
8.32587518E+01   
6.50987197E+01   
6.76102220E+01   
7.66751350E+01   
7.70466093E+01   
9.23803761E+01   
6.91401280E+01   
8.92793559E+01   
9.05314063E+01   
6.19244849E+01   
6.76302260E+01   
7.58373675E+01   
7.45684137E+01   
6.60862172E+01   
9.09268854E+01   
7.89325865E+01   
8.09187838E+01   
7.67422484E+01   
7.77398480E+01   
7.43919784E+01   
9.52806561E+01   
7.36451290E+01   
7.01075215E+01   
8.46694339E+01   
8.52054411E+01   
8.70752150E+01   
7.24879976E+01   
8.08261652E+01   
7.69200840E+01   
6.95356071E+01   
7.09763953E+01   
7.86303261E+01   
7.74040808E+01   
9.39196839E+01   
7.88209642E+01   
7.66227245E+01   
7.33233647E+01   
8.03001600E+01   
7.65144029E+01   
8.38189638E+01   
8.81151230E+01   
8.75108022E+01   
7.25292058E+01   
8.34955991E+01   
7.69296859E+01   
7.24020804E+01   
7.30408082E+01   
7.41926385E+01   
8.59791958E+01   
7.86731346E+01   
8.31211242E+01   
7.84935987E+01   
7.80152030E+01   
8.29096819E+01   
7.82266453E+01   
7.68661732E+01   
8.91650330E+01   
7.64440888E+01   
8.40172034E+01   
8.40172034E+01   
7.54755951E+01   
7.53628726E+01   
8.67766553E+01   
7.73584717E+01   
7.10025005E+01   
7.86858372E+01   
7.85727145E+01   
7.90140028E+01   
7.94600920E+01   
8.05752150E+01   
7.94668934E+01   
7.59064813E+01   
8.32088418E+01   
5.94881976E+01   
8.57644529E+01   
6.72707542E+01   
7.91323265E+01   
7.60970194E+01   
7.53613723E+01   
7.41319264E+01   
9.14816963E+01   
7.87340468E+01   
8.03019604E+01   
8.97829566E+01   
7.84275855E+01   
7.32518504E+01   
8.25594119E+01   
9.00212042E+01   
9.19892979E+01   
6.82136427E+01   
8.03338668E+01   
8.41335267E+01   
7.38610722E+01   
7.89603921E+01   
9.83154631E+01   
8.86498300E+01   
7.94882977E+01   
8.99122825E+01   
8.22638528E+01   
7.65219044E+01   
7.81403281E+01   
7.72658532E+01   
8.35167033E+01   
9.93921784E+01   
9.12834567E+01   
9.33605721E+01   
7.99132827E+01   
8.64167834E+01   
1.01237447E+02   
7.20983197E+01   
6.80378076E+01   
7.11431286E+01   
8.30478096E+01   
7.51113223E+01   
8.86648330E+01   
8.74958992E+01   
8.04468894E+01   
7.85843169E+01   
8.03308662E+01   
8.54364873E+01   
8.93380676E+01   
8.24878976E+01   
8.25497099E+01   
9.10159032E+01   
7.40128026E+01   
6.93560712E+01   
9.00737147E+01   
7.72301460E+01   
7.70176035E+01   
8.11535307E+01   
8.12457491E+01   
7.00128026E+01   
7.48355671E+01   
9.59778956E+01   
9.00525105E+01   
6.17068414E+01   
8.84911982E+01   
7.57953591E+01   
9.80674135E+01   
8.37353471E+01   
7.12950590E+01   
7.34671934E+01   
7.92930586E+01   
6.34175835E+01   
9.41603321E+01   
9.50225045E+01   
8.04441888E+01   
8.50172034E+01   
7.97254451E+01   
7.97407481E+01   
8.20184037E+01   
8.22685537E+01   
6.18974795E+01   
8.45794159E+01   
7.94525905E+01   
8.42843569E+01   
8.74541908E+01   
7.78979796E+01   
8.58046609E+01   
7.78222645E+01   
1.05464193E+02   
8.47229446E+01   
8.77826565E+01   
6.32565513E+01   
9.51200240E+01   
8.38668734E+01   
9.31124225E+01   
7.17121424E+01   
6.99227846E+01   
8.04717944E+01   
8.03218644E+01   
8.54070814E+01   
8.49444889E+01   
7.77065413E+01   
8.18599720E+01   
7.89372875E+01   
6.81580316E+01   
6.81126225E+01   
9.20180036E+01   
8.18620724E+01   
8.30473095E+01   
7.94580916E+01   
8.93330666E+01   
9.17524505E+01   
9.23915783E+01   
7.66981396E+01   
7.88076615E+01   
7.14933987E+01   
7.98576715E+01   
7.38568714E+01   
8.31387277E+01   
9.27333467E+01   
7.71107221E+01   
8.94674935E+01   
8.16317263E+01   
8.48800760E+01   
7.76645329E+01   
6.78732747E+01   
7.51759352E+01   
7.91603321E+01   
8.01799360E+01   
7.66633327E+01   
8.51943389E+01   
9.18592719E+01   
7.36789358E+01   
7.83494699E+01   
8.73506701E+01   
9.26817363E+01   
8.20204041E+01   
8.46741348E+01   
7.66977395E+01   
9.01995399E+01   
9.13150630E+01   
8.80320064E+01   
8.25270054E+01   
8.58260652E+01   
7.35522104E+01   
8.29655931E+01   
8.00436087E+01   
7.50484097E+01   
8.58808762E+01   
1.02057612E+02   
1.00426585E+02   
7.83646729E+01   
9.56269254E+01   
7.80152030E+01   
8.27141428E+01   
8.15649130E+01   
7.28729746E+01   
8.93809762E+01   
7.21300260E+01   
8.40747149E+01   
8.76601320E+01   
8.12563513E+01   
8.16605321E+01   
8.25123025E+01   
8.65913183E+01   
7.92266453E+01   
8.43479696E+01   
8.90192038E+01   
9.20355071E+01   
7.93643729E+01   
8.48388678E+01   
8.92042408E+01   
8.41988398E+01   
8.35560112E+01   
7.84847970E+01   
1.08822765E+02   
9.14649930E+01   
8.20377075E+01   
8.92537508E+01   
7.62296459E+01   
8.54621924E+01   
9.06453291E+01   
7.07140428E+01   
7.96898380E+01   
7.46429286E+01   
8.22027405E+01   
8.82035407E+01   
8.91440288E+01   
7.77004401E+01   
8.37709542E+01   
9.55307061E+01   
1.00125425E+02   
7.96872374E+01   
8.93463693E+01   
9.68260652E+01   
8.25012002E+01   
1.10745449E+02   
1.05802561E+02   
9.82087417E+01   
8.89804961E+01   
8.54736947E+01   
1.01144529E+02   
9.94684937E+01   
8.30168034E+01   
8.56536307E+01   
7.57702541E+01   
8.98220644E+01   
9.64090818E+01   
9.36436287E+01   
9.41956391E+01   
8.82290458E+01   
9.00037007E+01   
8.34035807E+01   
1.01839068E+02   
8.28050610E+01   
9.46174235E+01   
9.62253451E+01   
8.44177836E+01   
7.66174235E+01   
7.46124225E+01   
8.64170834E+01   
8.90156031E+01   
8.86311262E+01   
8.02094419E+01   
8.12336467E+01   
9.30039008E+01   
9.38140628E+01   
8.54053811E+01   
9.01986397E+01   
9.80381076E+01   
9.04266853E+01   
8.98116623E+01   
9.09593919E+01   
1.03867874E+02   
7.51894379E+01   
8.25005001E+01   
8.19818964E+01   
8.30573115E+01   
1.03477996E+02   
1.14318564E+02   
1.06634827E+02   
9.03420684E+01   
7.21146229E+01   
9.41778356E+01   
8.29638928E+01   
9.69715943E+01   
1.10117323E+02   
8.32892579E+01   
9.58965793E+01   
9.39306861E+01   
8.97407481E+01   
9.65797159E+01   
1.00310462E+02   
1.05018804E+02   
9.75893179E+01   
8.82451490E+01   
9.32219444E+01   
9.72912583E+01   
7.83136627E+01   
9.73333667E+01   
6.97483497E+01   
9.34950990E+01   
9.24181836E+01   
1.09876675E+02   
8.75801160E+01   
7.25785157E+01   
9.08700740E+01   
9.52616523E+01   
9.14755951E+01   
8.14566913E+01   
7.97948590E+01   
8.46863373E+01   
7.53448690E+01   
7.56826365E+01   
9.64622925E+01   
8.00093019E+01   
8.92494499E+01   
9.72264453E+01   
8.35852170E+01   
8.32423485E+01   
8.93425685E+01   
1.03497800E+02   
1.00213643E+02   
9.30755151E+01   
8.83732747E+01   
9.05609122E+01   
8.37449490E+01   
1.01019204E+02   
1.06531006E+02   
1.13964893E+02   
1.00790858E+02   
9.91014203E+01   
9.62372474E+01   
9.57201440E+01   
8.77121424E+01   
9.11713343E+01   
9.41652330E+01   
8.51894379E+01   
9.52334467E+01   
9.07407481E+01   
9.82254451E+01   
9.14854971E+01   
9.70834167E+01   
8.94397880E+01   
8.86471294E+01   
1.08260452E+02   
7.96031206E+01   
9.50813163E+01   
9.51830366E+01   
8.81981396E+01   
9.04906981E+01   
9.60172034E+01   
9.65413083E+01   
1.00876575E+02   
1.03931186E+02   
9.06329266E+01   
9.48949790E+01   
1.01826765E+02   
7.20991198E+01   
9.31680336E+01   
8.58719744E+01   
1.02570714E+02   
8.29531906E+01   
8.98702741E+01   
9.91423285E+01   
9.92929586E+01   
9.38034607E+01   
8.17994599E+01   
9.05285057E+01   
8.62401480E+01   
8.00378076E+01   
1.02753451E+02   
9.00180036E+01   
9.02935587E+01   
8.80152030E+01   
1.02498100E+02   
1.00770054E+02   
9.77610522E+01   
9.95217043E+01   
1.02758852E+02   
9.90204041E+01   
1.05273555E+02   
8.72677536E+01   
8.65143029E+01   
9.27692539E+01   
9.85191038E+01   
1.01011402E+02   
8.87952591E+01   
1.02498500E+02   
8.55015003E+01   
1.00547109E+02   
9.54982997E+01   
8.62869574E+01   
9.07126425E+01   
8.48352671E+01   
9.48472695E+01   
1.06703841E+02   
1.10556511E+02   
1.05485097E+02   
1.22993799E+02   
1.03819264E+02   
9.67040408E+01   
8.32763553E+01   
9.65355071E+01   
1.00467093E+02   
6.84988998E+01   
7.88332667E+01   
7.81597319E+01   
7.63579716E+01   
9.45829166E+01   
1.01670434E+02   
8.41096219E+01   
8.88540708E+01   
1.11433787E+02   
1.12722344E+02   
8.67557512E+01   
7.74911982E+01   
8.76978396E+01   
8.93947790E+01   
1.05813463E+02   
9.82855571E+01   
9.66308262E+01   
9.47512503E+01   
9.37504501E+01   
9.78179636E+01   
1.07489298E+02   
1.05741948E+02   
8.38202641E+01   
8.79694939E+01   
1.16053311E+02   
1.20798160E+02   
1.04136327E+02   
9.06401280E+01   
1.07778556E+02   
9.79132827E+01   
1.08918884E+02   
1.07678736E+02   
9.52806561E+01   
8.82943589E+01   
1.00386177E+02   
1.04927085E+02   
9.43861772E+01   
9.92808562E+01   
9.76804361E+01   
1.11802861E+02   
8.46665333E+01   
9.84979996E+01   
1.12160932E+02   
1.15947790E+02   
8.11258252E+01   
9.16346269E+01   
9.31286257E+01   
1.00684537E+02   
9.40256051E+01   
9.64648930E+01   
1.14534007E+02   
1.13993199E+02   
8.74580916E+01   
9.42225445E+01   
9.79348870E+01   
9.55492098E+01   
1.07954391E+02   
9.27069414E+01   
7.94999000E+01   
7.85353071E+01   
9.95660132E+01   
8.51856371E+01   
8.71653331E+01   
8.38690738E+01   
9.47190438E+01   
1.00448190E+02   
1.20739948E+02   
1.01731846E+02   
8.43015603E+01   
1.02309662E+02   
9.46133227E+01   
1.00274055E+02   
9.78810762E+01   
9.14416883E+01   
9.54826965E+01   
9.01067213E+01   
1.02938088E+02   
1.11122825E+02   
9.69858972E+01   
9.20156031E+01   
9.05095019E+01   
1.04979496E+02   
8.53899780E+01   
7.88611722E+01   
1.07094419E+02   
9.87769554E+01   
1.00378376E+02   
1.02602020E+02   
1.23141328E+02   
9.20756151E+01   
1.05199840E+02   
9.73852771E+01   
1.06920984E+02   
9.14597920E+01   
1.00910682E+02   
9.90216043E+01   
1.16021604E+02   
1.11042008E+02   
9.07028406E+01   
9.74112823E+01   
1.08631126E+02   
1.06320764E+02   
9.37220444E+01   
9.55190038E+01   
9.09138828E+01   
1.07147730E+02   
1.21202240E+02   
9.84168834E+01   
9.36704341E+01   
8.81585317E+01   
9.34436887E+01   
1.09932286E+02   
1.13983197E+02   
8.44100820E+01   
9.87608522E+01   
1.08631926E+02   
1.10633527E+02   
1.15209942E+02   
9.59982997E+01   
1.13247850E+02   
1.11636727E+02   
1.07792959E+02   
1.11101220E+02   
1.04558712E+02   
1.04169834E+02   
9.07833567E+01   
9.73522705E+01   
1.04684537E+02   
1.06432386E+02   
1.01807562E+02   
9.35041008E+01   
9.31486297E+01   
9.66309262E+01   
1.01209342E+02   
9.68937788E+01   
9.56521304E+01   
1.02886777E+02   
9.82161432E+01   
9.98504701E+01   
1.04877175E+02   
1.05596619E+02   
1.06391678E+02   
1.02126225E+02   
9.30705141E+01   
1.15502801E+02   
9.67541508E+01   
9.85753151E+01   
9.21491298E+01   
1.04657532E+02   
1.14296659E+02   
1.03512402E+02   
1.02131826E+02   
1.15105421E+02   
9.94598920E+01   
1.05698840E+02   
1.03055711E+02   
1.02625825E+02   
1.16815363E+02   
1.18257552E+02   
1.16632627E+02   
1.10545109E+02   
1.10496499E+02   
1.16612523E+02   
1.14050910E+02   
1.02398980E+02   
1.03671134E+02   
9.11614323E+01   
1.06577916E+02   
1.14367273E+02   
8.93065613E+01   
9.93676735E+01   
1.13641728E+02   
1.04728646E+02   
1.12066313E+02   
1.04702941E+02   
1.01953891E+02   
9.86928386E+01   
1.11382276E+02   
1.19626125E+02   
1.18073015E+02   
1.14993599E+02   
1.04056211E+02   
1.06324565E+02   
1.10701140E+02   
9.60208042E+01   
1.16019304E+02   
1.14689438E+02   
1.18685737E+02   
1.17685637E+02   
1.00367273E+02   
1.10007101E+02   
1.14704541E+02   
1.13007401E+02   
1.09039008E+02   
1.16033507E+02   
1.16001400E+02   
1.11722545E+02   
1.21983497E+02   
1.11036707E+02   
1.04716643E+02   
1.17094819E+02   
1.18559112E+02   
1.15000900E+02   
9.73599720E+01   
1.25472294E+02   
1.22567714E+02   
9.87772555E+01   
1.16236847E+02   
1.12469594E+02   
9.79673935E+01   
1.15423785E+02   
1.13337267E+02   
9.48959792E+01   
1.02462492E+02   
1.15022805E+02   
1.12129326E+02   
1.22754251E+02   
1.09454991E+02   
1.16830866E+02   
1.03025205E+02   
1.14372374E+02   
1.10330466E+02   
1.04501200E+02   
9.24130826E+01   
1.03021204E+02   
1.13672034E+02   
1.16866073E+02   
1.14725145E+02   
1.26120824E+02   
1.05580416E+02   
1.14918584E+02   
1.11671634E+02   
1.04006301E+02   
1.27858272E+02   
1.25320464E+02   
1.10608622E+02   
9.94417884E+01   
1.27733147E+02   
1.13152230E+02   
1.20416383E+02   
1.12537007E+02   
1.08664833E+02   
1.13020004E+02   
1.17870974E+02   
1.16666433E+02   
1.07451090E+02   
1.08097520E+02   
1.28803861E+02   
1.13022004E+02   
1.18533407E+02   
1.17637227E+02   
1.10974095E+02   
1.20463093E+02   
1.30988898E+02   
1.23731446E+02   
9.97694539E+01   
1.11694139E+02   
1.04026005E+02   
1.15200240E+02   
1.28577315E+02   
1.29031906E+02   
1.11749550E+02   
1.12482797E+02   
1.29648630E+02   
1.17573415E+02   
1.10579016E+02   
1.20638728E+02   
1.27386777E+02   
1.16516803E+02   
1.21591418E+02   
1.21158432E+02   
1.25715443E+02   
1.17755951E+02   
1.06283157E+02   
1.02339868E+02   
1.28654431E+02   
1.07544909E+02   
1.10611422E+02   
1.01913283E+02   
1.21910882E+02   
1.16135527E+02   
1.22023205E+02   
1.16791358E+02   
1.12137928E+02   
1.06122525E+02   
1.19428786E+02   
1.08526105E+02   
1.15620224E+02   
1.28653631E+02   
1.24905081E+02   
1.19523905E+02   
1.41278256E+02   
1.15875875E+02   
1.10662032E+02   
1.27934687E+02   
1.30732947E+02   
1.12665033E+02   
1.19245049E+02   
1.02372174E+02   
9.65331066E+01   
1.11673835E+02   
1.23161132E+02   
1.29963293E+02   
1.24040908E+02   
1.12447389E+02   
1.21167534E+02   
1.13012102E+02   
9.75104021E+01   
1.07199840E+02   
1.14933487E+02   
1.24769254E+02   
1.33191838E+02   
1.15791558E+02   
1.17871274E+02   
1.16177536E+02   
1.15565113E+02   
1.31170234E+02   
1.24583617E+02   
1.18937788E+02   
1.29025605E+02   
1.18864073E+02   
1.27388378E+02   
1.37884477E+02   
1.16849270E+02   
1.45252050E+02   
1.20580316E+02   
1.18191938E+02   
1.31804361E+02   
1.30634827E+02   
1.26978696E+02   
1.31332667E+02   
1.32419884E+02   
1.23056211E+02   
1.16475595E+02   
1.42599120E+02   
1.18379676E+02   
1.08318064E+02   
1.25451290E+02   
1.27419984E+02   
1.22657331E+02   
1.26209142E+02   
1.32607121E+02   
1.19462593E+02   
1.26986597E+02   
1.24391378E+02   
1.26648130E+02   
1.36233647E+02   
1.40640128E+02   
1.29822364E+02   
1.40020304E+02   
1.31431686E+02   
1.23227646E+02   
1.38825965E+02   
1.29226045E+02   
1.23823665E+02   
1.22222444E+02   
1.30646129E+02   
1.41195939E+02   
1.21241848E+02   
1.36623225E+02   
1.24831966E+02   
1.19044309E+02   
1.27816463E+02   
1.23579016E+02   
1.00594119E+02   
1.21098120E+02   
1.18215243E+02   
1.37709342E+02   
1.46684437E+02   
1.32157632E+02   
1.33551010E+02   
1.27580116E+02   
1.24391278E+02   
1.35780856E+02   
1.20853571E+02   
1.32250750E+02   
1.40669534E+02   
1.57162933E+02   
1.32643129E+02   
1.18665933E+02   
1.19902681E+02   
1.22204041E+02   
1.35262352E+02   
1.37140928E+02   
1.31373675E+02   
1.20610022E+02   
1.20849970E+02   
1.37093519E+02   
1.20881776E+02   
1.24487698E+02   
1.38461792E+02   
1.50673735E+02   
1.58030806E+02   
1.36785057E+02   
1.41275155E+02   
1.28105721E+02   
1.18693539E+02   
1.24532707E+02   
1.26588218E+02   
1.24209842E+02   
1.31864373E+02   
1.30285557E+02   
1.36707942E+02   
1.50870374E+02   
1.45560212E+02   
1.45027706E+02   
1.58395379E+02   
1.37386577E+02   
1.52713543E+02   
1.33139528E+02   
1.21949390E+02   
1.50328466E+02   
1.28533007E+02   
1.40753251E+02   
1.45273055E+02   
1.44753651E+02   
1.47028006E+02   
1.34768154E+02   
1.54876775E+02   
1.37573015E+02   
1.37622224E+02   
1.29299860E+02   
1.44307862E+02   
1.50888778E+02   
1.39457091E+02   
1.29883177E+02   
1.27743949E+02   
1.43617023E+02   
1.45424685E+02   
1.42640128E+02   
1.48151730E+02   
1.43639428E+02   
1.51986197E+02   
1.41487497E+02   
1.48867674E+02   
1.30665433E+02   
1.43393779E+02   
1.46217844E+02   
1.37112923E+02   
1.32975395E+02   
1.27506701E+02   
1.35286057E+02   
1.40590818E+02   
1.42899180E+02   
1.29716843E+02   
1.44840068E+02   
1.37962292E+02   
1.43655531E+02   
1.44591618E+02   
1.34539908E+02   
1.45080116E+02   
1.37908382E+02   
1.22310162E+02   
1.51594119E+02   
1.43185737E+02   
1.41382877E+02   
1.44885077E+02   
1.45590018E+02   
1.43819664E+02   
1.35815663E+02   
1.39584417E+02   
1.52027205E+02   
1.47471194E+02   
1.38693439E+02   
1.48699240E+02   
1.39244949E+02   
1.44037508E+02   
1.77138828E+02   
1.46137227E+02   
1.38922785E+02   
1.40110922E+02   
1.40606321E+02   
1.44684837E+02   
1.40856671E+02   
1.42647329E+02   
1.43926385E+02   
1.35276755E+02   
1.46030806E+02   
1.58580416E+02   
1.48366973E+02   
1.38414083E+02   
1.32310162E+02   
1.42606521E+02   
1.31025605E+02   
1.31328166E+02   
1.32599620E+02   
1.71406481E+02   
1.59032006E+02   
1.45577616E+02   
1.54941188E+02   
1.54397980E+02   
1.52655331E+02   
1.56675935E+02   
1.51923685E+02   
1.47595519E+02   
1.62660032E+02   
1.63284857E+02   
1.45271854E+02   
1.58575415E+02   
1.33530706E+02   
1.60570814E+02   
1.42297359E+02   
1.35061812E+02   
1.55586117E+02   
1.19486797E+02   
1.46789058E+02   
1.77341268E+02   
1.66188738E+02   
1.60647229E+02   
1.59586717E+02   
1.64700540E+02   
1.51885177E+02   
1.51568414E+02   
1.67353971E+02   
1.51456491E+02   
1.61820364E+02   
1.60772454E+02   
1.57028806E+02   
1.49427986E+02   
1.59164733E+02   
1.48092118E+02   
1.76782256E+02   
1.50208942E+02   
1.44585917E+02   
1.50533307E+02   
1.47065513E+02   
1.53989698E+02   
1.52657431E+02   
1.57397780E+02   
1.55031106E+02   
1.70736047E+02   
1.61804361E+02   
1.75394779E+02   
1.66423285E+02   
1.49776055E+02   
1.49339968E+02   
1.53504001E+02   
1.52978796E+02   
1.52506001E+02   
1.31910082E+02   
1.44253151E+02   
1.66115523E+02   
1.72229246E+02   
1.59888078E+02   
1.53365573E+02   
1.79599220E+02   
1.51776055E+02   
1.48107121E+02   
1.44424785E+02   
1.55810462E+02   
1.63051110E+02   
1.86395979E+02   
1.67641628E+02   
1.60353271E+02   
1.55590818E+02   
1.69032006E+02   
1.71068814E+02   
1.57815163E+02   
1.61000800E+02   
1.51829266E+02   
1.72445989E+02   
1.63835167E+02   
1.73004801E+02   
1.78068814E+02   
1.82704041E+02   
1.79547209E+02   
1.61632827E+02   
1.51431186E+02   
1.50950390E+02   
1.50574015E+02   
1.53033207E+02   
1.71809962E+02   
1.76400480E+02   
1.52261552E+02   
1.58683237E+02   
1.66456791E+02   
1.77712042E+02   
1.65458392E+02   
1.68329566E+02   
1.65131626E+02   
1.93035607E+02   
1.64594419E+02   
1.63588818E+02   
1.82877976E+02   
1.94516403E+02   
1.77654831E+02   
1.94058012E+02   
1.71500800E+02   
1.76516003E+02   
1.78414383E+02   
1.75615223E+02   
1.70019604E+02   
1.67110822E+02   
1.64448790E+02   
1.89588818E+02   
1.93492799E+02   
1.79572014E+02   
1.72557612E+02   
1.67513603E+02   
1.82541608E+02   
1.88537608E+02   
1.78030806E+02   
1.49532406E+02   
1.55032807E+02   
1.52536807E+02   
1.60039608E+02   
1.82531606E+02   
1.67553211E+02   
1.76005201E+02   
1.80564013E+02   
1.89037608E+02   
2.01555611E+02   
1.84543609E+02   
1.86907982E+02   
1.84667233E+02   
1.82998000E+02   
1.99025205E+02   
1.88083617E+02   
1.75949190E+02   
1.65553611E+02   
1.79048810E+02   
1.88004801E+02   
1.75493599E+02   
1.83149230E+02   
2.01213243E+02   
1.83223145E+02   
1.77242448E+02   
1.69389978E+02   
1.76179636E+02   
1.86442388E+02   
1.92479996E+02   
1.87684837E+02   
1.95039208E+02   
1.91526805E+02   
1.88961992E+02   
1.72772354E+02   
1.72137227E+02   
1.97227646E+02   
1.78893179E+02   
1.89181236E+02   
1.82734847E+02   
1.88136027E+02   
1.98272755E+02   
1.78070814E+02   
1.78937988E+02   
1.92036407E+02   
2.00318064E+02   
1.76020704E+02   
1.70696839E+02   
2.05929686E+02   
2.07081616E+02   
2.17406781E+02   
2.06521204E+02   
2.00000000E+02   
1.82040008E+02   
1.95827966E+02   
1.87644029E+02   
1.89038008E+02   
1.93634727E+02   
1.93918484E+02   
2.03084017E+02   
1.86986897E+02   
2.13046009E+02   
2.11655531E+02   
2.13238048E+02   
1.92891578E+02   
1.81681936E+02   
2.10606921E+02   
1.98990798E+02   
1.97301560E+02   
2.03202440E+02   
1.92955691E+02   
2.11071514E+02   
1.99927185E+02   
1.90568014E+02   
1.80039608E+02   
1.98628426E+02   
2.01160832E+02   
2.08799160E+02   
2.01039208E+02   
1.94508002E+02   
2.20012903E+02   
1.97576815E+02   
2.24202641E+02   
2.08026905E+02   
2.08171734E+02   
2.04577916E+02   
2.22246849E+02   
2.11494699E+02   
2.12386877E+02   
2.28437187E+02   
2.08471894E+02   
2.15539308E+02   
2.18550510E+02   
2.41120024E+02   
2.06989098E+02   
2.02578816E+02   
2.09193639E+02   
2.07273655E+02   
2.12429186E+02   
2.30191538E+02   
2.01263553E+02   
2.06978096E+02   
2.21067714E+02   
2.14261952E+02   
2.35421184E+02   
2.15502000E+02   
1.97501200E+02   
2.19433387E+02   
2.39737848E+02   
2.26216443E+02   
2.27132426E+02   
2.27517904E+02   
2.32130026E+02   
2.19862773E+02   
2.19221244E+02   
2.33680536E+02   
2.18225545E+02   
2.39869674E+02   
2.15845469E+02   
2.29777656E+02   
2.26591218E+02   
2.20784057E+02   
2.21561912E+02   
2.02590818E+02   
2.12337668E+02   
2.41991298E+02   
2.19598220E+02   
2.17746549E+02   
2.33859372E+02   
2.51667333E+02   
2.48370574E+02   
2.18768254E+02   
2.39252050E+02   
2.14491198E+02   
2.18022505E+02   
2.09635827E+02   
2.24580516E+02   
2.34914983E+02   
2.29838268E+02   
2.10493499E+02   
2.41598220E+02   
2.24260952E+02   
2.23168234E+02   
2.21036707E+02   
2.44089118E+02   
2.40538808E+02   
2.24085417E+02   
2.25165233E+02   
2.29196139E+02   
2.37139128E+02   
2.37941288E+02   
2.16200140E+02   
2.17879876E+02   
2.32229246E+02   
2.51146529E+02   
2.19168434E+02   
2.15425885E+02   
2.23040608E+02   
2.34490598E+02   
2.58606221E+02   
2.26030606E+02   
2.22734047E+02   
2.29122925E+02   
2.38435687E+02   
2.59918784E+02   
2.50048410E+02   
2.46104621E+02   
2.48921984E+02   
2.48284557E+02   
2.47852971E+02   
2.45159732E+02   
2.67782757E+02   
2.55527005E+02   
2.38166533E+02   
2.34358672E+02   
2.48717544E+02   
2.48666033E+02   
2.52742649E+02   
2.34061012E+02   
2.32763453E+02   
2.22757251E+02   
2.30475695E+02   
2.39618424E+02   
2.46755151E+02   
2.49044809E+02   
2.27603121E+02   
2.36114823E+02   
2.33267654E+02   
2.17492899E+02   
2.44922484E+02   
2.20989798E+02   
2.32738748E+02   
2.65569514E+02   
2.59356471E+02   
2.54782456E+02   
2.67387778E+02   
2.24173635E+02   
2.45486697E+02   
2.54529406E+02   
2.49474695E+02   
2.64145229E+02   
2.26026105E+02   
2.60549210E+02   
2.38856971E+02   
2.63240648E+02   
2.47722344E+02   
2.27391078E+02   
2.39714343E+02   
2.44201840E+02   
2.44382276E+02   
2.42877576E+02   
2.31123925E+02   
2.54730346E+02   
2.62898180E+02   
2.50639228E+02   
2.46883177E+02   
2.37295559E+02   
2.59638828E+02   
2.72723245E+02   
2.52986897E+02   
2.36695939E+02   
2.72509302E+02   
2.62994999E+02   
2.52995299E+02   
2.61036507E+02   
2.50914183E+02   
2.52978996E+02   
2.61463993E+02   
2.55690738E+02   
2.66599720E+02   
2.52505101E+02   
2.57012503E+02   
2.53798460E+02   
2.30118624E+02   
2.49907181E+02   
2.52676335E+02   
2.44861172E+02   
2.48803761E+02   
3.04301360E+02   
3.16063213E+02   
3.16063213E+02   
3.16063213E+02   
3.16063213E+02   
3.36355071E+02   
3.72507401E+02   
3.75670034E+02   
3.65043109E+02   
3.75874075E+02   
3.91487097E+02   
3.58902581E+02   
3.68654931E+02   
3.68675535E+02   
4.01077415E+02   
4.05094019E+02   
3.84864873E+02   
4.01290158E+02   
3.86031106E+02   
4.10939388E+02   
4.39657431E+02   
4.05143629E+02   
4.08546009E+02   
4.03111822E+02   
3.97284457E+02   
4.04842669E+02   
4.05388478E+02   
4.15983597E+02   
4.21059512E+02   
3.90288558E+02   
3.78647930E+02   
3.99145829E+02   
3.96647129E+02   
3.77779756E+02   
4.15582817E+02   
4.15650730E+02   
4.28924185E+02   
4.13169734E+02   
4.27259552E+02   
3.86659132E+02   
4.13631126E+02   
4.26253551E+02   
4.11528506E+02   
4.06309662E+02   
4.11962192E+02   
3.87536207E+02   
4.34893079E+02   
4.08840868E+02   
4.22568014E+02   
4.53476795E+02   
4.39320464E+02   
4.24863273E+02   
4.19776255E+02   
4.46698840E+02   
4.46425185E+02   
4.36040308E+02   
4.40721944E+02   
4.21881076E+02   
4.34978396E+02   
4.42965593E+02   
4.34991198E+02   
4.47473495E+02   
4.32989498E+02   
4.72586217E+02   
4.57511802E+02   
4.17467293E+02   
4.44155931E+02   
4.56787958E+02   
4.48272354E+02   
4.43042008E+02   
4.47238548E+02   
4.19042609E+02   
4.64611322E+02   
4.48450390E+02   
4.74734247E+02   
4.41335067E+02   
4.56966493E+02   
4.27451390E+02   
4.26862773E+02   
4.47697640E+02   
4.50595319E+02   
4.38817363E+02   
4.39415983E+02   
4.69967994E+02   
4.58271854E+02   
4.52738948E+02   
4.65460792E+02   
4.98472795E+02   
5.57563113E+02   
5.21097720E+02   
4.79935487E+02   
4.88861572E+02   
4.83630826E+02   
5.09043009E+02   
5.01685137E+02   
5.03023005E+02   
5.16313463E+02   
4.67383777E+02   
4.70049010E+02   
4.59079116E+02   
4.94043109E+02   
4.86732446E+02   
5.09344569E+02   
5.34115323E+02   
5.05105821E+02   
4.80003801E+02   
4.81114223E+02   
4.91250450E+02   
5.07473095E+02   
4.77435687E+02   
4.61647329E+02   
4.97454391E+02   
4.93489498E+02   
4.96136827E+02   
4.91540608E+02   
4.74769254E+02   
4.64049210E+02   
4.77065313E+02   
4.47465593E+02   
4.95720444E+02   
5.09601420E+02   
4.77229446E+02   
4.73245049E+02   
5.04330566E+02   
4.82990898E+02   
5.00436487E+02   
4.95394079E+02   
5.27206341E+02   
5.02418384E+02   
4.99224245E+02   
5.00687738E+02   
5.34282757E+02   
4.98216543E+02   
5.16063413E+02   
5.27603221E+02   
4.95504701E+02   
4.72464593E+02   
4.92177435E+02   
4.68703141E+02   
4.89893779E+02   
4.89554811E+02   
4.79725845E+02   
4.91943789E+02   
4.96499600E+02   
4.90751950E+02   
4.87616423E+02   
5.17533707E+02   
4.85779656E+02   
5.10980696E+02   
5.27134727E+02   
4.90477495E+02   
4.93855071E+02   
4.67176335E+02   
4.88623125E+02   
4.88916383E+02   
5.00580616E+02   
4.71762553E+02   
4.85508502E+02   
5.07815863E+02   
5.12416583E+02   
4.97544309E+02   
4.94462693E+02   
5.47799860E+02   
5.05076115E+02   
4.79474195E+02   
4.59164433E+02   
4.58701940E+02   
4.64462192E+02   
4.75725045E+02   
4.70469294E+02   
4.84346269E+02   
4.70434387E+02   
4.59233747E+02   
3.99047610E+02   
4.46708242E+02   
4.36426785E+02   
3.88477596E+02   
3.69098120E+02   
4.36375375E+02   
4.28415183E+02   
3.88083317E+02   
4.01428786E+02   
4.01057712E+02   
4.07748550E+02   
3.83067413E+02   
4.05101620E+02   
4.30772755E+02   
4.21102220E+02   
4.02726545E+02   
4.15708842E+02   
4.17800060E+02   
3.85687137E+02   
3.93049010E+02   
3.85732346E+02   
4.17869174E+02   
4.08430086E+02   
3.92026105E+02   
3.69893479E+02   
3.87639928E+02   
4.20943789E+02   
3.85125425E+02   
3.90651230E+02   
3.87560212E+02   
3.83377075E+02   
3.78373875E+02   
3.83955991E+02   
3.76718744E+02   
3.69782957E+02   
3.85361872E+02   
3.53143029E+02   
3.80790158E+02   
3.86227245E+02   
3.58051410E+02   
3.69150230E+02   
3.90083317E+02   
3.84763253E+02   
3.77589218E+02   
3.71580416E+02   
3.78309362E+02   
3.81852270E+02   
3.97157431E+02   
3.77293759E+02   
3.95542709E+02   
3.65288558E+02   
3.89762753E+02   
3.74603321E+02   
3.52947890E+02   
3.62326265E+02   
3.66276255E+02   
3.73273355E+02   
3.68520404E+02   
3.91071214E+02   
3.45819564E+02   
3.50010902E+02   
3.71955991E+02   
3.45142128E+02   
3.69805961E+02   
3.41865273E+02   
3.55799060E+02   
3.84003901E+02   
3.27967193E+02   
3.83973595E+02   
3.48140128E+02   
3.51526605E+02   
3.69606221E+02   
3.51680736E+02   
3.25010102E+02   
3.32959292E+02   
3.30026105E+02   
3.35183637E+02   
3.54707642E+02   
3.57078316E+02   
3.19494199E+02   
3.20114123E+02   
3.36713543E+02   
3.87928106E+02   
4.93298660E+02   
4.93298660E+02   
4.93298660E+02   
4.93298660E+02   
4.93298660E+02   
6.48413743E+02   
6.34532106E+02   
6.34433587E+02   
6.32437187E+02   
6.54513303E+02   
7.08864073E+02   
6.64508502E+02   
6.67726745E+02   
6.73642228E+02   
6.84160432E+02   
6.37929086E+02   
6.53157532E+02   
6.21760852E+02   
6.58721144E+02   
6.52226045E+02   
7.12958192E+02   
6.26034207E+02   
6.46658232E+02   
6.74998600E+02   
6.36020604E+02   
6.66765253E+02   
6.11067013E+02   
6.62310762E+02   
6.52089718E+02   
6.70039808E+02   
6.52219244E+02   
7.10775455E+02   
6.52805861E+02   
6.42100720E+02   
6.96009902E+02   
6.50807161E+02   
6.55941988E+02   
6.45762653E+02   
6.11104621E+02   
6.36037908E+02   
6.34528206E+02   
6.34428186E+02   
6.25549810E+02   
7.16852671E+02   
6.38700640E+02   
6.71868174E+02   
6.22368974E+02   
6.58136727E+02   
6.75471194E+02   
6.51747449E+02   
6.33597520E+02   
6.56716243E+02   
6.31716543E+02   
6.40427085E+02   
6.17837668E+02   
6.42608222E+02   
6.08658832E+02   
6.43212643E+02   
6.83008302E+02   
6.31129226E+02   
6.55292959E+02   
6.74852070E+02   
6.71127626E+02   
6.77913583E+02   
6.62519804E+02   
6.80320164E+02   
6.32245849E+02   
6.25209842E+02   
6.52987798E+02   
6.57044309E+02   
6.62885177E+02   
7.26115723E+02   
6.83617123E+02   
6.78479596E+02   
6.69053611E+02   
6.20856871E+02   
7.08597620E+02   
6.67319664E+02   
6.87671034E+02   
7.00237548E+02   
6.42304461E+02   
6.61920184E+02   
6.48749350E+02   
6.64822765E+02   
6.91048610E+02   
6.58285257E+02   
7.26691538E+02   
7.70083717E+02   
8.52865473E+02   
8.50240648E+02   
7.83840568E+02   
8.05897479E+02   
7.60198540E+02   
7.34599420E+02   
7.38611722E+02   
7.40287958E+02   
7.20663933E+02   
7.36060312E+02   
7.37125425E+02   
7.11997500E+02   
7.35086617E+02   
7.13238048E+02   
7.43682837E+02   
6.94112322E+02   
6.66052511E+02   
6.58091618E+02   
6.51125425E+02   
6.52390778E+02   
6.60611322E+02   
6.40241048E+02   
6.58328866E+02   
6.38048710E+02   
6.15128926E+02   
6.53302861E+02   
6.43479796E+02   
6.46077616E+02   
6.53749150E+02   
6.05175235E+02   
6.17335567E+02   
6.03147830E+02   
6.45635127E+02   
5.86668334E+02   
6.26199840E+02   
6.13056011E+02   
6.12296759E+02   
5.91491198E+02   
5.89550910E+02   
5.98673135E+02   
6.14608922E+02   
6.17829466E+02   
5.69157431E+02   
5.80849470E+02   
5.54364773E+02   
5.59854871E+02   
5.92873475E+02   
5.19586517E+02   
4.82790858E+02   
4.58626525E+02   
4.83631126E+02   
4.78786857E+02   
4.60287958E+02   
4.72391178E+02   
4.35241148E+02   
4.39399180E+02   
4.39127225E+02   
4.26818564E+02   
4.32808162E+02   
4.26111822E+02   
4.16882777E+02   
3.98429186E+02   
4.13383177E+02   
3.99689838E+02   
3.86642428E+02   
3.92102220E+02   
3.59516903E+02   
3.35030606E+02   
3.36113323E+02   
3.27178236E+02   
3.15427385E+02   
3.42740848E+02   
3.04870274E+02   
3.63967493E+02   
3.16875275E+02   
3.01293959E+02   
3.13107421E+02   
2.66633527E+02   
3.00700140E+02   
3.03940488E+02   
2.66196139E+02   
2.56934087E+02   
2.57645529E+02   
2.43274655E+02   
2.36429986E+02   
2.16704541E+02   
2.33945689E+02   
2.19280356E+02   
2.21926485E+02   
2.10342969E+02   
2.00966193E+02   
1.95958092E+02   
2.00426485E+02   
1.83578916E+02   
1.56628626E+02   
1.80584017E+02   
1.85095519E+02   
1.82513403E+02   
1.58774155E+02   
1.54764553E+02   
1.71701040E+02   
1.49574915E+02   
1.38890278E+02   
1.41215243E+02   
1.20322164E+02   
1.37961792E+02   
1.41803661E+02   
1.18827165E+02   
1.27006901E+02   
1.32732446E+02   
1.17562212E+02   
1.24025605E+02   
1.30911882E+02   
1.14029806E+02   
1.22688738E+02   
9.99089818E+01   
1.07463493E+02   
9.27863573E+01   
9.75765153E+01   
1.10038508E+02   
9.50952190E+01   
1.01947990E+02   
1.03240348E+02   
8.15496099E+01   
7.68516703E+01   
1.10921984E+02   
8.42358472E+01   
7.77980596E+01   
7.95825165E+01   
6.61754351E+01   
7.04254851E+01   
7.81682336E+01   
7.47980596E+01   
6.58697740E+01   
6.74402881E+01   
6.05837167E+01   
5.43721744E+01   
6.43745749E+01   
8.05893179E+01   
6.42267453E+01   
4.61875375E+01   
4.66418284E+01   
4.97964593E+01   
5.53248650E+01   
5.21710342E+01   
4.58982797E+01   
4.93356671E+01   
3.67256451E+01   
3.37567514E+01   
3.52568514E+01   
5.56107221E+01   
3.42314463E+01   
1.04605221E+02   
4.02305461E+01   
2.32095419E+01   
3.35921184E+01   
2.35937187E+01   
1.28237648E+01   
2.20032006E+01   
1.69834967E+01   
1.84299860E+01   
1.32055411E+01   
1.91910382E+01   
1.91942388E+01   
1.66110222E+01   
1.20117023E+01   
7.20314063E+00   
8.90123025E+00   
9.00180036E+00   
9.00180036E+00   
9.00180036E+00   
9.00180036E+00   
5.39612923E+00   
0.00000000E+00   
0.00000000E+00   
0.00000000E+00   
0.00000000E+00   
0.00000000E+00   
0.00000000E+00   
0.00000000E+00   
1.00000000E+00   
0.00000000E+00   
0.00000000E+00   
0.00000000E+00   
0.00000000E+00   
1.00000000E+00   
0.00000000E+00   
0.00000000E+00   
5.00000000E+00   
0.00000000E+00   
0.00000000E+00   
0.00000000E+00   
0.00000000E+00   
0.00000000E+00   
0.00000000E+00   
0.00000000E+00   
0.00000000E+00   
0.00000000E+00   
0.00000000E+00   
8.12062412E-01   
1.87937588E-01   
0.00000000E+00   
0.00000000E+00   
0.00000000E+00   
0.00000000E+00   
0.00000000E+00   
0.00000000E+00   
0.00000000E+00   
0.00000000E+00   
0.00000000E+00   
0.00000000E+00   
0.00000000E+00   
0.00000000E+00   
0.00000000E+00   
0.00000000E+00   
0.00000000E+00   
0.00000000E+00   
0.00000000E+00   
8.19663933E-01   
1.80336067E-01   
0.00000000E+00   
0.00000000E+00   
0.00000000E+00   
0.00000000E+00   
0.00000000E+00   
0.00000000E+00   
0.00000000E+00   
0.00000000E+00   
1.00000000E+00   
0.00000000E+00   
0.00000000E+00   
0.00000000E+00   
0.00000000E+00   
0.00000000E+00   
0.00000000E+00   
0.00000000E+00   
0.00000000E+00   
0.00000000E+00   
0.00000000E+00   
0.00000000E+00   
0.00000000E+00   
0.00000000E+00   
0.00000000E+00   
0.00000000E+00   
0.00000000E+00   
0.00000000E+00   
0.00000000E+00   
0.00000000E+00   
0.00000000E+00   
0.00000000E+00   
0.00000000E+00   
0.00000000E+00   
0.00000000E+00   
0.00000000E+00   
0.00000000E+00   
0.00000000E+00   
0.00000000E+00   
0.00000000E+00   
0.00000000E+00   
0.00000000E+00   
0.00000000E+00   
0.00000000E+00   
0.00000000E+00   
0.00000000E+00   
0.00000000E+00   
8.38467694E-01   
1.61532306E-01   
0.00000000E+00   
0.00000000E+00   
0.00000000E+00   
1.00000000E+00   
0.00000000E+00   
0.00000000E+00   
0.00000000E+00   
0.00000000E+00   
0.00000000E+00   
0.00000000E+00   
0.00000000E+00   
0.00000000E+00   
0.00000000E+00   
0.00000000E+00   
0.00000000E+00   
0.00000000E+00   
0.00000000E+00   
0.00000000E+00   
0.00000000E+00   
0.00000000E+00   
0.00000000E+00   
0.00000000E+00   
0.00000000E+00   
0.00000000E+00   
1.00000000E+00   
0.00000000E+00   
0.00000000E+00   
0.00000000E+00   
0.00000000E+00   
0.00000000E+00   
0.00000000E+00   
0.00000000E+00   
0.00000000E+00   
0.00000000E+00   
0.00000000E+00   
0.00000000E+00   
0.00000000E+00   
0.00000000E+00   
0.00000000E+00   
0.00000000E+00   
0.00000000E+00   
8.55671134E-01   
1.44328866E-01   
0.00000000E+00   
0.00000000E+00   
0.00000000E+00   
1.00000000E+00   
0.00000000E+00   
8.58471694E-01   
1.41528306E-01   
0.00000000E+00   
0.00000000E+00   
0.00000000E+00   
0.00000000E+00   
0.00000000E+00   
0.00000000E+00   
0.00000000E+00   
0.00000000E+00   
0.00000000E+00   
0.00000000E+00   
0.00000000E+00   
0.00000000E+00   
8.64072815E-01   
1.35927185E-01   
0.00000000E+00   
0.00000000E+00   
0.00000000E+00   
0.00000000E+00   
0.00000000E+00   
0.00000000E+00   
0.00000000E+00   
0.00000000E+00   
0.00000000E+00   
0.00000000E+00   
0.00000000E+00   
0.00000000E+00   
0.00000000E+00   
0.00000000E+00   
0.00000000E+00   
0.00000000E+00   
0.00000000E+00   
0.00000000E+00   
0.00000000E+00   
0.00000000E+00   
0.00000000E+00   
0.00000000E+00   
0.00000000E+00   
0.00000000E+00   
0.00000000E+00   
0.00000000E+00   
0.00000000E+00   
0.00000000E+00   
0.00000000E+00   
0.00000000E+00   
0.00000000E+00   
0.00000000E+00   
0.00000000E+00   
0.00000000E+00   
0.00000000E+00   
0.00000000E+00   
0.00000000E+00   
0.00000000E+00   
0.00000000E+00   
0.00000000E+00   
0.00000000E+00   
0.00000000E+00   
0.00000000E+00   
0.00000000E+00   
0.00000000E+00   
0.00000000E+00   
0.00000000E+00   
0.00000000E+00   
0.00000000E+00   
0.00000000E+00   
0.00000000E+00   
0.00000000E+00   
0.00000000E+00   
0.00000000E+00   
0.00000000E+00   
0.00000000E+00   
0.00000000E+00   
0.00000000E+00   
0.00000000E+00   
0.00000000E+00   
0.00000000E+00   
0.00000000E+00   
0.00000000E+00   
0.00000000E+00   
0.00000000E+00   
0.00000000E+00   
0.00000000E+00   
0.00000000E+00   
8.92078416E-01   
1.07921584E-01   
0.00000000E+00   
1.00000000E+00   
1.00000000E+00   
0.00000000E+00   
0.00000000E+00   
0.00000000E+00   
0.00000000E+00   
0.00000000E+00   
0.00000000E+00   
8.96479296E-01   
2.00040008E+00   
1.03120624E-01   
8.97679536E-01   
1.02320464E-01   
0.00000000E+00   
8.98879776E-01   
1.01120224E-01   
0.00000000E+00   
0.00000000E+00   
0.00000000E+00   
0.00000000E+00   
0.00000000E+00   
0.00000000E+00   
0.00000000E+00   
0.00000000E+00   
0.00000000E+00   
0.00000000E+00   
1.00000000E+00   
0.00000000E+00   
0.00000000E+00   
0.00000000E+00   
0.00000000E+00   
0.00000000E+00   
0.00000000E+00   
1.00000000E+00   
0.00000000E+00   
0.00000000E+00   
0.00000000E+00   
0.00000000E+00   
0.00000000E+00   
0.00000000E+00   
0.00000000E+00   
0.00000000E+00   
0.00000000E+00   
0.00000000E+00   
0.00000000E+00   
0.00000000E+00   
0.00000000E+00   
0.00000000E+00   
9.12482496E-01   
8.75175035E-02   
0.00000000E+00   
0.00000000E+00   
0.00000000E+00   
0.00000000E+00   
0.00000000E+00   
0.00000000E+00   
0.00000000E+00   
1.00000000E+00   
0.00000000E+00   
0.00000000E+00   
0.00000000E+00   
1.00000000E+00   
0.00000000E+00   
1.91848370E+00   
8.15163033E-02   
0.00000000E+00   
0.00000000E+00   
0.00000000E+00   
0.00000000E+00   
0.00000000E+00   
0.00000000E+00   
0.00000000E+00   
0.00000000E+00   
0.00000000E+00   
0.00000000E+00   
0.00000000E+00   
0.00000000E+00   
0.00000000E+00   
0.00000000E+00   
9.24884977E-01   
7.51150230E-02   
9.25685137E-01   
7.43148630E-02   
0.00000000E+00   
1.00000000E+00   
0.00000000E+00   
0.00000000E+00   
0.00000000E+00   
0.00000000E+00   
0.00000000E+00   
0.00000000E+00   
0.00000000E+00   
0.00000000E+00   
0.00000000E+00   
0.00000000E+00   
0.00000000E+00   
0.00000000E+00   
0.00000000E+00   
0.00000000E+00   
1.00000000E+00   
1.86657331E+00   
1.33426685E-01   
0.00000000E+00   
0.00000000E+00   
0.00000000E+00   
0.00000000E+00   
0.00000000E+00   
0.00000000E+00   
0.00000000E+00   
0.00000000E+00   
0.00000000E+00   
0.00000000E+00   
0.00000000E+00   
0.00000000E+00   
0.00000000E+00   
0.00000000E+00   
0.00000000E+00   
0.00000000E+00   
0.00000000E+00   
0.00000000E+00   
0.00000000E+00   
0.00000000E+00   
0.00000000E+00   
0.00000000E+00   
0.00000000E+00   
0.00000000E+00   
0.00000000E+00   
0.00000000E+00   
0.00000000E+00   
0.00000000E+00   
0.00000000E+00   
0.00000000E+00   
0.00000000E+00   
0.00000000E+00   
0.00000000E+00   
0.00000000E+00   
0.00000000E+00   
1.00000000E+00   
0.00000000E+00   
0.00000000E+00   
0.00000000E+00   
1.00000000E+00   
0.00000000E+00   
0.00000000E+00   
0.00000000E+00   
0.00000000E+00   
0.00000000E+00   
0.00000000E+00   
0.00000000E+00   
0.00000000E+00   
0.00000000E+00   
0.00000000E+00   
0.00000000E+00   
0.00000000E+00   
0.00000000E+00   
0.00000000E+00   
0.00000000E+00   
0.00000000E+00   
0.00000000E+00   
0.00000000E+00   
2.00000000E+00   
0.00000000E+00   
0.00000000E+00   
0.00000000E+00   
0.00000000E+00   
9.59291858E-01   
4.07081416E-02   
0.00000000E+00   
0.00000000E+00   
0.00000000E+00   
0.00000000E+00   
0.00000000E+00   
0.00000000E+00   
0.00000000E+00   
0.00000000E+00   
0.00000000E+00   
0.00000000E+00   
0.00000000E+00   
1.00000000E+00   
0.00000000E+00   
0.00000000E+00   
0.00000000E+00   
0.00000000E+00   
0.00000000E+00   
0.00000000E+00   
0.00000000E+00   
0.00000000E+00   
0.00000000E+00   
0.00000000E+00   
0.00000000E+00   
0.00000000E+00   
0.00000000E+00   
0.00000000E+00   
0.00000000E+00   
0.00000000E+00   
0.00000000E+00   
0.00000000E+00   
0.00000000E+00   
0.00000000E+00   
0.00000000E+00   
0.00000000E+00   
0.00000000E+00   
0.00000000E+00   
0.00000000E+00   
0.00000000E+00   
0.00000000E+00   
0.00000000E+00   
1.00000000E+00   
0.00000000E+00   
0.00000000E+00   
0.00000000E+00   
0.00000000E+00   
0.00000000E+00   
0.00000000E+00   
0.00000000E+00   
0.00000000E+00   
0.00000000E+00   
0.00000000E+00   
0.00000000E+00   
0.00000000E+00   
0.00000000E+00   
0.00000000E+00   
0.00000000E+00   
0.00000000E+00   
0.00000000E+00   
9.83296659E-01   
1.67033407E-02   
9.84096819E-01   
1.59031806E-02   
0.00000000E+00   
0.00000000E+00   
0.00000000E+00   
9.86097219E-01   
1.39027806E-02   
1.00000000E+00   
0.00000000E+00   
0.00000000E+00   
0.00000000E+00   
0.00000000E+00   
0.00000000E+00   
0.00000000E+00   
0.00000000E+00   
0.00000000E+00   
0.00000000E+00   
0.00000000E+00   
0.00000000E+00   
0.00000000E+00   
0.00000000E+00   
2.98499700E+00   
1.50030006E-02   
0.00000000E+00   
9.93698740E-01   
1.00630126E+00   
0.00000000E+00   
0.00000000E+00   
0.00000000E+00   
0.00000000E+00   
0.00000000E+00   
9.96499300E-01   
3.50070014E-03   
0.00000000E+00   
0.00000000E+00   
0.00000000E+00   
0.00000000E+00   
0.00000000E+00   
0.00000000E+00   
0.00000000E+00   
0.00000000E+00   
0.00000000E+00   
0.00000000E+00   
0.00000000E+00   
0.00000000E+00   
0.00000000E+00   
0.00000000E+00   
0.00000000E+00   
0.00000000E+00   
0.00000000E+00   
0.00000000E+00   
0.00000000E+00   
0.00000000E+00   
0.00000000E+00   
0.00000000E+00   
0.00000000E+00   
0.00000000E+00   
0.00000000E+00   
0.00000000E+00   
0.00000000E+00   
0.00000000E+00   
0.00000000E+00   
0.00000000E+00   
0.00000000E+00   
0.00000000E+00   
0.00000000E+00   
0.00000000E+00   
0.00000000E+00   
0.00000000E+00   
0.00000000E+00   
0.00000000E+00   
0.00000000E+00   
0.00000000E+00   
0.00000000E+00   
0.00000000E+00   
0.00000000E+00   
0.00000000E+00   
0.00000000E+00   
0.00000000E+00   
0.00000000E+00   
0.00000000E+00   
0.00000000E+00   
0.00000000E+00   
0.00000000E+00   
0.00000000E+00   
0.00000000E+00   
0.00000000E+00   
0.00000000E+00   
0.00000000E+00   
0.00000000E+00   
0.00000000E+00   
0.00000000E+00   
0.00000000E+00   
0.00000000E+00   
0.00000000E+00   
0.00000000E+00   
0.00000000E+00   
0.00000000E+00   
0.00000000E+00   
0.00000000E+00   
0.00000000E+00   
0.00000000E+00   
0.00000000E+00   
0.00000000E+00   
0.00000000E+00   
0.00000000E+00   
0.00000000E+00   
0.00000000E+00   
0.00000000E+00   
0.00000000E+00   
0.00000000E+00   
0.00000000E+00   
0.00000000E+00   
0.00000000E+00   
0.00000000E+00   
0.00000000E+00   
0.00000000E+00   
0.00000000E+00   
0.00000000E+00   
0.00000000E+00   
0.00000000E+00   
0.00000000E+00   
0.00000000E+00   
0.00000000E+00   
0.00000000E+00   
0.00000000E+00   
0.00000000E+00   
0.00000000E+00   
0.00000000E+00   
0.00000000E+00   
0.00000000E+00   
0.00000000E+00   
0.00000000E+00   
0.00000000E+00   
3.77075415E-02   
9.62292458E-01   
0.00000000E+00   
0.00000000E+00   
0.00000000E+00   
0.00000000E+00   
0.00000000E+00   
0.00000000E+00   
0.00000000E+00   
0.00000000E+00   
1.00000000E+00   
0.00000000E+00   
0.00000000E+00   
0.00000000E+00   
0.00000000E+00   
0.00000000E+00   
0.00000000E+00   
0.00000000E+00   
0.00000000E+00   
0.00000000E+00   
0.00000000E+00   
0.00000000E+00   
0.00000000E+00   
0.00000000E+00   
0.00000000E+00   
0.00000000E+00   
0.00000000E+00   
0.00000000E+00   
0.00000000E+00   
0.00000000E+00   
0.00000000E+00   
0.00000000E+00   
0.00000000E+00   
0.00000000E+00   
0.00000000E+00   
0.00000000E+00   
0.00000000E+00   
0.00000000E+00   
0.00000000E+00   
0.00000000E+00   
0.00000000E+00   
0.00000000E+00   
0.00000000E+00   
0.00000000E+00   
0.00000000E+00   
0.00000000E+00   
1.00000000E+00   
0.00000000E+00   
0.00000000E+00   
0.00000000E+00   
0.00000000E+00   
0.00000000E+00   
0.00000000E+00   
0.00000000E+00   
0.00000000E+00   
0.00000000E+00   
0.00000000E+00   
0.00000000E+00   
0.00000000E+00   
0.00000000E+00   
0.00000000E+00   
0.00000000E+00   
0.00000000E+00   
0.00000000E+00   
0.00000000E+00   
0.00000000E+00   
0.00000000E+00   
0.00000000E+00   
0.00000000E+00   
0.00000000E+00   
0.00000000E+00   
0.00000000E+00   
0.00000000E+00   
0.00000000E+00   
0.00000000E+00   
0.00000000E+00   
0.00000000E+00   
0.00000000E+00   
0.00000000E+00   
0.00000000E+00   
0.00000000E+00   
0.00000000E+00   
0.00000000E+00   
0.00000000E+00   
0.00000000E+00   
0.00000000E+00   
0.00000000E+00   
0.00000000E+00   
0.00000000E+00   
0.00000000E+00   
0.00000000E+00   
0.00000000E+00   
0.00000000E+00   
0.00000000E+00   
0.00000000E+00   
0.00000000E+00   
0.00000000E+00   
0.00000000E+00   
0.00000000E+00   
0.00000000E+00   
0.00000000E+00   
0.00000000E+00   
0.00000000E+00   
0.00000000E+00   
0.00000000E+00   
0.00000000E+00   
0.00000000E+00   
0.00000000E+00   
0.00000000E+00   
0.00000000E+00   
0.00000000E+00   
0.00000000E+00   
0.00000000E+00   
0.00000000E+00   
0.00000000E+00   
0.00000000E+00   
0.00000000E+00   
0.00000000E+00   
0.00000000E+00   
0.00000000E+00   
0.00000000E+00   
0.00000000E+00   
0.00000000E+00   
0.00000000E+00   
0.00000000E+00   
0.00000000E+00   
8.81176235E-02   
9.11882376E-01   
0.00000000E+00   
0.00000000E+00   
0.00000000E+00   
0.00000000E+00   
0.00000000E+00   
0.00000000E+00   
0.00000000E+00   
0.00000000E+00   
0.00000000E+00   
0.00000000E+00   
0.00000000E+00   
0.00000000E+00   
0.00000000E+00   
0.00000000E+00   
9.45189038E-02   
9.05481096E-01   
0.00000000E+00   
0.00000000E+00   
0.00000000E+00   
0.00000000E+00   
0.00000000E+00   
0.00000000E+00   
0.00000000E+00   
0.00000000E+00   
0.00000000E+00   
0.00000000E+00   
0.00000000E+00   
0.00000000E+00   
0.00000000E+00   
0.00000000E+00   
0.00000000E+00   
0.00000000E+00   
0.00000000E+00   
0.00000000E+00   
0.00000000E+00   
0.00000000E+00   
0.00000000E+00   
0.00000000E+00   
0.00000000E+00   
0.00000000E+00   
0.00000000E+00   
0.00000000E+00   
0.00000000E+00   
0.00000000E+00   
0.00000000E+00   
0.00000000E+00   
0.00000000E+00   
0.00000000E+00   
0.00000000E+00   
0.00000000E+00   
0.00000000E+00   
0.00000000E+00   
0.00000000E+00   
0.00000000E+00   
0.00000000E+00   
0.00000000E+00   
0.00000000E+00   
0.00000000E+00   
0.00000000E+00   
0.00000000E+00   
0.00000000E+00   
0.00000000E+00   
0.00000000E+00   
0.00000000E+00   
0.00000000E+00   
0.00000000E+00   
0.00000000E+00   
0.00000000E+00   
0.00000000E+00   
0.00000000E+00   
0.00000000E+00   
0.00000000E+00   
0.00000000E+00   
0.00000000E+00   
0.00000000E+00   
0.00000000E+00   
0.00000000E+00   
0.00000000E+00   
0.00000000E+00   
0.00000000E+00   
0.00000000E+00   
0.00000000E+00   
0.00000000E+00   
0.00000000E+00   
0.00000000E+00   
0.00000000E+00   
0.00000000E+00   
0.00000000E+00   
0.00000000E+00   
0.00000000E+00   
0.00000000E+00   
0.00000000E+00   
0.00000000E+00   
0.00000000E+00   
0.00000000E+00   
0.00000000E+00   
0.00000000E+00   
0.00000000E+00   
0.00000000E+00   
0.00000000E+00   
0.00000000E+00   
0.00000000E+00   
0.00000000E+00   
0.00000000E+00   
0.00000000E+00   
0.00000000E+00   
0.00000000E+00   
0.00000000E+00   
0.00000000E+00   
0.00000000E+00   
0.00000000E+00   
0.00000000E+00   
0.00000000E+00   
0.00000000E+00   
0.00000000E+00   
0.00000000E+00   
0.00000000E+00   
0.00000000E+00   
0.00000000E+00   
0.00000000E+00   
0.00000000E+00   
0.00000000E+00   
0.00000000E+00   
0.00000000E+00   
0.00000000E+00   
0.00000000E+00   
0.00000000E+00   
0.00000000E+00   
0.00000000E+00   
0.00000000E+00   
0.00000000E+00   
0.00000000E+00   
0.00000000E+00   
0.00000000E+00   
0.00000000E+00   
0.00000000E+00   
0.00000000E+00   
0.00000000E+00   
0.00000000E+00   
0.00000000E+00   
0.00000000E+00   
0.00000000E+00   
0.00000000E+00   
0.00000000E+00   
0.00000000E+00   
0.00000000E+00   
0.00000000E+00   
0.00000000E+00   
0.00000000E+00   
0.00000000E+00   
0.00000000E+00   
0.00000000E+00   
0.00000000E+00   
0.00000000E+00   
0.00000000E+00   
0.00000000E+00   
0.00000000E+00   
0.00000000E+00   
0.00000000E+00   
0.00000000E+00   
0.00000000E+00   
0.00000000E+00   
0.00000000E+00   
0.00000000E+00   
0.00000000E+00   
0.00000000E+00   
0.00000000E+00   
0.00000000E+00   
0.00000000E+00   
0.00000000E+00   
0.00000000E+00   
0.00000000E+00   
0.00000000E+00   
0.00000000E+00   
0.00000000E+00   
0.00000000E+00   
0.00000000E+00   
0.00000000E+00   
0.00000000E+00   
0.00000000E+00   
0.00000000E+00   
0.00000000E+00   
0.00000000E+00   
0.00000000E+00   
0.00000000E+00   
0.00000000E+00   
0.00000000E+00   
0.00000000E+00   
0.00000000E+00   
0.00000000E+00   
0.00000000E+00   
0.00000000E+00   
0.00000000E+00   
0.00000000E+00   
0.00000000E+00   
0.00000000E+00   
0.00000000E+00   
0.00000000E+00   
0.00000000E+00   
0.00000000E+00   
0.00000000E+00   
0.00000000E+00   
0.00000000E+00   
0.00000000E+00   
0.00000000E+00   
0.00000000E+00   
0.00000000E+00   
0.00000000E+00   
0.00000000E+00   
0.00000000E+00   
0.00000000E+00   
0.00000000E+00   
0.00000000E+00   
0.00000000E+00   
0.00000000E+00   
0.00000000E+00   
0.00000000E+00   
0.00000000E+00   
0.00000000E+00   
0.00000000E+00   
0.00000000E+00   
0.00000000E+00   
0.00000000E+00   
0.00000000E+00   
0.00000000E+00   
0.00000000E+00   
0.00000000E+00   
0.00000000E+00   
0.00000000E+00   
0.00000000E+00   
0.00000000E+00   
0.00000000E+00   
0.00000000E+00   
0.00000000E+00   
0.00000000E+00   
0.00000000E+00   
0.00000000E+00   
0.00000000E+00   
0.00000000E+00   
0.00000000E+00   
0.00000000E+00   
0.00000000E+00   
0.00000000E+00   
0.00000000E+00   
0.00000000E+00   
0.00000000E+00   
0.00000000E+00   
0.00000000E+00   
0.00000000E+00   
0.00000000E+00   
0.00000000E+00   
0.00000000E+00   
0.00000000E+00   
0.00000000E+00   
0.00000000E+00   
0.00000000E+00   
0.00000000E+00   
0.00000000E+00   
0.00000000E+00   
0.00000000E+00   
0.00000000E+00   
0.00000000E+00   
0.00000000E+00   
0.00000000E+00   
0.00000000E+00   
0.00000000E+00   
0.00000000E+00   
0.00000000E+00   
0.00000000E+00   
0.00000000E+00   
0.00000000E+00   
0.00000000E+00   
0.00000000E+00   
0.00000000E+00   
0.00000000E+00   
0.00000000E+00   
0.00000000E+00   
0.00000000E+00   
0.00000000E+00   
0.00000000E+00   
0.00000000E+00   
0.00000000E+00   
0.00000000E+00   
0.00000000E+00   
0.00000000E+00   
0.00000000E+00   
0.00000000E+00   
0.00000000E+00   
0.00000000E+00   
0.00000000E+00   
0.00000000E+00   
0.00000000E+00   
0.00000000E+00   
0.00000000E+00   
0.00000000E+00   
0.00000000E+00   
0.00000000E+00   
0.00000000E+00   
0.00000000E+00   
0.00000000E+00   
0.00000000E+00   
0.00000000E+00   
0.00000000E+00   
0.00000000E+00   
0.00000000E+00   
0.00000000E+00   
0.00000000E+00   
0.00000000E+00   
0.00000000E+00   
0.00000000E+00   
0.00000000E+00   
0.00000000E+00   
0.00000000E+00   
0.00000000E+00   
0.00000000E+00   
0.00000000E+00   
0.00000000E+00   
0.00000000E+00   
0.00000000E+00   
0.00000000E+00   
0.00000000E+00   
0.00000000E+00   
0.00000000E+00   
0.00000000E+00   
0.00000000E+00   
0.00000000E+00   
0.00000000E+00   
0.00000000E+00   
0.00000000E+00   
0.00000000E+00   
0.00000000E+00   
0.00000000E+00   
0.00000000E+00   
0.00000000E+00   
0.00000000E+00   
0.00000000E+00   
0.00000000E+00   
0.00000000E+00   
0.00000000E+00   
0.00000000E+00   
0.00000000E+00   
0.00000000E+00   
0.00000000E+00   
0.00000000E+00   
0.00000000E+00   
0.00000000E+00   
0.00000000E+00   
0.00000000E+00   
0.00000000E+00   
0.00000000E+00   
0.00000000E+00   
0.00000000E+00   
0.00000000E+00   
0.00000000E+00   
0.00000000E+00   
0.00000000E+00   
0.00000000E+00   
0.00000000E+00   
0.00000000E+00   
0.00000000E+00   
0.00000000E+00   
0.00000000E+00   
0.00000000E+00   
0.00000000E+00   
0.00000000E+00   
0.00000000E+00   
0.00000000E+00   
0.00000000E+00   
0.00000000E+00   
0.00000000E+00   
0.00000000E+00   
0.00000000E+00   
0.00000000E+00   
0.00000000E+00   
0.00000000E+00   
0.00000000E+00   
0.00000000E+00   
0.00000000E+00   
0.00000000E+00   
0.00000000E+00   
0.00000000E+00   
0.00000000E+00   
0.00000000E+00   
0.00000000E+00   
0.00000000E+00   
0.00000000E+00   
0.00000000E+00   
0.00000000E+00   
0.00000000E+00   
0.00000000E+00   
0.00000000E+00   
0.00000000E+00   
0.00000000E+00   
0.00000000E+00   
0.00000000E+00   
0.00000000E+00   
0.00000000E+00   
0.00000000E+00   
0.00000000E+00   
0.00000000E+00   
0.00000000E+00   
0.00000000E+00   
0.00000000E+00   
0.00000000E+00   
0.00000000E+00   
0.00000000E+00   
0.00000000E+00   
0.00000000E+00   
0.00000000E+00   
0.00000000E+00   
0.00000000E+00   
0.00000000E+00   
0.00000000E+00   
0.00000000E+00   
0.00000000E+00   
0.00000000E+00   
0.00000000E+00   
0.00000000E+00   
0.00000000E+00   
0.00000000E+00   
0.00000000E+00   
0.00000000E+00   
0.00000000E+00   
0.00000000E+00   
0.00000000E+00   
0.00000000E+00   
0.00000000E+00   
0.00000000E+00   
0.00000000E+00   
0.00000000E+00   
0.00000000E+00   
0.00000000E+00   
0.00000000E+00   
0.00000000E+00   
0.00000000E+00   
0.00000000E+00   
0.00000000E+00   
0.00000000E+00   
0.00000000E+00   
0.00000000E+00   
0.00000000E+00   
0.00000000E+00   
0.00000000E+00   
0.00000000E+00   
0.00000000E+00   
0.00000000E+00   
0.00000000E+00   
0.00000000E+00   
0.00000000E+00   
0.00000000E+00   
0.00000000E+00   
0.00000000E+00   
0.00000000E+00   
0.00000000E+00   
0.00000000E+00   
0.00000000E+00   
0.00000000E+00   
0.00000000E+00   
0.00000000E+00   
0.00000000E+00   
0.00000000E+00   
0.00000000E+00   
0.00000000E+00   
0.00000000E+00   
0.00000000E+00   
0.00000000E+00   
0.00000000E+00   
0.00000000E+00   
0.00000000E+00   
0.00000000E+00   
0.00000000E+00   
0.00000000E+00   
0.00000000E+00   
0.00000000E+00   
0.00000000E+00   
0.00000000E+00   
0.00000000E+00   
0.00000000E+00   
0.00000000E+00   
0.00000000E+00   
0.00000000E+00   
0.00000000E+00   
0.00000000E+00   
0.00000000E+00   
0.00000000E+00   
0.00000000E+00   
0.00000000E+00   
0.00000000E+00   
0.00000000E+00   
0.00000000E+00   
0.00000000E+00   
0.00000000E+00   
0.00000000E+00   
0.00000000E+00   
0.00000000E+00   
0.00000000E+00   
0.00000000E+00   
0.00000000E+00   
0.00000000E+00   
0.00000000E+00   
0.00000000E+00   
0.00000000E+00   
0.00000000E+00   
0.00000000E+00   
0.00000000E+00   
0.00000000E+00   
0.00000000E+00   
0.00000000E+00   
0.00000000E+00   
0.00000000E+00   
0.00000000E+00   
0.00000000E+00   
0.00000000E+00   
0.00000000E+00   
0.00000000E+00   
0.00000000E+00   
0.00000000E+00   
0.00000000E+00   
0.00000000E+00   
0.00000000E+00   
0.00000000E+00   
0.00000000E+00   
0.00000000E+00   
0.00000000E+00   
0.00000000E+00   
0.00000000E+00   
0.00000000E+00   
0.00000000E+00   
0.00000000E+00   
0.00000000E+00   
0.00000000E+00   
0.00000000E+00   
0.00000000E+00   
0.00000000E+00   
0.00000000E+00   
0.00000000E+00   
0.00000000E+00   
0.00000000E+00   
0.00000000E+00   
0.00000000E+00   
0.00000000E+00   
0.00000000E+00   
0.00000000E+00   
0.00000000E+00   
0.00000000E+00   
0.00000000E+00   
0.00000000E+00   
0.00000000E+00   
0.00000000E+00   
0.00000000E+00   
0.00000000E+00   
0.00000000E+00   
0.00000000E+00   
0.00000000E+00   
0.00000000E+00   
0.00000000E+00   
0.00000000E+00   
0.00000000E+00   
0.00000000E+00   
0.00000000E+00   
0.00000000E+00   
0.00000000E+00   
0.00000000E+00   
0.00000000E+00   
0.00000000E+00   
0.00000000E+00   
0.00000000E+00   
0.00000000E+00   
0.00000000E+00   
0.00000000E+00   
0.00000000E+00   
0.00000000E+00   
0.00000000E+00   
0.00000000E+00   
0.00000000E+00   
0.00000000E+00   
0.00000000E+00   
0.00000000E+00   
0.00000000E+00   
0.00000000E+00   
0.00000000E+00   
0.00000000E+00   
0.00000000E+00   
0.00000000E+00   
0.00000000E+00   
0.00000000E+00   
0.00000000E+00   
0.00000000E+00   
0.00000000E+00   
0.00000000E+00   
0.00000000E+00   
0.00000000E+00   
0.00000000E+00   
0.00000000E+00   
0.00000000E+00   
0.00000000E+00   
0.00000000E+00   
0.00000000E+00   
0.00000000E+00   
0.00000000E+00   
0.00000000E+00   
0.00000000E+00   
0.00000000E+00   
0.00000000E+00   
0.00000000E+00   
0.00000000E+00   
0.00000000E+00   
0.00000000E+00   
0.00000000E+00   
0.00000000E+00   
0.00000000E+00   
0.00000000E+00   
0.00000000E+00   
0.00000000E+00   
0.00000000E+00   
0.00000000E+00   
0.00000000E+00   
0.00000000E+00   
0.00000000E+00   
0.00000000E+00   
0.00000000E+00   
0.00000000E+00   
0.00000000E+00   
0.00000000E+00   
0.00000000E+00   
0.00000000E+00   
0.00000000E+00   
0.00000000E+00   
0.00000000E+00   
0.00000000E+00   
0.00000000E+00   
0.00000000E+00   
0.00000000E+00   
0.00000000E+00   
0.00000000E+00   
0.00000000E+00   
0.00000000E+00   
0.00000000E+00   
0.00000000E+00   
0.00000000E+00   
0.00000000E+00   
0.00000000E+00   
0.00000000E+00   
0.00000000E+00   
0.00000000E+00   
0.00000000E+00   
0.00000000E+00   
0.00000000E+00   
0.00000000E+00   
0.00000000E+00   
0.00000000E+00   
0.00000000E+00   
0.00000000E+00   
0.00000000E+00   
0.00000000E+00   
0.00000000E+00   
0.00000000E+00   
0.00000000E+00   
0.00000000E+00   
0.00000000E+00   
0.00000000E+00   
0.00000000E+00   
0.00000000E+00   
0.00000000E+00   
0.00000000E+00   
0.00000000E+00   
0.00000000E+00   
0.00000000E+00   
0.00000000E+00   
0.00000000E+00   
0.00000000E+00   
0.00000000E+00   
0.00000000E+00   
0.00000000E+00   
0.00000000E+00   
0.00000000E+00   
0.00000000E+00   
0.00000000E+00   
0.00000000E+00   
0.00000000E+00   
0.00000000E+00   
0.00000000E+00   
0.00000000E+00   
0.00000000E+00   
0.00000000E+00   
0.00000000E+00   
0.00000000E+00   
0.00000000E+00   
0.00000000E+00   
0.00000000E+00   
0.00000000E+00   
0.00000000E+00   
0.00000000E+00   
0.00000000E+00   
0.00000000E+00   
0.00000000E+00   
0.00000000E+00   
0.00000000E+00   
0.00000000E+00   
0.00000000E+00   
0.00000000E+00   
0.00000000E+00   
0.00000000E+00   
0.00000000E+00   
0.00000000E+00   
0.00000000E+00   
0.00000000E+00   
0.00000000E+00   
0.00000000E+00   
0.00000000E+00   
0.00000000E+00   
0.00000000E+00   
0.00000000E+00   
0.00000000E+00   
0.00000000E+00   
0.00000000E+00   
0.00000000E+00   
0.00000000E+00   
0.00000000E+00   
0.00000000E+00   
0.00000000E+00   
0.00000000E+00   
0.00000000E+00   
0.00000000E+00   
0.00000000E+00   
0.00000000E+00   
0.00000000E+00   
0.00000000E+00   
0.00000000E+00   
0.00000000E+00   
0.00000000E+00   
0.00000000E+00   
0.00000000E+00   
0.00000000E+00   
0.00000000E+00   
0.00000000E+00   
0.00000000E+00   
0.00000000E+00   
0.00000000E+00   
0.00000000E+00   
0.00000000E+00   
0.00000000E+00   
0.00000000E+00   
0.00000000E+00   
0.00000000E+00   
0.00000000E+00   
0.00000000E+00   
0.00000000E+00   
0.00000000E+00   
0.00000000E+00   
0.00000000E+00   
0.00000000E+00   
0.00000000E+00   
0.00000000E+00   
0.00000000E+00   
0.00000000E+00   
0.00000000E+00   
0.00000000E+00   
0.00000000E+00   
0.00000000E+00   
0.00000000E+00   
0.00000000E+00   
0.00000000E+00   
0.00000000E+00   
0.00000000E+00   
0.00000000E+00   
0.00000000E+00   
0.00000000E+00   
0.00000000E+00   
0.00000000E+00   
0.00000000E+00   
0.00000000E+00   
0.00000000E+00   
0.00000000E+00   
0.00000000E+00   
0.00000000E+00   
0.00000000E+00   
0.00000000E+00   
0.00000000E+00   
0.00000000E+00   
0.00000000E+00   
0.00000000E+00   
0.00000000E+00   
0.00000000E+00   
0.00000000E+00   
0.00000000E+00   
0.00000000E+00   
0.00000000E+00   
0.00000000E+00   
0.00000000E+00   
0.00000000E+00   
0.00000000E+00   
0.00000000E+00   
0.00000000E+00   
0.00000000E+00   
0.00000000E+00   
0.00000000E+00   
0.00000000E+00   
0.00000000E+00   
0.00000000E+00   
0.00000000E+00   
0.00000000E+00   
0.00000000E+00   
0.00000000E+00   
0.00000000E+00   
0.00000000E+00   
0.00000000E+00   
0.00000000E+00   
0.00000000E+00   
0.00000000E+00   
0.00000000E+00   
0.00000000E+00   
0.00000000E+00   
0.00000000E+00   
0.00000000E+00   
0.00000000E+00   
0.00000000E+00   
0.00000000E+00   
0.00000000E+00   
0.00000000E+00   
0.00000000E+00   
0.00000000E+00   
0.00000000E+00   
0.00000000E+00   
0.00000000E+00   
0.00000000E+00   
0.00000000E+00   
0.00000000E+00   
0.00000000E+00   
0.00000000E+00   
0.00000000E+00   
0.00000000E+00   
0.00000000E+00   
0.00000000E+00   
0.00000000E+00   
0.00000000E+00   
0.00000000E+00   
0.00000000E+00   
0.00000000E+00   
0.00000000E+00   
0.00000000E+00   
0.00000000E+00   
0.00000000E+00   
0.00000000E+00   
0.00000000E+00   
0.00000000E+00   
0.00000000E+00   
0.00000000E+00   
0.00000000E+00   
0.00000000E+00   
0.00000000E+00   
0.00000000E+00   
0.00000000E+00   
0.00000000E+00   
0.00000000E+00   
0.00000000E+00   
0.00000000E+00   
0.00000000E+00   
0.00000000E+00   
0.00000000E+00   
0.00000000E+00   
0.00000000E+00   
0.00000000E+00   
0.00000000E+00   
0.00000000E+00   
0.00000000E+00   
0.00000000E+00   
0.00000000E+00   
0.00000000E+00   
0.00000000E+00   
0.00000000E+00   
0.00000000E+00   
0.00000000E+00   
0.00000000E+00   
0.00000000E+00   
0.00000000E+00   
0.00000000E+00   
0.00000000E+00   
0.00000000E+00   
0.00000000E+00   
0.00000000E+00   
0.00000000E+00   
0.00000000E+00   
0.00000000E+00   
0.00000000E+00   
0.00000000E+00   
0.00000000E+00   
0.00000000E+00   
0.00000000E+00   
0.00000000E+00   
0.00000000E+00   
0.00000000E+00   
0.00000000E+00   
0.00000000E+00   
0.00000000E+00   
0.00000000E+00   
0.00000000E+00   
0.00000000E+00   
0.00000000E+00   
0.00000000E+00   
0.00000000E+00   
0.00000000E+00   
0.00000000E+00   
0.00000000E+00   
0.00000000E+00   
0.00000000E+00   
0.00000000E+00   
0.00000000E+00   
0.00000000E+00   
0.00000000E+00   
0.00000000E+00   
0.00000000E+00   
0.00000000E+00   
0.00000000E+00   
0.00000000E+00   
0.00000000E+00   
0.00000000E+00   
0.00000000E+00   
0.00000000E+00   
0.00000000E+00   
0.00000000E+00   
0.00000000E+00   
0.00000000E+00   
0.00000000E+00   
0.00000000E+00   
0.00000000E+00   
0.00000000E+00   
0.00000000E+00   
0.00000000E+00   
0.00000000E+00   
0.00000000E+00   
0.00000000E+00   
0.00000000E+00   
0.00000000E+00   
0.00000000E+00   
0.00000000E+00   
0.00000000E+00   
0.00000000E+00   
0.00000000E+00   
0.00000000E+00   
0.00000000E+00   
0.00000000E+00   
0.00000000E+00   
0.00000000E+00   
0.00000000E+00   
0.00000000E+00   
0.00000000E+00   
0.00000000E+00   
0.00000000E+00   
0.00000000E+00   
0.00000000E+00   
0.00000000E+00   
0.00000000E+00   
0.00000000E+00   
0.00000000E+00   
0.00000000E+00   
0.00000000E+00   
0.00000000E+00   
0.00000000E+00   
0.00000000E+00   
0.00000000E+00   
0.00000000E+00   
0.00000000E+00   
0.00000000E+00   
0.00000000E+00   
0.00000000E+00   
0.00000000E+00   
0.00000000E+00   
0.00000000E+00   
0.00000000E+00   
0.00000000E+00   
0.00000000E+00   
0.00000000E+00   
0.00000000E+00   
0.00000000E+00   
0.00000000E+00   
0.00000000E+00   
0.00000000E+00   
0.00000000E+00   
0.00000000E+00   
0.00000000E+00   
0.00000000E+00   
0.00000000E+00   
0.00000000E+00   
0.00000000E+00   
0.00000000E+00   
0.00000000E+00   
0.00000000E+00   
0.00000000E+00   
0.00000000E+00   
0.00000000E+00   
0.00000000E+00   
0.00000000E+00   
0.00000000E+00   
0.00000000E+00   
0.00000000E+00   
0.00000000E+00   
0.00000000E+00   
0.00000000E+00   
0.00000000E+00   
0.00000000E+00   
0.00000000E+00   
0.00000000E+00   
0.00000000E+00   
0.00000000E+00   
0.00000000E+00   
0.00000000E+00   
0.00000000E+00   
0.00000000E+00   
0.00000000E+00   
0.00000000E+00   
0.00000000E+00   
0.00000000E+00   
0.00000000E+00   
0.00000000E+00   
0.00000000E+00   
0.00000000E+00   
0.00000000E+00   
0.00000000E+00   
0.00000000E+00   
0.00000000E+00   
0.00000000E+00   
0.00000000E+00   
0.00000000E+00   
0.00000000E+00   
0.00000000E+00   
0.00000000E+00   
0.00000000E+00   
0.00000000E+00   
!IDEND=

