!FILE=Disk 
!KIND=Spectrum 
!LABORATORY=Oslo Cyclotron Laboratory (OCL) 
!EXPERIMENT= oslo_method_python 
!COMMENT=Made by OMpy 
!TIME=DATE:08-Sep-20 09:57:53   
!CALIBRATION EkeV=6, 0.000000E+00, 2.000400E+00, 0.000000E+00 
!PRECISION=16 
!DIMENSION=1,0:4999 
!CHANNEL=(0:4999) 
2.34035607E+02   
4.10591018E+02   
4.71104421E+02   
5.26658232E+02   
5.75605821E+02   
5.70136427E+02   
6.04711042E+02   
6.57111622E+02   
6.59195239E+02   
7.04745449E+02   
7.15743449E+02   
7.62642228E+02   
7.59184837E+02   
8.29835467E+02   
8.35205241E+02   
9.17641828E+02   
9.20258352E+02   
1.02995439E+03   
9.88788258E+02   
9.61517804E+02   
1.10228706E+03   
1.20573305E+03   
1.18771424E+03   
1.34559392E+03   
1.45704281E+03   
1.51328706E+03   
1.65396429E+03   
1.78343189E+03   
1.93609172E+03   
2.06867413E+03   
2.24713133E+03   
2.26559742E+03   
2.38063573E+03   
2.46852260E+03   
2.62468004E+03   
2.72194649E+03   
2.76796519E+03   
2.86050880E+03   
3.05655431E+03   
3.13740418E+03   
3.17697139E+03   
3.20761112E+03   
3.33372715E+03   
3.47677365E+03   
3.37689218E+03   
3.48224885E+03   
3.57057582E+03   
3.54760672E+03   
3.64398560E+03   
3.57169304E+03   
3.64229836E+03   
3.63784337E+03   
3.69644139E+03   
3.71796719E+03   
3.75210232E+03   
3.70555181E+03   
3.75763253E+03   
3.77255421E+03   
3.75153791E+03   
3.76492448E+03   
3.69371394E+03   
3.74179426E+03   
3.74362903E+03   
3.73587928E+03   
3.67660592E+03   
3.64370324E+03   
3.60138818E+03   
3.70221284E+03   
3.63425155E+03   
3.64702851E+03   
3.68439648E+03   
3.59139818E+03   
3.50960492E+03   
3.61042268E+03   
3.55441508E+03   
3.52993709E+03   
3.57607291E+03   
3.54046179E+03   
3.45352350E+03   
3.59386747E+03   
3.49234337E+03   
3.50183237E+03   
3.60096799E+03   
3.40830496E+03   
3.52019784E+03   
3.56217844E+03   
3.57333037E+03   
3.61552841E+03   
3.63042368E+03   
3.63444909E+03   
3.57018414E+03   
3.58954591E+03   
3.59812973E+03   
3.50107491E+03   
3.49785887E+03   
3.41191078E+03   
3.32383637E+03   
3.31343779E+03   
3.28935347E+03   
3.26615073E+03   
3.20610952E+03   
3.21771384E+03   
3.06082406E+03   
3.13544769E+03   
3.07277215E+03   
2.97874995E+03   
2.96822785E+03   
2.96785837E+03   
2.93004191E+03   
2.85342779E+03   
2.91065363E+03   
2.86869194E+03   
2.81423075E+03   
2.71819644E+03   
2.77672805E+03   
2.73443589E+03   
2.72634887E+03   
2.65879866E+03   
2.67807912E+03   
2.69434887E+03   
2.67530486E+03   
2.59925515E+03   
2.52490668E+03   
2.56438258E+03   
2.65749640E+03   
2.62282517E+03   
2.60493959E+03   
2.66826805E+03   
2.58167744E+03   
2.56330356E+03   
2.56348600E+03   
2.52411982E+03   
2.45068244E+03   
2.48840068E+03   
2.39292148E+03   
2.46218544E+03   
2.36955441E+03   
2.45178506E+03   
2.39037598E+03   
2.43802711E+03   
2.36247169E+03   
2.31946219E+03   
2.28942879E+03   
2.30222765E+03   
2.32201970E+03   
2.26849460E+03   
2.27405971E+03   
2.25832927E+03   
2.24566223E+03   
2.24301540E+03   
2.21512723E+03   
2.25758862E+03   
2.11255591E+03   
2.10501900E+03   
2.12241018E+03   
2.12634307E+03   
2.07034997E+03   
2.11216243E+03   
2.07901780E+03   
2.00020214E+03   
2.01875755E+03   
1.97178336E+03   
1.99596309E+03   
1.93495489E+03   
1.92022324E+03   
1.96016333E+03   
1.90681906E+03   
1.98835757E+03   
1.91031676E+03   
1.82625815E+03   
1.82900200E+03   
1.72649340E+03   
1.70061332E+03   
1.65989418E+03   
1.68834207E+03   
1.62967393E+03   
1.63546809E+03   
1.59491608E+03   
1.58088238E+03   
1.60717644E+03   
1.57902490E+03   
1.49041858E+03   
1.50136997E+03   
1.51416993E+03   
1.50572444E+03   
1.42487618E+03   
1.43155471E+03   
1.50176505E+03   
1.47014303E+03   
1.46450290E+03   
1.36100230E+03   
1.40858132E+03   
1.39277766E+03   
1.43498480E+03   
1.37197750E+03   
1.34741338E+03   
1.31960632E+03   
1.35347550E+03   
1.34133537E+03   
1.29569254E+03   
1.31984267E+03   
1.33085267E+03   
1.32558502E+03   
1.30535457E+03   
1.28576875E+03   
1.32467504E+03   
1.30573535E+03   
1.31661232E+03   
1.21958772E+03   
1.25708622E+03   
1.24532036E+03   
1.18430676E+03   
1.21931926E+03   
1.26459722E+03   
1.23141448E+03   
1.22038118E+03   
1.19558642E+03   
1.16365143E+03   
1.26539068E+03   
1.22815473E+03   
1.16506271E+03   
1.11797760E+03   
1.13855311E+03   
1.12426885E+03   
1.19197269E+03   
1.16212092E+03   
1.11682266E+03   
1.14963343E+03   
1.12690928E+03   
1.11229266E+03   
1.09870364E+03   
1.06699150E+03   
1.08147069E+03   
1.07292609E+03   
1.03893429E+03   
1.02260002E+03   
1.07554851E+03   
1.04647920E+03   
1.06821684E+03   
1.03002741E+03   
9.70496899E+02   
9.97491898E+02   
9.72439988E+02   
9.89270154E+02   
1.00197820E+03   
9.83332967E+02   
9.75690938E+02   
9.85003001E+02   
9.76581216E+02   
9.60587518E+02   
1.01520224E+03   
9.34393379E+02   
8.96935187E+02   
7.16839418E+02   
6.79135827E+02   
6.79135827E+02   
6.79135827E+02   
6.79135827E+02   
6.11854421E+02   
4.45391878E+02   
4.53165233E+02   
4.26879576E+02   
4.19592619E+02   
4.45480996E+02   
4.53103121E+02   
3.85719344E+02   
4.35183737E+02   
4.38806161E+02   
4.29159832E+02   
4.24541008E+02   
4.31339568E+02   
4.05346869E+02   
4.14296459E+02   
4.17143029E+02   
4.56333267E+02   
4.21914683E+02   
4.07209042E+02   
4.24183437E+02   
4.39531706E+02   
4.22311262E+02   
4.47741748E+02   
3.94948690E+02   
4.28862272E+02   
3.83784857E+02   
4.12421584E+02   
4.13471794E+02   
4.13627125E+02   
3.93088718E+02   
3.93694239E+02   
3.82310862E+02   
3.70987998E+02   
3.58938788E+02   
3.65908982E+02   
3.93215343E+02   
4.10527205E+02   
4.04138228E+02   
4.28462192E+02   
4.07366273E+02   
3.79450690E+02   
3.46449390E+02   
3.65473295E+02   
3.75353071E+02   
3.85010802E+02   
3.45952390E+02   
3.42747349E+02   
3.68253751E+02   
3.56068414E+02   
3.60644029E+02   
3.81973895E+02   
3.47073215E+02   
3.64448990E+02   
3.33207942E+02   
3.14687037E+02   
3.25316663E+02   
3.34821364E+02   
3.44331066E+02   
3.12153931E+02   
3.11926885E+02   
3.36451990E+02   
3.07829766E+02   
3.36232146E+02   
3.45555911E+02   
3.22488298E+02   
3.25319664E+02   
3.05138828E+02   
3.26244849E+02   
3.02215543E+02   
3.05326465E+02   
3.38802360E+02   
3.00114323E+02   
3.19485597E+02   
3.13164933E+02   
3.01428586E+02   
3.17562613E+02   
3.14362773E+02   
3.08795159E+02   
3.06639528E+02   
2.95150530E+02   
3.19304661E+02   
3.37249050E+02   
3.33605021E+02   
3.09608322E+02   
3.15889878E+02   
3.01593519E+02   
2.97319564E+02   
2.73162232E+02   
2.98168634E+02   
2.89838368E+02   
2.68940988E+02   
2.75972695E+02   
2.92975095E+02   
3.03743149E+02   
2.58624425E+02   
2.67309262E+02   
2.63127325E+02   
2.66409382E+02   
2.53621724E+02   
2.68906181E+02   
2.66920584E+02   
2.42181036E+02   
2.51761152E+02   
2.73495099E+02   
2.45312462E+02   
2.54338868E+02   
2.50736247E+02   
2.55531206E+02   
2.41352571E+02   
2.53634127E+02   
2.38515603E+02   
2.30749150E+02   
2.34285157E+02   
2.50100120E+02   
2.32693839E+02   
2.21499200E+02   
2.34089518E+02   
2.23793459E+02   
2.18148030E+02   
2.23997900E+02   
2.37606021E+02   
2.23485997E+02   
2.31220544E+02   
2.40176735E+02   
2.16639228E+02   
2.41136727E+02   
2.34018304E+02   
2.19654131E+02   
2.11331966E+02   
2.12434787E+02   
2.07247349E+02   
2.10042008E+02   
2.02385777E+02   
2.30577816E+02   
2.34216343E+02   
2.29358372E+02   
2.17565713E+02   
2.40413883E+02   
2.05117524E+02   
1.96428386E+02   
1.96633127E+02   
1.87206841E+02   
2.00160632E+02   
1.97512102E+02   
1.86393079E+02   
1.92649930E+02   
2.23068614E+02   
1.96659532E+02   
1.84162232E+02   
1.99572314E+02   
2.10754751E+02   
1.89390378E+02   
1.70705941E+02   
1.95338468E+02   
1.99039208E+02   
1.74046609E+02   
1.90031806E+02   
1.83045709E+02   
1.72032807E+02   
1.77034707E+02   
1.74355471E+02   
1.68377676E+02   
1.88379476E+02   
1.99746749E+02   
1.97714643E+02   
2.03004501E+02   
1.91398680E+02   
2.11298060E+02   
1.82387578E+02   
1.85326065E+02   
1.71018104E+02   
1.71077716E+02   
1.83135027E+02   
1.74845069E+02   
2.00067013E+02   
1.63459292E+02   
1.81427485E+02   
1.85229546E+02   
1.48936787E+02   
1.92928586E+02   
1.80828366E+02   
1.63435887E+02   
1.75175935E+02   
1.78858972E+02   
1.75062312E+02   
1.96226245E+02   
1.76939088E+02   
1.54149530E+02   
1.69387477E+02   
1.77003301E+02   
1.78244849E+02   
1.67276355E+02   
1.72392879E+02   
1.60394479E+02   
1.78120224E+02   
1.75169334E+02   
1.50721444E+02   
1.31751350E+02   
1.62216043E+02   
1.42127425E+02   
1.50132226E+02   
1.53298660E+02   
1.56874275E+02   
1.78298360E+02   
1.62255251E+02   
1.54791058E+02   
1.49770554E+02   
1.42342569E+02   
1.64701240E+02   
1.70790758E+02   
1.35780156E+02   
1.74090118E+02   
1.47650330E+02   
1.62223745E+02   
1.48895379E+02   
1.36269454E+02   
1.40784957E+02   
1.47619824E+02   
1.49125225E+02   
1.35336567E+02   
1.51707341E+02   
1.66265453E+02   
1.63569114E+02   
1.46644829E+02   
1.37563213E+02   
1.43705141E+02   
1.39735347E+02   
1.42804161E+02   
1.62975195E+02   
1.45912182E+02   
1.37417283E+02   
1.54335667E+02   
1.48630026E+02   
1.44419284E+02   
1.48482396E+02   
1.44360972E+02   
1.50611122E+02   
1.63954491E+02   
1.49916883E+02   
1.49834967E+02   
1.43425685E+02   
1.34626325E+02   
1.58129126E+02   
1.36531206E+02   
1.38916483E+02   
1.36546409E+02   
1.40416083E+02   
1.33920884E+02   
1.34026405E+02   
1.35323365E+02   
1.38729446E+02   
1.31507201E+02   
1.33179536E+02   
1.35164633E+02   
1.38009702E+02   
1.42798160E+02   
1.30969294E+02   
1.46675035E+02   
1.32201040E+02   
1.21127425E+02   
1.20632026E+02   
1.24195039E+02   
1.42775355E+02   
1.18644629E+02   
1.21199640E+02   
1.30222945E+02   
1.33410982E+02   
1.34128426E+02   
1.48766153E+02   
1.04917183E+02   
1.28869374E+02   
1.36160732E+02   
1.32026405E+02   
1.22888478E+02   
1.35164333E+02   
1.33160832E+02   
1.31036607E+02   
1.14453591E+02   
1.27025305E+02   
1.24590218E+02   
1.08314663E+02   
1.16297660E+02   
1.18467393E+02   
1.32057812E+02   
1.44728146E+02   
1.19571014E+02   
1.25177936E+02   
1.29870874E+02   
1.20617624E+02   
1.37621624E+02   
1.27358972E+02   
1.32219244E+02   
1.28227245E+02   
1.29219144E+02   
1.25138628E+02   
1.12514203E+02   
1.24302961E+02   
1.34080116E+02   
1.14019604E+02   
1.23203941E+02   
1.16729846E+02   
1.22536207E+02   
1.23473695E+02   
1.23504201E+02   
1.36598620E+02   
1.27073415E+02   
1.10765953E+02   
1.17282857E+02   
1.16117824E+02   
1.14476895E+02   
1.16658932E+02   
1.15755351E+02   
1.22471794E+02   
1.24022404E+02   
1.10377175E+02   
1.20479296E+02   
1.22319664E+02   
1.19183237E+02   
1.02907481E+02   
1.12791758E+02   
1.01978096E+02   
9.58240648E+01   
1.24860072E+02   
1.34037908E+02   
1.03754651E+02   
1.18957491E+02   
1.31288058E+02   
1.06072515E+02   
1.00443189E+02   
1.25904381E+02   
1.09111922E+02   
1.07470794E+02   
1.08872675E+02   
1.06920484E+02   
1.14389678E+02   
1.03235547E+02   
1.10859472E+02   
1.07545109E+02   
9.91570314E+01   
1.15884577E+02   
1.19020804E+02   
1.15240348E+02   
1.14463493E+02   
1.04174035E+02   
9.97232446E+01   
1.08761452E+02   
9.70530106E+01   
1.02214543E+02   
1.15962793E+02   
9.46221244E+01   
1.03992999E+02   
1.03690838E+02   
1.26003001E+02   
1.24750850E+02   
1.36069214E+02   
1.23826465E+02   
1.04055211E+02   
1.08705041E+02   
1.07545709E+02   
1.25252551E+02   
1.08824465E+02   
1.21227546E+02   
9.78022605E+01   
1.11014603E+02   
1.02512102E+02   
1.09535507E+02   
1.02267353E+02   
1.22521704E+02   
9.55155031E+01   
9.37648530E+01   
9.05255051E+01   
1.03778456E+02   
9.74986997E+01   
1.12296359E+02   
1.04527706E+02   
1.12022404E+02   
8.76992398E+01   
1.01820064E+02   
9.95479096E+01   
1.06206741E+02   
1.06772655E+02   
1.03552711E+02   
1.02288758E+02   
1.00317764E+02   
9.36682336E+01   
1.02290358E+02   
9.95663133E+01   
1.08230346E+02   
1.12571514E+02   
9.79495899E+01   
9.57404481E+01   
8.84153831E+01   
1.18742849E+02   
9.72191438E+01   
1.12347770E+02   
1.14160632E+02   
9.24579916E+01   
1.02352971E+02   
9.97320464E+01   
1.06412382E+02   
1.07786657E+02   
8.87465493E+01   
9.68938788E+01   
9.20778156E+01   
9.61353271E+01   
1.19388078E+02   
1.07348770E+02   
8.62497499E+01   
9.39820964E+01   
9.73502701E+01   
9.78540708E+01   
9.85545109E+01   
9.47148430E+01   
9.73243649E+01   
1.06172034E+02   
8.70948190E+01   
1.03791958E+02   
8.85468094E+01   
8.80152030E+01   
9.84362873E+01   
8.81370274E+01   
9.61908382E+01   
8.70689138E+01   
9.10601120E+01   
9.53399680E+01   
1.13248550E+02   
9.33784757E+01   
9.11479296E+01   
8.97918584E+01   
1.07868374E+02   
8.71668334E+01   
9.58968794E+01   
8.34670934E+01   
9.51355271E+01   
8.23544709E+01   
8.92340468E+01   
7.96840368E+01   
9.05729146E+01   
9.75903181E+01   
9.86880376E+01   
9.36705341E+01   
1.01698340E+02   
9.15821164E+01   
8.67771554E+01   
8.64570914E+01   
9.70515103E+01   
8.62941588E+01   
9.17095419E+01   
8.11918384E+01   
1.00109422E+02   
9.41043209E+01   
8.07747550E+01   
7.98533707E+01   
9.93539708E+01   
8.97411482E+01   
7.88765753E+01   
1.01873375E+02   
7.40228046E+01   
7.26476295E+01   
8.92457491E+01   
9.50819164E+01   
1.02532206E+02   
9.68669734E+01   
9.10751150E+01   
9.03835767E+01   
1.00122725E+02   
1.01231346E+02   
9.80695139E+01   
9.73907782E+01   
9.14825965E+01   
9.25574115E+01   
9.04769954E+01   
8.69397880E+01   
1.02057912E+02   
9.77081416E+01   
1.03123725E+02   
8.60503101E+01   
8.44290858E+01   
8.41954391E+01   
8.92727546E+01   
7.53776755E+01   
9.00172034E+01   
9.83872775E+01   
1.01427085E+02   
1.01207842E+02   
6.98694739E+01   
8.51729346E+01   
9.30473095E+01   
9.67937588E+01   
8.54281856E+01   
8.32193439E+01   
8.16202240E+01   
8.94165833E+01   
9.26164233E+01   
9.16299260E+01   
8.93971794E+01   
7.76282256E+01   
9.14247850E+01   
8.74271854E+01   
1.01247950E+02   
9.19720944E+01   
8.59986997E+01   
8.84287858E+01   
8.82125425E+01   
8.07965593E+01   
8.64315863E+01   
8.34046809E+01   
8.37220444E+01   
7.91158232E+01   
9.22795559E+01   
8.44046809E+01   
7.85559112E+01   
9.34403881E+01   
9.15908182E+01   
9.81062212E+01   
8.49249850E+01   
8.53043609E+01   
8.18652731E+01   
8.21198240E+01   
9.32614523E+01   
9.46990398E+01   
8.45962192E+01   
8.76998400E+01   
6.66395279E+01   
7.58332667E+01   
9.81526305E+01   
9.03249650E+01   
8.67621524E+01   
8.66469294E+01   
7.46075215E+01   
9.75066013E+01   
8.14934987E+01   
8.39358872E+01   
8.39984997E+01   
9.52025405E+01   
8.71144229E+01   
8.21096219E+01   
6.76509302E+01   
1.01113823E+02   
9.71072214E+01   
7.90051010E+01   
8.15552110E+01   
8.30365073E+01   
8.69146829E+01   
7.69106821E+01   
8.35857171E+01   
8.00455091E+01   
7.33443689E+01   
9.12577516E+01   
7.74827966E+01   
7.24851970E+01   
7.21921384E+01   
9.51369274E+01   
8.85436087E+01   
7.34654931E+01   
7.37890578E+01   
8.01429286E+01   
7.82317463E+01   
9.27594519E+01   
8.32285457E+01   
6.78426685E+01   
8.88434687E+01   
8.28442689E+01   
9.58170634E+01   
8.03866773E+01   
8.55276055E+01   
8.71433287E+01   
8.08494699E+01   
7.82209442E+01   
7.20144029E+01   
9.79919984E+01   
8.75236047E+01   
9.18438688E+01   
7.70288058E+01   
7.21829366E+01   
7.46825365E+01   
7.38502701E+01   
7.95140028E+01   
9.33622725E+01   
9.85144029E+01   
8.40056011E+01   
9.13594719E+01   
7.66725345E+01   
7.98326665E+01   
8.07105421E+01   
7.85296059E+01   
7.32882577E+01   
8.62041408E+01   
8.03694739E+01   
8.85680136E+01   
9.35384077E+01   
7.59035807E+01   
7.36529306E+01   
8.66224245E+01   
7.19255851E+01   
7.26477295E+01   
1.10374975E+02   
7.03335667E+01   
1.00180836E+02   
8.98046609E+01   
8.41745349E+01   
8.03595719E+01   
7.26100220E+01   
8.01705341E+01   
7.97753551E+01   
8.62453491E+01   
7.27943589E+01   
8.30904181E+01   
7.93218644E+01   
9.84026805E+01   
7.86432286E+01   
9.00196039E+01   
8.90196039E+01   
9.59868974E+01   
6.81653331E+01   
7.14118824E+01   
7.53158632E+01   
7.86672334E+01   
8.03170634E+01   
7.21665333E+01   
7.29083817E+01   
7.45704141E+01   
8.00501100E+01   
8.82765553E+01   
7.34559912E+01   
8.11348270E+01   
7.97241448E+01   
7.64744949E+01   
7.98505701E+01   
7.40309062E+01   
6.55800160E+01   
7.81589318E+01   
7.28706741E+01   
7.20115023E+01   
8.04463893E+01   
7.90164033E+01   
1.03305761E+02   
7.10105021E+01   
8.33089618E+01   
8.81720344E+01   
6.92684537E+01   
7.73129626E+01   
7.39936987E+01   
7.76195239E+01   
8.68778756E+01   
7.78180636E+01   
6.13213643E+01   
6.55649130E+01   
9.08151630E+01   
7.76619324E+01   
7.36966393E+01   
7.71952390E+01   
8.03357672E+01   
7.02343469E+01   
6.82826565E+01   
7.52631526E+01   
6.97608522E+01   
6.67445489E+01   
7.23461692E+01   
7.18818764E+01   
7.80152030E+01   
7.82043409E+01   
9.08260652E+01   
9.67525505E+01   
8.27541508E+01   
8.11473295E+01   
7.17971594E+01   
8.92356471E+01   
7.01803361E+01   
8.59813963E+01   
6.50442088E+01   
6.68846769E+01   
7.09913983E+01   
8.07803561E+01   
7.73793759E+01   
5.27751550E+01   
7.08784757E+01   
7.37715543E+01   
7.15161032E+01   
7.42630526E+01   
8.91483297E+01   
9.10146029E+01   
8.01421284E+01   
7.00046009E+01   
9.10148030E+01   
6.85049010E+01   
9.05477095E+01   
8.21135227E+01   
8.37717544E+01   
6.59825965E+01   
7.60478096E+01   
6.74956991E+01   
7.98163633E+01   
7.19721944E+01   
7.22522505E+01   
9.60654131E+01   
7.42530506E+01   
6.37223445E+01   
7.30750150E+01   
7.10168034E+01   
1.01201140E+02   
7.78324665E+01   
6.25954191E+01   
6.55914183E+01   
6.66680336E+01   
8.05559112E+01   
7.18144629E+01   
8.86481296E+01   
6.78108622E+01   
7.07889578E+01   
8.14529906E+01   
7.95691138E+01   
6.89184837E+01   
7.84538908E+01   
8.42398480E+01   
7.95698140E+01   
7.56848370E+01   
8.41261252E+01   
8.10321064E+01   
7.09999000E+01   
7.12330466E+01   
8.03664733E+01   
7.08793759E+01   
6.75851170E+01   
6.70852170E+01   
7.12663533E+01   
7.21209242E+01   
7.75915183E+01   
6.47532507E+01   
6.96984397E+01   
7.25370074E+01   
7.92835567E+01   
6.83263653E+01   
8.49807962E+01   
6.79442889E+01   
7.37068414E+01   
6.82198440E+01   
6.67268454E+01   
7.25054011E+01   
7.58121624E+01   
8.01101220E+01   
7.13199640E+01   
8.37168434E+01   
6.85150030E+01   
6.52034407E+01   
7.96323265E+01   
6.86059212E+01   
6.11874375E+01   
7.45234047E+01   
7.66551310E+01   
6.06584317E+01   
7.47612523E+01   
8.43459692E+01   
7.98766753E+01   
7.85847169E+01   
5.96744349E+01   
6.26923385E+01   
5.93276655E+01   
7.97703541E+01   
7.04133827E+01   
8.28108622E+01   
7.78478696E+01   
9.70980196E+01   
6.23934787E+01   
7.66450290E+01   
5.86484297E+01   
6.73811762E+01   
6.66428286E+01   
7.97615523E+01   
8.09286857E+01   
8.46639328E+01   
7.48126625E+01   
6.44545909E+01   
6.79266853E+01   
6.67536507E+01   
6.11403281E+01   
8.04602921E+01   
7.81890378E+01   
9.05049010E+01   
8.60192038E+01   
7.12869574E+01   
7.34243849E+01   
8.16811362E+01   
7.74341868E+01   
7.06789358E+01   
6.83424685E+01   
7.89432887E+01   
6.93428686E+01   
6.45023005E+01   
6.13356671E+01   
8.23662733E+01   
8.34527906E+01   
7.66541308E+01   
6.43304661E+01   
9.59856971E+01   
7.61738348E+01   
6.64846969E+01   
8.77804561E+01   
6.63240648E+01   
6.95516103E+01   
7.17808562E+01   
6.50116023E+01   
6.78601720E+01   
7.56358272E+01   
7.00144029E+01   
6.04614923E+01   
7.81967393E+01   
8.28689738E+01   
6.58969794E+01   
8.68457692E+01   
6.79614923E+01   
8.74366873E+01   
7.18016603E+01   
8.03032607E+01   
6.51582316E+01   
6.97912583E+01   
7.68008602E+01   
7.38729746E+01   
8.35973195E+01   
6.97736547E+01   
7.13260652E+01   
5.70152030E+01   
7.59474895E+01   
6.51502300E+01   
8.72787558E+01   
7.78838768E+01   
7.23445689E+01   
6.66177235E+01   
8.02306461E+01   
9.12139428E+01   
8.45986197E+01   
7.12708542E+01   
6.77579516E+01   
6.26475295E+01   
7.14441888E+01   
6.80140028E+01   
7.65792158E+01   
6.56956391E+01   
6.87058412E+01   
8.55880176E+01   
7.25618124E+01   
7.31338268E+01   
6.91919384E+01   
7.02405481E+01   
8.16633327E+01   
5.98383677E+01   
8.16649330E+01   
7.30737147E+01   
7.01875375E+01   
7.29574915E+01   
7.11278256E+01   
8.14528906E+01   
7.60737147E+01   
7.43494699E+01   
5.65643129E+01   
6.76296259E+01   
6.12304461E+01   
7.09586917E+01   
8.25330066E+01   
6.67042408E+01   
7.52760552E+01   
5.18505701E+01   
8.20796159E+01   
6.56333267E+01   
7.39109822E+01   
7.58620724E+01   
8.37141428E+01   
6.55143029E+01   
7.95694139E+01   
7.15548110E+01   
8.48481696E+01   
6.60323065E+01   
7.58704741E+01   
6.89201840E+01   
6.17192438E+01   
7.07770554E+01   
7.69193839E+01   
6.09209842E+01   
7.56507301E+01   
7.54654931E+01   
6.47453491E+01   
8.79706941E+01   
7.60152030E+01   
7.20152030E+01   
8.54573915E+01   
6.06580316E+01   
6.01407281E+01   
5.58880776E+01   
7.79730946E+01   
6.79738948E+01   
8.79341868E+01   
6.62967594E+01   
7.00529106E+01   
7.06197239E+01   
7.04058812E+01   
6.79742949E+01   
7.65178036E+01   
7.43954791E+01   
7.19770954E+01   
9.06457291E+01   
7.34568914E+01   
8.17973595E+01   
6.91235247E+01   
6.01917383E+01   
6.49084817E+01   
6.72214443E+01   
7.28073615E+01   
7.31155231E+01   
6.50465093E+01   
7.68482697E+01   
6.89822965E+01   
7.10152030E+01   
6.51103221E+01   
6.80453091E+01   
7.78590718E+01   
6.23206641E+01   
5.76804361E+01   
8.31051210E+01   
6.32199440E+01   
7.19252851E+01   
6.69276855E+01   
7.41268254E+01   
8.68188638E+01   
8.08244649E+01   
6.52874575E+01   
6.12264453E+01   
6.79589918E+01   
6.51148230E+01   
7.47826565E+01   
7.39392879E+01   
8.00642128E+01   
7.38938788E+01   
6.91112222E+01   
6.12012402E+01   
6.09199840E+01   
7.40807161E+01   
6.20562112E+01   
7.28809762E+01   
8.28005601E+01   
7.50803161E+01   
7.40574115E+01   
8.30960192E+01   
5.71913383E+01   
6.38366673E+01   
5.30896179E+01   
6.80494099E+01   
7.68486697E+01   
7.69443889E+01   
6.90860172E+01   
8.58968794E+01   
6.63150630E+01   
5.69785957E+01   
7.69801960E+01   
7.78593719E+01   
6.51207241E+01   
7.01296259E+01   
6.69398880E+01   
6.99301860E+01   
8.29482897E+01   
8.00426085E+01   
9.00035007E+01   
6.90890178E+01   
6.70374075E+01   
7.39001800E+01   
5.91589318E+01   
9.28649730E+01   
6.11893379E+01   
6.49331866E+01   
6.90605121E+01   
7.69229846E+01   
7.99734947E+01   
8.60342068E+01   
7.30557111E+01   
5.81320264E+01   
6.28845769E+01   
6.40680136E+01   
6.30311062E+01   
7.39716943E+01   
5.50568114E+01   
6.29670934E+01   
6.50553111E+01   
7.39742949E+01   
6.30407081E+01   
7.29888978E+01   
6.90206041E+01   
8.39989998E+01   
5.80458092E+01   
5.30091018E+01   
7.00086017E+01   
7.00057011E+01   
7.10153031E+01   
7.90140028E+01   
6.30151030E+01   
7.10176035E+01   
7.70087017E+01   
6.30346069E+01   
8.20002000E+01   
7.69944989E+01   
5.80575115E+01   
8.79625925E+01   
6.90462092E+01   
6.90230046E+01   
8.40117023E+01   
7.09826965E+01   
6.00587117E+01   
8.10274055E+01   
8.69758952E+01   
6.90396079E+01   
6.89355871E+01   
6.10112022E+01   
5.80487097E+01   
7.60606121E+01   
5.90820164E+01   
8.09230846E+01   
6.10690138E+01   
6.88457692E+01   
5.30393079E+01   
5.60211042E+01   
5.80754151E+01   
7.19469894E+01   
5.70112022E+01   
6.90231046E+01   
7.01100220E+01   
6.29385877E+01   
7.80124025E+01   
6.80259052E+01   
7.10823165E+01   
6.80577115E+01   
7.30307061E+01   
8.29106821E+01   
7.00601120E+01   
8.39670934E+01   
5.89157832E+01   
7.01281256E+01   
5.99455891E+01   
6.30474095E+01   
7.69952991E+01   
6.50677135E+01   
6.90327065E+01   
8.38233647E+01   
6.32444489E+01   
7.10550110E+01   
8.10363073E+01   
6.58300660E+01   
6.70550110E+01   
6.49275855E+01   
6.62967594E+01   
7.77718544E+01   
6.31036207E+01   
6.40144029E+01   
6.49673935E+01   
6.18701740E+01   
5.60598120E+01   
5.90861172E+01   
6.01387277E+01   
6.81172234E+01   
7.38095619E+01   
6.71714343E+01   
7.29091818E+01   
7.00957191E+01   
8.74006801E+01   
9.33514703E+01   
7.49832967E+01   
6.01260252E+01   
7.98963793E+01   
6.01587317E+01   
7.42524505E+01   
7.28648730E+01   
7.27380476E+01   
6.26329266E+01   
8.37982597E+01   
7.39202841E+01   
7.52086417E+01   
7.95266053E+01   
6.80112022E+01   
6.14467894E+01   
7.97451490E+01   
7.23562713E+01   
7.01907381E+01   
7.91415283E+01   
6.06838368E+01   
8.07654531E+01   
6.79776955E+01   
6.50503101E+01   
7.18655731E+01   
7.40499100E+01   
7.10507101E+01   
7.51664333E+01   
6.59373875E+01   
6.19357872E+01   
6.53687738E+01   
8.74181836E+01   
8.15348070E+01   
6.94460892E+01   
5.73803761E+01   
6.09309862E+01   
6.68874775E+01   
5.80966193E+01   
6.30555111E+01   
7.10132026E+01   
7.72307461E+01   
6.64004801E+01   
6.76299260E+01   
8.17469494E+01   
6.63736747E+01   
8.62423485E+01   
5.05142028E+01   
7.30599120E+01   
7.40140028E+01   
6.10611122E+01   
7.26818364E+01   
7.47302460E+01   
7.41963393E+01   
7.04491898E+01   
6.83090618E+01   
8.18682737E+01   
8.65165033E+01   
6.04643929E+01   
8.89644929E+01   
6.96570314E+01   
6.99604921E+01   
6.37383477E+01   
7.52325465E+01   
5.50112022E+01   
6.56485297E+01   
6.66414283E+01   
6.27436487E+01   
7.09568914E+01   
4.92843569E+01   
6.65639128E+01   
7.60731146E+01   
5.96250250E+01   
7.29017804E+01   
7.79568914E+01   
6.22987598E+01   
7.17851570E+01   
5.81873375E+01   
6.53150630E+01   
6.12448490E+01   
5.73662733E+01   
7.36569314E+01   
8.64908982E+01   
6.95323065E+01   
5.72544509E+01   
6.40743149E+01   
5.85215043E+01   
4.81961392E+01   
6.13854771E+01   
7.61394279E+01   
6.98885777E+01   
7.43315663E+01   
6.93129626E+01   
7.02335467E+01   
7.89190838E+01   
6.31426285E+01   
8.12097419E+01   
5.68825765E+01   
6.35441088E+01   
8.75498100E+01   
8.17455491E+01   
6.92149430E+01   
6.62173435E+01   
7.14246849E+01   
8.18110622E+01   
7.66013203E+01   
7.47087417E+01   
8.91786357E+01   
6.92940588E+01   
6.44486897E+01   
5.04378876E+01   
6.77990598E+01   
6.51494299E+01   
5.58030606E+01   
6.98845769E+01   
7.68705741E+01   
7.61630326E+01   
6.82776555E+01   
6.55330066E+01   
7.87167433E+01   
6.69904981E+01   
7.97926585E+01   
8.58792759E+01   
5.54698940E+01   
6.16308262E+01   
6.68631726E+01   
8.25492098E+01   
7.48585717E+01   
6.70317063E+01   
7.28380676E+01   
6.92786557E+01   
8.13830766E+01   
7.72557512E+01   
7.10172034E+01   
8.72100420E+01   
6.60943189E+01   
6.76657331E+01   
7.90168034E+01   
6.89466893E+01   
6.03424685E+01   
6.44313863E+01   
7.25137027E+01   
7.10106021E+01   
7.35069014E+01   
5.51117223E+01   
7.55900180E+01   
7.67832567E+01   
7.50172034E+01   
9.20172034E+01   
7.53234647E+01   
6.51011202E+01   
7.58393679E+01   
7.14531906E+01   
6.90156031E+01   
7.87494499E+01   
7.55491098E+01   
6.65692138E+01   
8.10257051E+01   
5.64554911E+01   
7.17467493E+01   
6.29200840E+01   
7.24817964E+01   
9.09993999E+01   
7.57358472E+01   
6.54751950E+01   
6.30136027E+01   
6.47330466E+01   
6.54819964E+01   
7.35428086E+01   
6.95807161E+01   
6.85392078E+01   
6.12038408E+01   
6.72054411E+01   
6.10144029E+01   
7.70144029E+01   
7.59172835E+01   
7.02090418E+01   
6.92106421E+01   
6.88021604E+01   
8.43405681E+01   
6.26067213E+01   
6.24124825E+01   
8.60160032E+01   
8.45176035E+01   
7.53129626E+01   
8.58129626E+01   
7.69280856E+01   
7.86295259E+01   
9.11786357E+01   
6.65268054E+01   
7.49120824E+01   
6.57042408E+01   
6.56371274E+01   
6.52857572E+01   
6.71179236E+01   
6.99084817E+01   
6.92242448E+01   
7.47554511E+01   
7.30599120E+01   
7.42266453E+01   
7.47279456E+01   
8.37301460E+01   
7.74759952E+01   
7.13385677E+01   
6.49060812E+01   
6.75779156E+01   
6.89032807E+01   
6.71116223E+01   
6.63544709E+01   
7.63461692E+01   
7.31262252E+01   
6.07926585E+01   
7.14551910E+01   
6.02374475E+01   
6.94499900E+01   
5.45953191E+01   
7.97467493E+01   
5.83762753E+01   
7.07853571E+01   
6.69806961E+01   
5.82759552E+01   
8.14363873E+01   
7.19393879E+01   
7.27131426E+01   
8.52667534E+01   
6.99485897E+01   
6.60746149E+01   
6.16625325E+01   
7.18988798E+01   
7.85419084E+01   
6.73725745E+01   
7.14506901E+01   
8.95821164E+01   
8.00164033E+01   
7.30848170E+01   
6.88578716E+01   
6.61621324E+01   
5.67169434E+01   
7.03825765E+01   
8.72804561E+01   
7.55219044E+01   
8.26304261E+01   
7.79975995E+01   
8.45347069E+01   
6.70132026E+01   
6.32634527E+01   
6.50140028E+01   
6.66362272E+01   
5.93811762E+01   
7.60246049E+01   
8.01581316E+01   
6.76148230E+01   
6.63735747E+01   
5.74227846E+01   
7.02432486E+01   
7.58840768E+01   
6.84737948E+01   
8.01109222E+01   
7.57569514E+01   
7.98402681E+01   
6.14065813E+01   
6.84089818E+01   
7.46198240E+01   
6.12053411E+01   
7.38234647E+01   
7.57481496E+01   
7.36812362E+01   
7.70156031E+01   
7.81499300E+01   
7.76118224E+01   
7.53391678E+01   
6.98259652E+01   
7.40152030E+01   
6.81515303E+01   
7.27850570E+01   
7.13832767E+01   
8.43283657E+01   
6.93243649E+01   
6.75019004E+01   
7.23544709E+01   
7.24056811E+01   
7.65998200E+01   
7.19182837E+01   
7.19934987E+01   
7.41398280E+01   
7.21825365E+01   
6.07289458E+01   
5.90047009E+01   
6.95870174E+01   
7.37264453E+01   
6.38716743E+01   
8.37273455E+01   
7.08771754E+01   
7.42840568E+01   
6.34584917E+01   
7.15798160E+01   
6.80140028E+01   
6.52843569E+01   
7.87193439E+01   
5.67448490E+01   
7.34246849E+01   
6.67819564E+01   
7.50164033E+01   
7.59780956E+01   
6.51212242E+01   
6.32042408E+01   
6.64629926E+01   
6.54158832E+01   
7.04649930E+01   
6.81659332E+01   
8.55622124E+01   
8.51659332E+01   
7.64070814E+01   
6.70132026E+01   
7.08604721E+01   
7.73190638E+01   
6.30136027E+01   
7.79371874E+01   
8.22443489E+01   
7.09423885E+01   
8.80164033E+01   
7.84829966E+01   
7.62108422E+01   
5.77300460E+01   
6.94849970E+01   
7.38161632E+01   
6.19007802E+01   
6.93303661E+01   
5.23250650E+01   
6.86600320E+01   
8.31088218E+01   
7.15778156E+01   
7.04089818E+01   
8.43366673E+01   
8.00880176E+01   
5.98508702E+01   
6.46577315E+01   
7.36609322E+01   
7.88784757E+01   
6.65002000E+01   
6.91551310E+01   
8.18336667E+01   
9.30344069E+01   
8.18512703E+01   
7.24977996E+01   
7.17161432E+01   
6.61627325E+01   
7.91863373E+01   
7.18476695E+01   
6.75142028E+01   
7.61815363E+01   
7.30152030E+01   
7.95190038E+01   
8.13430686E+01   
6.90272054E+01   
7.76641328E+01   
7.13530706E+01   
8.25638128E+01   
9.22954591E+01   
7.58436687E+01   
6.91851370E+01   
6.72990598E+01   
6.84174835E+01   
7.71543309E+01   
5.83594719E+01   
7.62655531E+01   
8.31111222E+01   
7.00156031E+01   
7.69695939E+01   
6.61879376E+01   
6.46633327E+01   
6.82415483E+01   
6.73674735E+01   
8.13690738E+01   
7.93661732E+01   
6.44282857E+01   
7.17245449E+01   
7.85925185E+01   
7.50828166E+01   
7.30152030E+01   
8.00605121E+01   
9.55336067E+01   
6.04514903E+01   
7.72612523E+01   
9.14920984E+01   
6.68356671E+01   
7.96502300E+01   
7.87451490E+01   
8.05598120E+01   
7.37550510E+01   
8.76392278E+01   
8.49958992E+01   
7.18497700E+01   
7.16457291E+01   
7.13830766E+01   
6.52738548E+01   
6.99404881E+01   
7.00148030E+01   
7.00148030E+01   
8.13882777E+01   
6.74541908E+01   
7.46393279E+01   
6.90136027E+01   
7.78252651E+01   
7.33343669E+01   
6.23137628E+01   
5.95810162E+01   
6.90136027E+01   
6.55846169E+01   
6.43962793E+01   
7.79573915E+01   
6.41584317E+01   
7.59712943E+01   
6.55906181E+01   
6.87857572E+01   
8.64712943E+01   
7.73679736E+01   
6.98523705E+01   
7.25966193E+01   
8.37937588E+01   
7.30164033E+01   
8.38431686E+01   
7.37774555E+01   
8.16615323E+01   
8.12095419E+01   
6.78017604E+01   
7.22123425E+01   
7.32234447E+01   
7.02036407E+01   
6.86059212E+01   
9.08329666E+01   
7.36068214E+01   
8.94181836E+01   
6.86161232E+01   
8.06145229E+01   
7.62163433E+01   
8.26202240E+01   
9.45935187E+01   
6.66073215E+01   
6.52276455E+01   
6.82167433E+01   
6.70317063E+01   
7.75884177E+01   
7.72175435E+01   
7.40373075E+01   
7.28104621E+01   
7.01930386E+01   
8.26611322E+01   
7.88421684E+01   
7.28835767E+01   
6.19817964E+01   
8.25672134E+01   
8.94727946E+01   
8.70615123E+01   
6.90561112E+01   
7.98509702E+01   
6.89205841E+01   
6.44815963E+01   
8.14354871E+01   
7.82800560E+01   
8.45400080E+01   
8.11690338E+01   
7.50136027E+01   
8.02876575E+01   
7.42287457E+01   
7.28032607E+01   
6.96566313E+01   
8.54450890E+01   
8.57319464E+01   
7.28008602E+01   
6.65849170E+01   
8.44454891E+01   
8.50152030E+01   
7.43132627E+01   
7.07171434E+01   
8.02780556E+01   
7.11874375E+01   
7.84518904E+01   
7.58901780E+01   
8.71747349E+01   
7.32323465E+01   
7.15504101E+01   
7.11161232E+01   
8.45777155E+01   
8.40309062E+01   
8.14562913E+01   
7.06794359E+01   
7.49062813E+01   
7.36799360E+01   
6.31347269E+01   
8.30042008E+01   
7.08019604E+01   
7.15534107E+01   
7.38453691E+01   
9.58536707E+01   
6.33644729E+01   
7.08882777E+01   
6.75956191E+01   
7.80743149E+01   
7.03720744E+01   
6.33325665E+01   
6.20128026E+01   
7.46084217E+01   
6.05904181E+01   
6.02383477E+01   
6.74682937E+01   
6.56176235E+01   
7.63237648E+01   
6.89282857E+01   
9.14039808E+01   
7.83983797E+01   
7.58659732E+01   
8.26973395E+01   
7.51039208E+01   
7.26889378E+01   
6.85461092E+01   
6.91135227E+01   
8.38454691E+01   
7.00132026E+01   
7.41352270E+01   
7.04208842E+01   
6.94834967E+01   
7.13164633E+01   
9.35282056E+01   
7.36684337E+01   
7.39625925E+01   
8.04408882E+01   
8.39728946E+01   
7.14931986E+01   
8.06329266E+01   
8.70598120E+01   
7.92543509E+01   
8.00956191E+01   
5.82137427E+01   
8.22177435E+01   
8.44982997E+01   
8.98428686E+01   
8.59165833E+01   
7.93215643E+01   
7.75297059E+01   
7.57712543E+01   
7.69107822E+01   
8.43853771E+01   
7.62345469E+01   
7.34622925E+01   
7.95867173E+01   
7.29597920E+01   
7.95261052E+01   
8.55391078E+01   
7.27420484E+01   
7.12761552E+01   
8.15115023E+01   
8.07692539E+01   
8.85135027E+01   
9.52663533E+01   
9.57654531E+01   
8.72723545E+01   
8.12665533E+01   
8.12683537E+01   
9.00158032E+01   
8.77706541E+01   
8.47606521E+01   
7.12371474E+01   
7.33003601E+01   
7.92699540E+01   
7.14734947E+01   
6.30404081E+01   
6.84914983E+01   
7.83367674E+01   
8.49815963E+01   
7.70164033E+01   
8.75719144E+01   
9.17168434E+01   
7.04786957E+01   
7.70414083E+01   
8.80446089E+01   
8.59873975E+01   
7.37580516E+01   
7.44320864E+01   
6.15991198E+01   
7.26437287E+01   
9.23492699E+01   
6.24940988E+01   
7.23977796E+01   
9.34968994E+01   
9.51960392E+01   
9.22236447E+01   
7.04667934E+01   
7.17733547E+01   
8.41654331E+01   
8.97540508E+01   
8.20710142E+01   
9.37544509E+01   
8.71675335E+01   
7.50152030E+01   
7.66288258E+01   
8.09326865E+01   
7.13457692E+01   
8.16208242E+01   
7.76149230E+01   
8.06197239E+01   
8.25410082E+01   
7.04780956E+01   
7.26967393E+01   
9.18234647E+01   
8.26726345E+01   
7.54423885E+01   
8.49401880E+01   
8.99108822E+01   
9.41259252E+01   
8.44933987E+01   
9.22718544E+01   
8.37460492E+01   
8.27452490E+01   
7.52899580E+01   
9.39249850E+01   
7.24688938E+01   
8.00975195E+01   
7.11277255E+01   
8.73921784E+01   
8.96179236E+01   
8.65962192E+01   
8.12596519E+01   
7.94368874E+01   
9.38259652E+01   
7.77827566E+01   
7.04600920E+01   
8.94584917E+01   
7.54672935E+01   
7.59536907E+01   
9.08071614E+01   
8.26218244E+01   
8.94576915E+01   
7.38953791E+01   
8.07344469E+01   
7.20756151E+01   
9.52646529E+01   
7.07304461E+01   
6.97061412E+01   
8.01454291E+01   
9.52812563E+01   
9.06014203E+01   
7.73011602E+01   
7.04488898E+01   
7.24405881E+01   
8.47375475E+01   
9.02989598E+01   
8.55901180E+01   
8.64485897E+01   
8.11585317E+01   
7.45717143E+01   
7.47381476E+01   
7.89994999E+01   
6.74541908E+01   
7.20357071E+01   
8.52822565E+01   
7.54625925E+01   
8.74665933E+01   
9.61477295E+01   
9.35991198E+01   
8.53979796E+01   
7.39738948E+01   
6.96833367E+01   
8.37559512E+01   
7.49880976E+01   
8.58453691E+01   
7.01357271E+01   
8.30152030E+01   
8.37208442E+01   
8.60781156E+01   
9.68369674E+01   
9.79470894E+01   
7.27889578E+01   
8.40901180E+01   
8.20184037E+01   
8.55042008E+01   
9.07716543E+01   
7.99711942E+01   
1.03738048E+02   
9.35094019E+01   
7.04276855E+01   
7.09158832E+01   
8.21093219E+01   
8.74196839E+01   
9.51177235E+01   
8.95130026E+01   
9.70324065E+01   
9.79815963E+01   
7.15246049E+01   
8.10424085E+01   
8.12903581E+01   
8.28365673E+01   
9.33215643E+01   
8.08005601E+01   
9.99306861E+01   
8.72898580E+01   
1.01662032E+02   
8.11009202E+01   
8.85494099E+01   
9.07249450E+01   
7.02426485E+01   
8.16324265E+01   
5.84748950E+01   
7.90231046E+01   
9.13283657E+01   
9.81650330E+01   
8.25654131E+01   
7.94697940E+01   
8.54657932E+01   
7.81909382E+01   
8.82179436E+01   
8.48188638E+01   
7.84585917E+01   
6.72658532E+01   
8.78328666E+01   
9.50110022E+01   
7.45830166E+01   
8.98428686E+01   
9.57633527E+01   
8.65930186E+01   
8.91302260E+01   
9.60188038E+01   
9.07549510E+01   
8.47517504E+01   
7.96491298E+01   
7.85052010E+01   
8.66559312E+01   
8.17958592E+01   
7.73371674E+01   
9.25256051E+01   
9.51936387E+01   
9.76992398E+01   
8.22180436E+01   
8.45373075E+01   
7.92621524E+01   
7.70926185E+01   
8.08015603E+01   
8.44524905E+01   
9.52186437E+01   
7.96595319E+01   
9.13074615E+01   
1.01222745E+02   
9.03455691E+01   
9.91296259E+01   
9.56410282E+01   
9.10682136E+01   
9.49468894E+01   
9.30646129E+01   
9.03234647E+01   
8.07716543E+01   
7.93045609E+01   
8.50691138E+01   
8.56051210E+01   
8.06610322E+01   
9.70212042E+01   
9.30837167E+01   
8.83221644E+01   
8.73479696E+01   
9.16969394E+01   
7.20091018E+01   
7.47063413E+01   
9.06771354E+01   
7.76787357E+01   
7.43479696E+01   
8.13470694E+01   
8.53517704E+01   
7.46806361E+01   
7.50204041E+01   
8.06801360E+01   
7.53507702E+01   
8.73515703E+01   
9.56879376E+01   
7.89859972E+01   
8.23946789E+01   
9.16412282E+01   
8.63971794E+01   
9.39810962E+01   
9.01129226E+01   
1.03610122E+02   
9.00013003E+01   
8.83730746E+01   
8.36971394E+01   
9.19590918E+01   
7.87592519E+01   
8.76788358E+01   
8.33368674E+01   
8.63352671E+01   
8.19657932E+01   
8.95202040E+01   
7.81674335E+01   
8.03284657E+01   
7.97625525E+01   
8.80491098E+01   
9.39852971E+01   
8.02933587E+01   
8.35024005E+01   
9.40204041E+01   
9.78687738E+01   
8.61720344E+01   
9.67139428E+01   
8.84664933E+01   
7.24050810E+01   
8.90164033E+01   
9.98484697E+01   
9.43695739E+01   
9.65770154E+01   
9.53192639E+01   
9.01174235E+01   
8.76185237E+01   
9.54737948E+01   
8.79141828E+01   
8.57219444E+01   
9.93880776E+01   
7.93558712E+01   
1.00020404E+02   
1.09611622E+02   
1.03600620E+02   
8.18933787E+01   
8.00391078E+01   
1.00764353E+02   
9.08857772E+01   
8.24366873E+01   
7.70839168E+01   
1.04729946E+02   
9.28018604E+01   
9.18769754E+01   
9.40236047E+01   
8.82956591E+01   
8.98837768E+01   
1.01378776E+02   
9.82245449E+01   
9.57375475E+01   
1.00219344E+02   
8.33416683E+01   
1.07104321E+02   
9.98561712E+01   
9.39587918E+01   
7.26532306E+01   
8.85514103E+01   
9.17526505E+01   
7.00984197E+01   
1.05838168E+02   
8.89252851E+01   
7.98378676E+01   
9.59236847E+01   
8.50954191E+01   
8.67660532E+01   
9.27507502E+01   
8.38514703E+01   
9.52535507E+01   
8.13835767E+01   
9.52222444E+01   
9.02355471E+01   
7.50140028E+01   
9.48080616E+01   
1.09065813E+02   
9.07551510E+01   
1.01906881E+02   
8.13859772E+01   
7.49036807E+01   
7.77877576E+01   
7.89575915E+01   
8.52506501E+01   
9.78079616E+01   
9.79977996E+01   
7.78992799E+01   
9.16440288E+01   
9.28952791E+01   
7.46416283E+01   
7.66408282E+01   
8.17683537E+01   
9.96422284E+01   
1.05755151E+02   
8.71423285E+01   
8.47679536E+01   
8.39010802E+01   
1.04149930E+02   
1.03152330E+02   
9.12628526E+01   
9.02612523E+01   
8.69845969E+01   
7.92267453E+01   
8.13625725E+01   
9.88233647E+01   
8.61696339E+01   
9.43034607E+01   
9.22556511E+01   
8.93999800E+01   
9.27831566E+01   
9.60814163E+01   
1.02489698E+02   
9.34864973E+01   
8.70910182E+01   
1.09641128E+02   
9.06320264E+01   
8.90978196E+01   
8.17907582E+01   
9.90204041E+01   
9.77021404E+01   
1.05951890E+02   
9.74071814E+01   
9.65707141E+01   
8.83662733E+01   
9.80080016E+01   
9.69141828E+01   
1.01021204E+02   
9.96316263E+01   
1.05360672E+02   
9.15098020E+01   
9.61919384E+01   
9.25002000E+01   
8.64087818E+01   
8.51935387E+01   
9.34111822E+01   
1.00055311E+02   
9.86240248E+01   
7.92296459E+01   
9.10160032E+01   
9.91991398E+01   
9.13858772E+01   
9.80196039E+01   
9.40417083E+01   
9.95814163E+01   
9.56429286E+01   
9.76059212E+01   
9.00345069E+01   
9.86087217E+01   
9.48159632E+01   
9.14353871E+01   
8.22196439E+01   
9.84155831E+01   
8.56172234E+01   
7.84165833E+01   
9.16219244E+01   
9.28122625E+01   
8.74124825E+01   
9.54329866E+01   
1.06029906E+02   
1.06241048E+02   
9.93862773E+01   
1.03276855E+02   
1.02358772E+02   
1.01403281E+02   
9.74438888E+01   
9.19482897E+01   
9.02295459E+01   
8.88821764E+01   
1.00366173E+02   
8.96100220E+01   
8.42702541E+01   
9.90192038E+01   
7.86116223E+01   
9.54267854E+01   
9.46108222E+01   
9.12451490E+01   
9.95649130E+01   
8.61984397E+01   
8.64267854E+01   
8.68379676E+01   
1.13964093E+02   
9.06607321E+01   
9.66639328E+01   
9.24311862E+01   
9.93700740E+01   
8.51924385E+01   
9.64303861E+01   
8.09805961E+01   
1.15748250E+02   
1.00909582E+02   
9.03354671E+01   
9.95115023E+01   
9.41916383E+01   
9.70220044E+01   
1.04605621E+02   
1.11604821E+02   
9.38493699E+01   
1.09610622E+02   
1.02169834E+02   
9.41079216E+01   
9.09494899E+01   
8.69248850E+01   
9.44733947E+01   
1.08604021E+02   
1.12819764E+02   
9.80741148E+01   
8.64379876E+01   
8.80172034E+01   
9.25030006E+01   
8.73761752E+01   
9.45952190E+01   
7.59016803E+01   
9.04391878E+01   
9.82558512E+01   
1.08717544E+02   
1.03348970E+02   
8.98675735E+01   
8.38273655E+01   
9.96346269E+01   
1.03429486E+02   
9.51930386E+01   
8.07239448E+01   
9.37133427E+01   
1.23024005E+02   
1.08310462E+02   
9.83057612E+01   
8.14471894E+01   
8.93000600E+01   
8.75967193E+01   
8.45888178E+01   
9.07419484E+01   
9.97451490E+01   
1.04295659E+02   
1.01540608E+02   
9.52564513E+01   
1.16369074E+02   
9.36482296E+01   
1.02553311E+02   
8.67168434E+01   
1.03270954E+02   
1.07677335E+02   
9.76230246E+01   
9.25482096E+01   
1.10532507E+02   
9.31991398E+01   
8.94559912E+01   
9.99542909E+01   
1.04960092E+02   
9.53343669E+01   
1.07391278E+02   
1.04529506E+02   
1.00022404E+02   
9.83077616E+01   
9.59770954E+01   
9.85804161E+01   
1.06783557E+02   
9.67570514E+01   
1.01520604E+02   
9.80425085E+01   
9.36896379E+01   
9.09011802E+01   
1.00561912E+02   
9.39067814E+01   
1.07460292E+02   
1.11914183E+02   
1.12579416E+02   
1.02572915E+02   
1.01248750E+02   
1.05914783E+02   
1.16148330E+02   
8.60906181E+01   
1.10937487E+02   
1.05917984E+02   
9.58876775E+01   
1.20159532E+02   
1.08984497E+02   
9.94691938E+01   
1.07709742E+02   
1.23581016E+02   
9.81673335E+01   
1.00017203E+02   
1.09077916E+02   
9.29564913E+01   
8.78251650E+01   
1.09733147E+02   
1.04398880E+02   
8.78307662E+01   
1.05298060E+02   
9.54650930E+01   
1.05567614E+02   
1.02657231E+02   
9.91996399E+01   
1.10130626E+02   
1.19202841E+02   
9.80921184E+01   
8.99335867E+01   
1.03563613E+02   
9.93596719E+01   
9.23911782E+01   
9.53935787E+01   
1.11442689E+02   
1.17137327E+02   
9.13979796E+01   
9.29403881E+01   
1.18021204E+02   
1.00403581E+02   
1.00022404E+02   
1.15022404E+02   
1.14712442E+02   
1.20020404E+02   
1.00648330E+02   
1.06708442E+02   
9.20685137E+01   
9.27283457E+01   
1.06663533E+02   
1.07840468E+02   
1.05741548E+02   
1.14954391E+02   
1.07160032E+02   
1.11224045E+02   
1.20955491E+02   
1.04682937E+02   
9.16160232E+01   
9.72935587E+01   
1.00957191E+02   
1.09802060E+02   
1.04486797E+02   
9.66092218E+01   
9.64766953E+01   
1.25553611E+02   
1.06198840E+02   
1.06905981E+02   
1.12721644E+02   
1.07907982E+02   
1.17549210E+02   
1.13749150E+02   
1.13712843E+02   
9.69184837E+01   
1.02912382E+02   
1.03133927E+02   
1.07902080E+02   
1.14145929E+02   
1.28694839E+02   
9.80212042E+01   
1.11068414E+02   
1.05404381E+02   
1.18499600E+02   
9.55900180E+01   
1.02543609E+02   
1.13107622E+02   
1.12680336E+02   
1.10150830E+02   
1.13146029E+02   
9.44611922E+01   
1.13179236E+02   
1.01384777E+02   
1.10909182E+02   
1.10690038E+02   
1.10912783E+02   
1.15304861E+02   
1.02396379E+02   
1.15817964E+02   
1.04901680E+02   
1.09759152E+02   
1.13927986E+02   
1.23600020E+02   
1.24022004E+02   
1.05079616E+02   
1.14366373E+02   
1.25701640E+02   
9.85064013E+01   
1.03968794E+02   
1.21847970E+02   
1.29779256E+02   
1.11856371E+02   
1.14647630E+02   
1.08401180E+02   
1.16003601E+02   
1.29065213E+02   
1.09081216E+02   
1.18291158E+02   
1.24242448E+02   
9.55804161E+01   
1.17906781E+02   
1.22486397E+02   
1.15184837E+02   
9.35108022E+01   
1.08902781E+02   
1.06061212E+02   
1.01539608E+02   
1.30011202E+02   
1.09080016E+02   
1.04460392E+02   
1.11542809E+02   
1.20999200E+02   
9.60488098E+01   
1.05517203E+02   
1.10015603E+02   
1.10013203E+02   
1.07035607E+02   
1.06005201E+02   
9.70372074E+01   
1.24012402E+02   
1.13523605E+02   
1.09520404E+02   
1.24534007E+02   
1.15017604E+02   
1.08528806E+02   
1.15997199E+02   
1.09038808E+02   
9.29891978E+01   
1.01050010E+02   
1.00014803E+02   
1.09005201E+02   
1.16046009E+02   
1.12565213E+02   
1.05447590E+02   
1.00570014E+02   
9.79991998E+01   
1.06553611E+02   
1.24105221E+02   
1.27970794E+02   
1.15010002E+02   
1.04024405E+02   
1.12465593E+02   
1.30127225E+02   
1.04879176E+02   
1.17039208E+02   
1.19080816E+02   
1.16533607E+02   
1.02829166E+02   
1.13684437E+02   
1.11603621E+02   
1.26097219E+02   
1.34589618E+02   
1.17311962E+02   
1.06536007E+02   
1.00400780E+02   
1.07019604E+02   
1.10250050E+02   
1.22966793E+02   
1.19630826E+02   
1.05168334E+02   
1.17242048E+02   
1.06343169E+02   
1.09153631E+02   
1.09056811E+02   
1.17917584E+02   
1.09200840E+02   
1.12359172E+02   
1.17547710E+02   
1.27341068E+02   
9.57728546E+01   
1.27543209E+02   
9.76563313E+01   
1.08266053E+02   
1.11148430E+02   
1.09502000E+02   
1.00891178E+02   
1.17632827E+02   
1.15636827E+02   
1.21501600E+02   
1.31307662E+02   
1.27073115E+02   
1.24741248E+02   
1.06301960E+02   
1.10798860E+02   
1.29346769E+02   
1.12237147E+02   
1.01650830E+02   
1.13654831E+02   
1.05022805E+02   
1.16022805E+02   
1.12854771E+02   
1.12776055E+02   
1.16312062E+02   
1.25206741E+02   
1.03431486E+02   
9.37856571E+01   
1.15384077E+02   
1.20554811E+02   
1.30274055E+02   
1.25306361E+02   
1.19236747E+02   
1.26215643E+02   
1.21425185E+02   
1.21354471E+02   
1.07820664E+02   
1.15368174E+02   
1.21355971E+02   
1.34304461E+02   
1.30719444E+02   
1.15267754E+02   
1.18844269E+02   
1.23139728E+02   
1.20828266E+02   
1.17631626E+02   
1.12558812E+02   
1.23635627E+02   
1.15407582E+02   
1.14793259E+02   
1.33328366E+02   
1.04101620E+02   
1.27563213E+02   
1.30508502E+02   
1.23079516E+02   
1.11730046E+02   
1.00901880E+02   
1.10562012E+02   
1.12698940E+02   
1.27398380E+02   
1.14420684E+02   
1.17892178E+02   
1.34116023E+02   
1.17673535E+02   
1.21025605E+02   
1.21389978E+02   
1.32570014E+02   
1.18386777E+02   
1.25848470E+02   
1.20090218E+02   
1.18943289E+02   
1.15926785E+02   
1.12049310E+02   
1.22219244E+02   
1.37027205E+02   
1.23338268E+02   
1.04624725E+02   
1.14368574E+02   
1.23474795E+02   
1.17821564E+02   
1.15228046E+02   
1.29231246E+02   
1.20610322E+02   
1.37575615E+02   
1.15129226E+02   
1.19450090E+02   
1.25169834E+02   
1.18453291E+02   
1.08262653E+02   
1.23012102E+02   
1.15691138E+02   
1.06798060E+02   
1.22802060E+02   
1.10588118E+02   
1.28573515E+02   
1.23024805E+02   
1.32255251E+02   
1.44352370E+02   
1.19233147E+02   
1.15023205E+02   
1.34937688E+02   
1.18466393E+02   
1.34345569E+02   
1.16661932E+02   
1.09312563E+02   
1.37731446E+02   
1.22391678E+02   
1.40330566E+02   
1.26405481E+02   
1.24462793E+02   
1.22898780E+02   
1.36715243E+02   
1.28717644E+02   
1.35720044E+02   
1.40250250E+02   
1.10675435E+02   
1.23633427E+02   
1.19930686E+02   
1.37251750E+02   
1.28094619E+02   
1.32927085E+02   
1.44136927E+02   
1.33783857E+02   
1.25753951E+02   
1.17888378E+02   
1.30056211E+02   
1.35399180E+02   
1.39180336E+02   
1.36887578E+02   
1.32173535E+02   
1.29740748E+02   
1.37026605E+02   
1.41605721E+02   
1.63315563E+02   
1.25585017E+02   
1.24440688E+02   
1.24891278E+02   
1.29025205E+02   
1.22471694E+02   
1.16531306E+02   
1.13223045E+02   
1.39328466E+02   
1.30419484E+02   
1.32600820E+02   
1.26062513E+02   
1.40141528E+02   
1.24447990E+02   
1.48227345E+02   
1.46234547E+02   
1.25086617E+02   
1.52398980E+02   
1.35974695E+02   
1.36769254E+02   
1.37226245E+02   
1.40738648E+02   
1.27057812E+02   
1.31609222E+02   
1.52117924E+02   
1.24278756E+02   
1.35024805E+02   
1.26856971E+02   
1.24776255E+02   
1.42201440E+02   
1.32446389E+02   
1.39275955E+02   
1.56614423E+02   
1.42587818E+02   
1.25439188E+02   
1.23024805E+02   
1.40306161E+02   
1.33679536E+02   
1.38851570E+02   
1.40846269E+02   
1.45382577E+02   
1.44681436E+02   
1.40907481E+02   
1.18184937E+02   
1.32873475E+02   
1.27667534E+02   
1.41482697E+02   
1.43025205E+02   
1.31533007E+02   
1.26437588E+02   
1.41067113E+02   
1.30470294E+02   
1.32651930E+02   
1.38489198E+02   
1.43625625E+02   
1.40898980E+02   
1.43216843E+02   
1.54599320E+02   
1.49604121E+02   
1.33860672E+02   
1.35469394E+02   
1.32009702E+02   
1.49222044E+02   
1.26626025E+02   
1.39832767E+02   
1.49831166E+02   
1.44218944E+02   
1.42228446E+02   
1.40632326E+02   
1.25828966E+02   
1.35426085E+02   
1.27622725E+02   
1.42232947E+02   
1.34636927E+02   
1.40591218E+02   
1.40865573E+02   
1.33837668E+02   
1.56236847E+02   
1.41805861E+02   
1.57444489E+02   
1.62843269E+02   
1.39402280E+02   
1.47028806E+02   
1.48662533E+02   
1.39395079E+02   
1.46305861E+02   
1.56999500E+02   
1.38279956E+02   
1.45821364E+02   
1.52129326E+02   
1.54763153E+02   
1.53946589E+02   
1.58030806E+02   
1.50859672E+02   
1.41151830E+02   
1.19482897E+02   
1.49293759E+02   
1.53309762E+02   
1.50863673E+02   
1.31849670E+02   
1.38310962E+02   
1.33478096E+02   
1.41094519E+02   
1.52644029E+02   
1.52083217E+02   
1.42291858E+02   
1.36880176E+02   
1.43791858E+02   
1.41103821E+02   
1.48105721E+02   
1.48191838E+02   
1.51882076E+02   
1.28219444E+02   
1.37993299E+02   
1.53705441E+02   
1.54647229E+02   
1.44029206E+02   
1.40648430E+02   
1.34649230E+02   
1.43789958E+02   
1.38445389E+02   
1.28129726E+02   
1.54861072E+02   
1.58275255E+02   
1.51300660E+02   
1.60051010E+02   
1.60238048E+02   
1.55309262E+02   
1.69888678E+02   
1.43672835E+02   
1.51398180E+02   
1.39904481E+02   
1.57405981E+02   
1.32020804E+02   
1.49292859E+02   
1.50008802E+02   
1.26786157E+02   
1.53181536E+02   
1.57011802E+02   
1.57797760E+02   
1.65857371E+02   
1.53774255E+02   
1.48835167E+02   
1.50846469E+02   
1.56846769E+02   
1.51271354E+02   
1.49946789E+02   
1.51196839E+02   
1.50238648E+02   
1.52826665E+02   
1.48182036E+02   
1.65358672E+02   
1.51169234E+02   
1.58800460E+02   
1.50695339E+02   
1.63569314E+02   
1.48859072E+02   
1.66383477E+02   
1.53687037E+02   
1.33118724E+02   
1.57208442E+02   
1.54579316E+02   
1.63847469E+02   
1.61031606E+02   
1.57307662E+02   
1.61393979E+02   
1.76614423E+02   
1.62614223E+02   
1.68507001E+02   
1.47752350E+02   
1.65031606E+02   
1.44904981E+02   
1.48387177E+02   
1.46819864E+02   
1.35952090E+02   
1.60803061E+02   
1.82107922E+02   
1.85321664E+02   
1.53807061E+02   
1.52316463E+02   
1.77206641E+02   
1.74589718E+02   
1.70614923E+02   
1.69933687E+02   
1.59385177E+02   
1.69323665E+02   
1.51737948E+02   
1.43969594E+02   
1.43092018E+02   
1.60326865E+02   
1.62812763E+02   
1.61845769E+02   
1.65734747E+02   
1.74127225E+02   
1.59737347E+02   
1.63533507E+02   
1.81382376E+02   
1.73288958E+02   
1.60260352E+02   
1.54768654E+02   
1.58160832E+02   
1.71990898E+02   
1.60993299E+02   
1.58420284E+02   
1.67303361E+02   
1.72998500E+02   
1.70630126E+02   
1.50890378E+02   
1.70933087E+02   
1.60571414E+02   
1.57531306E+02   
1.92662132E+02   
1.72407481E+02   
1.61377175E+02   
1.72060312E+02   
1.78592819E+02   
1.81426585E+02   
1.84013303E+02   
1.62057912E+02   
1.78695639E+02   
1.56808662E+02   
1.59420884E+02   
1.53637528E+02   
1.69014103E+02   
1.62692438E+02   
1.45718644E+02   
1.61680136E+02   
1.77621524E+02   
1.94730146E+02   
1.66036007E+02   
1.80049410E+02   
1.78670934E+02   
1.58409182E+02   
1.71351970E+02   
2.02694739E+02   
1.83038408E+02   
1.61035907E+02   
1.79363473E+02   
1.75707141E+02   
1.93059412E+02   
1.72325865E+02   
1.35699640E+02   
1.59054311E+02   
1.54677736E+02   
1.77082116E+02   
1.69015003E+02   
1.79047710E+02   
1.90652831E+02   
1.68733447E+02   
1.70674635E+02   
1.60377676E+02   
1.74416283E+02   
1.79977696E+02   
1.75685937E+02   
1.81772755E+02   
1.69036407E+02   
1.71109922E+02   
1.75287658E+02   
1.80901480E+02   
1.79550710E+02   
1.80215043E+02   
1.87214643E+02   
1.88393279E+02   
1.72842168E+02   
1.83066513E+02   
1.64033607E+02   
1.73675935E+02   
1.81391278E+02   
2.03189238E+02   
1.55477796E+02   
1.90001200E+02   
1.70508702E+02   
1.89628626E+02   
1.72894079E+02   
1.77581716E+02   
1.94034807E+02   
1.83546009E+02   
1.62306261E+02   
1.86303061E+02   
1.81247750E+02   
1.99139828E+02   
1.78926585E+02   
1.96626525E+02   
1.98410082E+02   
1.87063013E+02   
2.13329766E+02   
2.14412883E+02   
1.99286857E+02   
1.84478596E+02   
1.89666533E+02   
1.95908982E+02   
1.77103721E+02   
1.90038408E+02   
1.88693839E+02   
1.81482597E+02   
1.83081416E+02   
2.17548410E+02   
2.19459492E+02   
1.87422885E+02   
1.92351870E+02   
1.75342368E+02   
1.93805761E+02   
1.77581916E+02   
1.98264653E+02   
1.84649530E+02   
1.78536907E+02   
1.79095419E+02   
1.74697139E+02   
1.77078516E+02   
2.02383977E+02   
1.94232747E+02   
1.98051910E+02   
1.83401280E+02   
2.04551010E+02   
1.90452891E+02   
1.87605921E+02   
1.91558612E+02   
2.04621524E+02   
1.97643129E+02   
1.87841368E+02   
2.06545809E+02   
2.07036807E+02   
2.03315163E+02   
2.00872174E+02   
1.92426085E+02   
1.88229446E+02   
1.88603521E+02   
1.70284657E+02   
2.08668334E+02   
1.95441388E+02   
1.85825665E+02   
2.05631126E+02   
1.86229946E+02   
1.97850070E+02   
1.83979596E+02   
1.82155331E+02   
1.77105621E+02   
2.00090518E+02   
2.09068314E+02   
2.09548710E+02   
2.06623525E+02   
2.28128026E+02   
2.17369674E+02   
2.04556111E+02   
1.98394579E+02   
1.97486997E+02   
2.20988998E+02   
1.97620324E+02   
1.99195439E+02   
1.99919984E+02   
2.14572815E+02   
1.95797259E+02   
2.24562913E+02   
2.09480996E+02   
2.07764653E+02   
2.10186437E+02   
2.25608522E+02   
2.30483497E+02   
2.66046009E+02   
1.99873275E+02   
2.08606321E+02   
1.82737347E+02   
1.92229146E+02   
1.94407582E+02   
1.92396079E+02   
2.13421884E+02   
2.17351470E+02   
2.11006101E+02   
2.20346969E+02   
2.04889178E+02   
2.02759652E+02   
2.08481296E+02   
2.04580316E+02   
2.49706541E+02   
2.14946189E+02   
2.01536807E+02   
1.90758052E+02   
2.29116723E+02   
2.27572715E+02   
2.08829966E+02   
2.42325265E+02   
2.12306661E+02   
2.11742949E+02   
2.40026905E+02   
2.08802260E+02   
2.04578816E+02   
2.15502801E+02   
2.34131526E+02   
2.18405381E+02   
2.26409882E+02   
2.41785357E+02   
2.31591118E+02   
2.27629126E+02   
2.16711142E+02   
2.11343669E+02   
2.10742749E+02   
2.24119824E+02   
2.12310362E+02   
2.23626025E+02   
2.26384577E+02   
2.23761952E+02   
2.36919284E+02   
2.22247449E+02   
2.14307962E+02   
2.28520004E+02   
2.02500200E+02   
2.27209442E+02   
2.13053211E+02   
2.29451890E+02   
2.23928786E+02   
2.41353871E+02   
2.37891278E+02   
2.31411182E+02   
2.19156931E+02   
2.16880876E+02   
2.35951990E+02   
2.32659132E+02   
2.25782857E+02   
2.35180136E+02   
2.43968794E+02   
2.45021304E+02   
2.39969194E+02   
2.34528106E+02   
2.46496299E+02   
2.31660132E+02   
2.26725245E+02   
2.09389778E+02   
1.97325365E+02   
2.27374475E+02   
2.35377375E+02   
2.52722645E+02   
2.52284557E+02   
2.52815463E+02   
2.29610922E+02   
2.46996999E+02   
2.47542108E+02   
2.33075215E+02   
2.48761052E+02   
2.23370174E+02   
2.61474095E+02   
2.27072615E+02   
2.37304961E+02   
2.30557712E+02   
2.37283557E+02   
2.28799460E+02   
2.50792258E+02   
2.37564113E+02   
2.48291158E+02   
2.54310362E+02   
2.70531106E+02   
2.38057411E+02   
2.35802060E+02   
2.53595119E+02   
2.57040608E+02   
2.36432086E+02   
2.36411782E+02   
2.65884877E+02   
2.71506701E+02   
2.47209142E+02   
2.45828666E+02   
2.61832667E+02   
2.50025005E+02   
2.45779056E+02   
2.35200140E+02   
2.33866873E+02   
2.35564913E+02   
2.60878476E+02   
2.48941388E+02   
2.75403781E+02   
2.42131126E+02   
2.46451990E+02   
2.59725245E+02   
2.87169734E+02   
2.49880476E+02   
2.64098120E+02   
2.77669834E+02   
2.56083917E+02   
2.53600420E+02   
2.68181936E+02   
2.62994999E+02   
2.45107421E+02   
2.50405181E+02   
2.54575215E+02   
2.73829766E+02   
2.77353371E+02   
2.87158332E+02   
2.54617423E+02   
2.64651930E+02   
2.52656731E+02   
2.99878176E+02   
2.63080616E+02   
2.61813963E+02   
2.44747550E+02   
2.47431286E+02   
2.72827566E+02   
2.58675135E+02   
2.85283957E+02   
2.73825665E+02   
2.78283157E+02   
2.98407281E+02   
2.68204541E+02   
2.85005701E+02   
2.80559412E+02   
2.74963393E+02   
2.74056411E+02   
2.92056411E+02   
2.64082717E+02   
2.79254851E+02   
2.80504701E+02   
2.81815763E+02   
2.74624025E+02   
2.81172134E+02   
2.62845769E+02   
2.61931186E+02   
2.63279056E+02   
2.73047810E+02   
2.80283657E+02   
3.28718244E+02   
2.62054811E+02   
2.76195539E+02   
2.62231346E+02   
2.85052410E+02   
2.75989998E+02   
2.96346169E+02   
2.71474895E+02   
2.91047710E+02   
3.00711842E+02   
3.04891778E+02   
2.67688138E+02   
2.51564413E+02   
2.81601320E+02   
2.83207842E+02   
2.71549210E+02   
3.04912583E+02   
2.94267554E+02   
2.85917784E+02   
2.80778356E+02   
2.82399780E+02   
2.81445389E+02   
2.89996399E+02   
2.65339168E+02   
3.11384177E+02   
2.95057211E+02   
3.11743449E+02   
2.77210742E+02   
2.74846069E+02   
2.92846869E+02   
2.72143829E+02   
2.92968994E+02   
2.79759652E+02   
2.96900380E+02   
2.90816363E+02   
3.19648130E+02   
2.98300460E+02   
2.93707542E+02   
3.07384777E+02   
2.96754551E+02   
2.81164733E+02   
2.67170934E+02   
2.70440588E+02   
3.01389878E+02   
3.21654531E+02   
2.70089018E+02   
2.89688038E+02   
2.96427185E+02   
2.65274555E+02   
2.66438388E+02   
2.93062112E+02   
2.93660832E+02   
3.21453491E+02   
3.30066413E+02   
2.92646629E+02   
2.95454691E+02   
2.85676335E+02   
3.01655031E+02   
2.95850170E+02   
2.76198340E+02   
2.77295659E+02   
3.08147129E+02   
2.94220944E+02   
3.06061212E+02   
3.08866073E+02   
3.20140528E+02   
3.17343069E+02   
2.61234547E+02   
2.79431386E+02   
2.99579116E+02   
2.95411982E+02   
2.97136627E+02   
2.99680136E+02   
3.20639428E+02   
3.10681336E+02   
2.86399580E+02   
3.09109922E+02   
2.93773055E+02   
3.01112322E+02   
3.11575115E+02   
3.11416483E+02   
3.09499400E+02   
2.99200240E+02   
3.06368374E+02   
2.86435287E+02   
2.97246349E+02   
2.94313863E+02   
3.18362372E+02   
3.10976195E+02   
2.90250650E+02   
3.04328766E+02   
2.86413783E+02   
2.80056411E+02   
3.18322264E+02   
3.64549410E+02   
3.72074415E+02   
3.72074415E+02   
3.72074415E+02   
3.72074415E+02   
4.03191238E+02   
4.71270354E+02   
4.43171234E+02   
4.55387778E+02   
4.51529106E+02   
4.56373075E+02   
4.64380876E+02   
4.41336567E+02   
4.51175435E+02   
4.46490098E+02   
4.65478896E+02   
4.70159732E+02   
4.48616923E+02   
4.61970894E+02   
4.88876375E+02   
4.41827465E+02   
4.46864873E+02   
4.50567814E+02   
4.87309562E+02   
4.43948190E+02   
4.68057111E+02   
4.70634927E+02   
4.81750650E+02   
4.61946489E+02   
4.42398680E+02   
4.74006001E+02   
4.72239948E+02   
5.16370274E+02   
4.86219644E+02   
4.50748550E+02   
5.33014403E+02   
5.13450290E+02   
4.65117223E+02   
4.71260352E+02   
4.65594619E+02   
5.10909682E+02   
5.13602621E+02   
5.05431486E+02   
4.89598620E+02   
5.09628226E+02   
4.78869674E+02   
5.04029306E+02   
4.95821264E+02   
4.83631426E+02   
4.60914083E+02   
4.75583817E+02   
4.58255951E+02   
4.63716143E+02   
4.99230846E+02   
4.89685337E+02   
4.88805361E+02   
5.09293959E+02   
5.35846669E+02   
5.23034407E+02   
5.18534507E+02   
5.08391578E+02   
4.85738548E+02   
5.19252050E+02   
5.09478896E+02   
4.98575115E+02   
5.42230946E+02   
5.55681736E+02   
5.23517403E+02   
5.03069514E+02   
5.37210942E+02   
5.28383677E+02   
5.51155731E+02   
5.49781956E+02   
5.40269454E+02   
4.98789458E+02   
5.10653231E+02   
5.32716543E+02   
5.39143429E+02   
5.40962492E+02   
5.03963793E+02   
5.48986197E+02   
5.16012002E+02   
5.31856871E+02   
5.21053711E+02   
5.12648030E+02   
5.35011402E+02   
5.50617524E+02   
5.33520404E+02   
6.00217944E+02   
5.65735647E+02   
5.64078516E+02   
5.51165433E+02   
5.70764353E+02   
5.59214943E+02   
6.04408282E+02   
5.72229746E+02   
5.91568914E+02   
5.31158832E+02   
5.62947489E+02   
5.91255951E+02   
5.49684537E+02   
5.69682236E+02   
5.21669834E+02   
6.11850270E+02   
5.75531706E+02   
5.96523705E+02   
6.00464393E+02   
5.76313763E+02   
5.74526605E+02   
5.75873175E+02   
5.44972895E+02   
5.76222244E+02   
5.57417584E+02   
5.29249050E+02   
5.50772955E+02   
5.44328466E+02   
6.03402781E+02   
5.31166133E+02   
5.72524605E+02   
5.71927986E+02   
5.73707041E+02   
5.61595619E+02   
5.46452490E+02   
5.61632026E+02   
5.40842569E+02   
5.28308562E+02   
5.38841368E+02   
5.30372274E+02   
5.61127926E+02   
5.66455191E+02   
5.95328066E+02   
5.52424485E+02   
5.90200940E+02   
5.37726245E+02   
5.45225845E+02   
5.99137728E+02   
5.50305161E+02   
5.64211742E+02   
5.72984897E+02   
5.89200340E+02   
5.84373475E+02   
5.07314163E+02   
5.74691238E+02   
5.38142428E+02   
5.33961892E+02   
5.80357271E+02   
5.86615523E+02   
5.74876175E+02   
6.12147029E+02   
5.85924685E+02   
5.25571314E+02   
5.71700940E+02   
5.40910482E+02   
5.60227946E+02   
5.67945989E+02   
5.74479396E+02   
5.63458892E+02   
5.45056911E+02   
5.57466993E+02   
5.72520304E+02   
5.40237147E+02   
5.65117624E+02   
5.95827566E+02   
5.18063313E+02   
5.48459892E+02   
5.72993699E+02   
5.23511902E+02   
5.39385977E+02   
5.07145329E+02   
5.03517203E+02   
5.35255251E+02   
4.95899480E+02   
5.40977996E+02   
4.91525705E+02   
5.10371474E+02   
4.90463093E+02   
4.95566213E+02   
4.50005101E+02   
4.72745749E+02   
4.46550810E+02   
4.12858772E+02   
4.54421384E+02   
4.60867373E+02   
4.38198740E+02   
4.57869374E+02   
4.65779756E+02   
4.28899280E+02   
4.52588618E+02   
4.64010002E+02   
4.50168434E+02   
4.47446489E+02   
4.52052110E+02   
4.29918484E+02   
4.87808862E+02   
4.46325665E+02   
4.02614423E+02   
4.01495399E+02   
4.33991198E+02   
4.28669934E+02   
4.45466093E+02   
4.21048910E+02   
4.35595619E+02   
3.82386977E+02   
3.99078816E+02   
4.43352971E+02   
4.08815863E+02   
3.85664733E+02   
4.03277856E+02   
4.07083617E+02   
3.99680736E+02   
4.35999700E+02   
4.02347369E+02   
4.18404981E+02   
3.99104021E+02   
4.35941788E+02   
4.45484497E+02   
4.15059912E+02   
4.30885377E+02   
4.08886977E+02   
3.79270654E+02   
4.07173935E+02   
3.87646729E+02   
4.00510102E+02   
3.89890578E+02   
4.04640328E+02   
3.94238748E+02   
3.76007602E+02   
3.76614823E+02   
3.91434987E+02   
3.83460692E+02   
3.87704041E+02   
3.71076815E+02   
3.78257451E+02   
3.74255851E+02   
3.50417984E+02   
4.16286857E+02   
3.56811062E+02   
3.94548510E+02   
3.83817063E+02   
3.75970094E+02   
3.91587818E+02   
4.18295159E+02   
3.67546609E+02   
3.61845669E+02   
3.35266053E+02   
3.28297159E+02   
3.40608322E+02   
3.73838968E+02   
3.69578316E+02   
3.49907582E+02   
3.82738548E+02   
3.59736547E+02   
3.88071614E+02   
3.49498200E+02   
3.79155931E+02   
4.65087247E+02   
5.39907982E+02   
5.39907982E+02   
5.39907982E+02   
5.39907982E+02   
5.39907982E+02   
6.72960282E+02   
7.39024705E+02   
7.09175835E+02   
7.18124225E+02   
7.29687337E+02   
7.28073015E+02   
7.54468694E+02   
7.11295159E+02   
7.22113823E+02   
7.58487497E+02   
7.43401680E+02   
7.38558312E+02   
7.03295259E+02   
7.10119524E+02   
7.04003801E+02   
7.07204841E+02   
7.27470794E+02   
6.99084917E+02   
6.85845169E+02   
7.20646229E+02   
7.09208742E+02   
7.18173235E+02   
7.01201940E+02   
7.22815563E+02   
7.32474595E+02   
6.99769954E+02   
7.23845669E+02   
6.93305761E+02   
6.97494699E+02   
7.10458592E+02   
6.83215243E+02   
7.20751350E+02   
7.27593219E+02   
7.14353471E+02   
6.99883977E+02   
7.03987297E+02   
7.04240448E+02   
7.57699040E+02   
7.01530306E+02   
7.10263253E+02   
7.16406681E+02   
7.13455991E+02   
6.86318764E+02   
7.37473995E+02   
7.12778956E+02   
6.58487197E+02   
7.26869174E+02   
7.30327365E+02   
7.10265453E+02   
7.15904281E+02   
6.62029006E+02   
7.13328666E+02   
7.49841768E+02   
6.54637327E+02   
6.84446289E+02   
7.24002200E+02   
7.08369674E+02   
6.89142829E+02   
7.04863673E+02   
6.84036207E+02   
7.17255051E+02   
7.31764653E+02   
7.01034507E+02   
7.04688838E+02   
7.87444889E+02   
7.25056311E+02   
6.78704541E+02   
7.33956691E+02   
7.01920284E+02   
7.01214943E+02   
6.94459792E+02   
7.28391778E+02   
7.11599820E+02   
7.34645729E+02   
7.19586817E+02   
7.10310262E+02   
7.16730646E+02   
7.22185037E+02   
7.27768854E+02   
7.53486497E+02   
7.11179236E+02   
7.80846169E+02   
8.39684937E+02   
8.34621924E+02   
8.91170434E+02   
8.71992799E+02   
8.16167133E+02   
7.93638228E+02   
8.08758552E+02   
8.44387678E+02   
8.07836467E+02   
7.85520604E+02   
7.96245049E+02   
7.90118924E+02   
7.82503101E+02   
7.86347770E+02   
7.48913783E+02   
7.16233247E+02   
7.37900180E+02   
7.25787658E+02   
7.11336767E+02   
6.89635227E+02   
7.61547910E+02   
7.49265353E+02   
6.66895679E+02   
6.60912583E+02   
7.03244149E+02   
7.09774955E+02   
6.75386577E+02   
6.98380976E+02   
6.63826565E+02   
6.71918584E+02   
6.50957291E+02   
6.68391678E+02   
6.34998400E+02   
6.30930986E+02   
6.57161932E+02   
6.55575915E+02   
6.41155131E+02   
5.98745349E+02   
6.42917684E+02   
5.80403681E+02   
6.06366373E+02   
6.07212543E+02   
5.85879576E+02   
6.16882777E+02   
5.79974095E+02   
5.60675735E+02   
5.56807061E+02   
5.54412182E+02   
5.32376675E+02   
5.03237147E+02   
5.11129526E+02   
5.52771654E+02   
4.56690038E+02   
4.42959692E+02   
4.45060912E+02   
4.81487998E+02   
4.70260152E+02   
4.82815563E+02   
4.67551710E+02   
4.68000400E+02   
4.60135027E+02   
4.24692539E+02   
4.36762653E+02   
4.61857471E+02   
4.83541408E+02   
3.97115523E+02   
3.84177536E+02   
4.01230846E+02   
4.00000000E+02   
3.88296059E+02   
3.56375975E+02   
3.46609722E+02   
3.73160732E+02   
3.51123325E+02   
3.38104621E+02   
3.40341568E+02   
3.08265953E+02   
3.13726945E+02   
3.21082717E+02   
3.27981796E+02   
2.81487097E+02   
2.90274055E+02   
2.85881276E+02   
2.63031406E+02   
2.80131426E+02   
2.47269454E+02   
2.70875475E+02   
2.34242749E+02   
2.53025805E+02   
2.22233447E+02   
2.19951690E+02   
2.30101420E+02   
2.19978296E+02   
1.88236247E+02   
2.07952991E+02   
1.85111122E+02   
1.90036407E+02   
1.97979596E+02   
1.63213843E+02   
1.89940988E+02   
1.62005301E+02   
1.65053311E+02   
1.77050910E+02   
1.57039108E+02   
1.40102821E+02   
1.33043209E+02   
1.45001500E+02   
1.31059812E+02   
1.30043709E+02   
1.36989798E+02   
1.35039008E+02   
1.29014703E+02   
1.34036807E+02   
1.07031806E+02   
1.17019004E+02   
1.19022905E+02   
1.10018504E+02   
1.12025505E+02   
1.14010302E+02   
9.70371074E+01   
1.21010202E+02   
1.13060412E+02   
1.20965893E+02   
1.02025005E+02   
9.29969994E+01   
8.10742148E+01   
8.89863973E+01   
9.39505901E+01   
7.11143229E+01   
9.20155031E+01   
8.80269054E+01   
8.98911782E+01   
6.60408082E+01   
7.70294059E+01   
7.79847970E+01   
7.49977996E+01   
5.89621924E+01   
5.50464093E+01   
6.50589118E+01   
7.19949990E+01   
6.69428886E+01   
6.50843169E+01   
6.59590918E+01   
5.78872775E+01   
5.00423085E+01   
4.39720944E+01   
4.00697139E+01   
4.91511302E+01   
5.38539708E+01   
4.59950990E+01   
4.40366073E+01   
5.98641728E+01   
3.71542308E+01   
1.31917383E+02   
3.29282857E+01   
2.80531106E+01   
2.49729946E+01   
1.89375875E+01   
1.89689938E+01   
1.79496899E+01   
1.30016003E+01   
1.40756151E+01   
1.19275855E+01   
1.40402080E+01   
2.10024005E+01   
1.29621924E+01   
6.96059212E+00   
5.05097019E+00   
8.80176035E+00   
8.80176035E+00   
8.80176035E+00   
8.80176035E+00   
8.80176035E+00   
4.29921984E+00   
0.00000000E+00   
0.00000000E+00   
0.00000000E+00   
0.00000000E+00   
0.00000000E+00   
0.00000000E+00   
0.00000000E+00   
0.00000000E+00   
0.00000000E+00   
1.00000000E+00   
0.00000000E+00   
0.00000000E+00   
0.00000000E+00   
0.00000000E+00   
1.17223445E-01   
3.88277656E+00   
0.00000000E+00   
1.00000000E+00   
0.00000000E+00   
0.00000000E+00   
0.00000000E+00   
0.00000000E+00   
3.25065013E-02   
9.67493499E-01   
0.00000000E+00   
0.00000000E+00   
1.00000000E+00   
0.00000000E+00   
0.00000000E+00   
0.00000000E+00   
0.00000000E+00   
0.00000000E+00   
0.00000000E+00   
0.00000000E+00   
0.00000000E+00   
0.00000000E+00   
1.00000000E+00   
0.00000000E+00   
0.00000000E+00   
0.00000000E+00   
0.00000000E+00   
0.00000000E+00   
0.00000000E+00   
0.00000000E+00   
0.00000000E+00   
1.00000000E+00   
0.00000000E+00   
0.00000000E+00   
0.00000000E+00   
0.00000000E+00   
0.00000000E+00   
0.00000000E+00   
0.00000000E+00   
0.00000000E+00   
0.00000000E+00   
0.00000000E+00   
0.00000000E+00   
0.00000000E+00   
0.00000000E+00   
0.00000000E+00   
0.00000000E+00   
0.00000000E+00   
0.00000000E+00   
0.00000000E+00   
0.00000000E+00   
0.00000000E+00   
0.00000000E+00   
0.00000000E+00   
0.00000000E+00   
0.00000000E+00   
0.00000000E+00   
0.00000000E+00   
0.00000000E+00   
0.00000000E+00   
5.33106621E-02   
9.46689338E-01   
0.00000000E+00   
0.00000000E+00   
0.00000000E+00   
5.53110622E-02   
9.44688938E-01   
0.00000000E+00   
0.00000000E+00   
0.00000000E+00   
0.00000000E+00   
0.00000000E+00   
0.00000000E+00   
0.00000000E+00   
0.00000000E+00   
0.00000000E+00   
0.00000000E+00   
0.00000000E+00   
0.00000000E+00   
0.00000000E+00   
0.00000000E+00   
0.00000000E+00   
0.00000000E+00   
0.00000000E+00   
1.06291258E+00   
9.37087417E-01   
0.00000000E+00   
0.00000000E+00   
0.00000000E+00   
0.00000000E+00   
0.00000000E+00   
0.00000000E+00   
0.00000000E+00   
0.00000000E+00   
0.00000000E+00   
0.00000000E+00   
0.00000000E+00   
0.00000000E+00   
0.00000000E+00   
0.00000000E+00   
6.93138628E-02   
9.30686137E-01   
0.00000000E+00   
0.00000000E+00   
0.00000000E+00   
0.00000000E+00   
0.00000000E+00   
0.00000000E+00   
0.00000000E+00   
0.00000000E+00   
0.00000000E+00   
0.00000000E+00   
0.00000000E+00   
0.00000000E+00   
0.00000000E+00   
0.00000000E+00   
0.00000000E+00   
0.00000000E+00   
0.00000000E+00   
0.00000000E+00   
0.00000000E+00   
0.00000000E+00   
0.00000000E+00   
0.00000000E+00   
0.00000000E+00   
0.00000000E+00   
0.00000000E+00   
0.00000000E+00   
0.00000000E+00   
0.00000000E+00   
0.00000000E+00   
0.00000000E+00   
0.00000000E+00   
0.00000000E+00   
0.00000000E+00   
0.00000000E+00   
0.00000000E+00   
1.00000000E+00   
0.00000000E+00   
0.00000000E+00   
0.00000000E+00   
0.00000000E+00   
0.00000000E+00   
0.00000000E+00   
0.00000000E+00   
1.00000000E+00   
0.00000000E+00   
0.00000000E+00   
0.00000000E+00   
0.00000000E+00   
0.00000000E+00   
0.00000000E+00   
0.00000000E+00   
0.00000000E+00   
1.00000000E+00   
0.00000000E+00   
0.00000000E+00   
0.00000000E+00   
9.25185037E-02   
9.07481496E-01   
0.00000000E+00   
0.00000000E+00   
0.00000000E+00   
0.00000000E+00   
0.00000000E+00   
0.00000000E+00   
0.00000000E+00   
0.00000000E+00   
0.00000000E+00   
0.00000000E+00   
0.00000000E+00   
0.00000000E+00   
0.00000000E+00   
0.00000000E+00   
9.89197840E-02   
9.01080216E-01   
0.00000000E+00   
1.00120024E-01   
8.99879976E-01   
0.00000000E+00   
0.00000000E+00   
0.00000000E+00   
0.00000000E+00   
1.02520504E-01   
8.97479496E-01   
0.00000000E+00   
0.00000000E+00   
0.00000000E+00   
0.00000000E+00   
0.00000000E+00   
0.00000000E+00   
0.00000000E+00   
0.00000000E+00   
1.00000000E+00   
1.00000000E+00   
0.00000000E+00   
0.00000000E+00   
0.00000000E+00   
0.00000000E+00   
0.00000000E+00   
0.00000000E+00   
1.00000000E+00   
0.00000000E+00   
0.00000000E+00   
0.00000000E+00   
0.00000000E+00   
0.00000000E+00   
0.00000000E+00   
1.12522505E-01   
8.87477495E-01   
0.00000000E+00   
1.13722745E-01   
8.86277255E-01   
0.00000000E+00   
0.00000000E+00   
0.00000000E+00   
0.00000000E+00   
1.16123225E-01   
8.83876775E-01   
0.00000000E+00   
0.00000000E+00   
0.00000000E+00   
0.00000000E+00   
0.00000000E+00   
0.00000000E+00   
1.00000000E+00   
0.00000000E+00   
0.00000000E+00   
0.00000000E+00   
0.00000000E+00   
0.00000000E+00   
0.00000000E+00   
0.00000000E+00   
1.00000000E+00   
0.00000000E+00   
0.00000000E+00   
0.00000000E+00   
0.00000000E+00   
0.00000000E+00   
0.00000000E+00   
0.00000000E+00   
1.00000000E+00   
1.26125225E-01   
8.73874775E-01   
0.00000000E+00   
0.00000000E+00   
0.00000000E+00   
0.00000000E+00   
0.00000000E+00   
0.00000000E+00   
1.00000000E+00   
0.00000000E+00   
0.00000000E+00   
0.00000000E+00   
0.00000000E+00   
0.00000000E+00   
0.00000000E+00   
0.00000000E+00   
0.00000000E+00   
0.00000000E+00   
0.00000000E+00   
0.00000000E+00   
0.00000000E+00   
0.00000000E+00   
0.00000000E+00   
0.00000000E+00   
1.35727145E-01   
8.64272855E-01   
0.00000000E+00   
0.00000000E+00   
0.00000000E+00   
0.00000000E+00   
0.00000000E+00   
0.00000000E+00   
0.00000000E+00   
0.00000000E+00   
0.00000000E+00   
0.00000000E+00   
0.00000000E+00   
0.00000000E+00   
0.00000000E+00   
0.00000000E+00   
0.00000000E+00   
0.00000000E+00   
0.00000000E+00   
1.00000000E+00   
0.00000000E+00   
0.00000000E+00   
1.44528906E-01   
1.85547109E+00   
0.00000000E+00   
0.00000000E+00   
0.00000000E+00   
0.00000000E+00   
0.00000000E+00   
0.00000000E+00   
0.00000000E+00   
0.00000000E+00   
0.00000000E+00   
0.00000000E+00   
0.00000000E+00   
0.00000000E+00   
0.00000000E+00   
0.00000000E+00   
0.00000000E+00   
0.00000000E+00   
0.00000000E+00   
0.00000000E+00   
0.00000000E+00   
0.00000000E+00   
0.00000000E+00   
0.00000000E+00   
0.00000000E+00   
0.00000000E+00   
0.00000000E+00   
0.00000000E+00   
0.00000000E+00   
1.00000000E+00   
1.56531306E-01   
8.43468694E-01   
0.00000000E+00   
0.00000000E+00   
0.00000000E+00   
0.00000000E+00   
0.00000000E+00   
0.00000000E+00   
0.00000000E+00   
0.00000000E+00   
0.00000000E+00   
0.00000000E+00   
0.00000000E+00   
0.00000000E+00   
0.00000000E+00   
0.00000000E+00   
0.00000000E+00   
0.00000000E+00   
0.00000000E+00   
0.00000000E+00   
0.00000000E+00   
0.00000000E+00   
0.00000000E+00   
0.00000000E+00   
0.00000000E+00   
0.00000000E+00   
0.00000000E+00   
0.00000000E+00   
0.00000000E+00   
0.00000000E+00   
0.00000000E+00   
0.00000000E+00   
0.00000000E+00   
0.00000000E+00   
0.00000000E+00   
0.00000000E+00   
0.00000000E+00   
0.00000000E+00   
0.00000000E+00   
0.00000000E+00   
0.00000000E+00   
0.00000000E+00   
0.00000000E+00   
0.00000000E+00   
0.00000000E+00   
0.00000000E+00   
0.00000000E+00   
0.00000000E+00   
0.00000000E+00   
0.00000000E+00   
0.00000000E+00   
1.76935387E-01   
8.23064613E-01   
0.00000000E+00   
0.00000000E+00   
0.00000000E+00   
0.00000000E+00   
0.00000000E+00   
0.00000000E+00   
0.00000000E+00   
0.00000000E+00   
0.00000000E+00   
0.00000000E+00   
0.00000000E+00   
0.00000000E+00   
0.00000000E+00   
0.00000000E+00   
0.00000000E+00   
0.00000000E+00   
0.00000000E+00   
0.00000000E+00   
0.00000000E+00   
0.00000000E+00   
0.00000000E+00   
0.00000000E+00   
0.00000000E+00   
0.00000000E+00   
0.00000000E+00   
1.00000000E+00   
0.00000000E+00   
0.00000000E+00   
0.00000000E+00   
1.00000000E+00   
0.00000000E+00   
0.00000000E+00   
0.00000000E+00   
0.00000000E+00   
0.00000000E+00   
0.00000000E+00   
0.00000000E+00   
1.00000000E+00   
0.00000000E+00   
0.00000000E+00   
0.00000000E+00   
0.00000000E+00   
0.00000000E+00   
0.00000000E+00   
1.95339068E-01   
8.04660932E-01   
0.00000000E+00   
0.00000000E+00   
0.00000000E+00   
0.00000000E+00   
0.00000000E+00   
0.00000000E+00   
0.00000000E+00   
0.00000000E+00   
0.00000000E+00   
0.00000000E+00   
0.00000000E+00   
0.00000000E+00   
0.00000000E+00   
0.00000000E+00   
0.00000000E+00   
0.00000000E+00   
0.00000000E+00   
0.00000000E+00   
0.00000000E+00   
0.00000000E+00   
0.00000000E+00   
0.00000000E+00   
0.00000000E+00   
0.00000000E+00   
0.00000000E+00   
0.00000000E+00   
0.00000000E+00   
0.00000000E+00   
0.00000000E+00   
0.00000000E+00   
1.20814163E+00   
7.91858372E-01   
0.00000000E+00   
0.00000000E+00   
1.20974195E+00   
7.90258052E-01   
0.00000000E+00   
1.00000000E+00   
0.00000000E+00   
0.00000000E+00   
0.00000000E+00   
0.00000000E+00   
0.00000000E+00   
0.00000000E+00   
0.00000000E+00   
0.00000000E+00   
3.00000000E+00   
0.00000000E+00   
0.00000000E+00   
2.15743149E-01   
7.84256851E-01   
0.00000000E+00   
0.00000000E+00   
2.17343469E-01   
7.82656531E-01   
0.00000000E+00   
0.00000000E+00   
0.00000000E+00   
0.00000000E+00   
0.00000000E+00   
0.00000000E+00   
0.00000000E+00   
0.00000000E+00   
0.00000000E+00   
0.00000000E+00   
0.00000000E+00   
0.00000000E+00   
0.00000000E+00   
0.00000000E+00   
0.00000000E+00   
0.00000000E+00   
0.00000000E+00   
0.00000000E+00   
0.00000000E+00   
0.00000000E+00   
0.00000000E+00   
0.00000000E+00   
0.00000000E+00   
0.00000000E+00   
0.00000000E+00   
0.00000000E+00   
0.00000000E+00   
0.00000000E+00   
0.00000000E+00   
0.00000000E+00   
0.00000000E+00   
0.00000000E+00   
0.00000000E+00   
0.00000000E+00   
0.00000000E+00   
0.00000000E+00   
0.00000000E+00   
0.00000000E+00   
0.00000000E+00   
0.00000000E+00   
0.00000000E+00   
0.00000000E+00   
0.00000000E+00   
0.00000000E+00   
0.00000000E+00   
0.00000000E+00   
0.00000000E+00   
0.00000000E+00   
0.00000000E+00   
0.00000000E+00   
0.00000000E+00   
0.00000000E+00   
0.00000000E+00   
0.00000000E+00   
0.00000000E+00   
0.00000000E+00   
0.00000000E+00   
0.00000000E+00   
0.00000000E+00   
1.00000000E+00   
0.00000000E+00   
0.00000000E+00   
0.00000000E+00   
0.00000000E+00   
0.00000000E+00   
0.00000000E+00   
0.00000000E+00   
0.00000000E+00   
0.00000000E+00   
0.00000000E+00   
0.00000000E+00   
0.00000000E+00   
0.00000000E+00   
1.00000000E+00   
0.00000000E+00   
0.00000000E+00   
0.00000000E+00   
0.00000000E+00   
0.00000000E+00   
0.00000000E+00   
0.00000000E+00   
0.00000000E+00   
0.00000000E+00   
0.00000000E+00   
0.00000000E+00   
0.00000000E+00   
0.00000000E+00   
0.00000000E+00   
0.00000000E+00   
0.00000000E+00   
0.00000000E+00   
0.00000000E+00   
0.00000000E+00   
0.00000000E+00   
0.00000000E+00   
0.00000000E+00   
0.00000000E+00   
0.00000000E+00   
2.57351470E-01   
7.42648530E-01   
0.00000000E+00   
0.00000000E+00   
0.00000000E+00   
0.00000000E+00   
0.00000000E+00   
0.00000000E+00   
0.00000000E+00   
0.00000000E+00   
0.00000000E+00   
0.00000000E+00   
0.00000000E+00   
0.00000000E+00   
0.00000000E+00   
0.00000000E+00   
0.00000000E+00   
0.00000000E+00   
0.00000000E+00   
0.00000000E+00   
0.00000000E+00   
1.00000000E+00   
0.00000000E+00   
0.00000000E+00   
0.00000000E+00   
0.00000000E+00   
0.00000000E+00   
0.00000000E+00   
0.00000000E+00   
0.00000000E+00   
1.00000000E+00   
0.00000000E+00   
0.00000000E+00   
0.00000000E+00   
0.00000000E+00   
0.00000000E+00   
0.00000000E+00   
0.00000000E+00   
0.00000000E+00   
0.00000000E+00   
0.00000000E+00   
0.00000000E+00   
0.00000000E+00   
0.00000000E+00   
0.00000000E+00   
0.00000000E+00   
0.00000000E+00   
0.00000000E+00   
0.00000000E+00   
0.00000000E+00   
0.00000000E+00   
0.00000000E+00   
0.00000000E+00   
0.00000000E+00   
0.00000000E+00   
0.00000000E+00   
0.00000000E+00   
0.00000000E+00   
0.00000000E+00   
0.00000000E+00   
0.00000000E+00   
0.00000000E+00   
0.00000000E+00   
0.00000000E+00   
0.00000000E+00   
0.00000000E+00   
0.00000000E+00   
0.00000000E+00   
0.00000000E+00   
0.00000000E+00   
0.00000000E+00   
0.00000000E+00   
0.00000000E+00   
0.00000000E+00   
0.00000000E+00   
0.00000000E+00   
0.00000000E+00   
0.00000000E+00   
0.00000000E+00   
0.00000000E+00   
0.00000000E+00   
0.00000000E+00   
0.00000000E+00   
0.00000000E+00   
0.00000000E+00   
0.00000000E+00   
0.00000000E+00   
0.00000000E+00   
0.00000000E+00   
0.00000000E+00   
0.00000000E+00   
0.00000000E+00   
0.00000000E+00   
0.00000000E+00   
0.00000000E+00   
0.00000000E+00   
0.00000000E+00   
0.00000000E+00   
0.00000000E+00   
0.00000000E+00   
0.00000000E+00   
0.00000000E+00   
0.00000000E+00   
0.00000000E+00   
0.00000000E+00   
0.00000000E+00   
0.00000000E+00   
0.00000000E+00   
0.00000000E+00   
0.00000000E+00   
0.00000000E+00   
0.00000000E+00   
0.00000000E+00   
0.00000000E+00   
0.00000000E+00   
0.00000000E+00   
0.00000000E+00   
0.00000000E+00   
0.00000000E+00   
0.00000000E+00   
0.00000000E+00   
0.00000000E+00   
0.00000000E+00   
0.00000000E+00   
0.00000000E+00   
0.00000000E+00   
0.00000000E+00   
0.00000000E+00   
0.00000000E+00   
0.00000000E+00   
0.00000000E+00   
0.00000000E+00   
9.30486097E-01   
2.06951390E+00   
0.00000000E+00   
0.00000000E+00   
0.00000000E+00   
0.00000000E+00   
0.00000000E+00   
0.00000000E+00   
0.00000000E+00   
0.00000000E+00   
0.00000000E+00   
0.00000000E+00   
0.00000000E+00   
0.00000000E+00   
0.00000000E+00   
0.00000000E+00   
1.89937988E+00   
4.10062012E+00   
0.00000000E+00   
0.00000000E+00   
0.00000000E+00   
0.00000000E+00   
0.00000000E+00   
0.00000000E+00   
0.00000000E+00   
0.00000000E+00   
0.00000000E+00   
0.00000000E+00   
0.00000000E+00   
0.00000000E+00   
0.00000000E+00   
0.00000000E+00   
0.00000000E+00   
0.00000000E+00   
0.00000000E+00   
0.00000000E+00   
0.00000000E+00   
0.00000000E+00   
0.00000000E+00   
0.00000000E+00   
0.00000000E+00   
0.00000000E+00   
0.00000000E+00   
0.00000000E+00   
0.00000000E+00   
0.00000000E+00   
0.00000000E+00   
0.00000000E+00   
0.00000000E+00   
0.00000000E+00   
0.00000000E+00   
0.00000000E+00   
0.00000000E+00   
0.00000000E+00   
0.00000000E+00   
0.00000000E+00   
0.00000000E+00   
0.00000000E+00   
0.00000000E+00   
0.00000000E+00   
0.00000000E+00   
0.00000000E+00   
0.00000000E+00   
0.00000000E+00   
0.00000000E+00   
0.00000000E+00   
0.00000000E+00   
0.00000000E+00   
0.00000000E+00   
0.00000000E+00   
0.00000000E+00   
0.00000000E+00   
0.00000000E+00   
0.00000000E+00   
0.00000000E+00   
0.00000000E+00   
0.00000000E+00   
0.00000000E+00   
0.00000000E+00   
0.00000000E+00   
0.00000000E+00   
0.00000000E+00   
0.00000000E+00   
0.00000000E+00   
0.00000000E+00   
0.00000000E+00   
0.00000000E+00   
0.00000000E+00   
0.00000000E+00   
0.00000000E+00   
0.00000000E+00   
0.00000000E+00   
0.00000000E+00   
0.00000000E+00   
0.00000000E+00   
0.00000000E+00   
0.00000000E+00   
0.00000000E+00   
0.00000000E+00   
0.00000000E+00   
0.00000000E+00   
0.00000000E+00   
0.00000000E+00   
0.00000000E+00   
0.00000000E+00   
0.00000000E+00   
0.00000000E+00   
0.00000000E+00   
0.00000000E+00   
0.00000000E+00   
0.00000000E+00   
0.00000000E+00   
0.00000000E+00   
0.00000000E+00   
0.00000000E+00   
0.00000000E+00   
0.00000000E+00   
0.00000000E+00   
0.00000000E+00   
0.00000000E+00   
0.00000000E+00   
0.00000000E+00   
0.00000000E+00   
0.00000000E+00   
0.00000000E+00   
0.00000000E+00   
0.00000000E+00   
0.00000000E+00   
0.00000000E+00   
0.00000000E+00   
0.00000000E+00   
0.00000000E+00   
0.00000000E+00   
0.00000000E+00   
0.00000000E+00   
0.00000000E+00   
0.00000000E+00   
0.00000000E+00   
0.00000000E+00   
0.00000000E+00   
0.00000000E+00   
0.00000000E+00   
0.00000000E+00   
0.00000000E+00   
0.00000000E+00   
0.00000000E+00   
0.00000000E+00   
0.00000000E+00   
0.00000000E+00   
0.00000000E+00   
0.00000000E+00   
0.00000000E+00   
0.00000000E+00   
0.00000000E+00   
0.00000000E+00   
0.00000000E+00   
0.00000000E+00   
0.00000000E+00   
0.00000000E+00   
0.00000000E+00   
0.00000000E+00   
0.00000000E+00   
0.00000000E+00   
0.00000000E+00   
0.00000000E+00   
0.00000000E+00   
0.00000000E+00   
0.00000000E+00   
0.00000000E+00   
0.00000000E+00   
0.00000000E+00   
0.00000000E+00   
0.00000000E+00   
0.00000000E+00   
0.00000000E+00   
0.00000000E+00   
0.00000000E+00   
0.00000000E+00   
0.00000000E+00   
0.00000000E+00   
0.00000000E+00   
0.00000000E+00   
0.00000000E+00   
0.00000000E+00   
0.00000000E+00   
0.00000000E+00   
0.00000000E+00   
0.00000000E+00   
0.00000000E+00   
0.00000000E+00   
0.00000000E+00   
0.00000000E+00   
0.00000000E+00   
0.00000000E+00   
0.00000000E+00   
0.00000000E+00   
0.00000000E+00   
0.00000000E+00   
0.00000000E+00   
0.00000000E+00   
0.00000000E+00   
0.00000000E+00   
0.00000000E+00   
0.00000000E+00   
0.00000000E+00   
0.00000000E+00   
0.00000000E+00   
0.00000000E+00   
0.00000000E+00   
0.00000000E+00   
0.00000000E+00   
0.00000000E+00   
0.00000000E+00   
0.00000000E+00   
0.00000000E+00   
0.00000000E+00   
0.00000000E+00   
0.00000000E+00   
0.00000000E+00   
0.00000000E+00   
0.00000000E+00   
0.00000000E+00   
0.00000000E+00   
0.00000000E+00   
0.00000000E+00   
0.00000000E+00   
0.00000000E+00   
0.00000000E+00   
0.00000000E+00   
0.00000000E+00   
0.00000000E+00   
0.00000000E+00   
0.00000000E+00   
0.00000000E+00   
0.00000000E+00   
0.00000000E+00   
0.00000000E+00   
0.00000000E+00   
0.00000000E+00   
0.00000000E+00   
0.00000000E+00   
0.00000000E+00   
0.00000000E+00   
0.00000000E+00   
0.00000000E+00   
0.00000000E+00   
0.00000000E+00   
0.00000000E+00   
0.00000000E+00   
0.00000000E+00   
0.00000000E+00   
0.00000000E+00   
0.00000000E+00   
0.00000000E+00   
0.00000000E+00   
0.00000000E+00   
0.00000000E+00   
0.00000000E+00   
0.00000000E+00   
0.00000000E+00   
0.00000000E+00   
0.00000000E+00   
0.00000000E+00   
0.00000000E+00   
0.00000000E+00   
0.00000000E+00   
0.00000000E+00   
0.00000000E+00   
0.00000000E+00   
0.00000000E+00   
0.00000000E+00   
0.00000000E+00   
0.00000000E+00   
0.00000000E+00   
0.00000000E+00   
0.00000000E+00   
0.00000000E+00   
0.00000000E+00   
0.00000000E+00   
0.00000000E+00   
0.00000000E+00   
0.00000000E+00   
0.00000000E+00   
0.00000000E+00   
0.00000000E+00   
0.00000000E+00   
0.00000000E+00   
0.00000000E+00   
0.00000000E+00   
0.00000000E+00   
0.00000000E+00   
0.00000000E+00   
0.00000000E+00   
0.00000000E+00   
0.00000000E+00   
0.00000000E+00   
0.00000000E+00   
0.00000000E+00   
0.00000000E+00   
0.00000000E+00   
0.00000000E+00   
0.00000000E+00   
0.00000000E+00   
0.00000000E+00   
0.00000000E+00   
0.00000000E+00   
0.00000000E+00   
0.00000000E+00   
0.00000000E+00   
0.00000000E+00   
0.00000000E+00   
0.00000000E+00   
0.00000000E+00   
0.00000000E+00   
0.00000000E+00   
0.00000000E+00   
0.00000000E+00   
0.00000000E+00   
0.00000000E+00   
0.00000000E+00   
0.00000000E+00   
0.00000000E+00   
0.00000000E+00   
0.00000000E+00   
0.00000000E+00   
0.00000000E+00   
0.00000000E+00   
0.00000000E+00   
0.00000000E+00   
0.00000000E+00   
0.00000000E+00   
0.00000000E+00   
0.00000000E+00   
0.00000000E+00   
0.00000000E+00   
0.00000000E+00   
0.00000000E+00   
0.00000000E+00   
0.00000000E+00   
0.00000000E+00   
0.00000000E+00   
0.00000000E+00   
0.00000000E+00   
0.00000000E+00   
0.00000000E+00   
0.00000000E+00   
0.00000000E+00   
0.00000000E+00   
0.00000000E+00   
0.00000000E+00   
0.00000000E+00   
0.00000000E+00   
0.00000000E+00   
0.00000000E+00   
0.00000000E+00   
0.00000000E+00   
0.00000000E+00   
0.00000000E+00   
0.00000000E+00   
0.00000000E+00   
0.00000000E+00   
0.00000000E+00   
0.00000000E+00   
0.00000000E+00   
0.00000000E+00   
0.00000000E+00   
0.00000000E+00   
0.00000000E+00   
0.00000000E+00   
0.00000000E+00   
0.00000000E+00   
0.00000000E+00   
0.00000000E+00   
0.00000000E+00   
0.00000000E+00   
0.00000000E+00   
0.00000000E+00   
0.00000000E+00   
0.00000000E+00   
0.00000000E+00   
0.00000000E+00   
0.00000000E+00   
0.00000000E+00   
0.00000000E+00   
0.00000000E+00   
0.00000000E+00   
0.00000000E+00   
0.00000000E+00   
0.00000000E+00   
0.00000000E+00   
0.00000000E+00   
0.00000000E+00   
0.00000000E+00   
0.00000000E+00   
0.00000000E+00   
0.00000000E+00   
0.00000000E+00   
0.00000000E+00   
0.00000000E+00   
0.00000000E+00   
0.00000000E+00   
0.00000000E+00   
0.00000000E+00   
0.00000000E+00   
0.00000000E+00   
0.00000000E+00   
0.00000000E+00   
0.00000000E+00   
0.00000000E+00   
0.00000000E+00   
0.00000000E+00   
0.00000000E+00   
0.00000000E+00   
0.00000000E+00   
0.00000000E+00   
0.00000000E+00   
0.00000000E+00   
0.00000000E+00   
0.00000000E+00   
0.00000000E+00   
0.00000000E+00   
0.00000000E+00   
0.00000000E+00   
0.00000000E+00   
0.00000000E+00   
0.00000000E+00   
0.00000000E+00   
0.00000000E+00   
0.00000000E+00   
0.00000000E+00   
0.00000000E+00   
0.00000000E+00   
0.00000000E+00   
0.00000000E+00   
0.00000000E+00   
0.00000000E+00   
0.00000000E+00   
0.00000000E+00   
0.00000000E+00   
0.00000000E+00   
0.00000000E+00   
0.00000000E+00   
0.00000000E+00   
0.00000000E+00   
0.00000000E+00   
0.00000000E+00   
0.00000000E+00   
0.00000000E+00   
0.00000000E+00   
0.00000000E+00   
0.00000000E+00   
0.00000000E+00   
0.00000000E+00   
0.00000000E+00   
0.00000000E+00   
0.00000000E+00   
0.00000000E+00   
0.00000000E+00   
0.00000000E+00   
0.00000000E+00   
0.00000000E+00   
0.00000000E+00   
0.00000000E+00   
0.00000000E+00   
0.00000000E+00   
0.00000000E+00   
0.00000000E+00   
0.00000000E+00   
0.00000000E+00   
0.00000000E+00   
0.00000000E+00   
0.00000000E+00   
0.00000000E+00   
0.00000000E+00   
0.00000000E+00   
0.00000000E+00   
!IDEND=

