!FILE=Disk 
!KIND=Spectrum 
!LABORATORY=Oslo Cyclotron Laboratory (OCL) 
!EXPERIMENT= oslo_method_python 
!COMMENT=Made by OMpy 
!TIME=DATE:08-Sep-20 09:57:59   
!CALIBRATION EkeV=6, 0.000000E+00, 2.000400E+00, 0.000000E+00 
!PRECISION=16 
!DIMENSION=1,0:4999 
!CHANNEL=(0:4999) 
2.89543409E+02   
4.35100020E+02   
4.77087618E+02   
5.16691838E+02   
6.01120824E+02   
6.33693439E+02   
6.37071614E+02   
6.53196439E+02   
7.02188438E+02   
7.12773455E+02   
7.43969594E+02   
7.61000300E+02   
7.89938388E+02   
8.21914683E+02   
8.72146429E+02   
8.63624625E+02   
9.41878176E+02   
1.01342138E+03   
1.08461722E+03   
1.14492999E+03   
1.13937367E+03   
1.20092138E+03   
1.33128326E+03   
1.40681136E+03   
1.56803421E+03   
1.60238088E+03   
1.73897770E+03   
1.91972995E+03   
2.10625905E+03   
2.19963373E+03   
2.30281736E+03   
2.44212683E+03   
2.58116623E+03   
2.65523715E+03   
2.81667393E+03   
2.88797259E+03   
2.96446929E+03   
3.10750330E+03   
3.23525025E+03   
3.26121904E+03   
3.37143999E+03   
3.40052000E+03   
3.45401290E+03   
3.46612172E+03   
3.66434217E+03   
3.67693629E+03   
3.65773895E+03   
3.69129596E+03   
3.70571934E+03   
3.82167193E+03   
3.82804651E+03   
4.00583457E+03   
3.88179776E+03   
3.80411822E+03   
3.96730546E+03   
4.04544719E+03   
4.00049800E+03   
3.96077375E+03   
4.05032897E+03   
3.97395869E+03   
3.98450190E+03   
3.96468934E+03   
3.94526115E+03   
3.94412412E+03   
3.98904421E+03   
3.88903801E+03   
3.80183027E+03   
3.91021464E+03   
3.85520264E+03   
3.92340938E+03   
3.89521764E+03   
3.82484667E+03   
3.82608052E+03   
3.81857712E+03   
3.73796909E+03   
3.71610332E+03   
3.73083357E+03   
3.62879536E+03   
3.66975305E+03   
3.66290608E+03   
3.82305541E+03   
3.81487417E+03   
3.72480816E+03   
3.71047349E+03   
3.61832206E+03   
3.65715963E+03   
3.78113123E+03   
3.86873405E+03   
3.79623485E+03   
3.97672865E+03   
3.92309932E+03   
3.76168094E+03   
3.71610622E+03   
3.76034607E+03   
3.65404251E+03   
3.53369884E+03   
3.63787888E+03   
3.51204641E+03   
3.42381496E+03   
3.54409702E+03   
3.47762092E+03   
3.37283667E+03   
3.43045939E+03   
3.33339408E+03   
3.29503351E+03   
3.16517393E+03   
3.09132066E+03   
3.09480146E+03   
3.06753741E+03   
3.12342478E+03   
3.13631456E+03   
3.05445709E+03   
2.96513523E+03   
2.85803841E+03   
2.94158622E+03   
2.97133737E+03   
2.93325735E+03   
2.91950770E+03   
2.79806291E+03   
2.79812382E+03   
2.83624085E+03   
2.74252881E+03   
2.71062082E+03   
2.74709392E+03   
2.76799510E+03   
2.82480606E+03   
2.77233967E+03   
2.71265143E+03   
2.67716613E+03   
2.69348210E+03   
2.75923935E+03   
2.68510192E+03   
2.68698760E+03   
2.54562052E+03   
2.64217594E+03   
2.60329886E+03   
2.55707722E+03   
2.52630066E+03   
2.49084107E+03   
2.53706531E+03   
2.50241638E+03   
2.49235547E+03   
2.46729756E+03   
2.42498670E+03   
2.42793349E+03   
2.42530586E+03   
2.38533867E+03   
2.31264153E+03   
2.35539988E+03   
2.34162943E+03   
2.27244649E+03   
2.27162813E+03   
2.18116813E+03   
2.25120954E+03   
2.23237497E+03   
2.26628946E+03   
2.18856411E+03   
2.12648840E+03   
2.20945409E+03   
2.13550230E+03   
2.13173525E+03   
2.11360032E+03   
1.97171654E+03   
2.08884457E+03   
2.04308002E+03   
2.05868504E+03   
2.00887838E+03   
1.93849440E+03   
1.94741888E+03   
1.98994189E+03   
1.92728156E+03   
1.87674865E+03   
1.78907031E+03   
1.75040678E+03   
1.80480886E+03   
1.79029056E+03   
1.71698020E+03   
1.74065483E+03   
1.66876125E+03   
1.62589828E+03   
1.68248780E+03   
1.64026965E+03   
1.60717874E+03   
1.59558152E+03   
1.53586607E+03   
1.52403461E+03   
1.54337738E+03   
1.55419334E+03   
1.53633277E+03   
1.50697179E+03   
1.46903711E+03   
1.51418424E+03   
1.52584197E+03   
1.46798400E+03   
1.45155861E+03   
1.47324335E+03   
1.35614343E+03   
1.43532647E+03   
1.42002070E+03   
1.43464513E+03   
1.44179916E+03   
1.39589038E+03   
1.33804541E+03   
1.35768864E+03   
1.38385137E+03   
1.39351010E+03   
1.38702150E+03   
1.36903531E+03   
1.34417974E+03   
1.32000830E+03   
1.31051800E+03   
1.28312513E+03   
1.30125235E+03   
1.32812182E+03   
1.26995099E+03   
1.28786767E+03   
1.31883867E+03   
1.25605771E+03   
1.26362202E+03   
1.24672635E+03   
1.24513333E+03   
1.31225455E+03   
1.25672074E+03   
1.24348420E+03   
1.25412252E+03   
1.20963973E+03   
1.20163543E+03   
1.21605641E+03   
1.13376855E+03   
1.14726485E+03   
1.13373815E+03   
1.14474605E+03   
1.09985957E+03   
1.20085637E+03   
1.12335207E+03   
1.12116263E+03   
1.13146839E+03   
1.21126095E+03   
1.15490578E+03   
1.11496299E+03   
1.08934717E+03   
1.08404871E+03   
1.07068144E+03   
1.05906851E+03   
1.06633057E+03   
1.04583047E+03   
1.03478186E+03   
1.01345649E+03   
1.02518954E+03   
1.01861692E+03   
1.00880786E+03   
1.02903471E+03   
1.04877015E+03   
8.08898010E+02   
7.56751350E+02   
7.56751350E+02   
7.56751350E+02   
7.56751350E+02   
6.67867483E+02   
4.67696239E+02   
5.09989898E+02   
4.34638628E+02   
4.53935287E+02   
4.65412883E+02   
4.67516503E+02   
4.68970394E+02   
4.39053711E+02   
4.42653331E+02   
4.50160832E+02   
4.78224645E+02   
4.37196439E+02   
4.56059512E+02   
4.20740448E+02   
4.73309262E+02   
4.52383177E+02   
4.42019704E+02   
4.26879576E+02   
4.20973795E+02   
4.49034107E+02   
4.50079616E+02   
4.26268554E+02   
4.05613523E+02   
3.95082416E+02   
4.25603221E+02   
4.19155131E+02   
4.49702240E+02   
4.56151630E+02   
4.17729446E+02   
4.45076715E+02   
4.22774355E+02   
4.48174835E+02   
4.11441188E+02   
3.82079216E+02   
4.07609522E+02   
4.22255851E+02   
4.03554511E+02   
4.07278356E+02   
4.14983697E+02   
4.07890478E+02   
3.99544209E+02   
3.74694639E+02   
3.81281056E+02   
3.93836767E+02   
4.06885077E+02   
3.95649130E+02   
3.74210942E+02   
3.85718044E+02   
3.86665033E+02   
3.86574115E+02   
3.73100820E+02   
3.69578716E+02   
3.73452390E+02   
3.63945689E+02   
3.45184937E+02   
3.17951490E+02   
3.54947089E+02   
3.54442989E+02   
3.51934087E+02   
3.30223745E+02   
3.22587217E+02   
3.51070514E+02   
3.40729746E+02   
3.25869974E+02   
3.19110122E+02   
3.50730046E+02   
3.31695439E+02   
3.31128726E+02   
3.09574815E+02   
3.20179036E+02   
3.15484397E+02   
3.31799960E+02   
3.03859372E+02   
3.21900880E+02   
3.06295759E+02   
3.03902881E+02   
3.23456491E+02   
3.28446889E+02   
3.15298260E+02   
3.26254651E+02   
2.95527405E+02   
3.22873175E+02   
3.59799660E+02   
3.36703341E+02   
3.34783057E+02   
3.17686137E+02   
3.32080916E+02   
3.00871674E+02   
3.08950590E+02   
3.10175035E+02   
2.93503501E+02   
2.83981896E+02   
2.75202941E+02   
2.91665433E+02   
2.78793159E+02   
2.88184237E+02   
2.76255151E+02   
2.88066813E+02   
2.67054011E+02   
2.84904981E+02   
2.58695439E+02   
2.77782757E+02   
2.57651830E+02   
2.75431386E+02   
2.72505501E+02   
2.53555311E+02   
2.61092819E+02   
2.49878176E+02   
2.26283657E+02   
2.41934087E+02   
2.61517604E+02   
2.43104921E+02   
2.44237447E+02   
2.35157431E+02   
2.51348070E+02   
2.78097119E+02   
2.42500600E+02   
2.48359872E+02   
2.47591418E+02   
2.21626725E+02   
2.21909682E+02   
2.13915583E+02   
2.20483297E+02   
2.34946089E+02   
2.17881976E+02   
2.32468794E+02   
2.30744349E+02   
2.30939388E+02   
2.22270154E+02   
2.17494499E+02   
2.13012302E+02   
2.17046009E+02   
2.36268954E+02   
2.27851970E+02   
2.13072515E+02   
2.02332767E+02   
1.96805061E+02   
2.28334367E+02   
2.31928686E+02   
2.15368074E+02   
2.18472194E+02   
2.38307361E+02   
2.19157832E+02   
2.05364073E+02   
2.03688538E+02   
2.11793259E+02   
2.20308862E+02   
2.13717944E+02   
1.96075115E+02   
2.09682837E+02   
2.02688438E+02   
2.03088218E+02   
1.81378676E+02   
1.85355871E+02   
1.99696839E+02   
1.97036607E+02   
1.98711542E+02   
2.17709942E+02   
1.89372074E+02   
2.19393979E+02   
2.19043009E+02   
1.98692338E+02   
1.85018404E+02   
2.01432086E+02   
1.83625725E+02   
1.98733147E+02   
1.76038808E+02   
1.83661832E+02   
1.80363373E+02   
2.22891378E+02   
2.15659832E+02   
1.94534107E+02   
1.82122324E+02   
2.02442188E+02   
1.92961992E+02   
1.89364573E+02   
1.83666833E+02   
1.73710642E+02   
1.67636127E+02   
1.90787558E+02   
1.90388878E+02   
1.83009302E+02   
1.92683537E+02   
1.97837467E+02   
2.01944289E+02   
1.81782456E+02   
1.92753351E+02   
1.81682937E+02   
1.60820364E+02   
1.70354571E+02   
1.69673935E+02   
1.71672334E+02   
1.72393279E+02   
1.77972494E+02   
1.88730246E+02   
1.77441188E+02   
1.57305061E+02   
1.92050410E+02   
1.92309062E+02   
1.72054311E+02   
1.61818864E+02   
1.55771254E+02   
1.61244449E+02   
1.88143829E+02   
1.69979696E+02   
1.76605621E+02   
1.75208942E+02   
1.72036407E+02   
1.57791958E+02   
1.67593419E+02   
1.64221144E+02   
1.64968494E+02   
1.72409282E+02   
1.53831466E+02   
1.81128526E+02   
1.80448590E+02   
1.75412883E+02   
1.60177035E+02   
1.57361072E+02   
1.73104321E+02   
1.67106721E+02   
1.42417784E+02   
1.50105921E+02   
1.51722244E+02   
1.41628026E+02   
1.50757251E+02   
1.76645929E+02   
1.49919384E+02   
1.50282557E+02   
1.49203441E+02   
1.62554011E+02   
1.48246249E+02   
1.47759852E+02   
1.30087518E+02   
1.30897780E+02   
1.23999200E+02   
1.42800160E+02   
1.51824965E+02   
1.37041608E+02   
1.38322965E+02   
1.53131126E+02   
1.39627526E+02   
1.42533607E+02   
1.44019604E+02   
1.47950490E+02   
1.51418084E+02   
1.54029606E+02   
1.42029606E+02   
1.37514403E+02   
1.43096419E+02   
1.50662633E+02   
1.33323765E+02   
1.33799760E+02   
1.24730246E+02   
1.48669134E+02   
1.32204741E+02   
1.31971594E+02   
1.19203441E+02   
1.29442488E+02   
1.48417584E+02   
1.53180036E+02   
1.36240548E+02   
1.36026805E+02   
1.17317764E+02   
1.39701940E+02   
1.29770554E+02   
1.43737447E+02   
1.36159532E+02   
1.28051510E+02   
1.16488698E+02   
1.20851470E+02   
1.48299060E+02   
1.43165933E+02   
1.29463993E+02   
1.25886877E+02   
1.41878276E+02   
1.33031006E+02   
1.38598020E+02   
1.31456891E+02   
1.26743049E+02   
1.32754751E+02   
1.30706341E+02   
1.46622925E+02   
1.13725745E+02   
1.20330266E+02   
1.27720944E+02   
1.26335067E+02   
1.41590718E+02   
1.24836767E+02   
1.41131526E+02   
1.25751450E+02   
1.30192739E+02   
1.24061612E+02   
1.15583917E+02   
1.23910982E+02   
1.27861272E+02   
1.25247650E+02   
1.18526205E+02   
1.29410782E+02   
1.24194339E+02   
1.08025205E+02   
1.27991898E+02   
1.29783157E+02   
1.09974795E+02   
1.13998300E+02   
1.19652030E+02   
1.25929786E+02   
1.13853371E+02   
1.21564213E+02   
1.27479296E+02   
1.35025205E+02   
1.30307662E+02   
1.30300560E+02   
1.28299760E+02   
1.37110622E+02   
1.30676035E+02   
1.40075115E+02   
1.25945389E+02   
1.02520804E+02   
1.26796559E+02   
1.23118924E+02   
1.28393579E+02   
1.03826865E+02   
1.15489698E+02   
1.09824065E+02   
1.21087818E+02   
1.05958592E+02   
1.21819264E+02   
1.16107522E+02   
1.12730146E+02   
1.24964193E+02   
1.18703641E+02   
1.23970994E+02   
1.09496199E+02   
1.17818364E+02   
1.14549910E+02   
1.10642328E+02   
1.20759452E+02   
1.29760252E+02   
1.03718844E+02   
1.13543909E+02   
1.14061812E+02   
1.03096019E+02   
1.07428486E+02   
1.16212142E+02   
1.15122625E+02   
1.19762252E+02   
1.00763053E+02   
1.01333367E+02   
1.11425485E+02   
1.18205141E+02   
1.21561712E+02   
1.18067614E+02   
9.80018004E+01   
1.15550510E+02   
1.15733447E+02   
1.20054411E+02   
9.85413083E+01   
1.11259952E+02   
1.20474095E+02   
1.02313763E+02   
1.10006401E+02   
1.00526305E+02   
1.20771854E+02   
1.07027606E+02   
9.95197039E+01   
1.00271554E+02   
9.70116023E+01   
1.19045009E+02   
1.10766653E+02   
1.07264753E+02   
1.08269754E+02   
1.23279556E+02   
1.13257552E+02   
1.15801860E+02   
1.19039808E+02   
1.05746249E+02   
1.14287157E+02   
1.24309762E+02   
1.29939988E+02   
1.07241548E+02   
9.67750550E+01   
8.55325065E+01   
9.20200040E+01   
1.03232747E+02   
1.01080816E+02   
1.14669734E+02   
9.02688538E+01   
1.00329766E+02   
1.09297560E+02   
1.04339368E+02   
1.04461692E+02   
9.22864573E+01   
1.14321464E+02   
1.24546109E+02   
1.14071414E+02   
1.03738848E+02   
1.14261752E+02   
1.18550110E+02   
9.50461092E+01   
1.09545709E+02   
1.01425585E+02   
9.20241048E+01   
8.88416683E+01   
9.59692939E+01   
1.14960192E+02   
7.92294459E+01   
1.02514603E+02   
9.70208042E+01   
1.02485897E+02   
7.95736147E+01   
8.87838568E+01   
1.11232346E+02   
1.08337768E+02   
8.71724345E+01   
9.34802961E+01   
1.24802761E+02   
1.02088918E+02   
9.96238248E+01   
9.35044009E+01   
1.02760552E+02   
9.33347670E+01   
9.06106221E+01   
9.49738948E+01   
8.82465493E+01   
1.08662733E+02   
1.04990298E+02   
8.75325065E+01   
8.65677135E+01   
1.02772955E+02   
9.34706941E+01   
9.27065413E+01   
8.41335267E+01   
9.72377475E+01   
9.43409682E+01   
1.04132827E+02   
9.12389478E+01   
8.86887377E+01   
8.85773155E+01   
9.40049010E+01   
9.86768354E+01   
9.92795559E+01   
9.83639728E+01   
9.78989798E+01   
8.17368474E+01   
7.92696539E+01   
9.15825165E+01   
8.70188038E+01   
9.35374075E+01   
8.45002000E+01   
9.22349470E+01   
8.91554311E+01   
9.12501500E+01   
9.33599720E+01   
8.93080616E+01   
9.80911182E+01   
9.12281456E+01   
1.02735947E+02   
1.02463093E+02   
1.06148630E+02   
8.95042008E+01   
8.70164033E+01   
8.83256651E+01   
1.04964893E+02   
1.16232146E+02   
9.34414883E+01   
1.01859372E+02   
8.34374875E+01   
9.23911782E+01   
1.11767954E+02   
9.84378876E+01   
1.02020804E+02   
8.29235847E+01   
8.73943789E+01   
1.06298660E+02   
1.05085017E+02   
9.61966393E+01   
7.52532507E+01   
7.96583317E+01   
7.74700940E+01   
9.27445489E+01   
8.76097219E+01   
8.02380476E+01   
8.64067814E+01   
8.48015603E+01   
9.44341868E+01   
8.48233647E+01   
9.34107822E+01   
8.56188238E+01   
9.26110222E+01   
8.48188638E+01   
8.22163433E+01   
9.12202440E+01   
9.92287457E+01   
9.64052811E+01   
8.92347469E+01   
8.51854371E+01   
1.06436487E+02   
9.34428886E+01   
9.27904581E+01   
9.36257251E+01   
8.74102821E+01   
8.10180036E+01   
9.76281256E+01   
9.60461092E+01   
8.35739148E+01   
8.76301260E+01   
8.65651130E+01   
8.86646329E+01   
8.50180036E+01   
9.04415883E+01   
7.05118024E+01   
7.99525905E+01   
9.04475895E+01   
8.74039808E+01   
9.32096419E+01   
9.39177836E+01   
9.00697139E+01   
9.99630926E+01   
8.41310262E+01   
7.69712943E+01   
8.33223645E+01   
7.46409282E+01   
7.46425285E+01   
8.20172034E+01   
9.37142428E+01   
1.03277055E+02   
8.74309862E+01   
8.40164033E+01   
8.43854771E+01   
8.44631926E+01   
8.52005401E+01   
9.09163833E+01   
1.00116423E+02   
8.64687938E+01   
8.62925585E+01   
7.63782757E+01   
8.93819764E+01   
7.11985397E+01   
7.61004201E+01   
8.09962993E+01   
9.53143629E+01   
8.55544109E+01   
7.65520104E+01   
9.31574315E+01   
9.43766753E+01   
8.58418684E+01   
9.21973395E+01   
6.97889578E+01   
9.86033207E+01   
7.96040208E+01   
9.10821164E+01   
8.61236247E+01   
8.93907782E+01   
9.79406881E+01   
7.86681336E+01   
8.88010602E+01   
7.84866973E+01   
9.09367874E+01   
8.84639928E+01   
8.68810762E+01   
9.95032006E+01   
8.65616123E+01   
8.06485297E+01   
8.25772154E+01   
8.43118624E+01   
8.86777355E+01   
7.38646729E+01   
8.11713343E+01   
8.48270654E+01   
8.78902781E+01   
8.56721344E+01   
1.00180536E+02   
8.01893379E+01   
9.13486697E+01   
7.83470694E+01   
8.76833367E+01   
9.25196039E+01   
7.58310662E+01   
8.58734747E+01   
9.08382677E+01   
9.23958792E+01   
8.81453291E+01   
8.23426685E+01   
8.08782757E+01   
7.32614523E+01   
7.20404081E+01   
7.48518704E+01   
6.71745349E+01   
9.27289458E+01   
7.76177235E+01   
7.94150830E+01   
6.89723945E+01   
8.38550710E+01   
9.31120224E+01   
7.20749150E+01   
8.76480296E+01   
9.24359872E+01   
7.23302661E+01   
8.63286657E+01   
7.59515903E+01   
9.46764353E+01   
8.32417483E+01   
7.94288858E+01   
7.74662933E+01   
8.28614723E+01   
6.47085417E+01   
7.97101420E+01   
8.28646729E+01   
7.66958392E+01   
9.05572114E+01   
7.64078816E+01   
6.43783757E+01   
7.33525705E+01   
8.89634927E+01   
6.99716943E+01   
7.02661532E+01   
8.21661332E+01   
7.74206841E+01   
8.51268254E+01   
8.22423485E+01   
8.19461892E+01   
7.59352871E+01   
7.07209442E+01   
8.26017203E+01   
8.68220644E+01   
6.87888578E+01   
7.01404281E+01   
7.05800160E+01   
8.11722344E+01   
9.08597720E+01   
7.98722745E+01   
7.34430886E+01   
8.24467894E+01   
8.71616323E+01   
8.35826165E+01   
9.27392478E+01   
7.81490298E+01   
1.03042208E+02   
8.25503101E+01   
7.25932186E+01   
7.69928986E+01   
8.22254451E+01   
7.36596319E+01   
8.13500700E+01   
8.13984797E+01   
8.44981996E+01   
7.81162232E+01   
7.58774755E+01   
9.73764753E+01   
7.09724945E+01   
7.03740748E+01   
1.01982897E+02   
6.31776355E+01   
6.77433487E+01   
7.91473295E+01   
8.34080816E+01   
7.56841368E+01   
7.70852170E+01   
6.76810362E+01   
7.36770354E+01   
8.46192238E+01   
6.95409082E+01   
7.34067814E+01   
7.97075415E+01   
7.05783157E+01   
7.16228246E+01   
7.85906181E+01   
9.36308262E+01   
7.20752150E+01   
6.50124025E+01   
8.36074215E+01   
7.07993599E+01   
7.61073215E+01   
7.54089818E+01   
6.10128026E+01   
6.51385277E+01   
7.53883777E+01   
6.93865773E+01   
7.28924785E+01   
7.10098020E+01   
8.35289058E+01   
8.28950790E+01   
8.58792759E+01   
7.55259052E+01   
7.83839768E+01   
8.05033007E+01   
7.31361272E+01   
7.96842368E+01   
6.92240448E+01   
5.89757952E+01   
7.02932587E+01   
7.80594119E+01   
6.93253651E+01   
7.16572314E+01   
7.79508902E+01   
7.67239448E+01   
8.62498500E+01   
7.28974795E+01   
7.32478496E+01   
8.25495099E+01   
6.05942188E+01   
6.73595719E+01   
7.07825565E+01   
8.10970194E+01   
7.04728946E+01   
8.94461892E+01   
9.03567714E+01   
7.05639128E+01   
9.15671134E+01   
7.31400280E+01   
6.65734147E+01   
7.50109022E+01   
6.50147029E+01   
6.89075815E+01   
7.22281456E+01   
5.17679536E+01   
7.44754951E+01   
7.65759152E+01   
6.50132026E+01   
7.73644729E+01   
7.18773755E+01   
7.35099020E+01   
7.41249250E+01   
7.39762953E+01   
6.36956391E+01   
7.14380876E+01   
7.13816763E+01   
7.06455291E+01   
6.94316863E+01   
7.06584317E+01   
5.92618524E+01   
7.28057612E+01   
5.45278056E+01   
7.24985997E+01   
7.33195639E+01   
7.82999600E+01   
8.25082016E+01   
6.88241648E+01   
7.40136027E+01   
8.05130026E+01   
7.19158832E+01   
7.06119224E+01   
6.57168434E+01   
7.23103621E+01   
7.66211242E+01   
8.38197640E+01   
7.53079616E+01   
8.51117223E+01   
7.10144029E+01   
5.79182837E+01   
7.20148030E+01   
7.03960792E+01   
8.69690938E+01   
7.14901980E+01   
8.01097219E+01   
6.55775155E+01   
5.99459892E+01   
7.82433487E+01   
8.03864773E+01   
9.34487898E+01   
7.93973795E+01   
7.38329666E+01   
7.93800760E+01   
8.64716943E+01   
7.28282657E+01   
7.73855771E+01   
6.39095819E+01   
6.36348270E+01   
6.73277656E+01   
8.42815563E+01   
7.34545909E+01   
7.35379076E+01   
5.95770154E+01   
8.04079816E+01   
7.91359272E+01   
6.86683337E+01   
7.89889978E+01   
7.00366073E+01   
7.07592519E+01   
8.43410682E+01   
8.07660532E+01   
8.77684537E+01   
6.81804361E+01   
7.11063213E+01   
6.35786157E+01   
6.56839368E+01   
6.42805561E+01   
6.74205841E+01   
4.87386477E+01   
8.40490098E+01   
7.60152030E+01   
7.24910982E+01   
8.25393079E+01   
8.86226245E+01   
6.22670534E+01   
7.42336467E+01   
5.34013803E+01   
7.23974795E+01   
7.17811562E+01   
6.81747349E+01   
6.90764153E+01   
7.53329666E+01   
7.17896579E+01   
6.20901180E+01   
7.80893179E+01   
7.05725145E+01   
7.01902380E+01   
6.01566313E+01   
7.00673135E+01   
7.07363473E+01   
5.97960592E+01   
6.90124025E+01   
5.52251450E+01   
7.43060612E+01   
6.84358872E+01   
7.55248050E+01   
6.92928586E+01   
7.73937788E+01   
7.84971994E+01   
8.20148030E+01   
6.76919384E+01   
7.05396079E+01   
8.71437287E+01   
6.09499900E+01   
8.33520704E+01   
7.90829166E+01   
8.92983597E+01   
7.28001600E+01   
6.44034807E+01   
7.25269054E+01   
6.70108022E+01   
6.84409882E+01   
7.48256651E+01   
7.12031406E+01   
6.03870774E+01   
7.33948790E+01   
6.32612523E+01   
6.93798760E+01   
7.70725145E+01   
7.05908182E+01   
8.75367073E+01   
7.91955391E+01   
5.70179036E+01   
5.94829966E+01   
7.49550910E+01   
6.47638528E+01   
6.62633527E+01   
6.43550710E+01   
7.65026005E+01   
7.59586917E+01   
9.86809362E+01   
5.89578916E+01   
5.78460692E+01   
7.37394479E+01   
6.12845569E+01   
8.06360272E+01   
7.90681136E+01   
7.96969394E+01   
7.01743349E+01   
5.16930386E+01   
6.63898780E+01   
6.53743749E+01   
7.76560312E+01   
6.42677536E+01   
5.62136427E+01   
6.86636327E+01   
7.87185437E+01   
7.91146229E+01   
7.49674935E+01   
6.53050610E+01   
7.39185837E+01   
7.11567313E+01   
6.42012402E+01   
7.00585117E+01   
6.69654931E+01   
8.03720744E+01   
8.80629126E+01   
6.73764753E+01   
6.60140028E+01   
7.87934587E+01   
6.46279256E+01   
8.05773155E+01   
6.90144029E+01   
8.58018604E+01   
6.66059212E+01   
7.07188438E+01   
6.71375275E+01   
7.66851370E+01   
7.50966193E+01   
6.42153431E+01   
7.70922184E+01   
8.15010002E+01   
6.84062813E+01   
6.01672334E+01   
7.18591718E+01   
5.61640328E+01   
6.75639128E+01   
6.81271254E+01   
8.85041008E+01   
6.61040208E+01   
6.65446089E+01   
7.66256251E+01   
7.44721944E+01   
6.40132026E+01   
7.37403481E+01   
7.87804561E+01   
7.42856571E+01   
6.82134427E+01   
6.61761352E+01   
6.42363473E+01   
6.86917383E+01   
5.42319464E+01   
6.07318464E+01   
6.78915783E+01   
7.59549910E+01   
7.59862973E+01   
6.03680736E+01   
6.49537908E+01   
6.68698740E+01   
6.41830366E+01   
6.30120024E+01   
6.98208642E+01   
6.99340868E+01   
8.40160032E+01   
6.00943189E+01   
7.41690338E+01   
8.77340468E+01   
6.71911382E+01   
7.02100420E+01   
6.30349070E+01   
7.07733547E+01   
5.63406681E+01   
9.94590918E+01   
7.70409082E+01   
7.11285257E+01   
7.50811162E+01   
7.60574115E+01   
7.88258652E+01   
6.22021404E+01   
5.91949390E+01   
5.98724745E+01   
7.29745949E+01   
6.71463293E+01   
7.29001800E+01   
6.41222244E+01   
5.99226845E+01   
6.70132026E+01   
5.50470094E+01   
6.77978596E+01   
7.91947389E+01   
5.60289058E+01   
6.40281056E+01   
6.60869174E+01   
6.88363673E+01   
7.90857171E+01   
7.18898780E+01   
6.32163433E+01   
6.69720944E+01   
5.90245049E+01   
6.39268854E+01   
6.80027005E+01   
7.20374075E+01   
6.39921984E+01   
6.40883177E+01   
6.00120024E+01   
6.89925985E+01   
8.29011802E+01   
5.61155231E+01   
6.30047009E+01   
5.80784157E+01   
7.78948790E+01   
6.11040208E+01   
6.89563913E+01   
7.00343069E+01   
6.90136027E+01   
5.90535107E+01   
6.79418884E+01   
7.80209042E+01   
6.20471094E+01   
8.10169034E+01   
6.79975995E+01   
6.90107021E+01   
6.40347069E+01   
6.50066013E+01   
6.29850970E+01   
8.60142028E+01   
7.60158032E+01   
5.70354071E+01   
6.20145029E+01   
6.70095019E+01   
5.20132026E+01   
6.90171034E+01   
7.70024005E+01   
5.30228046E+01   
7.60064013E+01   
7.00147029E+01   
7.40263053E+01   
7.10148030E+01   
6.70358072E+01   
8.89898980E+01   
6.50101020E+01   
6.89904981E+01   
5.60018004E+01   
7.11047209E+01   
8.09235847E+01   
5.40368074E+01   
5.99998000E+01   
6.00195039E+01   
6.80128026E+01   
6.50207041E+01   
6.59965993E+01   
6.40994199E+01   
7.09708942E+01   
7.20429086E+01   
7.00156031E+01   
7.10568114E+01   
8.58780756E+01   
6.20453091E+01   
7.70822164E+01   
8.60513103E+01   
7.69306861E+01   
5.71156231E+01   
7.98599720E+01   
6.81069214E+01   
7.19873975E+01   
6.39857972E+01   
6.20283057E+01   
6.20744149E+01   
7.19070814E+01   
6.38219644E+01   
5.01873375E+01   
7.19622925E+01   
5.22335467E+01   
7.80514103E+01   
6.98918784E+01   
7.21425285E+01   
7.77927586E+01   
6.21652330E+01   
8.00546109E+01   
7.89367874E+01   
7.29335867E+01   
5.80753151E+01   
6.89088818E+01   
5.92489498E+01   
6.78634727E+01   
7.50586117E+01   
6.58785757E+01   
5.90355071E+01   
7.99422885E+01   
7.31550310E+01   
6.72084417E+01   
6.80419084E+01   
7.74652931E+01   
5.43913783E+01   
6.98593719E+01   
7.11702340E+01   
7.10415083E+01   
6.51778356E+01   
7.37425485E+01   
7.40136027E+01   
6.88720744E+01   
5.75283057E+01   
6.55531106E+01   
6.73959792E+01   
7.67484497E+01   
7.08624725E+01   
5.50120024E+01   
6.22919584E+01   
7.37005401E+01   
5.22030406E+01   
7.30140028E+01   
6.42756551E+01   
7.24874975E+01   
7.22118424E+01   
7.50132026E+01   
6.08759752E+01   
6.32892579E+01   
7.49445889E+01   
6.39074815E+01   
6.71564313E+01   
7.14137828E+01   
7.17618524E+01   
6.99046809E+01   
6.77897580E+01   
6.90124025E+01   
7.70507101E+01   
6.51289258E+01   
7.28966793E+01   
7.20128026E+01   
6.59728946E+01   
6.49720944E+01   
6.77447489E+01   
7.85670134E+01   
7.21393279E+01   
7.81778356E+01   
5.48118624E+01   
7.79728946E+01   
7.98858772E+01   
7.41445289E+01   
7.17517504E+01   
6.70571114E+01   
6.25661132E+01   
5.85505101E+01   
5.91050210E+01   
6.70607121E+01   
7.05058012E+01   
6.65246049E+01   
7.04498900E+01   
5.85805161E+01   
7.69672935E+01   
5.97249450E+01   
6.41098220E+01   
6.62587518E+01   
7.20152030E+01   
6.68654731E+01   
7.38127626E+01   
6.92152430E+01   
7.76051210E+01   
6.59592919E+01   
5.46852370E+01   
6.25448090E+01   
6.18011602E+01   
6.99132827E+01   
7.85356071E+01   
8.05284057E+01   
6.33901780E+01   
5.53957792E+01   
7.07951590E+01   
6.84025805E+01   
7.49608922E+01   
7.64532907E+01   
5.72959592E+01   
7.02428486E+01   
7.69584917E+01   
6.76102220E+01   
6.90128026E+01   
7.01889378E+01   
6.08957792E+01   
6.96561312E+01   
5.02504501E+01   
6.60727145E+01   
6.53770754E+01   
7.28929786E+01   
7.64449890E+01   
7.18933787E+01   
8.27671534E+01   
7.18266653E+01   
6.88242649E+01   
5.43299660E+01   
7.03978796E+01   
7.71807361E+01   
6.13998800E+01   
7.54697940E+01   
7.90996199E+01   
4.63407682E+01   
7.59468894E+01   
6.36132226E+01   
7.24794959E+01   
6.72157431E+01   
6.68785757E+01   
6.86967393E+01   
8.20176035E+01   
7.64646929E+01   
6.39448890E+01   
5.68529706E+01   
7.43156631E+01   
6.75198040E+01   
7.11542308E+01   
7.51558312E+01   
6.63012603E+01   
7.09428886E+01   
6.48693739E+01   
6.70140028E+01   
6.60140028E+01   
7.36444289E+01   
7.51606321E+01   
7.27886577E+01   
7.23636727E+01   
8.22636527E+01   
7.60907181E+01   
7.95573115E+01   
7.30895179E+01   
6.54733947E+01   
5.70181036E+01   
6.97818564E+01   
8.54661932E+01   
6.22477495E+01   
7.14083817E+01   
7.10148030E+01   
6.15353071E+01   
6.36549310E+01   
7.19348870E+01   
6.64473895E+01   
6.89905981E+01   
7.55257051E+01   
6.81794359E+01   
6.11810362E+01   
7.79332867E+01   
7.10973195E+01   
6.40955191E+01   
6.79276855E+01   
5.79434887E+01   
7.65904181E+01   
7.04415883E+01   
6.89300860E+01   
6.51019204E+01   
7.37097419E+01   
8.51026205E+01   
6.74106821E+01   
6.38738748E+01   
7.27181436E+01   
8.01276255E+01   
5.53475695E+01   
8.00321064E+01   
6.50914183E+01   
8.49268854E+01   
7.91096219E+01   
7.61039208E+01   
5.61047209E+01   
7.23812763E+01   
8.84767954E+01   
7.37390478E+01   
8.94329866E+01   
5.17573515E+01   
6.79515903E+01   
7.45448090E+01   
7.06355271E+01   
7.28688738E+01   
8.02522505E+01   
6.73968794E+01   
7.18221644E+01   
6.80468094E+01   
6.27869574E+01   
6.67933587E+01   
7.09392879E+01   
6.76019204E+01   
8.12246449E+01   
5.94076815E+01   
5.96147229E+01   
5.78105621E+01   
7.12150430E+01   
7.06051210E+01   
5.85152030E+01   
7.10420084E+01   
9.46946389E+01   
7.04004801E+01   
6.04983997E+01   
6.42786557E+01   
7.04307862E+01   
6.05284057E+01   
5.91151230E+01   
6.64772955E+01   
7.43348670E+01   
6.26435287E+01   
6.76016203E+01   
8.28492699E+01   
7.31211242E+01   
6.70148030E+01   
7.23373675E+01   
8.19080816E+01   
7.08240648E+01   
6.47937588E+01   
6.22107421E+01   
7.40291058E+01   
5.97699540E+01   
6.55834167E+01   
6.63445689E+01   
7.53468694E+01   
5.93457692E+01   
7.53481696E+01   
6.77889578E+01   
7.40273055E+01   
7.66770354E+01   
6.79934987E+01   
5.66065213E+01   
6.53023605E+01   
6.63056611E+01   
8.30621124E+01   
6.52831566E+01   
8.30894179E+01   
7.17809562E+01   
6.02462492E+01   
5.78964793E+01   
7.48358672E+01   
6.73084617E+01   
6.91853371E+01   
7.28418684E+01   
6.75371074E+01   
7.00120024E+01   
6.83311662E+01   
7.91741348E+01   
7.66172234E+01   
7.17733547E+01   
7.33793759E+01   
8.10406081E+01   
7.54011802E+01   
5.98516703E+01   
6.94161832E+01   
6.70997199E+01   
8.76670334E+01   
7.13869774E+01   
7.42668534E+01   
6.98876775E+01   
6.36358272E+01   
6.00112022E+01   
6.10324065E+01   
6.53701740E+01   
6.35209042E+01   
6.67791558E+01   
7.17137427E+01   
6.69340868E+01   
7.28864773E+01   
7.18526705E+01   
6.97883577E+01   
8.60136027E+01   
7.92742549E+01   
5.80993199E+01   
6.16672334E+01   
7.62766553E+01   
8.60144029E+01   
8.72204441E+01   
6.99410882E+01   
7.41479296E+01   
8.81487297E+01   
7.82209442E+01   
8.42729546E+01   
7.22834567E+01   
8.36635327E+01   
6.56371274E+01   
6.79670934E+01   
7.47457491E+01   
8.16074215E+01   
8.05080016E+01   
7.46623325E+01   
7.17409482E+01   
7.19093819E+01   
7.13191638E+01   
7.14020804E+01   
7.68752751E+01   
7.68949790E+01   
5.64144829E+01   
6.81559312E+01   
6.25922184E+01   
6.70144029E+01   
7.85886177E+01   
6.31518304E+01   
7.87318464E+01   
7.07284457E+01   
7.42971594E+01   
7.17324465E+01   
6.41591318E+01   
7.70021004E+01   
6.41416283E+01   
6.39018804E+01   
7.74959992E+01   
8.68027606E+01   
5.72795559E+01   
6.74525905E+01   
5.88648730E+01   
7.25327065E+01   
6.10846169E+01   
6.41212242E+01   
6.76516303E+01   
7.14174835E+01   
7.10140028E+01   
7.47133427E+01   
6.64653931E+01   
7.24677936E+01   
7.31064213E+01   
6.70132026E+01   
5.94701940E+01   
7.18616723E+01   
7.71671334E+01   
7.38608722E+01   
6.73993799E+01   
7.38569714E+01   
6.31667333E+01   
6.61675335E+01   
5.28572715E+01   
7.50395079E+01   
7.50473095E+01   
6.23609722E+01   
7.57017403E+01   
6.94877976E+01   
6.84894979E+01   
6.44349870E+01   
7.16009202E+01   
6.86993399E+01   
7.51452290E+01   
6.00483097E+01   
7.28948790E+01   
7.81751350E+01   
6.84034807E+01   
5.81415283E+01   
6.64709942E+01   
7.33938788E+01   
7.31287257E+01   
7.82451490E+01   
6.21563313E+01   
7.78176635E+01   
7.20748150E+01   
6.53154631E+01   
7.23450690E+01   
8.01879376E+01   
7.75114023E+01   
6.91811362E+01   
6.95146029E+01   
6.56829366E+01   
7.93454691E+01   
6.85254051E+01   
8.28192639E+01   
6.50472094E+01   
8.06493299E+01   
6.55030006E+01   
7.50692138E+01   
8.09955991E+01   
6.77225445E+01   
8.34789958E+01   
7.23294659E+01   
8.45298060E+01   
6.63598720E+01   
7.58432687E+01   
6.74573915E+01   
4.90944189E+01   
6.89731946E+01   
7.00144029E+01   
6.71891378E+01   
7.41899380E+01   
7.45418084E+01   
7.54329866E+01   
6.00128026E+01   
7.68964793E+01   
6.93690738E+01   
6.17257451E+01   
7.77716543E+01   
7.08360672E+01   
8.07628526E+01   
6.29068814E+01   
7.07313463E+01   
7.41947389E+01   
7.16545309E+01   
7.57373475E+01   
8.29291858E+01   
6.14689938E+01   
7.77414483E+01   
8.85597119E+01   
6.93806761E+01   
7.32689538E+01   
5.42124425E+01   
7.45666133E+01   
7.10943189E+01   
7.47529506E+01   
8.17196439E+01   
8.20128026E+01   
6.52440488E+01   
7.29678936E+01   
6.75734147E+01   
7.94471894E+01   
8.52694539E+01   
7.98300660E+01   
7.18741748E+01   
5.83299660E+01   
6.53898780E+01   
6.52542509E+01   
6.42007401E+01   
5.13435687E+01   
5.19676935E+01   
7.71046209E+01   
6.57781556E+01   
7.00539108E+01   
6.57809562E+01   
8.09768954E+01   
6.94700940E+01   
6.17538508E+01   
8.10762152E+01   
7.51776355E+01   
7.04034807E+01   
7.79904981E+01   
9.08881776E+01   
7.25576115E+01   
7.28375675E+01   
6.98001600E+01   
7.08319664E+01   
6.51730346E+01   
8.04558912E+01   
6.97966593E+01   
7.52139428E+01   
6.94224845E+01   
6.88105621E+01   
7.14141828E+01   
6.24151830E+01   
7.96141228E+01   
6.76182236E+01   
8.62175435E+01   
8.34008802E+01   
6.66436287E+01   
7.88156631E+01   
8.50023005E+01   
7.39982997E+01   
7.59942989E+01   
7.08293659E+01   
7.32420484E+01   
8.06057211E+01   
6.96595319E+01   
7.66936387E+01   
6.81051210E+01   
8.49822965E+01   
7.42211442E+01   
8.49766953E+01   
6.42203441E+01   
6.76378276E+01   
7.61790358E+01   
6.22672535E+01   
8.33384677E+01   
7.67905581E+01   
6.61774355E+01   
7.35420084E+01   
6.71698340E+01   
7.08589718E+01   
7.01069214E+01   
7.78601720E+01   
6.40761152E+01   
8.26538308E+01   
6.59478896E+01   
8.27996599E+01   
6.26562312E+01   
7.33701740E+01   
7.43040608E+01   
7.74466893E+01   
8.41526305E+01   
7.26638328E+01   
7.86318264E+01   
6.40516103E+01   
8.22768554E+01   
7.23601720E+01   
7.75063013E+01   
7.91755351E+01   
6.80417083E+01   
7.11081216E+01   
6.78716743E+01   
8.15938188E+01   
7.91169234E+01   
7.72363473E+01   
6.83448690E+01   
8.46863373E+01   
7.23496699E+01   
7.64587918E+01   
8.26763353E+01   
6.67892579E+01   
6.74602921E+01   
7.90323065E+01   
7.64662933E+01   
8.00907181E+01   
5.94634927E+01   
7.04985997E+01   
8.62068414E+01   
7.22818564E+01   
7.80655131E+01   
6.34682937E+01   
6.47860572E+01   
7.15254051E+01   
8.18155631E+01   
6.54706941E+01   
7.91609322E+01   
8.04750950E+01   
7.05553111E+01   
7.52459492E+01   
7.57844569E+01   
7.92467493E+01   
7.98558712E+01   
8.10341068E+01   
8.76223245E+01   
7.28506701E+01   
6.44814963E+01   
7.15473095E+01   
7.03113623E+01   
6.89521904E+01   
6.76633327E+01   
7.12506501E+01   
7.93774755E+01   
7.82950590E+01   
7.83814763E+01   
7.68836767E+01   
7.32519504E+01   
7.88250650E+01   
7.43962793E+01   
8.05843169E+01   
7.72535507E+01   
7.09006801E+01   
6.10887177E+01   
7.19777956E+01   
7.64067814E+01   
7.77000400E+01   
7.50148030E+01   
8.02889578E+01   
7.20136027E+01   
7.97708542E+01   
5.59583917E+01   
7.80164033E+01   
7.85285057E+01   
8.05269054E+01   
7.60358072E+01   
7.92389478E+01   
7.52607522E+01   
7.07858572E+01   
7.39697940E+01   
9.10184037E+01   
8.38054611E+01   
7.32411482E+01   
8.15291058E+01   
8.15177035E+01   
7.45161032E+01   
6.45111022E+01   
8.00118024E+01   
7.60154031E+01   
6.92667534E+01   
6.77634527E+01   
7.40152030E+01   
6.67512503E+01   
7.02635527E+01   
7.35449090E+01   
7.69845969E+01   
7.83289658E+01   
8.74856971E+01   
7.62395479E+01   
8.69969994E+01   
8.00318064E+01   
7.03313663E+01   
7.55085017E+01   
8.64592919E+01   
8.39893979E+01   
7.10132026E+01   
5.55275055E+01   
8.12111422E+01   
6.78804761E+01   
7.63668734E+01   
6.34087818E+01   
9.24984997E+01   
8.57182436E+01   
7.44940988E+01   
7.45339068E+01   
8.19709942E+01   
7.67512503E+01   
8.19352871E+01   
7.21843369E+01   
7.30152030E+01   
8.27014403E+01   
7.53289658E+01   
6.30694139E+01   
7.43214643E+01   
5.68616723E+01   
6.74254851E+01   
7.38676735E+01   
7.92177435E+01   
7.79386877E+01   
8.76204241E+01   
7.50140028E+01   
6.02811562E+01   
6.28170634E+01   
7.47669534E+01   
8.50693139E+01   
8.12855571E+01   
8.07107421E+01   
7.73585717E+01   
7.86020204E+01   
9.83974795E+01   
7.02049410E+01   
8.47448490E+01   
8.31147229E+01   
6.35652130E+01   
5.36433287E+01   
6.71939388E+01   
8.95655131E+01   
9.48315663E+01   
7.08251650E+01   
6.69340868E+01   
8.28183637E+01   
7.54628926E+01   
8.17368474E+01   
6.59791958E+01   
9.15320064E+01   
8.07831566E+01   
9.18023605E+01   
7.16286257E+01   
6.40144029E+01   
8.26845369E+01   
8.24592919E+01   
6.80619124E+01   
6.55723145E+01   
6.59736947E+01   
7.82596519E+01   
8.33354671E+01   
8.58929786E+01   
6.90160032E+01   
8.61701340E+01   
7.64500900E+01   
7.71450290E+01   
8.25998200E+01   
8.51327265E+01   
8.27217443E+01   
8.91673335E+01   
8.38801760E+01   
7.17402480E+01   
6.64382877E+01   
7.63006601E+01   
7.85867173E+01   
8.41691338E+01   
8.68806761E+01   
9.24323865E+01   
7.69853971E+01   
6.88947790E+01   
7.88814763E+01   
8.58597720E+01   
7.38565713E+01   
7.31433287E+01   
6.80770154E+01   
7.09822965E+01   
7.44705941E+01   
8.26843369E+01   
7.71377275E+01   
8.19824965E+01   
7.90916183E+01   
6.28425685E+01   
7.33071614E+01   
7.71898380E+01   
7.51325265E+01   
6.87196439E+01   
8.38510702E+01   
7.96547309E+01   
9.26079216E+01   
7.86095219E+01   
7.27532507E+01   
7.50132026E+01   
6.72863573E+01   
8.38053611E+01   
8.92134427E+01   
8.68389678E+01   
8.04092819E+01   
7.44244849E+01   
8.22142428E+01   
6.61149230E+01   
7.61201240E+01   
7.88129626E+01   
8.48253651E+01   
6.24889978E+01   
8.42926585E+01   
9.52735547E+01   
8.14120824E+01   
8.05891178E+01   
8.09658932E+01   
7.47585517E+01   
7.75378076E+01   
8.91005201E+01   
7.50704141E+01   
8.30188038E+01   
9.33424685E+01   
8.47627526E+01   
9.14938988E+01   
7.61685337E+01   
7.79387878E+01   
8.73976795E+01   
8.13362673E+01   
8.41642328E+01   
8.23976795E+01   
6.93960792E+01   
7.93602721E+01   
8.70885177E+01   
8.70196039E+01   
9.27080416E+01   
7.31474295E+01   
8.26415283E+01   
7.82027405E+01   
6.56403281E+01   
8.55233047E+01   
8.35878176E+01   
9.81907381E+01   
7.88492699E+01   
9.04015803E+01   
8.02695539E+01   
9.39653931E+01   
7.69125825E+01   
8.73832767E+01   
8.47473495E+01   
8.30617123E+01   
7.26491298E+01   
7.95609122E+01   
8.67421484E+01   
8.28880776E+01   
9.11018204E+01   
8.50168034E+01   
7.83760752E+01   
9.12990598E+01   
7.91271254E+01   
6.89433887E+01   
9.06603321E+01   
7.83395679E+01   
9.23403681E+01   
8.63716743E+01   
8.40172034E+01   
7.87213443E+01   
7.04744949E+01   
6.48300660E+01   
8.56932386E+01   
6.58322665E+01   
7.42258452E+01   
9.06277255E+01   
8.43861772E+01   
7.57278456E+01   
7.73427686E+01   
8.54079816E+01   
6.49813963E+01   
7.99724945E+01   
7.54088818E+01   
7.36255251E+01   
8.73774755E+01   
9.63176635E+01   
7.83487698E+01   
9.23495699E+01   
9.23609722E+01   
7.46725345E+01   
7.27021404E+01   
8.53446689E+01   
8.20142028E+01   
8.43532707E+01   
8.60159032E+01   
8.20149030E+01   
8.13386677E+01   
8.20411082E+01   
7.33149630E+01   
6.60602120E+01   
8.30109022E+01   
8.39775955E+01   
9.20485097E+01   
8.53170634E+01   
8.93523705E+01   
7.07066413E+01   
7.16780356E+01   
8.27997600E+01   
1.13572615E+02   
8.33567714E+01   
7.02942589E+01   
7.41032206E+01   
8.86541308E+01   
7.62846569E+01   
7.66979396E+01   
8.81503301E+01   
9.72503501E+01   
8.67912583E+01   
8.65544109E+01   
7.19836967E+01   
8.91137227E+01   
8.36389278E+01   
7.93615723E+01   
8.94357872E+01   
8.92897580E+01   
8.47885577E+01   
8.24724945E+01   
7.44860972E+01   
7.37621524E+01   
6.50990198E+01   
7.28907782E+01   
8.88339668E+01   
7.56486297E+01   
8.84288858E+01   
8.67654531E+01   
8.97183437E+01   
1.10316863E+02   
8.63152631E+01   
7.66652330E+01   
1.09240048E+02   
8.70309062E+01   
8.07782557E+01   
7.56632326E+01   
7.64302861E+01   
7.87699540E+01   
7.24302861E+01   
7.11430286E+01   
8.53719744E+01   
8.49724945E+01   
7.42820564E+01   
7.62225445E+01   
9.17375475E+01   
8.17283457E+01   
6.84450890E+01   
8.47323465E+01   
8.58090618E+01   
8.25078016E+01   
7.85022004E+01   
8.03284657E+01   
8.74186837E+01   
9.08973795E+01   
9.32960592E+01   
9.65450090E+01   
8.45733147E+01   
8.10363073E+01   
9.70868174E+01   
9.52936587E+01   
8.65657131E+01   
7.22903581E+01   
6.39196839E+01   
6.72897580E+01   
7.31083217E+01   
9.29365873E+01   
8.48249650E+01   
8.37479496E+01   
9.08486697E+01   
9.24513903E+01   
8.74220844E+01   
7.74044809E+01   
7.88534707E+01   
8.22258452E+01   
8.28618724E+01   
9.11741348E+01   
9.60180036E+01   
1.02387978E+02   
8.47220444E+01   
8.52809562E+01   
9.68251650E+01   
9.26170234E+01   
9.62748550E+01   
8.35285057E+01   
8.20342068E+01   
8.06254251E+01   
7.47745549E+01   
7.91355271E+01   
7.07585517E+01   
8.57701540E+01   
8.13915783E+01   
9.03969794E+01   
8.40126025E+01   
7.52644529E+01   
8.88860772E+01   
7.64097820E+01   
8.58860772E+01   
8.59074815E+01   
8.36953391E+01   
6.70712142E+01   
8.82588518E+01   
8.55347069E+01   
8.92978596E+01   
9.15970194E+01   
8.58282657E+01   
8.09182837E+01   
8.31591318E+01   
7.90714143E+01   
8.06655331E+01   
8.79031806E+01   
1.02254051E+02   
7.52659532E+01   
7.42373475E+01   
8.38648730E+01   
8.75559112E+01   
7.58628726E+01   
8.14748950E+01   
7.74015803E+01   
7.95615123E+01   
9.62440488E+01   
8.19193839E+01   
7.99514903E+01   
7.71358272E+01   
8.65070014E+01   
9.76244249E+01   
9.16276255E+01   
8.67414483E+01   
9.49670934E+01   
9.36288258E+01   
8.36280256E+01   
9.90625125E+01   
8.34500900E+01   
9.73265653E+01   
9.71963393E+01   
9.06998400E+01   
7.28705741E+01   
7.61935387E+01   
7.87718544E+01   
9.84111822E+01   
9.91493299E+01   
9.88368674E+01   
8.74609922E+01   
7.22055411E+01   
8.54513903E+01   
9.95379076E+01   
9.74642929E+01   
7.64530906E+01   
7.45954191E+01   
9.48139628E+01   
9.22082416E+01   
9.18318664E+01   
9.30181036E+01   
8.98137628E+01   
9.20226045E+01   
1.01018904E+02   
8.66078216E+01   
8.14100820E+01   
1.01466293E+02   
9.01609322E+01   
7.72088418E+01   
8.78358672E+01   
9.12808562E+01   
1.06195739E+02   
9.51901380E+01   
9.28036607E+01   
8.89908982E+01   
8.94482897E+01   
9.80471094E+01   
7.89234847E+01   
6.68267654E+01   
9.47504501E+01   
9.75382076E+01   
9.90970194E+01   
9.80212042E+01   
9.65685137E+01   
9.25198040E+01   
9.80603121E+01   
7.73764753E+01   
7.96044209E+01   
8.21222244E+01   
9.08407682E+01   
9.79612923E+01   
9.66651330E+01   
9.43692739E+01   
9.59705941E+01   
8.01297259E+01   
9.75007001E+01   
9.31237247E+01   
8.32619524E+01   
1.12531306E+02   
1.05245349E+02   
8.95431086E+01   
8.26004201E+01   
8.21832366E+01   
7.86823365E+01   
8.34339868E+01   
9.21820364E+01   
7.64343869E+01   
9.00374075E+01   
9.37652531E+01   
9.42779556E+01   
9.00495099E+01   
8.61537307E+01   
9.70781156E+01   
9.64932987E+01   
8.68579716E+01   
9.56049210E+01   
9.02718544E+01   
9.43529706E+01   
9.71042208E+01   
9.34030806E+01   
1.03750050E+02   
8.37155431E+01   
8.78992799E+01   
9.88687738E+01   
9.74688938E+01   
8.30385077E+01   
9.65345069E+01   
9.87742549E+01   
8.94302861E+01   
9.41648330E+01   
8.74390878E+01   
9.95936187E+01   
9.41657331E+01   
8.54478896E+01   
8.70165033E+01   
9.08771754E+01   
9.32889578E+01   
9.09132827E+01   
9.48696739E+01   
8.29666933E+01   
8.34658932E+01   
8.59042809E+01   
1.04560912E+02   
9.70463093E+01   
9.44527906E+01   
1.09152831E+02   
9.01512302E+01   
9.33215643E+01   
9.84978996E+01   
9.40598120E+01   
9.55011002E+01   
8.44036807E+01   
8.85808162E+01   
9.12007401E+01   
8.87725545E+01   
1.03952290E+02   
7.55796159E+01   
8.92091418E+01   
9.54579916E+01   
7.38709742E+01   
9.29702941E+01   
9.59774955E+01   
9.48557712E+01   
9.37787558E+01   
9.78702741E+01   
9.99561912E+01   
8.67610522E+01   
1.10213843E+02   
1.17384177E+02   
1.04133627E+02   
8.00192038E+01   
9.09112823E+01   
9.14602921E+01   
1.08023505E+02   
1.10352871E+02   
1.05011302E+02   
8.74639928E+01   
1.08108122E+02   
7.54607922E+01   
7.80391078E+01   
1.04760152E+02   
1.12619824E+02   
1.06019204E+02   
7.92240448E+01   
8.98570714E+01   
8.97285457E+01   
8.18171634E+01   
9.76141228E+01   
8.77187437E+01   
8.33699740E+01   
9.22430486E+01   
1.05080216E+02   
9.58962793E+01   
1.01831566E+02   
9.15837167E+01   
1.01367473E+02   
8.71209242E+01   
9.65615123E+01   
8.90162032E+01   
9.06614323E+01   
1.00842769E+02   
8.88141628E+01   
9.14914983E+01   
9.77356471E+01   
1.02103221E+02   
9.45592118E+01   
9.56803361E+01   
9.01028206E+01   
9.73951790E+01   
1.01775155E+02   
1.11047710E+02   
9.10172034E+01   
8.90023005E+01   
9.14241848E+01   
9.61639328E+01   
8.94783957E+01   
8.42511502E+01   
1.17331966E+02   
1.02559212E+02   
1.09852871E+02   
9.95083017E+01   
8.86717343E+01   
9.15179036E+01   
9.35149030E+01   
1.01737948E+02   
9.58131626E+01   
1.03032106E+02   
8.41463293E+01   
9.92196439E+01   
1.05550810E+02   
1.00161132E+02   
1.03829966E+02   
8.23145629E+01   
8.78895779E+01   
8.18927786E+01   
9.83655731E+01   
8.96696339E+01   
1.01662332E+02   
1.07847169E+02   
1.13726445E+02   
1.10720844E+02   
1.09131226E+02   
1.02434787E+02   
7.91820364E+01   
8.78555711E+01   
1.06018804E+02   
9.70708142E+01   
9.79155831E+01   
1.05221244E+02   
9.66691338E+01   
9.96928386E+01   
8.85912182E+01   
1.08687538E+02   
9.85805161E+01   
9.59438888E+01   
1.09994499E+02   
9.59275855E+01   
9.44523905E+01   
9.64971994E+01   
9.97691538E+01   
1.13380776E+02   
1.07746449E+02   
1.03139628E+02   
1.01134827E+02   
9.45736147E+01   
9.43135627E+01   
1.08574415E+02   
9.85368074E+01   
1.08501600E+02   
1.03233547E+02   
1.14772054E+02   
9.95040008E+01   
1.09442388E+02   
9.62960592E+01   
9.47487497E+01   
8.91664333E+01   
9.99623925E+01   
1.02506401E+02   
9.96392278E+01   
9.88887778E+01   
9.59215843E+01   
9.87280456E+01   
8.71100220E+01   
9.44131826E+01   
8.80176035E+01   
9.69343869E+01   
9.51008202E+01   
1.03527205E+02   
1.10925185E+02   
8.80564113E+01   
1.00511202E+02   
9.20040008E+01   
1.03543609E+02   
9.35124025E+01   
1.01060812E+02   
1.13434387E+02   
9.80948190E+01   
9.84899980E+01   
9.65044009E+01   
9.00884177E+01   
9.84671934E+01   
1.10467994E+02   
9.90756151E+01   
8.85292058E+01   
1.11984797E+02   
1.02047209E+02   
9.15052010E+01   
1.02018804E+02   
9.95456091E+01   
1.12000800E+02   
1.07526005E+02   
9.15188038E+01   
1.11523605E+02   
1.15522805E+02   
1.10500400E+02   
8.60220044E+01   
1.03539208E+02   
1.07509602E+02   
1.01019604E+02   
1.12032406E+02   
9.30284057E+01   
9.59819964E+01   
9.50532106E+01   
1.09069214E+02   
1.07499200E+02   
1.13967193E+02   
1.02983197E+02   
9.26256251E+01   
1.01955591E+02   
1.21034007E+02   
9.55584117E+01   
9.89583917E+01   
1.07052811E+02   
9.65120024E+01   
1.10038808E+02   
1.02434787E+02   
1.16177636E+02   
9.54511902E+01   
1.21086017E+02   
1.08422785E+02   
1.03508402E+02   
9.95316063E+01   
1.10995199E+02   
9.45576115E+01   
1.13258052E+02   
1.11837167E+02   
1.10106021E+02   
1.16337167E+02   
1.11167233E+02   
1.12992799E+02   
1.13444389E+02   
1.05728446E+02   
8.99514903E+01   
9.77300460E+01   
8.31200240E+01   
1.07607221E+02   
1.14985197E+02   
9.59835967E+01   
9.47939588E+01   
8.36876375E+01   
1.02253651E+02   
1.13063213E+02   
1.11024005E+02   
9.87327465E+01   
9.58487698E+01   
1.03752851E+02   
9.72396479E+01   
1.23933987E+02   
1.01748350E+02   
1.07342068E+02   
1.04310362E+02   
9.24471894E+01   
9.08840768E+01   
9.97759552E+01   
1.08120824E+02   
1.18393579E+02   
1.04805661E+02   
1.07444789E+02   
1.20183637E+02   
1.08644329E+02   
1.03436787E+02   
9.53544709E+01   
1.14097119E+02   
1.04949290E+02   
1.06847970E+02   
1.07316863E+02   
1.17254751E+02   
1.10490798E+02   
1.01366773E+02   
1.08487598E+02   
1.12018404E+02   
1.03210442E+02   
9.85532106E+01   
1.10283657E+02   
1.02959892E+02   
1.11954491E+02   
1.02352771E+02   
1.09158432E+02   
1.02092018E+02   
1.07952791E+02   
1.18164833E+02   
1.13983897E+02   
1.01991298E+02   
1.10434287E+02   
1.02446989E+02   
1.05661832E+02   
1.03555611E+02   
1.18863673E+02   
1.09482797E+02   
1.04707542E+02   
1.02032907E+02   
1.19803261E+02   
1.24566413E+02   
1.21832667E+02   
9.00196039E+01   
9.52692539E+01   
1.00853971E+02   
1.05190038E+02   
1.10022004E+02   
1.05935587E+02   
1.11652030E+02   
1.13006501E+02   
1.20849170E+02   
1.13570014E+02   
1.20118724E+02   
1.15750050E+02   
1.23846069E+02   
1.18201940E+02   
1.17649530E+02   
1.16134527E+02   
1.05454691E+02   
1.04117223E+02   
1.16667233E+02   
1.02535107E+02   
1.19117624E+02   
1.10912983E+02   
1.09327065E+02   
9.91687337E+01   
1.05077716E+02   
1.13432887E+02   
1.15958692E+02   
1.15990098E+02   
1.26844269E+02   
1.08361972E+02   
1.04530206E+02   
1.32383477E+02   
1.05805961E+02   
1.04683637E+02   
1.10357171E+02   
1.10689138E+02   
1.12352170E+02   
1.11136027E+02   
1.06581216E+02   
1.10911582E+02   
1.09009502E+02   
1.03712142E+02   
1.08329466E+02   
1.03137628E+02   
1.03462793E+02   
1.11665933E+02   
1.16495699E+02   
1.21062112E+02   
1.02706841E+02   
1.03932186E+02   
1.18458392E+02   
1.20374675E+02   
1.27407882E+02   
1.10461592E+02   
1.19335167E+02   
1.08332767E+02   
1.15402881E+02   
1.19767554E+02   
1.30844069E+02   
1.12811062E+02   
1.09715243E+02   
1.12717644E+02   
1.09455991E+02   
1.09322364E+02   
1.23522605E+02   
1.35996899E+02   
1.35488298E+02   
1.12345869E+02   
1.22411382E+02   
1.17201440E+02   
1.05145329E+02   
1.30456391E+02   
1.12735647E+02   
1.00048110E+02   
1.18580616E+02   
1.38022905E+02   
1.17312362E+02   
1.15161832E+02   
1.16028106E+02   
1.21606521E+02   
1.28466493E+02   
1.28130926E+02   
1.23188138E+02   
1.15195339E+02   
1.25005501E+02   
1.19699040E+02   
1.14748850E+02   
1.06719144E+02   
1.14632927E+02   
1.06833467E+02   
1.22484497E+02   
1.19911682E+02   
9.99794959E+01   
1.17699040E+02   
1.19452490E+02   
1.05283157E+02   
1.12815763E+02   
1.25923685E+02   
1.28703941E+02   
1.27832166E+02   
1.28634627E+02   
1.24931686E+02   
1.15115523E+02   
1.20606021E+02   
1.36938088E+02   
1.12693139E+02   
1.42024405E+02   
1.30272354E+02   
1.16776455E+02   
1.17457391E+02   
1.26420984E+02   
1.26266753E+02   
1.10264353E+02   
1.13471794E+02   
1.34612422E+02   
1.34089918E+02   
1.25250650E+02   
1.33445289E+02   
1.29613923E+02   
1.36197339E+02   
1.10488298E+02   
1.28634327E+02   
1.17948190E+02   
1.33746949E+02   
1.23891078E+02   
1.12797660E+02   
1.06475495E+02   
1.24982897E+02   
1.37579316E+02   
1.24877475E+02   
1.19210842E+02   
1.28993299E+02   
1.30027205E+02   
1.33649530E+02   
1.20456691E+02   
1.38023205E+02   
1.17023205E+02   
1.14619224E+02   
1.30162733E+02   
1.07900380E+02   
1.10216043E+02   
1.54986697E+02   
1.28254151E+02   
1.35188438E+02   
1.39846169E+02   
1.10233447E+02   
1.21225145E+02   
1.25422885E+02   
1.22225245E+02   
1.20823565E+02   
1.32232947E+02   
1.16019104E+02   
1.34851470E+02   
1.29006201E+02   
1.14601020E+02   
1.30658232E+02   
1.10387377E+02   
1.14250950E+02   
1.19190238E+02   
1.15280256E+02   
1.31027205E+02   
1.33182236E+02   
1.00297560E+02   
1.02931186E+02   
1.08809162E+02   
1.21701440E+02   
1.43634027E+02   
1.14122525E+02   
1.33888978E+02   
1.29286557E+02   
1.27889278E+02   
1.18117824E+02   
1.31075715E+02   
1.30079716E+02   
1.10867273E+02   
1.16522605E+02   
1.28971094E+02   
1.45473295E+02   
1.32127425E+02   
1.29474895E+02   
1.31289658E+02   
1.42760752E+02   
1.35428886E+02   
1.06091718E+02   
1.17784657E+02   
1.32330466E+02   
1.40568414E+02   
1.35786857E+02   
1.19103321E+02   
1.14471794E+02   
1.14660732E+02   
1.22554711E+02   
1.35439888E+02   
1.36831066E+02   
1.36656331E+02   
1.22120924E+02   
1.29505301E+02   
1.27208142E+02   
1.32024005E+02   
1.24507301E+02   
1.26783157E+02   
1.14673435E+02   
1.28376175E+02   
1.30514503E+02   
1.19780756E+02   
1.30011402E+02   
1.29416183E+02   
1.22905081E+02   
1.33145329E+02   
1.39023805E+02   
1.41150930E+02   
1.25777756E+02   
1.26912683E+02   
1.39272254E+02   
1.44789358E+02   
1.35740748E+02   
1.40927485E+02   
1.21235647E+02   
1.34077215E+02   
1.35369374E+02   
1.28766753E+02   
1.40728046E+02   
1.47100920E+02   
1.24548510E+02   
1.42135927E+02   
1.23239848E+02   
1.35288058E+02   
1.23497499E+02   
1.33759152E+02   
1.20390378E+02   
1.22455391E+02   
1.27491098E+02   
1.37560112E+02   
1.33756751E+02   
1.29120324E+02   
1.29740648E+02   
1.42569714E+02   
1.38208942E+02   
1.34394379E+02   
1.28657031E+02   
1.14119824E+02   
1.43488598E+02   
1.32580116E+02   
1.45029606E+02   
1.28835467E+02   
1.51141428E+02   
1.44111922E+02   
1.48629326E+02   
1.43149030E+02   
1.27057211E+02   
1.20870574E+02   
1.28517003E+02   
1.42818264E+02   
1.17026405E+02   
1.36954891E+02   
1.37665633E+02   
1.43331266E+02   
1.26373975E+02   
1.43828266E+02   
1.41359572E+02   
1.34380776E+02   
1.14569314E+02   
1.35650130E+02   
1.39443089E+02   
1.41733547E+02   
1.31731946E+02   
1.37730346E+02   
1.23784657E+02   
1.43936687E+02   
1.35246049E+02   
1.41922585E+02   
1.47934787E+02   
1.33974095E+02   
1.41179936E+02   
1.39219644E+02   
1.44793259E+02   
1.39424285E+02   
1.55941388E+02   
1.37726745E+02   
1.36155331E+02   
1.35067514E+02   
1.46947790E+02   
1.32336467E+02   
1.47338068E+02   
1.52994499E+02   
1.40237047E+02   
1.31480996E+02   
1.41407481E+02   
1.53434987E+02   
1.43595519E+02   
1.35543809E+02   
1.32833867E+02   
1.46741848E+02   
1.60614323E+02   
1.44081016E+02   
1.51824665E+02   
1.40344069E+02   
1.53985797E+02   
1.25707141E+02   
1.38044709E+02   
1.38397379E+02   
1.47624425E+02   
1.28056211E+02   
1.35376275E+02   
1.34978396E+02   
1.52018904E+02   
1.57712242E+02   
1.64004701E+02   
1.44038708E+02   
1.31041808E+02   
1.49024105E+02   
1.51357772E+02   
1.61365573E+02   
1.51034007E+02   
1.35358072E+02   
1.35358572E+02   
1.24021504E+02   
1.39711742E+02   
1.63703341E+02   
1.52368874E+02   
1.45693539E+02   
1.40004501E+02   
1.39357572E+02   
1.69435887E+02   
1.58289358E+02   
1.54068714E+02   
1.37270154E+02   
1.45415983E+02   
1.55010702E+02   
1.58446489E+02   
1.42607121E+02   
1.53068614E+02   
1.36659032E+02   
1.32910682E+02   
1.56290758E+02   
1.60683937E+02   
1.57682336E+02   
1.41300560E+02   
1.44971394E+02   
1.42350770E+02   
1.65021504E+02   
1.48000000E+02   
1.56196539E+02   
1.36890778E+02   
1.46100220E+02   
1.42991898E+02   
1.43708042E+02   
1.53829166E+02   
1.50228446E+02   
1.63113823E+02   
1.55393679E+02   
1.64440188E+02   
1.53080116E+02   
1.58575715E+02   
1.54934987E+02   
1.29781056E+02   
1.36227245E+02   
1.45448590E+02   
1.57452591E+02   
1.45717243E+02   
1.46773755E+02   
1.55663133E+02   
1.59603421E+02   
1.53853671E+02   
1.44896379E+02   
1.50653331E+02   
1.52098320E+02   
1.66848670E+02   
1.81412082E+02   
1.89724845E+02   
1.60522505E+02   
1.31757552E+02   
1.62209242E+02   
1.69275455E+02   
1.55692138E+02   
1.52614123E+02   
1.61267453E+02   
1.41572214E+02   
1.77647229E+02   
1.58492098E+02   
1.40565413E+02   
1.76659632E+02   
1.61093619E+02   
1.60863373E+02   
1.49975995E+02   
1.49945889E+02   
1.54726045E+02   
1.61991198E+02   
1.58070414E+02   
1.69845469E+02   
1.78399580E+02   
1.55545009E+02   
1.50446889E+02   
1.59409282E+02   
1.60828166E+02   
1.61838968E+02   
1.42332366E+02   
1.48532206E+02   
1.72632326E+02   
1.51024405E+02   
1.79443689E+02   
1.70227045E+02   
1.47925885E+02   
1.48625925E+02   
1.69949890E+02   
1.59110122E+02   
1.62955491E+02   
1.25360072E+02   
1.54818864E+02   
1.85034007E+02   
1.63791658E+02   
1.60865073E+02   
1.60384877E+02   
1.53333067E+02   
1.82915883E+02   
1.79936587E+02   
1.92379676E+02   
1.82081316E+02   
1.71658832E+02   
1.55069314E+02   
1.64830066E+02   
1.59065313E+02   
1.56000300E+02   
1.81295459E+02   
1.46240048E+02   
1.44295459E+02   
1.84858472E+02   
1.79186637E+02   
1.78046109E+02   
1.69020304E+02   
1.50614023E+02   
1.73166033E+02   
1.60033607E+02   
1.45604721E+02   
1.58036707E+02   
1.61459392E+02   
1.63474395E+02   
1.58432386E+02   
1.83507802E+02   
1.70719844E+02   
1.86881876E+02   
1.51855971E+02   
1.41464493E+02   
1.77805861E+02   
1.74067113E+02   
1.93072715E+02   
1.95760452E+02   
1.76400680E+02   
1.64272855E+02   
1.65474895E+02   
1.92458892E+02   
1.69392679E+02   
1.73474095E+02   
1.79920584E+02   
1.67320764E+02   
1.83762452E+02   
1.68421384E+02   
1.66521204E+02   
1.67309562E+02   
1.67456591E+02   
1.77489298E+02   
1.78331866E+02   
1.76404581E+02   
1.63117924E+02   
1.63220844E+02   
1.90213843E+02   
1.95493299E+02   
1.66758352E+02   
1.70233047E+02   
1.87565413E+02   
1.83056911E+02   
1.91554211E+02   
1.70684637E+02   
1.80845069E+02   
1.69304361E+02   
1.75453591E+02   
1.59909682E+02   
1.80080916E+02   
1.58357271E+02   
1.73769654E+02   
1.75637728E+02   
2.02240448E+02   
1.91765353E+02   
1.94318664E+02   
1.98958692E+02   
1.79508102E+02   
2.09923585E+02   
1.60792759E+02   
1.69561512E+02   
1.90349470E+02   
1.94615723E+02   
1.67348570E+02   
1.85034807E+02   
1.82296359E+02   
1.86989798E+02   
1.98210742E+02   
1.84423385E+02   
1.59993799E+02   
1.99622825E+02   
1.81484197E+02   
1.79481096E+02   
2.00777656E+02   
1.88036407E+02   
1.92293959E+02   
1.96750250E+02   
1.95727245E+02   
1.79194039E+02   
1.83192739E+02   
1.80526905E+02   
1.88038808E+02   
1.73407582E+02   
1.74670034E+02   
1.78086217E+02   
1.89216543E+02   
2.08522705E+02   
1.94857271E+02   
1.97268354E+02   
1.95258352E+02   
1.95313763E+02   
1.84033807E+02   
1.90040008E+02   
1.88037207E+02   
2.14543509E+02   
1.94541108E+02   
1.82280556E+02   
2.17817664E+02   
2.04523305E+02   
1.87272354E+02   
1.94542108E+02   
1.92543709E+02   
2.15844069E+02   
1.91711642E+02   
1.71987798E+02   
1.89366173E+02   
1.90490698E+02   
1.83014203E+02   
1.84834467E+02   
1.69184337E+02   
1.94967493E+02   
1.96312563E+02   
1.69898180E+02   
1.97915283E+02   
2.14590318E+02   
1.87633827E+02   
2.06589918E+02   
1.94520704E+02   
2.06394579E+02   
2.13843069E+02   
1.91919384E+02   
2.17279156E+02   
1.88800860E+02   
2.01755051E+02   
2.07135227E+02   
1.90754651E+02   
2.26617924E+02   
1.92937187E+02   
1.88112523E+02   
1.64495599E+02   
2.10805261E+02   
1.91511502E+02   
1.97275155E+02   
2.09696539E+02   
2.23342168E+02   
2.19979396E+02   
2.25178436E+02   
2.04822164E+02   
1.98827265E+02   
2.19331266E+02   
1.94374375E+02   
1.87888778E+02   
1.86267453E+02   
2.00580516E+02   
2.16042008E+02   
2.16812462E+02   
2.09605221E+02   
2.09963393E+02   
2.27448390E+02   
2.09064413E+02   
2.02903081E+02   
1.78904281E+02   
2.02129026E+02   
2.02737047E+02   
1.98564113E+02   
1.84586117E+02   
2.05210542E+02   
1.99090218E+02   
2.04999400E+02   
1.99044809E+02   
2.02962793E+02   
2.20680536E+02   
2.08604821E+02   
1.94599220E+02   
2.12264453E+02   
2.20037107E+02   
2.21174435E+02   
2.13580316E+02   
2.17499600E+02   
2.13124025E+02   
2.39428786E+02   
2.22677335E+02   
2.12480296E+02   
2.41640228E+02   
1.97264353E+02   
1.98656531E+02   
2.13521204E+02   
2.27127726E+02   
2.16796859E+02   
2.14150930E+02   
2.11022805E+02   
2.07552010E+02   
1.99043209E+02   
2.10185837E+02   
2.22328466E+02   
2.36120524E+02   
2.10390578E+02   
2.11977896E+02   
2.39105321E+02   
2.19014703E+02   
2.51549110E+02   
2.29816163E+02   
2.40889778E+02   
1.98621024E+02   
2.01729046E+02   
2.16833267E+02   
2.29298060E+02   
2.22327165E+02   
2.17337768E+02   
2.25417784E+02   
2.30005101E+02   
2.35909082E+02   
2.10834467E+02   
2.19978196E+02   
2.31899080E+02   
2.38164433E+02   
2.18663033E+02   
2.29684337E+02   
2.36182436E+02   
2.31048810E+02   
2.41084217E+02   
2.40232246E+02   
2.33262853E+02   
2.28876775E+02   
2.46182136E+02   
2.33080816E+02   
2.29444289E+02   
2.49026405E+02   
2.29050910E+02   
2.54847570E+02   
2.36843169E+02   
2.16230246E+02   
2.48684237E+02   
2.30630826E+02   
2.38047209E+02   
2.48639828E+02   
2.17637427E+02   
2.31503501E+02   
2.40567814E+02   
2.42434687E+02   
2.50522304E+02   
2.25781156E+02   
2.36485697E+02   
2.19824165E+02   
2.38911882E+02   
2.22178536E+02   
2.28590318E+02   
2.38885577E+02   
2.47544009E+02   
2.37736747E+02   
2.24618624E+02   
2.30455491E+02   
2.58954291E+02   
2.34386277E+02   
2.35045609E+02   
2.23444389E+02   
2.48053211E+02   
2.46073015E+02   
2.40423485E+02   
2.38985697E+02   
2.29730646E+02   
2.41544509E+02   
2.49923185E+02   
2.46946589E+02   
2.43657932E+02   
2.50080616E+02   
2.51647530E+02   
2.63126325E+02   
2.46001400E+02   
2.48574115E+02   
2.34011002E+02   
2.55086617E+02   
2.53693439E+02   
2.49580816E+02   
2.38236047E+02   
2.61321864E+02   
2.62890978E+02   
2.44473395E+02   
2.43981096E+02   
2.43953291E+02   
2.46385577E+02   
2.50821964E+02   
2.25913383E+02   
2.45117223E+02   
2.58799260E+02   
2.67739648E+02   
2.85167133E+02   
2.87227045E+02   
2.55998600E+02   
2.60161232E+02   
2.86497199E+02   
2.87813763E+02   
2.97155231E+02   
2.27109322E+02   
2.72997900E+02   
2.48044909E+02   
2.67754851E+02   
2.67188338E+02   
2.48777355E+02   
2.51846469E+02   
2.68509002E+02   
2.70714143E+02   
2.51032907E+02   
2.60125525E+02   
2.59222344E+02   
2.69678536E+02   
2.64256351E+02   
2.58533807E+02   
2.62442689E+02   
2.70012803E+02   
2.71880076E+02   
2.54395479E+02   
2.76215543E+02   
2.91720144E+02   
2.78384677E+02   
2.73045209E+02   
2.45049610E+02   
2.66567013E+02   
3.04437888E+02   
2.77193139E+02   
2.84239148E+02   
2.63995199E+02   
2.68749750E+02   
3.00808162E+02   
2.81758852E+02   
2.86043709E+02   
2.84963993E+02   
2.79841768E+02   
3.02186737E+02   
2.76140728E+02   
2.75173135E+02   
2.79984897E+02   
2.68344569E+02   
3.12714743E+02   
3.11906081E+02   
2.46680736E+02   
2.59690638E+02   
3.06784357E+02   
2.95290558E+02   
2.80279156E+02   
2.88638028E+02   
2.80206741E+02   
2.83122825E+02   
2.84201640E+02   
3.09903381E+02   
3.00603421E+02   
2.76290258E+02   
2.92283857E+02   
2.92211142E+02   
2.90450690E+02   
2.99453891E+02   
3.15305961E+02   
3.02967994E+02   
3.15760552E+02   
3.10762152E+02   
2.84903881E+02   
2.88011302E+02   
2.74909282E+02   
3.05871774E+02   
3.21540908E+02   
2.90975495E+02   
2.82286857E+02   
3.18562813E+02   
2.75429586E+02   
2.89595519E+02   
2.90640928E+02   
2.83621824E+02   
3.09045309E+02   
2.87504501E+02   
2.89201140E+02   
2.91066213E+02   
2.89618024E+02   
3.24772555E+02   
3.40073615E+02   
2.98476295E+02   
3.04777355E+02   
3.24815263E+02   
2.94010802E+02   
2.89585117E+02   
2.74253451E+02   
3.38246149E+02   
3.10595619E+02   
2.84367173E+02   
3.06031106E+02   
3.10439288E+02   
3.15405681E+02   
3.01238048E+02   
3.30379576E+02   
3.26065213E+02   
3.47667033E+02   
3.18038408E+02   
3.10084817E+02   
3.18817864E+02   
3.13046309E+02   
3.23281456E+02   
3.15188238E+02   
3.51998200E+02   
3.09588218E+02   
3.11000200E+02   
2.77700540E+02   
2.91185537E+02   
2.97791358E+02   
3.07616423E+02   
3.03928486E+02   
3.36019804E+02   
2.83098620E+02   
3.14059212E+02   
3.32841068E+02   
2.83175635E+02   
2.89753751E+02   
3.00104021E+02   
3.23497700E+02   
3.17349470E+02   
3.18050610E+02   
3.20686637E+02   
3.13944289E+02   
3.19188938E+02   
3.13811962E+02   
3.03798360E+02   
3.43725645E+02   
3.17418584E+02   
2.91433387E+02   
2.87271854E+02   
3.13321664E+02   
2.94936087E+02   
3.02964693E+02   
3.40002901E+02   
3.49706641E+02   
3.36634227E+02   
3.06345269E+02   
3.27111022E+02   
2.82167634E+02   
2.94991498E+02   
2.95063613E+02   
3.34591918E+02   
3.25182737E+02   
3.43370974E+02   
3.25042609E+02   
3.34246149E+02   
3.27396979E+02   
3.52036307E+02   
3.20950490E+02   
3.30983797E+02   
3.41834167E+02   
3.07063613E+02   
3.03723045E+02   
3.43612322E+02   
3.25840968E+02   
3.07078116E+02   
3.03056311E+02   
3.17732647E+02   
3.91179236E+02   
3.94078816E+02   
3.94078816E+02   
3.94078816E+02   
3.94078816E+02   
4.28823065E+02   
4.97311862E+02   
4.74851870E+02   
4.62522505E+02   
4.53411782E+02   
4.86480596E+02   
4.84667734E+02   
4.62052511E+02   
5.02126225E+02   
5.02259052E+02   
4.96580816E+02   
4.48344469E+02   
4.49358172E+02   
4.87934387E+02   
4.49904381E+02   
4.23950490E+02   
4.53726645E+02   
4.79916983E+02   
4.98852971E+02   
5.30510102E+02   
5.08315863E+02   
4.84608422E+02   
4.73389378E+02   
4.80693139E+02   
4.97898580E+02   
4.76691538E+02   
5.00021304E+02   
4.83774255E+02   
5.09725145E+02   
5.22248750E+02   
5.13468894E+02   
5.24008602E+02   
4.96666133E+02   
5.14883077E+02   
4.86244649E+02   
5.30715643E+02   
4.86050810E+02   
5.20156431E+02   
4.87451590E+02   
5.03849170E+02   
5.18196339E+02   
5.22639228E+02   
5.05181636E+02   
5.34936087E+02   
5.00556111E+02   
4.95841168E+02   
5.23004901E+02   
5.08831566E+02   
5.08831866E+02   
4.84624625E+02   
5.24383077E+02   
5.10720244E+02   
5.68093619E+02   
5.08637528E+02   
5.44144929E+02   
5.69718144E+02   
5.30587117E+02   
5.60584517E+02   
5.16276655E+02   
5.16906781E+02   
5.24620324E+02   
5.41836467E+02   
5.90173935E+02   
5.51059512E+02   
5.15029306E+02   
5.67195339E+02   
5.48514203E+02   
5.16353371E+02   
5.43221144E+02   
5.33967493E+02   
5.43802561E+02   
5.38429686E+02   
5.29382376E+02   
5.74869074E+02   
5.53791958E+02   
5.48162232E+02   
4.90714043E+02   
5.43651430E+02   
5.45685037E+02   
5.29895679E+02   
5.65944389E+02   
5.74117524E+02   
5.37806861E+02   
5.86938388E+02   
6.17388278E+02   
6.12219844E+02   
6.03246749E+02   
5.99194339E+02   
5.92193539E+02   
5.75633827E+02   
5.39432486E+02   
6.04855071E+02   
6.02049310E+02   
5.88841168E+02   
6.09760452E+02   
5.98333367E+02   
6.01916683E+02   
6.22719344E+02   
6.11231046E+02   
6.44774055E+02   
5.70644129E+02   
5.86702541E+02   
5.40166633E+02   
5.97882777E+02   
5.92437287E+02   
6.08237247E+02   
6.12728046E+02   
5.66450290E+02   
6.04181936E+02   
6.08705241E+02   
5.66698040E+02   
6.21008302E+02   
6.08507401E+02   
5.76572615E+02   
6.01169734E+02   
5.95211142E+02   
5.86738948E+02   
6.35058312E+02   
6.29762352E+02   
5.99347670E+02   
6.15346569E+02   
6.26405381E+02   
5.83147329E+02   
5.66414783E+02   
5.97875175E+02   
5.42883277E+02   
5.92170234E+02   
6.03474595E+02   
6.35541308E+02   
5.65447189E+02   
6.14486997E+02   
5.68573315E+02   
5.93834867E+02   
6.33161532E+02   
5.71520204E+02   
5.58830866E+02   
5.78344069E+02   
6.38377676E+02   
6.09559712E+02   
5.84141928E+02   
5.74498500E+02   
5.89315063E+02   
5.59323965E+02   
5.88710042E+02   
6.12276955E+02   
5.95507902E+02   
6.42227445E+02   
6.36169334E+02   
5.40227245E+02   
5.87711942E+02   
5.81932587E+02   
5.70143729E+02   
6.03904681E+02   
5.91936887E+02   
5.44540908E+02   
5.69925885E+02   
5.65207041E+02   
5.75325565E+02   
5.53450990E+02   
5.88880476E+02   
5.40335567E+02   
5.46644529E+02   
5.59084117E+02   
5.54805061E+02   
5.06856271E+02   
5.60374175E+02   
4.91293359E+02   
4.92237147E+02   
4.98245849E+02   
4.84344869E+02   
5.05428086E+02   
4.83299560E+02   
4.98005701E+02   
4.80661232E+02   
4.69773155E+02   
4.55075615E+02   
4.69535007E+02   
4.49858172E+02   
4.26962292E+02   
4.84505901E+02   
4.30951490E+02   
4.59538208E+02   
4.52348970E+02   
4.57948390E+02   
4.82661732E+02   
4.64525505E+02   
4.43163033E+02   
4.57058512E+02   
4.73889778E+02   
4.37234847E+02   
4.51691538E+02   
4.77687538E+02   
4.39608522E+02   
4.31957592E+02   
4.24779956E+02   
4.31486997E+02   
3.97730446E+02   
3.99743849E+02   
4.25081616E+02   
4.42698040E+02   
4.45727145E+02   
4.40417784E+02   
4.09200440E+02   
4.43387978E+02   
4.20920784E+02   
3.95435987E+02   
3.90478996E+02   
4.46046909E+02   
4.15579816E+02   
4.13054911E+02   
4.14779556E+02   
4.25962092E+02   
3.85549410E+02   
4.21649730E+02   
3.91439788E+02   
4.26688438E+02   
3.90383177E+02   
3.86350470E+02   
3.86771354E+02   
3.99341668E+02   
3.78078816E+02   
3.86203041E+02   
3.97177936E+02   
3.64233647E+02   
3.46954191E+02   
4.31596019E+02   
3.76719544E+02   
3.84612422E+02   
3.88990498E+02   
3.61852170E+02   
4.03568414E+02   
3.60326565E+02   
3.62580916E+02   
3.57495499E+02   
3.90963093E+02   
3.81742148E+02   
4.66230246E+02   
3.67350970E+02   
3.70016003E+02   
4.00614123E+02   
3.41610922E+02   
3.43096219E+02   
3.85860872E+02   
3.58255351E+02   
3.86921284E+02   
3.85865073E+02   
3.42522404E+02   
3.52995099E+02   
3.80832366E+02   
3.57174635E+02   
4.66995589E+02   
5.49509902E+02   
5.49509902E+02   
5.49509902E+02   
5.49509902E+02   
5.49509902E+02   
7.74337237E+02   
7.02439588E+02   
7.38990498E+02   
7.28153531E+02   
6.78183337E+02   
7.50116623E+02   
7.70044009E+02   
7.31188038E+02   
7.59181636E+02   
7.34141128E+02   
7.49143529E+02   
7.92152831E+02   
7.15211742E+02   
6.71140428E+02   
7.27125025E+02   
7.68120824E+02   
7.44169134E+02   
7.21144329E+02   
6.79158332E+02   
7.68156431E+02   
7.46107622E+02   
7.21146829E+02   
7.03154231E+02   
7.31071514E+02   
6.39202040E+02   
6.64227846E+02   
7.30093219E+02   
6.99146029E+02   
7.35114523E+02   
7.34128526E+02   
7.14115523E+02   
7.21162833E+02   
6.98312462E+02   
7.35081316E+02   
7.15203641E+02   
7.24137027E+02   
7.31912082E+02   
6.83268054E+02   
7.17178836E+02   
7.27217644E+02   
7.65814763E+02   
7.20416583E+02   
7.17944789E+02   
6.93222845E+02   
7.10218344E+02   
7.28427385E+02   
7.57897379E+02   
7.29254951E+02   
7.21787057E+02   
6.93112222E+02   
7.08137227E+02   
7.20671634E+02   
7.26475895E+02   
6.70380176E+02   
7.45289458E+02   
6.93685337E+02   
7.09572114E+02   
7.27465693E+02   
7.56541008E+02   
6.95593219E+02   
7.69507401E+02   
6.91124225E+02   
7.55612122E+02   
7.26143229E+02   
7.28294459E+02   
7.49818264E+02   
7.19592819E+02   
7.14847269E+02   
7.47901480E+02   
7.49488698E+02   
7.23166133E+02   
7.15514203E+02   
7.13312062E+02   
6.90799260E+02   
6.78909582E+02   
7.41957992E+02   
7.52899780E+02   
7.53575515E+02   
7.21242448E+02   
7.19419984E+02   
7.93846769E+02   
7.93173835E+02   
8.60675735E+02   
9.08601720E+02   
8.99364373E+02   
9.13697640E+02   
8.88576915E+02   
8.73245649E+02   
9.15368474E+02   
8.24415683E+02   
7.97123925E+02   
8.57249150E+02   
7.86435087E+02   
7.70849670E+02   
7.64940888E+02   
7.38404881E+02   
8.00143029E+02   
7.10754851E+02   
7.54729846E+02   
7.58443389E+02   
7.15050910E+02   
7.36947389E+02   
7.24772054E+02   
7.28832967E+02   
7.43255551E+02   
7.45410582E+02   
7.11322164E+02   
7.02712342E+02   
6.73067814E+02   
6.94180436E+02   
6.61577315E+02   
7.13134427E+02   
6.78533907E+02   
6.11195839E+02   
6.68700840E+02   
6.63225045E+02   
6.53817964E+02   
6.48774155E+02   
6.82518504E+02   
6.48286457E+02   
6.24454891E+02   
6.19542709E+02   
5.97080916E+02   
6.17886777E+02   
6.30841568E+02   
5.57943589E+02   
5.42645029E+02   
5.98761852E+02   
5.65383877E+02   
5.63053411E+02   
5.37052310E+02   
5.37560712E+02   
5.33919984E+02   
5.04195839E+02   
5.10385077E+02   
4.95835167E+02   
4.82565813E+02   
5.01435987E+02   
4.73616923E+02   
4.71315463E+02   
4.55943689E+02   
4.32239548E+02   
4.68089418E+02   
4.38447389E+02   
4.59585317E+02   
4.47321864E+02   
4.60324365E+02   
4.38687037E+02   
4.09083217E+02   
3.78030306E+02   
3.89976195E+02   
3.91491198E+02   
3.73752951E+02   
3.70148530E+02   
3.54331366E+02   
3.47528906E+02   
3.59403481E+02   
3.61448790E+02   
3.16290458E+02   
3.36009102E+02   
3.26524105E+02   
3.21337467E+02   
3.06766253E+02   
2.58762252E+02   
2.69759752E+02   
2.61583117E+02   
2.62054411E+02   
2.57190938E+02   
2.14889178E+02   
2.38925785E+02   
2.31636627E+02   
2.04197540E+02   
2.44244149E+02   
2.10608822E+02   
2.23477395E+02   
1.97533507E+02   
1.95419084E+02   
1.96333967E+02   
1.95228346E+02   
1.75685137E+02   
1.84211242E+02   
1.62488798E+02   
1.86824965E+02   
1.70903381E+02   
1.74098820E+02   
1.60097319E+02   
1.44827265E+02   
1.60824865E+02   
1.51028006E+02   
1.68890178E+02   
1.46165833E+02   
1.40237147E+02   
1.24328066E+02   
1.24025205E+02   
1.42032406E+02   
1.12734347E+02   
9.95917183E+01   
1.19814463E+02   
1.22170634E+02   
1.07297259E+02   
1.20388978E+02   
1.28918684E+02   
9.70184037E+01   
1.06869374E+02   
9.41674335E+01   
9.59974995E+01   
1.14887878E+02   
9.16370274E+01   
8.74746949E+01   
9.66333267E+01   
8.68614723E+01   
9.66369274E+01   
8.39402881E+01   
8.86254251E+01   
6.63316663E+01   
7.66692338E+01   
6.09673935E+01   
6.92144429E+01   
6.48167634E+01   
8.30156031E+01   
6.72024405E+01   
6.91750350E+01   
7.28335667E+01   
7.36038208E+01   
6.27706541E+01   
4.48415683E+01   
7.21752350E+01   
5.18401680E+01   
5.02611522E+01   
4.50088018E+01   
3.97528506E+01   
3.80933187E+01   
3.66108222E+01   
6.31456291E+01   
3.51806361E+01   
1.30396379E+02   
2.80048010E+01   
2.31810362E+01   
2.38285657E+01   
3.00048010E+01   
2.23620724E+01   
2.75578116E+01   
1.92747550E+01   
2.19150830E+01   
2.76415283E+01   
1.69122825E+01   
1.77280456E+01   
1.59098820E+01   
9.90908182E+00   
8.11270254E+00   
8.40168034E+00   
8.40168034E+00   
8.40168034E+00   
8.40168034E+00   
8.40168034E+00   
3.80134027E+00   
0.00000000E+00   
0.00000000E+00   
0.00000000E+00   
0.00000000E+00   
0.00000000E+00   
0.00000000E+00   
0.00000000E+00   
0.00000000E+00   
0.00000000E+00   
0.00000000E+00   
0.00000000E+00   
0.00000000E+00   
0.00000000E+00   
1.00920184E-01   
1.30436087E+00   
3.59471894E+00   
1.02120424E-01   
8.97879576E-01   
0.00000000E+00   
0.00000000E+00   
0.00000000E+00   
0.00000000E+00   
0.00000000E+00   
0.00000000E+00   
0.00000000E+00   
0.00000000E+00   
0.00000000E+00   
0.00000000E+00   
1.00000000E+00   
1.07321464E-01   
8.92678536E-01   
0.00000000E+00   
0.00000000E+00   
1.00000000E+00   
0.00000000E+00   
0.00000000E+00   
1.00000000E+00   
1.10522104E-01   
8.89477896E-01   
0.00000000E+00   
0.00000000E+00   
0.00000000E+00   
0.00000000E+00   
0.00000000E+00   
0.00000000E+00   
0.00000000E+00   
0.00000000E+00   
0.00000000E+00   
0.00000000E+00   
0.00000000E+00   
0.00000000E+00   
0.00000000E+00   
0.00000000E+00   
0.00000000E+00   
0.00000000E+00   
0.00000000E+00   
0.00000000E+00   
0.00000000E+00   
0.00000000E+00   
0.00000000E+00   
0.00000000E+00   
0.00000000E+00   
0.00000000E+00   
0.00000000E+00   
0.00000000E+00   
0.00000000E+00   
0.00000000E+00   
0.00000000E+00   
1.00000000E+00   
0.00000000E+00   
0.00000000E+00   
0.00000000E+00   
0.00000000E+00   
0.00000000E+00   
0.00000000E+00   
0.00000000E+00   
0.00000000E+00   
1.00000000E+00   
0.00000000E+00   
0.00000000E+00   
0.00000000E+00   
0.00000000E+00   
0.00000000E+00   
0.00000000E+00   
0.00000000E+00   
1.29725945E-01   
1.00040008E+00   
8.69873975E-01   
0.00000000E+00   
0.00000000E+00   
0.00000000E+00   
0.00000000E+00   
0.00000000E+00   
0.00000000E+00   
1.00000000E+00   
0.00000000E+00   
0.00000000E+00   
0.00000000E+00   
0.00000000E+00   
0.00000000E+00   
0.00000000E+00   
0.00000000E+00   
0.00000000E+00   
0.00000000E+00   
0.00000000E+00   
0.00000000E+00   
0.00000000E+00   
0.00000000E+00   
1.00000000E+00   
0.00000000E+00   
0.00000000E+00   
0.00000000E+00   
1.00000000E+00   
0.00000000E+00   
0.00000000E+00   
0.00000000E+00   
0.00000000E+00   
0.00000000E+00   
0.00000000E+00   
1.00000000E+00   
0.00000000E+00   
0.00000000E+00   
0.00000000E+00   
0.00000000E+00   
0.00000000E+00   
0.00000000E+00   
0.00000000E+00   
1.00000000E+00   
0.00000000E+00   
0.00000000E+00   
0.00000000E+00   
0.00000000E+00   
0.00000000E+00   
0.00000000E+00   
0.00000000E+00   
0.00000000E+00   
0.00000000E+00   
0.00000000E+00   
0.00000000E+00   
0.00000000E+00   
0.00000000E+00   
0.00000000E+00   
0.00000000E+00   
0.00000000E+00   
0.00000000E+00   
0.00000000E+00   
0.00000000E+00   
0.00000000E+00   
0.00000000E+00   
0.00000000E+00   
0.00000000E+00   
0.00000000E+00   
0.00000000E+00   
0.00000000E+00   
0.00000000E+00   
0.00000000E+00   
0.00000000E+00   
0.00000000E+00   
0.00000000E+00   
0.00000000E+00   
0.00000000E+00   
1.60132026E-01   
8.39867974E-01   
1.60932186E-01   
1.83906781E+00   
0.00000000E+00   
1.00000000E+00   
0.00000000E+00   
0.00000000E+00   
0.00000000E+00   
0.00000000E+00   
1.00000000E+00   
0.00000000E+00   
0.00000000E+00   
1.65333067E-01   
8.34666933E-01   
0.00000000E+00   
0.00000000E+00   
0.00000000E+00   
1.00000000E+00   
0.00000000E+00   
0.00000000E+00   
0.00000000E+00   
0.00000000E+00   
0.00000000E+00   
0.00000000E+00   
0.00000000E+00   
0.00000000E+00   
0.00000000E+00   
0.00000000E+00   
0.00000000E+00   
1.72134427E-01   
8.27865573E-01   
0.00000000E+00   
0.00000000E+00   
1.73734747E-01   
8.26265253E-01   
0.00000000E+00   
0.00000000E+00   
0.00000000E+00   
0.00000000E+00   
0.00000000E+00   
0.00000000E+00   
0.00000000E+00   
0.00000000E+00   
0.00000000E+00   
0.00000000E+00   
1.78535707E-01   
8.21464293E-01   
1.00000000E+00   
0.00000000E+00   
0.00000000E+00   
1.00000000E+00   
0.00000000E+00   
0.00000000E+00   
0.00000000E+00   
0.00000000E+00   
0.00000000E+00   
0.00000000E+00   
1.83336667E-01   
8.16663333E-01   
0.00000000E+00   
0.00000000E+00   
0.00000000E+00   
0.00000000E+00   
0.00000000E+00   
0.00000000E+00   
0.00000000E+00   
0.00000000E+00   
0.00000000E+00   
0.00000000E+00   
0.00000000E+00   
0.00000000E+00   
0.00000000E+00   
0.00000000E+00   
0.00000000E+00   
0.00000000E+00   
0.00000000E+00   
0.00000000E+00   
0.00000000E+00   
0.00000000E+00   
0.00000000E+00   
0.00000000E+00   
0.00000000E+00   
0.00000000E+00   
0.00000000E+00   
1.00000000E+00   
0.00000000E+00   
0.00000000E+00   
0.00000000E+00   
0.00000000E+00   
0.00000000E+00   
0.00000000E+00   
0.00000000E+00   
0.00000000E+00   
0.00000000E+00   
0.00000000E+00   
0.00000000E+00   
0.00000000E+00   
0.00000000E+00   
0.00000000E+00   
0.00000000E+00   
0.00000000E+00   
0.00000000E+00   
0.00000000E+00   
0.00000000E+00   
0.00000000E+00   
0.00000000E+00   
0.00000000E+00   
0.00000000E+00   
0.00000000E+00   
0.00000000E+00   
0.00000000E+00   
0.00000000E+00   
0.00000000E+00   
0.00000000E+00   
0.00000000E+00   
0.00000000E+00   
0.00000000E+00   
0.00000000E+00   
0.00000000E+00   
0.00000000E+00   
0.00000000E+00   
0.00000000E+00   
0.00000000E+00   
0.00000000E+00   
0.00000000E+00   
0.00000000E+00   
0.00000000E+00   
0.00000000E+00   
0.00000000E+00   
0.00000000E+00   
0.00000000E+00   
0.00000000E+00   
0.00000000E+00   
0.00000000E+00   
0.00000000E+00   
0.00000000E+00   
0.00000000E+00   
0.00000000E+00   
0.00000000E+00   
0.00000000E+00   
0.00000000E+00   
0.00000000E+00   
0.00000000E+00   
0.00000000E+00   
0.00000000E+00   
0.00000000E+00   
0.00000000E+00   
0.00000000E+00   
0.00000000E+00   
0.00000000E+00   
0.00000000E+00   
0.00000000E+00   
0.00000000E+00   
0.00000000E+00   
1.00000000E+00   
0.00000000E+00   
0.00000000E+00   
0.00000000E+00   
0.00000000E+00   
0.00000000E+00   
0.00000000E+00   
0.00000000E+00   
1.00000000E+00   
0.00000000E+00   
0.00000000E+00   
0.00000000E+00   
0.00000000E+00   
1.00000000E+00   
0.00000000E+00   
0.00000000E+00   
0.00000000E+00   
0.00000000E+00   
0.00000000E+00   
1.00000000E+00   
2.30146029E-01   
7.69853971E-01   
0.00000000E+00   
0.00000000E+00   
0.00000000E+00   
0.00000000E+00   
0.00000000E+00   
0.00000000E+00   
0.00000000E+00   
0.00000000E+00   
0.00000000E+00   
0.00000000E+00   
0.00000000E+00   
0.00000000E+00   
0.00000000E+00   
0.00000000E+00   
0.00000000E+00   
0.00000000E+00   
1.00000000E+00   
1.00000000E+00   
0.00000000E+00   
0.00000000E+00   
0.00000000E+00   
0.00000000E+00   
0.00000000E+00   
0.00000000E+00   
0.00000000E+00   
0.00000000E+00   
0.00000000E+00   
0.00000000E+00   
0.00000000E+00   
0.00000000E+00   
0.00000000E+00   
0.00000000E+00   
0.00000000E+00   
0.00000000E+00   
0.00000000E+00   
0.00000000E+00   
0.00000000E+00   
0.00000000E+00   
0.00000000E+00   
0.00000000E+00   
0.00000000E+00   
0.00000000E+00   
0.00000000E+00   
0.00000000E+00   
0.00000000E+00   
0.00000000E+00   
0.00000000E+00   
0.00000000E+00   
0.00000000E+00   
0.00000000E+00   
0.00000000E+00   
0.00000000E+00   
0.00000000E+00   
0.00000000E+00   
0.00000000E+00   
0.00000000E+00   
0.00000000E+00   
0.00000000E+00   
1.25415083E+00   
7.45849170E-01   
0.00000000E+00   
0.00000000E+00   
0.00000000E+00   
0.00000000E+00   
0.00000000E+00   
0.00000000E+00   
0.00000000E+00   
0.00000000E+00   
0.00000000E+00   
0.00000000E+00   
0.00000000E+00   
0.00000000E+00   
2.59751950E-01   
7.40248050E-01   
0.00000000E+00   
0.00000000E+00   
0.00000000E+00   
0.00000000E+00   
0.00000000E+00   
0.00000000E+00   
0.00000000E+00   
0.00000000E+00   
0.00000000E+00   
0.00000000E+00   
0.00000000E+00   
2.64952991E-01   
7.35047009E-01   
0.00000000E+00   
0.00000000E+00   
1.26655331E+00   
1.73344669E+00   
0.00000000E+00   
0.00000000E+00   
0.00000000E+00   
0.00000000E+00   
0.00000000E+00   
0.00000000E+00   
0.00000000E+00   
0.00000000E+00   
0.00000000E+00   
0.00000000E+00   
0.00000000E+00   
0.00000000E+00   
0.00000000E+00   
0.00000000E+00   
0.00000000E+00   
0.00000000E+00   
0.00000000E+00   
0.00000000E+00   
0.00000000E+00   
0.00000000E+00   
0.00000000E+00   
1.00000000E+00   
0.00000000E+00   
0.00000000E+00   
0.00000000E+00   
0.00000000E+00   
0.00000000E+00   
0.00000000E+00   
0.00000000E+00   
0.00000000E+00   
1.00000000E+00   
0.00000000E+00   
1.00000000E+00   
0.00000000E+00   
0.00000000E+00   
0.00000000E+00   
0.00000000E+00   
0.00000000E+00   
0.00000000E+00   
0.00000000E+00   
0.00000000E+00   
0.00000000E+00   
1.00000000E+00   
0.00000000E+00   
0.00000000E+00   
0.00000000E+00   
0.00000000E+00   
0.00000000E+00   
3.00000000E+00   
0.00000000E+00   
0.00000000E+00   
0.00000000E+00   
0.00000000E+00   
0.00000000E+00   
0.00000000E+00   
0.00000000E+00   
0.00000000E+00   
0.00000000E+00   
0.00000000E+00   
0.00000000E+00   
0.00000000E+00   
2.91758352E-01   
7.08241648E-01   
0.00000000E+00   
2.92958592E-01   
7.07041408E-01   
0.00000000E+00   
0.00000000E+00   
0.00000000E+00   
0.00000000E+00   
0.00000000E+00   
0.00000000E+00   
0.00000000E+00   
2.96559312E-01   
7.03440688E-01   
0.00000000E+00   
0.00000000E+00   
0.00000000E+00   
0.00000000E+00   
0.00000000E+00   
0.00000000E+00   
0.00000000E+00   
0.00000000E+00   
0.00000000E+00   
0.00000000E+00   
0.00000000E+00   
0.00000000E+00   
0.00000000E+00   
0.00000000E+00   
0.00000000E+00   
0.00000000E+00   
0.00000000E+00   
0.00000000E+00   
0.00000000E+00   
0.00000000E+00   
0.00000000E+00   
0.00000000E+00   
0.00000000E+00   
0.00000000E+00   
0.00000000E+00   
0.00000000E+00   
0.00000000E+00   
0.00000000E+00   
0.00000000E+00   
0.00000000E+00   
0.00000000E+00   
0.00000000E+00   
0.00000000E+00   
0.00000000E+00   
0.00000000E+00   
0.00000000E+00   
0.00000000E+00   
0.00000000E+00   
0.00000000E+00   
0.00000000E+00   
0.00000000E+00   
0.00000000E+00   
0.00000000E+00   
0.00000000E+00   
0.00000000E+00   
0.00000000E+00   
0.00000000E+00   
0.00000000E+00   
0.00000000E+00   
0.00000000E+00   
0.00000000E+00   
0.00000000E+00   
0.00000000E+00   
0.00000000E+00   
0.00000000E+00   
0.00000000E+00   
0.00000000E+00   
0.00000000E+00   
0.00000000E+00   
0.00000000E+00   
0.00000000E+00   
0.00000000E+00   
0.00000000E+00   
0.00000000E+00   
0.00000000E+00   
0.00000000E+00   
0.00000000E+00   
0.00000000E+00   
0.00000000E+00   
0.00000000E+00   
0.00000000E+00   
0.00000000E+00   
0.00000000E+00   
0.00000000E+00   
0.00000000E+00   
0.00000000E+00   
0.00000000E+00   
0.00000000E+00   
0.00000000E+00   
0.00000000E+00   
0.00000000E+00   
1.00000000E+00   
0.00000000E+00   
0.00000000E+00   
0.00000000E+00   
0.00000000E+00   
0.00000000E+00   
0.00000000E+00   
0.00000000E+00   
0.00000000E+00   
0.00000000E+00   
0.00000000E+00   
0.00000000E+00   
3.34566913E-01   
6.65433087E-01   
0.00000000E+00   
0.00000000E+00   
0.00000000E+00   
0.00000000E+00   
0.00000000E+00   
0.00000000E+00   
0.00000000E+00   
0.00000000E+00   
3.38567714E-01   
6.61432286E-01   
0.00000000E+00   
0.00000000E+00   
0.00000000E+00   
0.00000000E+00   
0.00000000E+00   
0.00000000E+00   
0.00000000E+00   
0.00000000E+00   
0.00000000E+00   
0.00000000E+00   
0.00000000E+00   
0.00000000E+00   
0.00000000E+00   
0.00000000E+00   
0.00000000E+00   
0.00000000E+00   
0.00000000E+00   
0.00000000E+00   
0.00000000E+00   
0.00000000E+00   
0.00000000E+00   
0.00000000E+00   
0.00000000E+00   
0.00000000E+00   
0.00000000E+00   
0.00000000E+00   
0.00000000E+00   
0.00000000E+00   
0.00000000E+00   
0.00000000E+00   
0.00000000E+00   
0.00000000E+00   
0.00000000E+00   
0.00000000E+00   
0.00000000E+00   
0.00000000E+00   
0.00000000E+00   
0.00000000E+00   
0.00000000E+00   
0.00000000E+00   
0.00000000E+00   
0.00000000E+00   
0.00000000E+00   
0.00000000E+00   
0.00000000E+00   
0.00000000E+00   
0.00000000E+00   
0.00000000E+00   
0.00000000E+00   
0.00000000E+00   
0.00000000E+00   
0.00000000E+00   
0.00000000E+00   
0.00000000E+00   
0.00000000E+00   
0.00000000E+00   
0.00000000E+00   
0.00000000E+00   
0.00000000E+00   
0.00000000E+00   
0.00000000E+00   
0.00000000E+00   
0.00000000E+00   
0.00000000E+00   
0.00000000E+00   
0.00000000E+00   
0.00000000E+00   
0.00000000E+00   
0.00000000E+00   
0.00000000E+00   
0.00000000E+00   
0.00000000E+00   
0.00000000E+00   
0.00000000E+00   
0.00000000E+00   
0.00000000E+00   
0.00000000E+00   
0.00000000E+00   
0.00000000E+00   
0.00000000E+00   
0.00000000E+00   
0.00000000E+00   
0.00000000E+00   
0.00000000E+00   
0.00000000E+00   
0.00000000E+00   
0.00000000E+00   
0.00000000E+00   
0.00000000E+00   
0.00000000E+00   
0.00000000E+00   
0.00000000E+00   
0.00000000E+00   
0.00000000E+00   
0.00000000E+00   
0.00000000E+00   
0.00000000E+00   
0.00000000E+00   
0.00000000E+00   
0.00000000E+00   
0.00000000E+00   
0.00000000E+00   
0.00000000E+00   
0.00000000E+00   
0.00000000E+00   
3.81376275E-01   
6.18623725E-01   
0.00000000E+00   
0.00000000E+00   
0.00000000E+00   
0.00000000E+00   
0.00000000E+00   
0.00000000E+00   
0.00000000E+00   
0.00000000E+00   
0.00000000E+00   
0.00000000E+00   
0.00000000E+00   
0.00000000E+00   
0.00000000E+00   
0.00000000E+00   
0.00000000E+00   
0.00000000E+00   
3.88577716E-01   
6.11422284E-01   
0.00000000E+00   
0.00000000E+00   
0.00000000E+00   
0.00000000E+00   
0.00000000E+00   
0.00000000E+00   
0.00000000E+00   
0.00000000E+00   
0.00000000E+00   
0.00000000E+00   
0.00000000E+00   
0.00000000E+00   
0.00000000E+00   
0.00000000E+00   
0.00000000E+00   
0.00000000E+00   
0.00000000E+00   
0.00000000E+00   
0.00000000E+00   
0.00000000E+00   
0.00000000E+00   
0.00000000E+00   
0.00000000E+00   
0.00000000E+00   
0.00000000E+00   
0.00000000E+00   
0.00000000E+00   
0.00000000E+00   
0.00000000E+00   
0.00000000E+00   
0.00000000E+00   
0.00000000E+00   
0.00000000E+00   
0.00000000E+00   
0.00000000E+00   
0.00000000E+00   
0.00000000E+00   
0.00000000E+00   
0.00000000E+00   
0.00000000E+00   
0.00000000E+00   
0.00000000E+00   
0.00000000E+00   
0.00000000E+00   
0.00000000E+00   
0.00000000E+00   
0.00000000E+00   
0.00000000E+00   
0.00000000E+00   
0.00000000E+00   
0.00000000E+00   
0.00000000E+00   
0.00000000E+00   
0.00000000E+00   
0.00000000E+00   
0.00000000E+00   
0.00000000E+00   
0.00000000E+00   
0.00000000E+00   
0.00000000E+00   
0.00000000E+00   
0.00000000E+00   
0.00000000E+00   
0.00000000E+00   
0.00000000E+00   
0.00000000E+00   
0.00000000E+00   
0.00000000E+00   
0.00000000E+00   
0.00000000E+00   
0.00000000E+00   
0.00000000E+00   
0.00000000E+00   
0.00000000E+00   
0.00000000E+00   
0.00000000E+00   
0.00000000E+00   
0.00000000E+00   
0.00000000E+00   
0.00000000E+00   
0.00000000E+00   
0.00000000E+00   
0.00000000E+00   
0.00000000E+00   
0.00000000E+00   
0.00000000E+00   
0.00000000E+00   
0.00000000E+00   
0.00000000E+00   
0.00000000E+00   
0.00000000E+00   
0.00000000E+00   
0.00000000E+00   
0.00000000E+00   
0.00000000E+00   
0.00000000E+00   
0.00000000E+00   
0.00000000E+00   
0.00000000E+00   
0.00000000E+00   
0.00000000E+00   
0.00000000E+00   
0.00000000E+00   
0.00000000E+00   
0.00000000E+00   
0.00000000E+00   
0.00000000E+00   
0.00000000E+00   
0.00000000E+00   
0.00000000E+00   
0.00000000E+00   
0.00000000E+00   
0.00000000E+00   
0.00000000E+00   
0.00000000E+00   
0.00000000E+00   
0.00000000E+00   
0.00000000E+00   
0.00000000E+00   
0.00000000E+00   
0.00000000E+00   
0.00000000E+00   
0.00000000E+00   
0.00000000E+00   
0.00000000E+00   
0.00000000E+00   
0.00000000E+00   
0.00000000E+00   
0.00000000E+00   
0.00000000E+00   
0.00000000E+00   
0.00000000E+00   
0.00000000E+00   
0.00000000E+00   
0.00000000E+00   
0.00000000E+00   
0.00000000E+00   
0.00000000E+00   
0.00000000E+00   
0.00000000E+00   
0.00000000E+00   
0.00000000E+00   
0.00000000E+00   
0.00000000E+00   
0.00000000E+00   
0.00000000E+00   
0.00000000E+00   
0.00000000E+00   
0.00000000E+00   
0.00000000E+00   
0.00000000E+00   
0.00000000E+00   
0.00000000E+00   
0.00000000E+00   
0.00000000E+00   
0.00000000E+00   
0.00000000E+00   
0.00000000E+00   
0.00000000E+00   
0.00000000E+00   
0.00000000E+00   
0.00000000E+00   
0.00000000E+00   
0.00000000E+00   
0.00000000E+00   
0.00000000E+00   
0.00000000E+00   
0.00000000E+00   
0.00000000E+00   
0.00000000E+00   
0.00000000E+00   
0.00000000E+00   
0.00000000E+00   
0.00000000E+00   
0.00000000E+00   
0.00000000E+00   
0.00000000E+00   
0.00000000E+00   
0.00000000E+00   
0.00000000E+00   
0.00000000E+00   
0.00000000E+00   
0.00000000E+00   
0.00000000E+00   
0.00000000E+00   
0.00000000E+00   
0.00000000E+00   
0.00000000E+00   
0.00000000E+00   
0.00000000E+00   
0.00000000E+00   
0.00000000E+00   
0.00000000E+00   
0.00000000E+00   
0.00000000E+00   
0.00000000E+00   
0.00000000E+00   
0.00000000E+00   
0.00000000E+00   
0.00000000E+00   
0.00000000E+00   
0.00000000E+00   
0.00000000E+00   
0.00000000E+00   
0.00000000E+00   
0.00000000E+00   
0.00000000E+00   
0.00000000E+00   
0.00000000E+00   
0.00000000E+00   
0.00000000E+00   
0.00000000E+00   
0.00000000E+00   
0.00000000E+00   
0.00000000E+00   
0.00000000E+00   
0.00000000E+00   
0.00000000E+00   
0.00000000E+00   
0.00000000E+00   
0.00000000E+00   
0.00000000E+00   
0.00000000E+00   
0.00000000E+00   
0.00000000E+00   
0.00000000E+00   
0.00000000E+00   
0.00000000E+00   
0.00000000E+00   
0.00000000E+00   
0.00000000E+00   
0.00000000E+00   
0.00000000E+00   
0.00000000E+00   
0.00000000E+00   
0.00000000E+00   
0.00000000E+00   
0.00000000E+00   
0.00000000E+00   
0.00000000E+00   
0.00000000E+00   
0.00000000E+00   
0.00000000E+00   
0.00000000E+00   
0.00000000E+00   
0.00000000E+00   
0.00000000E+00   
0.00000000E+00   
0.00000000E+00   
0.00000000E+00   
0.00000000E+00   
0.00000000E+00   
0.00000000E+00   
0.00000000E+00   
0.00000000E+00   
0.00000000E+00   
0.00000000E+00   
0.00000000E+00   
0.00000000E+00   
0.00000000E+00   
0.00000000E+00   
0.00000000E+00   
0.00000000E+00   
0.00000000E+00   
0.00000000E+00   
0.00000000E+00   
0.00000000E+00   
0.00000000E+00   
0.00000000E+00   
0.00000000E+00   
0.00000000E+00   
0.00000000E+00   
0.00000000E+00   
0.00000000E+00   
0.00000000E+00   
0.00000000E+00   
0.00000000E+00   
0.00000000E+00   
!IDEND=

