!FILE=Disk 
!KIND=Spectrum 
!LABORATORY=Oslo Cyclotron Laboratory (OCL) 
!EXPERIMENT= oslo_method_python 
!COMMENT=Made by OMpy 
!TIME=DATE:08-Sep-20 09:57:56   
!CALIBRATION EkeV=6, 0.000000E+00, 2.000400E+00, 0.000000E+00 
!PRECISION=16 
!DIMENSION=1,0:4999 
!CHANNEL=(0:4999) 
2.72041608E+02   
4.36077215E+02   
4.98159232E+02   
5.81581816E+02   
5.82192839E+02   
6.37642629E+02   
6.55095219E+02   
7.04283657E+02   
6.98129626E+02   
7.21118824E+02   
7.37752651E+02   
7.61159232E+02   
7.50655831E+02   
8.30937487E+02   
8.71288458E+02   
8.57488198E+02   
9.14669734E+02   
1.01440848E+03   
1.07234367E+03   
1.07935807E+03   
1.12625765E+03   
1.19133717E+03   
1.26434487E+03   
1.29610672E+03   
1.42213633E+03   
1.57859442E+03   
1.67295619E+03   
1.85979636E+03   
2.03532847E+03   
2.09426785E+03   
2.19588808E+03   
2.38659842E+03   
2.47426335E+03   
2.59686417E+03   
2.67280216E+03   
2.69550280E+03   
2.88236917E+03   
3.00897590E+03   
3.05407772E+03   
3.24688538E+03   
3.29096529E+03   
3.34927556E+03   
3.32415203E+03   
3.43866893E+03   
3.55071284E+03   
3.51773605E+03   
3.70449880E+03   
3.70949770E+03   
3.66957471E+03   
3.70249600E+03   
3.75050640E+03   
3.76431076E+03   
3.78288438E+03   
3.79457311E+03   
3.84879596E+03   
3.86278086E+03   
3.82118844E+03   
3.82329036E+03   
3.75113793E+03   
3.91925455E+03   
3.85713623E+03   
3.88068994E+03   
3.82899510E+03   
3.77093549E+03   
3.77543149E+03   
3.86698270E+03   
3.79847850E+03   
3.76291878E+03   
3.81180616E+03   
3.71455641E+03   
3.76445749E+03   
3.75870914E+03   
3.86126535E+03   
3.67976425E+03   
3.67178346E+03   
3.67513353E+03   
3.61153901E+03   
3.65112002E+03   
3.60581886E+03   
3.71330956E+03   
3.52260342E+03   
3.52113173E+03   
3.49928376E+03   
3.48983807E+03   
3.58453821E+03   
3.69825205E+03   
3.66294489E+03   
3.75527596E+03   
3.70022985E+03   
3.60845589E+03   
3.67631496E+03   
3.58315463E+03   
3.61695949E+03   
3.65218154E+03   
3.57218764E+03   
3.41279436E+03   
3.50977325E+03   
3.45536777E+03   
3.47700610E+03   
3.43357231E+03   
3.33295199E+03   
3.32412543E+03   
3.12104611E+03   
3.15280816E+03   
3.11213903E+03   
3.10926605E+03   
3.04397950E+03   
3.04617604E+03   
3.03147349E+03   
3.02022314E+03   
2.94488558E+03   
3.00046939E+03   
2.83800800E+03   
2.81401120E+03   
2.80236037E+03   
2.77847930E+03   
2.77851720E+03   
2.83652511E+03   
2.84789048E+03   
2.77915893E+03   
2.68210632E+03   
2.73057832E+03   
2.62422965E+03   
2.55726245E+03   
2.79858562E+03   
2.73889568E+03   
2.72251230E+03   
2.69954511E+03   
2.65382316E+03   
2.71217273E+03   
2.60960282E+03   
2.64992809E+03   
2.60739558E+03   
2.60887738E+03   
2.53005621E+03   
2.45400990E+03   
2.48737698E+03   
2.46349470E+03   
2.48592228E+03   
2.39369824E+03   
2.47728586E+03   
2.50611762E+03   
2.37304861E+03   
2.33403991E+03   
2.38465323E+03   
2.39467954E+03   
2.28056451E+03   
2.29341308E+03   
2.26080646E+03   
2.21902921E+03   
2.25642258E+03   
2.26423335E+03   
2.23219884E+03   
2.16077495E+03   
2.21258012E+03   
2.18871994E+03   
2.09605861E+03   
2.07661122E+03   
2.09726645E+03   
2.04495169E+03   
2.07151250E+03   
2.02277636E+03   
2.06722004E+03   
2.07014023E+03   
2.03854991E+03   
2.00251030E+03   
1.96701290E+03   
1.99579976E+03   
1.94343549E+03   
1.92611282E+03   
1.88538108E+03   
1.78440428E+03   
1.74942408E+03   
1.75201680E+03   
1.72222935E+03   
1.71600930E+03   
1.65249050E+03   
1.62416243E+03   
1.71003981E+03   
1.63744249E+03   
1.54744759E+03   
1.55001910E+03   
1.58980716E+03   
1.51382557E+03   
1.52229136E+03   
1.53082096E+03   
1.46231956E+03   
1.51354991E+03   
1.49081566E+03   
1.46889738E+03   
1.46402270E+03   
1.47698880E+03   
1.42686827E+03   
1.41369344E+03   
1.44553941E+03   
1.40436667E+03   
1.33028356E+03   
1.35384997E+03   
1.41411882E+03   
1.38194109E+03   
1.36206981E+03   
1.34249810E+03   
1.30904521E+03   
1.35948050E+03   
1.34497189E+03   
1.34488268E+03   
1.29184707E+03   
1.34959312E+03   
1.30543409E+03   
1.27151300E+03   
1.24616113E+03   
1.26380746E+03   
1.23037407E+03   
1.26682527E+03   
1.27007872E+03   
1.28304491E+03   
1.29196619E+03   
1.21946069E+03   
1.26882156E+03   
1.22286437E+03   
1.23517604E+03   
1.25825705E+03   
1.19021944E+03   
1.12365883E+03   
1.16519724E+03   
1.17208332E+03   
1.17091408E+03   
1.16896699E+03   
1.18623565E+03   
1.10435837E+03   
1.07393859E+03   
1.10270524E+03   
1.10606851E+03   
1.09881026E+03   
1.12237618E+03   
1.09823175E+03   
1.09750390E+03   
1.05805601E+03   
1.11437638E+03   
1.08528886E+03   
1.08311032E+03   
1.05977766E+03   
1.02672655E+03   
1.02919194E+03   
1.00081556E+03   
1.10871444E+03   
1.07468224E+03   
1.00884257E+03   
9.90610722E+02   
1.03637227E+03   
1.05661162E+03   
1.02101150E+03   
9.95372074E+02   
7.81861512E+02   
7.32946589E+02   
7.32946589E+02   
7.32946589E+02   
7.32946589E+02   
6.54260532E+02   
4.51414183E+02   
4.41587317E+02   
4.29607822E+02   
4.30348270E+02   
4.57827766E+02   
4.54299660E+02   
4.47420384E+02   
4.47724145E+02   
4.58227245E+02   
4.52020604E+02   
4.40796959E+02   
4.29302460E+02   
4.13262653E+02   
4.16474895E+02   
4.14741748E+02   
4.32648330E+02   
4.15932687E+02   
4.30239348E+02   
4.35254551E+02   
4.35643129E+02   
4.50242148E+02   
4.11408682E+02   
4.46845669E+02   
4.21087518E+02   
4.13893579E+02   
4.35361672E+02   
4.09209642E+02   
3.98308862E+02   
4.06075715E+02   
4.35778156E+02   
4.14455091E+02   
4.17639828E+02   
4.00203941E+02   
4.01244649E+02   
3.74608722E+02   
4.22108522E+02   
3.69136227E+02   
3.89316063E+02   
3.96983997E+02   
3.58742148E+02   
3.78736047E+02   
3.67058512E+02   
3.91877375E+02   
3.92458592E+02   
3.68893579E+02   
3.48526405E+02   
3.32284257E+02   
3.55066013E+02   
3.70756751E+02   
3.84103221E+02   
3.48328666E+02   
3.63190338E+02   
3.42695839E+02   
3.39321264E+02   
3.46694839E+02   
3.48314663E+02   
3.37460592E+02   
3.69446589E+02   
3.57429586E+02   
3.10638428E+02   
3.17800860E+02   
3.29229646E+02   
3.18464793E+02   
3.31180136E+02   
3.35583717E+02   
3.18106221E+02   
3.48549910E+02   
3.12438588E+02   
3.18079316E+02   
3.35689738E+02   
3.20223645E+02   
3.02282557E+02   
3.32395079E+02   
3.27045309E+02   
3.20431786E+02   
3.20261852E+02   
3.00109422E+02   
3.15804061E+02   
2.95098620E+02   
3.18862673E+02   
3.26980596E+02   
3.42605921E+02   
3.50164533E+02   
3.16229146E+02   
3.01531306E+02   
3.16978296E+02   
3.22683737E+02   
3.20171034E+02   
3.11870074E+02   
2.81519804E+02   
2.77127826E+02   
2.94462693E+02   
2.70439288E+02   
2.69099720E+02   
2.69749950E+02   
2.73848470E+02   
2.91486697E+02   
2.77555611E+02   
2.46195439E+02   
2.95845269E+02   
2.66332066E+02   
2.70543609E+02   
2.46207441E+02   
2.45538408E+02   
2.55050810E+02   
2.39821664E+02   
2.34463893E+02   
2.56212943E+02   
2.78292358E+02   
2.62700340E+02   
2.58631026E+02   
2.39992298E+02   
2.58400180E+02   
2.28663933E+02   
2.52628326E+02   
2.25701440E+02   
2.41899480E+02   
2.26191938E+02   
2.42158432E+02   
2.04460992E+02   
2.25030906E+02   
2.26395779E+02   
2.22731846E+02   
2.16037608E+02   
1.95293959E+02   
2.39088518E+02   
2.30469194E+02   
2.33901580E+02   
2.34845469E+02   
2.11458392E+02   
2.16536907E+02   
2.04237848E+02   
2.15922384E+02   
2.18249950E+02   
2.34530406E+02   
2.47651630E+02   
2.31125525E+02   
2.19776955E+02   
1.93770554E+02   
2.23184837E+02   
2.04894379E+02   
2.09943089E+02   
2.00457391E+02   
1.91379376E+02   
2.11331466E+02   
1.99705041E+02   
2.14030306E+02   
2.16345869E+02   
2.06504901E+02   
2.04649330E+02   
2.22334467E+02   
2.15440588E+02   
1.93322965E+02   
2.04749850E+02   
1.82705541E+02   
1.86364773E+02   
1.91367473E+02   
1.97374375E+02   
1.95035807E+02   
1.78705341E+02   
1.95726045E+02   
2.13698940E+02   
1.99680736E+02   
1.92366973E+02   
1.72349570E+02   
1.90080316E+02   
1.63655531E+02   
1.76398280E+02   
1.87786057E+02   
1.92958192E+02   
1.92488998E+02   
1.96190038E+02   
1.79104021E+02   
1.86037207E+02   
1.72710642E+02   
2.05016103E+02   
1.87059112E+02   
1.71989798E+02   
1.75410382E+02   
1.77528506E+02   
1.72573415E+02   
1.81657231E+02   
1.88856971E+02   
1.79569914E+02   
1.69198240E+02   
1.76453491E+02   
1.70321064E+02   
1.84317864E+02   
1.76537307E+02   
1.78395279E+02   
1.78839668E+02   
1.60071914E+02   
1.82158132E+02   
1.71820464E+02   
1.61437187E+02   
1.67395679E+02   
1.72079516E+02   
1.78716643E+02   
1.68034407E+02   
1.85818464E+02   
1.60831166E+02   
1.67348170E+02   
1.55139828E+02   
1.63184037E+02   
1.52974095E+02   
1.52400880E+02   
1.63519904E+02   
1.56466393E+02   
1.53042609E+02   
1.60903181E+02   
1.58223345E+02   
1.55648130E+02   
1.72963293E+02   
1.45540308E+02   
1.60167834E+02   
1.65723445E+02   
1.48131626E+02   
1.59864473E+02   
1.52431386E+02   
1.59708542E+02   
1.49191138E+02   
1.55645829E+02   
1.70260752E+02   
1.40870574E+02   
1.45106721E+02   
1.57252250E+02   
1.37331766E+02   
1.50193439E+02   
1.37162733E+02   
1.47238548E+02   
1.46507702E+02   
1.38291758E+02   
1.50119124E+02   
1.44060012E+02   
1.51975195E+02   
1.54775455E+02   
1.61103921E+02   
1.43853771E+02   
1.34316963E+02   
1.29433687E+02   
1.27024405E+02   
1.41329766E+02   
1.44634727E+02   
1.45723445E+02   
1.45014803E+02   
1.28236247E+02   
1.46814163E+02   
1.24564813E+02   
1.42485597E+02   
1.41397680E+02   
1.40875775E+02   
1.38365773E+02   
1.35689438E+02   
1.25157031E+02   
1.37370974E+02   
1.26084717E+02   
1.41853871E+02   
1.47431586E+02   
1.37974495E+02   
1.48980096E+02   
1.23458292E+02   
1.30146729E+02   
1.39692338E+02   
1.29899280E+02   
1.46504601E+02   
1.55032807E+02   
1.38248450E+02   
1.50395879E+02   
1.46210542E+02   
1.30470394E+02   
1.41720344E+02   
1.11632927E+02   
1.37286757E+02   
1.43462392E+02   
1.20464293E+02   
1.13873075E+02   
1.19596719E+02   
1.37741548E+02   
1.33022304E+02   
1.34593919E+02   
1.23171534E+02   
1.21457692E+02   
1.28892579E+02   
1.14403781E+02   
1.30499100E+02   
1.28130126E+02   
1.21640928E+02   
1.16840368E+02   
1.22337067E+02   
1.40341868E+02   
1.49148230E+02   
1.15145029E+02   
1.17745049E+02   
1.16861672E+02   
1.21580716E+02   
1.29188338E+02   
1.21746249E+02   
1.01797960E+02   
1.31589118E+02   
1.28856471E+02   
1.21615623E+02   
1.19332567E+02   
1.18505401E+02   
1.15748650E+02   
1.00416883E+02   
1.16356971E+02   
1.23298160E+02   
9.35845169E+01   
1.05193039E+02   
1.03020004E+02   
1.30576915E+02   
1.17734847E+02   
9.78487698E+01   
1.19629026E+02   
1.08334367E+02   
1.37322865E+02   
1.03772254E+02   
1.30092619E+02   
1.17254651E+02   
1.14605421E+02   
1.17026005E+02   
1.16097019E+02   
1.20687638E+02   
1.12030706E+02   
1.19288658E+02   
1.24098320E+02   
1.18548210E+02   
1.27574015E+02   
1.02268054E+02   
1.13493299E+02   
1.07608122E+02   
1.28064513E+02   
1.24187037E+02   
1.18336767E+02   
1.34668534E+02   
1.23604121E+02   
1.11955091E+02   
1.13590918E+02   
1.01454691E+02   
1.15283357E+02   
1.03063013E+02   
1.02020804E+02   
9.87614523E+01   
9.78338668E+01   
1.10949990E+02   
1.18537908E+02   
9.65363073E+01   
1.13564113E+02   
1.03218944E+02   
1.00533507E+02   
1.07994999E+02   
1.00532707E+02   
1.10743649E+02   
1.19532306E+02   
1.05585317E+02   
9.19495899E+01   
1.03514903E+02   
1.00823465E+02   
1.02728846E+02   
1.08507101E+02   
1.24033407E+02   
1.01519704E+02   
1.13794259E+02   
1.14504701E+02   
1.15267554E+02   
1.18028606E+02   
1.06521904E+02   
1.09024405E+02   
1.10760852E+02   
9.80238048E+01   
1.17289958E+02   
1.14758252E+02   
1.09279156E+02   
1.06504101E+02   
9.04854971E+01   
8.87698540E+01   
8.62451490E+01   
1.00653931E+02   
1.09985997E+02   
1.00001400E+02   
1.07068414E+02   
9.99497900E+01   
1.05263353E+02   
1.00477295E+02   
1.13047009E+02   
1.00565913E+02   
1.06779456E+02   
1.02228346E+02   
1.06332967E+02   
1.08022404E+02   
1.14061812E+02   
9.59419884E+01   
9.84994999E+01   
8.74978996E+01   
9.42577516E+01   
8.34476895E+01   
8.98276655E+01   
9.64075815E+01   
9.72075415E+01   
9.65690138E+01   
8.71256251E+01   
1.02603521E+02   
1.03491098E+02   
9.42545509E+01   
1.11611922E+02   
1.07085017E+02   
1.01425685E+02   
1.03187538E+02   
9.81552310E+01   
1.07719644E+02   
1.01556511E+02   
1.07180336E+02   
9.64001800E+01   
9.33318664E+01   
9.28656731E+01   
8.65520104E+01   
9.69482897E+01   
1.10331566E+02   
1.11562913E+02   
1.18507602E+02   
9.43607722E+01   
9.50184037E+01   
9.79277856E+01   
1.16385677E+02   
7.56868374E+01   
9.11687337E+01   
1.08988298E+02   
1.10699640E+02   
1.06046909E+02   
8.13660732E+01   
9.56715343E+01   
1.03110122E+02   
9.54807962E+01   
9.73507702E+01   
8.86913383E+01   
1.04127425E+02   
1.04352370E+02   
9.70188038E+01   
1.01239748E+02   
1.01592418E+02   
1.13683237E+02   
1.05241348E+02   
9.38985797E+01   
8.85522104E+01   
8.95797159E+01   
1.06272454E+02   
9.34562913E+01   
9.39332867E+01   
9.49744949E+01   
8.76680336E+01   
7.30979196E+01   
9.67207441E+01   
9.62329466E+01   
8.06620324E+01   
1.01728746E+02   
9.55901180E+01   
8.33016603E+01   
8.75901180E+01   
9.28234647E+01   
9.45741148E+01   
1.05594519E+02   
9.51726345E+01   
8.57686537E+01   
1.03851870E+02   
8.41274255E+01   
8.84889978E+01   
9.48054611E+01   
1.05038108E+02   
9.02020404E+01   
8.39724945E+01   
8.51846369E+01   
9.07723545E+01   
8.05093019E+01   
9.15331066E+01   
9.44342869E+01   
9.22572515E+01   
9.98122625E+01   
8.66077215E+01   
9.18389678E+01   
9.02221444E+01   
8.68130626E+01   
9.18325665E+01   
7.76427285E+01   
8.49833967E+01   
9.14091818E+01   
1.08198740E+02   
1.03425085E+02   
9.28194639E+01   
9.82315463E+01   
8.56211242E+01   
7.68134627E+01   
8.16158232E+01   
8.04187838E+01   
7.58084617E+01   
8.62348470E+01   
8.20014003E+01   
9.42137427E+01   
8.12129426E+01   
8.36519304E+01   
8.41992398E+01   
9.52523505E+01   
8.15658132E+01   
8.80160032E+01   
9.12868574E+01   
1.12687137E+02   
9.07150430E+01   
1.02631326E+02   
8.71796359E+01   
9.02454491E+01   
9.40934187E+01   
9.41363273E+01   
8.41688338E+01   
8.52506501E+01   
8.40176035E+01   
7.81608322E+01   
8.82053411E+01   
8.28763753E+01   
7.82065413E+01   
8.55836167E+01   
8.05812162E+01   
9.22618524E+01   
8.42650530E+01   
8.52023405E+01   
7.77675535E+01   
9.45906181E+01   
8.26267253E+01   
8.72291458E+01   
8.76892378E+01   
8.56477295E+01   
7.52029406E+01   
8.65704141E+01   
9.24655931E+01   
8.09346869E+01   
9.84671934E+01   
9.11997399E+01   
8.90168034E+01   
7.64715943E+01   
6.85567113E+01   
6.31077215E+01   
8.02922585E+01   
9.14755951E+01   
9.15793159E+01   
1.00558412E+02   
8.56296259E+01   
8.29082817E+01   
8.16978396E+01   
8.84855971E+01   
8.09706941E+01   
9.00693139E+01   
9.71965393E+01   
7.50707141E+01   
8.08471694E+01   
8.20696139E+01   
8.24903981E+01   
8.42710542E+01   
7.49358872E+01   
8.44947990E+01   
1.04323865E+02   
8.93646729E+01   
7.28806761E+01   
8.09503901E+01   
7.12837568E+01   
8.13278656E+01   
7.56985397E+01   
8.20132026E+01   
8.48014603E+01   
8.71881376E+01   
9.95100020E+01   
6.65532106E+01   
7.81593319E+01   
7.71857371E+01   
6.61977395E+01   
8.46693339E+01   
7.76869374E+01   
7.90144029E+01   
9.13514703E+01   
7.03378676E+01   
7.91933387E+01   
9.06761352E+01   
7.85212042E+01   
8.25084017E+01   
7.26873375E+01   
6.58122625E+01   
8.05672134E+01   
8.76921384E+01   
6.23150630E+01   
9.16913383E+01   
8.50476095E+01   
7.83054611E+01   
8.63726745E+01   
7.52157431E+01   
6.81365273E+01   
9.00156031E+01   
9.17905581E+01   
8.56065213E+01   
7.22310462E+01   
8.21724345E+01   
7.02774555E+01   
8.14462893E+01   
9.49238848E+01   
8.03011602E+01   
7.19483897E+01   
9.10603121E+01   
7.14135827E+01   
7.87065413E+01   
8.15540108E+01   
6.70161032E+01   
7.66324265E+01   
8.54747950E+01   
6.34723945E+01   
7.49486897E+01   
8.21060212E+01   
7.47754551E+01   
7.17714543E+01   
8.79610922E+01   
8.37682537E+01   
8.74166833E+01   
9.07638528E+01   
6.80577115E+01   
5.65668134E+01   
7.80136027E+01   
9.12067413E+01   
7.89677936E+01   
8.98092619E+01   
7.23379676E+01   
7.07462492E+01   
8.32849570E+01   
8.70156031E+01   
8.11605321E+01   
7.97261452E+01   
8.31601320E+01   
8.48718744E+01   
7.31626325E+01   
6.55845169E+01   
7.21606321E+01   
8.42983597E+01   
7.57321464E+01   
9.21684337E+01   
5.92736547E+01   
7.41529306E+01   
6.47317463E+01   
8.24976995E+01   
8.58312663E+01   
9.30698140E+01   
6.66524305E+01   
8.90459092E+01   
7.18419684E+01   
7.69532907E+01   
7.49361872E+01   
8.03309662E+01   
8.10156031E+01   
7.28798760E+01   
6.94746949E+01   
8.08826765E+01   
5.71121224E+01   
6.62651530E+01   
9.06128226E+01   
7.52152430E+01   
8.24163833E+01   
7.99561912E+01   
9.88874775E+01   
8.26786357E+01   
8.91493299E+01   
7.19340868E+01   
7.05369074E+01   
7.54035807E+01   
7.71958392E+01   
9.04401880E+01   
8.01107221E+01   
8.62730546E+01   
8.23995799E+01   
7.47585517E+01   
7.46514303E+01   
7.29973995E+01   
5.20404081E+01   
6.73699740E+01   
8.45119024E+01   
7.30190038E+01   
6.62630526E+01   
7.80200040E+01   
6.07495499E+01   
8.19066813E+01   
7.63867774E+01   
8.20156031E+01   
7.60156031E+01   
8.32598520E+01   
6.07451490E+01   
7.26778356E+01   
7.52586517E+01   
7.33775755E+01   
7.04952991E+01   
7.82948590E+01   
8.58962793E+01   
7.56592318E+01   
7.42024405E+01   
7.74225845E+01   
8.65443089E+01   
6.68939788E+01   
7.61396279E+01   
7.30168034E+01   
8.15974195E+01   
7.28990798E+01   
7.04764953E+01   
6.71285257E+01   
7.00132026E+01   
7.86437287E+01   
7.79277856E+01   
6.22414483E+01   
6.41269254E+01   
7.52259452E+01   
6.94739948E+01   
6.71229246E+01   
8.26749350E+01   
7.65702140E+01   
6.95715143E+01   
7.83544709E+01   
6.84439888E+01   
7.26844369E+01   
6.61225245E+01   
7.23620724E+01   
6.47724545E+01   
8.38278656E+01   
7.91245249E+01   
8.43375675E+01   
6.68677736E+01   
7.99511902E+01   
8.09591918E+01   
7.20215043E+01   
8.49635927E+01   
7.47484497E+01   
6.03263653E+01   
6.68053611E+01   
6.36335267E+01   
7.45703141E+01   
6.24520904E+01   
7.32963593E+01   
6.82174435E+01   
9.23039608E+01   
8.93095619E+01   
7.28229646E+01   
8.40156031E+01   
8.09158832E+01   
7.14132827E+01   
8.89262853E+01   
6.79891978E+01   
6.99314863E+01   
7.44060812E+01   
6.80136027E+01   
6.79166833E+01   
6.31105221E+01   
8.70524105E+01   
8.67833567E+01   
8.78705741E+01   
9.38293659E+01   
8.28706741E+01   
8.12987598E+01   
7.07340468E+01   
8.05763153E+01   
7.01069214E+01   
6.81986397E+01   
6.76443289E+01   
6.43812763E+01   
7.59169834E+01   
6.68358672E+01   
5.69191838E+01   
7.89285857E+01   
6.72839568E+01   
6.57281456E+01   
6.85658132E+01   
7.88616723E+01   
6.82512503E+01   
8.38365673E+01   
7.63142629E+01   
8.01029206E+01   
8.69290858E+01   
6.70494099E+01   
7.12397479E+01   
8.06735347E+01   
7.41013203E+01   
7.16779356E+01   
8.56064213E+01   
8.22659532E+01   
5.75135027E+01   
8.11820364E+01   
7.01802360E+01   
7.03574715E+01   
6.96713343E+01   
6.98517704E+01   
7.54487898E+01   
8.42595519E+01   
9.03758752E+01   
7.30563113E+01   
6.91734347E+01   
6.99350870E+01   
6.81714343E+01   
5.89354871E+01   
5.91694339E+01   
6.00132026E+01   
8.72440488E+01   
6.94762953E+01   
8.17103421E+01   
7.62435487E+01   
7.63917784E+01   
7.54887978E+01   
9.07492498E+01   
9.02086417E+01   
6.45324065E+01   
8.91338268E+01   
7.45288058E+01   
6.35232046E+01   
7.16522304E+01   
7.12299460E+01   
7.36554311E+01   
6.51590318E+01   
7.00853171E+01   
7.47339468E+01   
6.84342869E+01   
8.21818364E+01   
6.53277656E+01   
6.90793159E+01   
7.23292659E+01   
6.94883977E+01   
7.34057812E+01   
6.79482897E+01   
6.91486297E+01   
7.12792559E+01   
6.76703341E+01   
7.00948190E+01   
6.08586717E+01   
9.05903181E+01   
7.84671934E+01   
6.73978796E+01   
6.43930786E+01   
7.80671134E+01   
6.69544909E+01   
7.35139028E+01   
7.15203041E+01   
7.10785157E+01   
6.35650130E+01   
8.06501300E+01   
7.38352671E+01   
7.70765153E+01   
8.03129626E+01   
8.06020204E+01   
6.16023205E+01   
6.93037608E+01   
6.75495099E+01   
6.75302060E+01   
5.98969794E+01   
6.50681136E+01   
7.71134227E+01   
8.01847369E+01   
6.36801360E+01   
6.61763353E+01   
6.36288258E+01   
6.99049810E+01   
7.97991598E+01   
8.38023605E+01   
6.85992198E+01   
7.50653131E+01   
6.79081816E+01   
8.05478096E+01   
7.99654931E+01   
6.04753951E+01   
7.89125825E+01   
7.29141828E+01   
6.02637528E+01   
6.62104421E+01   
7.55714143E+01   
7.57726545E+01   
7.04020804E+01   
7.21571314E+01   
6.40601120E+01   
7.66840368E+01   
6.99686937E+01   
7.77389478E+01   
6.72922585E+01   
7.14233847E+01   
7.22485497E+01   
6.42858572E+01   
6.72810562E+01   
6.90140028E+01   
6.11006201E+01   
7.07128426E+01   
5.63560712E+01   
7.59706941E+01   
7.57212442E+01   
7.89746949E+01   
7.38527706E+01   
7.23015603E+01   
7.70553111E+01   
6.34515903E+01   
7.67352470E+01   
7.47408482E+01   
8.04780956E+01   
5.78968794E+01   
6.57107421E+01   
6.93886777E+01   
8.26794359E+01   
7.04167834E+01   
7.53969794E+01   
6.53032607E+01   
8.19437888E+01   
7.70501100E+01   
6.54978996E+01   
6.85658132E+01   
8.18121624E+01   
7.12499500E+01   
7.70798160E+01   
7.59481896E+01   
8.66608322E+01   
6.24939988E+01   
6.60437087E+01   
6.69192839E+01   
6.81657331E+01   
5.87703541E+01   
5.61629326E+01   
8.86900380E+01   
7.01324265E+01   
8.47871574E+01   
7.72994599E+01   
7.31529306E+01   
7.37393479E+01   
5.42585517E+01   
7.49862973E+01   
6.12220444E+01   
7.97786557E+01   
7.76846369E+01   
8.12180436E+01   
7.31381276E+01   
8.07966593E+01   
6.93016603E+01   
5.61988398E+01   
8.64136827E+01   
7.72896579E+01   
6.91695339E+01   
8.47949590E+01   
7.11864373E+01   
7.28873775E+01   
6.60972194E+01   
7.19331866E+01   
7.10152030E+01   
7.60731146E+01   
7.79383877E+01   
6.21636327E+01   
7.19218844E+01   
7.79612923E+01   
6.61194239E+01   
7.08948790E+01   
6.62305461E+01   
6.09624925E+01   
6.28863773E+01   
6.21070214E+01   
6.49233847E+01   
7.39861972E+01   
7.21288258E+01   
8.29305861E+01   
6.80152030E+01   
7.00023005E+01   
7.29530906E+01   
5.91991398E+01   
5.89647930E+01   
6.20245049E+01   
7.09691938E+01   
6.10879176E+01   
6.20015003E+01   
7.39828966E+01   
7.50690138E+01   
6.80108022E+01   
7.29342869E+01   
6.90387077E+01   
6.20209042E+01   
6.79616923E+01   
6.50777155E+01   
8.19274855E+01   
6.90294059E+01   
7.20677135E+01   
7.59491898E+01   
6.40862172E+01   
6.10030006E+01   
7.00087017E+01   
7.40169034E+01   
7.40029006E+01   
7.59849970E+01   
5.90530106E+01   
6.30103021E+01   
6.80128026E+01   
7.70102020E+01   
7.60118024E+01   
7.00114023E+01   
6.50181036E+01   
8.10104021E+01   
6.40191038E+01   
7.49998000E+01   
6.00186037E+01   
6.10291058E+01   
6.90179036E+01   
7.40052010E+01   
7.20268054E+01   
6.59809962E+01   
5.60159032E+01   
7.00339068E+01   
6.19814963E+01   
6.40728146E+01   
7.09503901E+01   
6.00647129E+01   
7.40215043E+01   
7.49686937E+01   
6.70554111E+01   
7.70677135E+01   
9.09784957E+01   
8.29246849E+01   
7.00551110E+01   
8.60409082E+01   
7.10623125E+01   
7.49276855E+01   
8.50338068E+01   
7.20675135E+01   
7.19715943E+01   
6.90374075E+01   
7.59913983E+01   
7.10759152E+01   
8.08131626E+01   
5.69837968E+01   
5.82117423E+01   
7.09873975E+01   
6.70001000E+01   
7.01316263E+01   
8.58812763E+01   
6.49825965E+01   
6.48378676E+01   
5.03018604E+01   
7.29153831E+01   
6.59789958E+01   
7.68898780E+01   
5.50275055E+01   
5.83394679E+01   
8.27927586E+01   
8.23753751E+01   
7.77664533E+01   
8.48754751E+01   
5.90526105E+01   
6.01163233E+01   
6.40359072E+01   
7.79721944E+01   
7.60582116E+01   
7.10375075E+01   
8.01518304E+01   
7.56021204E+01   
6.34338868E+01   
7.09223845E+01   
7.87490498E+01   
6.30367073E+01   
6.20626125E+01   
6.61407281E+01   
7.21965393E+01   
8.47812563E+01   
7.58808762E+01   
6.32292458E+01   
8.19055811E+01   
6.60977195E+01   
7.07604521E+01   
5.99254851E+01   
5.83887778E+01   
7.17500500E+01   
6.31615323E+01   
6.50443089E+01   
7.02907582E+01   
7.05203041E+01   
5.92321464E+01   
6.32696539E+01   
7.27914583E+01   
7.40148030E+01   
7.30810162E+01   
7.75800160E+01   
5.64850970E+01   
6.68787758E+01   
6.80838168E+01   
7.98045609E+01   
7.54388878E+01   
8.35508102E+01   
6.39760952E+01   
6.79752951E+01   
6.41971394E+01   
7.32386477E+01   
7.17885577E+01   
6.51285257E+01   
7.41696339E+01   
7.85862172E+01   
6.62885577E+01   
7.29349870E+01   
6.92558512E+01   
7.47314463E+01   
6.70547109E+01   
7.75536107E+01   
7.76839368E+01   
7.77198440E+01   
6.19277856E+01   
6.40986197E+01   
6.35353071E+01   
7.47106421E+01   
7.40595119E+01   
7.34790958E+01   
6.39656931E+01   
5.32834567E+01   
7.35178036E+01   
7.15541108E+01   
6.79197840E+01   
6.37768554E+01   
7.41529306E+01   
7.49157832E+01   
6.51074215E+01   
6.34499900E+01   
7.20152030E+01   
6.78171634E+01   
7.00635127E+01   
7.08630726E+01   
6.90635127E+01   
7.10643129E+01   
6.30651130E+01   
7.08582717E+01   
6.63789758E+01   
7.59628926E+01   
6.70152030E+01   
7.32292458E+01   
7.54237848E+01   
7.17951590E+01   
6.81202240E+01   
8.25076015E+01   
7.78486697E+01   
6.89580916E+01   
7.04504901E+01   
6.08035607E+01   
8.36434287E+01   
7.88693739E+01   
7.80695139E+01   
6.05951190E+01   
7.84875975E+01   
6.71897379E+01   
6.26565313E+01   
6.04904981E+01   
6.57731546E+01   
6.23163633E+01   
7.27703541E+01   
6.31977395E+01   
6.89524905E+01   
7.20763153E+01   
6.94499900E+01   
6.43894779E+01   
7.89496899E+01   
6.80128026E+01   
6.22700540E+01   
7.82085417E+01   
8.18853771E+01   
7.00148030E+01   
7.00807161E+01   
7.27499500E+01   
6.34131826E+01   
6.47482496E+01   
6.53519704E+01   
6.84051810E+01   
6.65346069E+01   
5.96971394E+01   
8.21522304E+01   
6.49184837E+01   
7.83208642E+01   
8.20863173E+01   
7.62385477E+01   
6.43675735E+01   
6.62285457E+01   
7.75905181E+01   
7.49336867E+01   
6.65761152E+01   
6.38637728E+01   
5.54794959E+01   
8.98693739E+01   
8.15705141E+01   
7.30140028E+01   
7.34646929E+01   
6.89408882E+01   
7.43955791E+01   
8.59495899E+01   
7.79356871E+01   
7.50145029E+01   
7.67071414E+01   
6.82493499E+01   
6.69203841E+01   
6.04601920E+01   
6.53533707E+01   
8.66176235E+01   
7.27324465E+01   
8.08561712E+01   
6.46931386E+01   
6.49066813E+01   
9.21003201E+01   
8.22000400E+01   
6.46859372E+01   
6.86000200E+01   
7.05908182E+01   
9.01005201E+01   
5.73504701E+01   
7.92575515E+01   
6.16058212E+01   
7.76751350E+01   
6.78429686E+01   
7.11301260E+01   
7.35868174E+01   
7.85828166E+01   
6.58401680E+01   
7.84511902E+01   
8.09276855E+01   
8.21035207E+01   
7.15720144E+01   
6.57265453E+01   
6.68377676E+01   
7.55555111E+01   
8.76636327E+01   
6.43752751E+01   
6.67406481E+01   
6.88297660E+01   
7.03796759E+01   
6.55520104E+01   
7.09387878E+01   
6.80156031E+01   
7.59220844E+01   
7.85456091E+01   
7.07302460E+01   
5.81067213E+01   
7.11075215E+01   
6.30128026E+01   
7.38352671E+01   
8.23829766E+01   
6.16267253E+01   
5.88860772E+01   
6.88205641E+01   
8.43293659E+01   
6.44052811E+01   
6.58033607E+01   
8.45124025E+01   
7.97250450E+01   
6.32134427E+01   
6.99140828E+01   
6.94168834E+01   
7.43189638E+01   
7.51031206E+01   
6.71151230E+01   
7.39903981E+01   
5.34959992E+01   
6.35544109E+01   
5.87382476E+01   
6.64967994E+01   
7.59532907E+01   
7.61330266E+01   
6.15337067E+01   
7.53872775E+01   
7.90055011E+01   
6.04356871E+01   
5.60120024E+01   
6.88330666E+01   
8.08360672E+01   
7.34747950E+01   
6.01207241E+01   
6.44261852E+01   
7.94723945E+01   
7.79207842E+01   
6.52318464E+01   
6.57850570E+01   
6.62370474E+01   
7.47941588E+01   
7.91271254E+01   
6.74490898E+01   
5.63473695E+01   
6.49133827E+01   
6.36754351E+01   
6.64676935E+01   
8.07873575E+01   
7.15860172E+01   
8.39016803E+01   
7.54042809E+01   
4.98190638E+01   
6.95928186E+01   
6.81540308E+01   
6.19425885E+01   
6.05976195E+01   
7.44840968E+01   
6.87184437E+01   
7.43661732E+01   
6.04872975E+01   
6.34904981E+01   
7.90156031E+01   
7.47757552E+01   
7.17741548E+01   
5.94968994E+01   
6.68944789E+01   
6.93797760E+01   
7.32602521E+01   
7.90172034E+01   
7.19126825E+01   
7.27673535E+01   
6.23833767E+01   
8.61379276E+01   
7.50144029E+01   
8.43907782E+01   
6.46380276E+01   
6.93951790E+01   
8.28780756E+01   
6.31383277E+01   
5.48856771E+01   
7.35205041E+01   
7.31411282E+01   
7.15257051E+01   
7.92722545E+01   
7.43727746E+01   
6.74978996E+01   
6.44013803E+01   
7.86636327E+01   
7.31463293E+01   
6.69705941E+01   
6.34886977E+01   
7.21953391E+01   
6.94874975E+01   
7.31459292E+01   
6.28194639E+01   
6.94097820E+01   
6.85486097E+01   
8.63495699E+01   
8.18082617E+01   
7.42830566E+01   
7.46631326E+01   
6.66880376E+01   
7.11483297E+01   
7.19670934E+01   
7.66992398E+01   
8.29205841E+01   
6.04642929E+01   
7.47024405E+01   
7.35998200E+01   
7.59846969E+01   
7.17642529E+01   
6.61756351E+01   
7.11298260E+01   
7.68732747E+01   
5.94204841E+01   
8.57591518E+01   
5.54260852E+01   
6.85760152E+01   
8.10229046E+01   
7.93018604E+01   
7.24465893E+01   
8.43007602E+01   
6.78649730E+01   
6.83018604E+01   
7.30140028E+01   
7.35786157E+01   
7.02851570E+01   
6.01567313E+01   
7.09134827E+01   
6.99621924E+01   
6.75993199E+01   
6.32253451E+01   
6.92787558E+01   
8.02747550E+01   
6.55682136E+01   
6.30571114E+01   
8.52683537E+01   
7.61639328E+01   
7.23607722E+01   
5.57636527E+01   
6.86165233E+01   
8.46804361E+01   
7.24986997E+01   
7.33186637E+01   
7.13893779E+01   
8.20277055E+01   
7.74737948E+01   
7.10919184E+01   
8.91778356E+01   
8.90113023E+01   
7.16906381E+01   
6.89447890E+01   
8.18580716E+01   
8.03262653E+01   
7.03278656E+01   
8.31151230E+01   
7.89152831E+01   
8.09103821E+01   
8.81700340E+01   
7.10128026E+01   
6.42858572E+01   
7.98992799E+01   
7.41731346E+01   
8.29375875E+01   
8.92147429E+01   
7.18220644E+01   
7.97261452E+01   
6.83958792E+01   
6.53098620E+01   
7.32007401E+01   
6.39699940E+01   
7.88348670E+01   
7.85274055E+01   
8.63746749E+01   
6.90140028E+01   
6.83350670E+01   
7.80240048E+01   
6.61851370E+01   
6.46801360E+01   
7.13458692E+01   
7.25194039E+01   
7.75110022E+01   
7.28472695E+01   
8.26881376E+01   
8.91851370E+01   
8.24945989E+01   
6.43522705E+01   
7.81643329E+01   
6.73526705E+01   
6.85494099E+01   
8.36473295E+01   
7.63562713E+01   
7.20140028E+01   
7.70480096E+01   
6.37708542E+01   
6.46649330E+01   
5.99604921E+01   
7.42778556E+01   
6.57565513E+01   
7.97940588E+01   
7.73138628E+01   
6.16617323E+01   
6.84103821E+01   
7.99662933E+01   
6.83662733E+01   
7.77221444E+01   
6.60152030E+01   
6.74813963E+01   
6.09056811E+01   
8.18372675E+01   
6.88364673E+01   
6.75789158E+01   
6.80120024E+01   
7.78316663E+01   
7.69033807E+01   
7.03952791E+01   
5.82776555E+01   
8.60159032E+01   
6.32008402E+01   
6.69211842E+01   
6.84657932E+01   
7.81975395E+01   
8.51750350E+01   
5.88537708E+01   
6.47212442E+01   
6.73818764E+01   
6.83111622E+01   
6.55277055E+01   
5.97573515E+01   
7.29472895E+01   
8.48284657E+01   
6.82650530E+01   
7.72085417E+01   
9.20070014E+01   
7.34477896E+01   
6.39584917E+01   
7.64461892E+01   
8.39632927E+01   
7.62059412E+01   
7.36345269E+01   
7.06772354E+01   
6.20124025E+01   
7.74768954E+01   
6.39325865E+01   
6.86277255E+01   
7.45918184E+01   
8.09812963E+01   
7.14337868E+01   
6.18200640E+01   
7.68455691E+01   
6.67678536E+01   
7.24285857E+01   
8.04058812E+01   
7.31928386E+01   
7.62302460E+01   
7.20442088E+01   
6.80116023E+01   
6.99703941E+01   
9.30362072E+01   
7.96244249E+01   
7.40042008E+01   
7.32163433E+01   
7.66185237E+01   
5.74141828E+01   
7.24166833E+01   
7.66080216E+01   
8.42147429E+01   
7.68019604E+01   
6.38439688E+01   
7.71921384E+01   
7.18414683E+01   
8.97955591E+01   
8.20144029E+01   
7.06708342E+01   
8.51295259E+01   
6.60120024E+01   
6.56563313E+01   
6.71914383E+01   
7.29818964E+01   
6.36992398E+01   
8.90168034E+01   
7.17715543E+01   
6.93905781E+01   
8.18882777E+01   
7.75119024E+01   
6.33582717E+01   
7.49229846E+01   
7.24342869E+01   
7.40152030E+01   
7.07507502E+01   
7.03353671E+01   
8.15941188E+01   
7.96850370E+01   
7.71971394E+01   
8.89542909E+01   
7.81634327E+01   
7.23737748E+01   
5.89434887E+01   
6.38693739E+01   
8.08709742E+01   
7.85961192E+01   
7.79414883E+01   
8.30172034E+01   
7.26662332E+01   
7.30184037E+01   
7.38469694E+01   
6.23617724E+01   
8.69361872E+01   
7.80902180E+01   
7.99818964E+01   
8.12636527E+01   
6.73549710E+01   
6.96517303E+01   
8.31358272E+01   
7.98081616E+01   
6.05596119E+01   
8.46851370E+01   
6.04533907E+01   
7.47929586E+01   
7.37943589E+01   
6.94618924E+01   
8.03457692E+01   
6.86870374E+01   
8.88946789E+01   
7.36659332E+01   
7.78394679E+01   
8.84399880E+01   
7.80160032E+01   
8.51106221E+01   
7.57760552E+01   
8.35713143E+01   
7.27856571E+01   
6.63804761E+01   
8.36451290E+01   
7.09277856E+01   
7.48475695E+01   
8.30335067E+01   
7.18519704E+01   
7.68638728E+01   
6.69365873E+01   
8.71660332E+01   
5.92536507E+01   
8.17134427E+01   
8.69276855E+01   
6.59204841E+01   
7.31773355E+01   
7.34148830E+01   
7.40802160E+01   
7.53113623E+01   
5.97174435E+01   
6.38955791E+01   
8.02531506E+01   
7.99055811E+01   
7.48215643E+01   
6.90654131E+01   
6.08565713E+01   
7.08278656E+01   
8.29653931E+01   
7.59685937E+01   
7.84942989E+01   
8.53435687E+01   
7.74102821E+01   
7.93793759E+01   
7.74950990E+01   
7.07744549E+01   
8.27382476E+01   
8.05329066E+01   
7.10152030E+01   
7.65611122E+01   
7.27410482E+01   
7.62845569E+01   
6.87434487E+01   
7.22095419E+01   
8.05289058E+01   
8.89537908E+01   
8.45701140E+01   
8.55087017E+01   
7.43129626E+01   
7.74774955E+01   
6.97972595E+01   
6.92843569E+01   
5.57542509E+01   
7.17484497E+01   
6.90156031E+01   
7.65181036E+01   
7.35165033E+01   
8.30140028E+01   
7.27632527E+01   
8.25165033E+01   
8.00190038E+01   
8.62687538E+01   
8.30118024E+01   
7.95125025E+01   
6.97726545E+01   
7.87420484E+01   
8.07978596E+01   
9.47640528E+01   
7.45251050E+01   
8.59831966E+01   
7.70528106E+01   
8.47422484E+01   
7.41827365E+01   
6.73135627E+01   
7.70136027E+01   
7.50136027E+01   
8.37564513E+01   
7.41038208E+01   
8.04384877E+01   
6.30808162E+01   
6.76884377E+01   
6.57910582E+01   
7.01979396E+01   
6.42719544E+01   
6.88348670E+01   
7.61899380E+01   
7.01908382E+01   
7.87110422E+01   
8.71831366E+01   
6.87022404E+01   
7.15885177E+01   
6.31196239E+01   
8.65914183E+01   
7.35403081E+01   
7.30706141E+01   
6.88090618E+01   
9.01599320E+01   
6.61376275E+01   
8.70164033E+01   
7.89509902E+01   
6.92815563E+01   
7.51524305E+01   
8.43561712E+01   
9.67331466E+01   
7.27456491E+01   
7.61636327E+01   
7.19794959E+01   
6.04367874E+01   
7.69040808E+01   
7.98543709E+01   
7.92017403E+01   
6.35551110E+01   
6.86429286E+01   
9.16477295E+01   
8.80184037E+01   
7.80181036E+01   
7.60187037E+01   
8.73770754E+01   
8.22076415E+01   
8.02756551E+01   
8.90152030E+01   
8.05655131E+01   
8.54959992E+01   
7.90879176E+01   
7.88458692E+01   
8.61434287E+01   
6.77839568E+01   
9.07388478E+01   
8.50160032E+01   
8.19644929E+01   
8.85100020E+01   
7.87819564E+01   
6.80871174E+01   
8.78965793E+01   
8.25380076E+01   
7.67029406E+01   
8.72092418E+01   
8.06090218E+01   
8.17065413E+01   
7.74759952E+01   
6.75791158E+01   
7.77312462E+01   
7.52824565E+01   
8.11653331E+01   
9.65752150E+01   
8.24567914E+01   
7.57308462E+01   
8.14422885E+01   
8.51625325E+01   
7.57238448E+01   
8.55940188E+01   
8.93039608E+01   
8.80043009E+01   
7.61662332E+01   
8.31509302E+01   
7.38597720E+01   
7.44589918E+01   
7.31734347E+01   
8.84071814E+01   
8.08842769E+01   
8.28866773E+01   
9.39271854E+01   
8.13546709E+01   
7.61810362E+01   
6.41377275E+01   
8.01846369E+01   
7.90673135E+01   
9.04308862E+01   
8.43111622E+01   
7.36022204E+01   
6.35487097E+01   
9.43115623E+01   
8.88345669E+01   
7.50869174E+01   
8.39070814E+01   
9.16451290E+01   
8.70160032E+01   
7.18257652E+01   
6.02266453E+01   
7.13988798E+01   
7.94052811E+01   
8.55226045E+01   
8.36155231E+01   
8.41173235E+01   
8.67192438E+01   
8.89142829E+01   
8.32214443E+01   
8.37168434E+01   
8.31121224E+01   
8.12026405E+01   
7.87392478E+01   
8.18053611E+01   
8.68021604E+01   
8.17989598E+01   
7.96655331E+01   
7.69703941E+01   
7.64552911E+01   
7.84060812E+01   
8.00760152E+01   
9.79567914E+01   
9.34028806E+01   
9.00156031E+01   
8.93231646E+01   
6.71682336E+01   
7.40136027E+01   
7.85574115E+01   
8.32522505E+01   
8.17789558E+01   
7.63956791E+01   
7.43251650E+01   
7.43936787E+01   
8.57032406E+01   
8.62452490E+01   
9.10947189E+01   
9.20751150E+01   
9.75792158E+01   
8.37126425E+01   
9.92584517E+01   
8.63303661E+01   
8.38162633E+01   
7.59582917E+01   
8.31668334E+01   
9.20725145E+01   
8.52785557E+01   
7.58592719E+01   
7.63323665E+01   
8.79189838E+01   
7.60184037E+01   
9.01567313E+01   
8.19698940E+01   
7.72473495E+01   
8.33379676E+01   
8.56279256E+01   
8.34104821E+01   
7.15341068E+01   
8.12966593E+01   
8.55480096E+01   
7.45530106E+01   
6.89445889E+01   
7.42717544E+01   
8.10180036E+01   
8.87253451E+01   
8.89577916E+01   
8.23708742E+01   
7.13961792E+01   
8.79902981E+01   
8.53178636E+01   
8.61353271E+01   
7.36426285E+01   
8.72366473E+01   
9.74267854E+01   
8.80168034E+01   
8.40514103E+01   
8.82779556E+01   
8.66763353E+01   
9.50478096E+01   
9.00430086E+01   
7.60269054E+01   
7.23039608E+01   
8.10463093E+01   
8.33390678E+01   
8.33487698E+01   
8.66705341E+01   
8.67097419E+01   
9.40061012E+01   
8.20150030E+01   
8.66901380E+01   
6.70130026E+01   
7.30139028E+01   
7.26881376E+01   
9.43425685E+01   
7.73550710E+01   
7.10093019E+01   
8.00306061E+01   
8.06899380E+01   
9.03650730E+01   
9.40081016E+01   
8.30057011E+01   
7.56792358E+01   
8.06331266E+01   
7.30291058E+01   
7.86923385E+01   
8.54104821E+01   
8.09988998E+01   
7.55928186E+01   
7.74200840E+01   
9.20869174E+01   
9.03368674E+01   
8.73611722E+01   
9.40467093E+01   
9.39358872E+01   
9.83013603E+01   
8.52052410E+01   
7.75131026E+01   
8.58371674E+01   
8.85396079E+01   
8.43970794E+01   
8.59812963E+01   
9.53627726E+01   
8.29780956E+01   
9.25483097E+01   
7.58723745E+01   
9.33224645E+01   
8.00607121E+01   
9.03663733E+01   
8.31819364E+01   
8.06957391E+01   
1.07080116E+02   
8.07658532E+01   
8.32661532E+01   
8.43667734E+01   
9.00398080E+01   
9.27508502E+01   
8.33144629E+01   
9.07223445E+01   
7.48434687E+01   
8.80148030E+01   
8.12469494E+01   
7.24286857E+01   
7.42037407E+01   
8.52441488E+01   
8.80160032E+01   
9.30827165E+01   
8.47291458E+01   
8.62361472E+01   
8.57998600E+01   
8.02321464E+01   
8.43795759E+01   
9.20843169E+01   
8.35841168E+01   
8.98098620E+01   
8.79404881E+01   
9.61742348E+01   
8.09392879E+01   
8.75406081E+01   
8.50208042E+01   
9.73255651E+01   
8.27387477E+01   
7.60164033E+01   
9.56401280E+01   
9.82065413E+01   
8.22971594E+01   
7.13760752E+01   
8.37422484E+01   
8.72937588E+01   
8.93952791E+01   
8.89103821E+01   
1.04113923E+02   
7.73586717E+01   
9.39754951E+01   
9.59874975E+01   
8.52206441E+01   
9.07118424E+01   
8.11765353E+01   
6.70144029E+01   
8.02768554E+01   
7.94902981E+01   
8.28196639E+01   
8.62402480E+01   
9.58375675E+01   
8.56464293E+01   
8.54708942E+01   
8.64205841E+01   
8.50188038E+01   
8.76464293E+01   
8.95095019E+01   
1.06632226E+02   
8.58155631E+01   
7.47423485E+01   
9.11411282E+01   
8.18966793E+01   
7.83913783E+01   
9.22672535E+01   
9.23857772E+01   
7.25203041E+01   
8.83931786E+01   
9.00342068E+01   
9.29078816E+01   
9.35964193E+01   
8.67989598E+01   
9.05041008E+01   
7.66384277E+01   
8.08784757E+01   
8.59556911E+01   
1.00021204E+02   
9.16903381E+01   
8.87779556E+01   
8.93979796E+01   
8.96348270E+01   
8.92516503E+01   
8.61639328E+01   
7.97831566E+01   
8.69354871E+01   
8.76356271E+01   
8.98660732E+01   
8.79418884E+01   
7.80127025E+01   
9.89551910E+01   
8.67061412E+01   
9.35422084E+01   
8.32424485E+01   
8.06613323E+01   
1.04407582E+02   
8.76925385E+01   
8.40180036E+01   
9.60180036E+01   
1.09353071E+02   
9.55787157E+01   
9.79522905E+01   
8.55783157E+01   
8.33630726E+01   
8.71531306E+01   
8.41053211E+01   
8.89397880E+01   
9.97840568E+01   
8.58011602E+01   
9.65891178E+01   
9.18051610E+01   
9.62910582E+01   
8.81690338E+01   
9.45963193E+01   
8.36236247E+01   
8.64360872E+01   
8.42047409E+01   
7.98469694E+01   
7.59986997E+01   
1.01577315E+02   
8.62514503E+01   
9.72216443E+01   
1.00000600E+02   
8.40391078E+01   
9.09983997E+01   
9.24223845E+01   
1.00623525E+02   
8.70168034E+01   
8.40129026E+01   
1.00427786E+02   
1.06027105E+02   
9.57954591E+01   
8.38326665E+01   
9.12410482E+01   
1.01425185E+02   
9.19865973E+01   
9.19984997E+01   
7.42076415E+01   
9.28729746E+01   
9.82100420E+01   
9.92084417E+01   
9.06128226E+01   
9.60503101E+01   
1.01461092E+02   
1.01950990E+02   
8.54263853E+01   
8.17553511E+01   
8.76914383E+01   
8.52527506E+01   
7.12854571E+01   
8.77014403E+01   
9.53289658E+01   
8.61190238E+01   
9.84299860E+01   
8.34307862E+01   
8.37273455E+01   
8.60168034E+01   
8.97901580E+01   
9.31329266E+01   
1.04780056E+02   
9.20554111E+01   
8.83254651E+01   
8.98455691E+01   
8.75063013E+01   
1.07377075E+02   
8.55850170E+01   
9.30180036E+01   
8.90999200E+01   
8.38535707E+01   
1.02855171E+02   
1.12779856E+02   
1.05501500E+02   
8.46709342E+01   
9.37153431E+01   
1.04925285E+02   
1.10858372E+02   
9.52799560E+01   
9.04415883E+01   
1.13863173E+02   
8.91258252E+01   
9.43793759E+01   
7.78102621E+01   
8.41279256E+01   
1.05359772E+02   
1.01638528E+02   
7.63613723E+01   
9.76802360E+01   
9.34451890E+01   
7.93485697E+01   
9.88671734E+01   
9.80176035E+01   
1.11259352E+02   
1.02923085E+02   
8.63221644E+01   
8.42745549E+01   
1.05860572E+02   
1.12321864E+02   
8.64467894E+01   
1.08873375E+02   
9.04474895E+01   
8.78763753E+01   
9.25880176E+01   
9.45745149E+01   
8.50454091E+01   
8.81393279E+01   
9.30586117E+01   
9.92701540E+01   
1.00638628E+02   
9.17998600E+01   
9.51811362E+01   
9.44858972E+01   
9.71524305E+01   
9.24539908E+01   
9.76721344E+01   
8.51086217E+01   
1.12328366E+02   
1.05047009E+02   
1.00125825E+02   
9.42748550E+01   
1.11331966E+02   
9.79584917E+01   
8.97126425E+01   
1.00201740E+02   
1.03509302E+02   
8.80164033E+01   
8.45331066E+01   
1.07899580E+02   
1.04818464E+02   
8.73736747E+01   
9.77221444E+01   
1.05517804E+02   
9.87859572E+01   
1.08116323E+02   
1.01465193E+02   
9.75909182E+01   
9.24546909E+01   
8.71389278E+01   
1.04351570E+02   
9.37956591E+01   
9.44560912E+01   
9.33614723E+01   
1.01789258E+02   
9.80172034E+01   
1.01293359E+02   
1.02790458E+02   
1.08996099E+02   
1.01884877E+02   
8.93631726E+01   
9.91607321E+01   
9.58776755E+01   
1.07414283E+02   
9.36241248E+01   
1.07118424E+02   
9.48215643E+01   
7.87640528E+01   
1.12307762E+02   
1.28056111E+02   
1.06856871E+02   
9.55680136E+01   
1.07128926E+02   
1.06365473E+02   
1.02934887E+02   
1.00561112E+02   
1.01928086E+02   
9.25624125E+01   
9.71060212E+01   
9.42083417E+01   
9.43011602E+01   
9.93668734E+01   
1.06704641E+02   
1.02619324E+02   
1.03982096E+02   
9.95163033E+01   
9.47731546E+01   
1.15808462E+02   
9.33179636E+01   
1.07042108E+02   
9.73038608E+01   
1.01798460E+02   
1.16322665E+02   
1.18411782E+02   
1.06481196E+02   
1.11481996E+02   
1.04259552E+02   
1.07780456E+02   
1.00774855E+02   
1.00873175E+02   
1.02232446E+02   
9.53403681E+01   
1.05461492E+02   
1.09024805E+02   
1.03840968E+02   
8.95447089E+01   
1.13489498E+02   
1.08748950E+02   
1.04356371E+02   
9.36804361E+01   
9.68287658E+01   
1.07145629E+02   
1.17711142E+02   
1.15144829E+02   
1.02671634E+02   
9.64899980E+01   
1.04903181E+02   
1.17906381E+02   
1.13250450E+02   
9.85480096E+01   
9.41300260E+01   
9.51643329E+01   
9.98180636E+01   
9.88603721E+01   
9.73911782E+01   
1.24869574E+02   
1.14752450E+02   
1.11447590E+02   
1.26730346E+02   
1.16984097E+02   
1.05020404E+02   
1.19636427E+02   
1.01744749E+02   
1.03635227E+02   
9.45432086E+01   
1.07672034E+02   
8.52423485E+01   
1.04106421E+02   
1.00868474E+02   
9.96547309E+01   
1.01541608E+02   
1.19983197E+02   
1.07503601E+02   
9.17988598E+01   
9.63547710E+01   
1.13020404E+02   
1.12985997E+02   
1.02189238E+02   
1.18074315E+02   
1.23672034E+02   
1.03305261E+02   
1.00804361E+02   
1.14082016E+02   
8.90788158E+01   
1.09505601E+02   
9.25608122E+01   
1.02505601E+02   
9.98655731E+01   
1.07586017E+02   
1.26022004E+02   
8.96264253E+01   
9.99735947E+01   
1.00552410E+02   
1.01935587E+02   
1.07102020E+02   
1.08355571E+02   
1.05810862E+02   
9.34867974E+01   
9.24051810E+01   
1.09907582E+02   
1.14070814E+02   
1.21022805E+02   
1.06570414E+02   
9.16032206E+01   
1.13846769E+02   
1.06070814E+02   
1.06548810E+02   
1.02554411E+02   
1.00973995E+02   
1.16989998E+02   
1.03564813E+02   
9.39887978E+01   
1.00544409E+02   
1.10026805E+02   
9.85352070E+01   
9.60216043E+01   
9.79983997E+01   
1.15528006E+02   
1.05019604E+02   
1.13024405E+02   
1.08021204E+02   
1.05018004E+02   
1.17535207E+02   
1.17015203E+02   
1.01022404E+02   
1.03993599E+02   
1.06051210E+02   
1.14564013E+02   
1.19998800E+02   
1.15520404E+02   
1.05971194E+02   
9.85720144E+01   
1.04940388E+02   
1.09556411E+02   
1.09562012E+02   
1.10010002E+02   
1.13076415E+02   
1.14431586E+02   
9.09591918E+01   
9.10808162E+01   
1.00646029E+02   
1.18411582E+02   
1.06947189E+02   
9.71136227E+01   
1.11431586E+02   
1.05632426E+02   
1.08533207E+02   
1.15646029E+02   
1.18399580E+02   
1.10366773E+02   
9.97036407E+01   
9.84851970E+01   
1.24128026E+02   
1.24375975E+02   
1.15021204E+02   
1.30395679E+02   
1.17131926E+02   
1.04990398E+02   
1.08082416E+02   
9.73775755E+01   
1.17444489E+02   
1.22625125E+02   
1.02845669E+02   
1.15815163E+02   
1.05985597E+02   
1.23131226E+02   
1.10504401E+02   
9.83883777E+01   
1.12098420E+02   
1.14981596E+02   
1.12826865E+02   
1.23256351E+02   
1.20233647E+02   
1.32068814E+02   
1.30938388E+02   
1.08323165E+02   
1.25975595E+02   
1.07881176E+02   
1.02490098E+02   
1.18213943E+02   
1.01020804E+02   
1.04396779E+02   
9.90692138E+01   
1.18070814E+02   
9.89683937E+01   
1.10336467E+02   
1.09497600E+02   
1.15860772E+02   
9.90768154E+01   
1.06494399E+02   
1.07192438E+02   
1.13437988E+02   
1.01555911E+02   
1.11316163E+02   
1.17027606E+02   
1.23601920E+02   
1.07552811E+02   
1.17147229E+02   
1.18049910E+02   
1.09722144E+02   
1.07573115E+02   
1.20283657E+02   
1.15891578E+02   
1.18022805E+02   
1.18352771E+02   
1.12227245E+02   
1.05953591E+02   
1.01275955E+02   
1.02911282E+02   
1.22776055E+02   
1.14199140E+02   
1.15023205E+02   
1.24560412E+02   
1.12797960E+02   
9.32551510E+01   
1.05326365E+02   
9.91761352E+01   
1.29640828E+02   
1.14786757E+02   
1.03241948E+02   
9.64232847E+01   
1.21972094E+02   
1.13827065E+02   
1.03187237E+02   
1.05686337E+02   
1.06528106E+02   
1.08738048E+02   
1.31050710E+02   
1.15283257E+02   
1.10847970E+02   
1.10288858E+02   
1.13031906E+02   
9.35656131E+01   
1.03568114E+02   
1.18203541E+02   
1.13651530E+02   
1.01660032E+02   
1.11870574E+02   
1.33194739E+02   
1.37929186E+02   
1.23475995E+02   
1.14828766E+02   
1.15416083E+02   
1.15628726E+02   
1.05172334E+02   
1.04322064E+02   
1.17818764E+02   
1.12981296E+02   
1.13507902E+02   
9.95401080E+01   
1.04737848E+02   
1.23310162E+02   
1.10832266E+02   
1.23430186E+02   
1.36039508E+02   
1.20902881E+02   
1.18360372E+02   
1.14134027E+02   
1.21913183E+02   
1.24579616E+02   
1.23031706E+02   
1.35016303E+02   
1.23680736E+02   
9.70216043E+01   
1.16369674E+02   
1.13465593E+02   
1.13876275E+02   
1.17289358E+02   
1.16262853E+02   
1.33425885E+02   
1.37384477E+02   
1.06781156E+02   
1.18073715E+02   
1.28218344E+02   
1.26768554E+02   
1.24967493E+02   
1.27774355E+02   
1.16024005E+02   
1.32223745E+02   
1.19132226E+02   
1.26231346E+02   
1.43249450E+02   
1.09587618E+02   
1.24063513E+02   
1.39378176E+02   
1.29759552E+02   
1.19991298E+02   
1.34324765E+02   
1.15051910E+02   
1.19998500E+02   
1.21593619E+02   
1.15062212E+02   
1.20419784E+02   
1.11037908E+02   
1.25162432E+02   
1.31297760E+02   
1.27602721E+02   
1.25882777E+02   
1.27167634E+02   
1.30597219E+02   
1.21177335E+02   
1.25019504E+02   
1.29746049E+02   
1.28733147E+02   
1.31044109E+02   
1.26412583E+02   
1.16896879E+02   
1.38476095E+02   
1.23666133E+02   
1.33236247E+02   
1.33803761E+02   
1.14443189E+02   
1.12100620E+02   
1.27559512E+02   
1.32224945E+02   
1.21399080E+02   
1.24023205E+02   
1.10023205E+02   
1.18602821E+02   
1.32403781E+02   
1.40608422E+02   
1.28705141E+02   
1.29701940E+02   
1.20861972E+02   
1.12532306E+02   
1.07945089E+02   
1.25595819E+02   
1.30441188E+02   
1.34860172E+02   
1.27683737E+02   
1.33372274E+02   
1.27595019E+02   
1.30557512E+02   
1.46616423E+02   
1.48999000E+02   
1.27717744E+02   
1.41963693E+02   
1.25508302E+02   
1.27390178E+02   
1.30847970E+02   
1.25322064E+02   
1.36490798E+02   
1.24024405E+02   
1.22076315E+02   
1.18922585E+02   
1.34074315E+02   
1.12842769E+02   
1.24344569E+02   
1.43168534E+02   
1.58174135E+02   
1.30554111E+02   
1.43247950E+02   
1.31618424E+02   
1.26057512E+02   
1.19181736E+02   
1.26243149E+02   
1.28163033E+02   
1.35316063E+02   
1.27596519E+02   
1.33601320E+02   
1.48238348E+02   
1.15445489E+02   
1.22996199E+02   
1.19637528E+02   
1.30016503E+02   
1.37044209E+02   
1.31216143E+02   
1.23416283E+02   
1.44436987E+02   
1.26428186E+02   
1.41030306E+02   
1.25017704E+02   
1.34441088E+02   
1.25606921E+02   
1.54666433E+02   
1.48393679E+02   
1.36437287E+02   
1.48266253E+02   
1.27563613E+02   
1.23608722E+02   
1.42485097E+02   
1.55238448E+02   
1.39213943E+02   
1.56690238E+02   
1.53972595E+02   
1.13751750E+02   
1.26699040E+02   
1.43385077E+02   
1.43064113E+02   
1.18339768E+02   
1.21149930E+02   
1.40073715E+02   
1.11318064E+02   
1.21846869E+02   
1.21289358E+02   
1.42230446E+02   
1.57862472E+02   
1.38530206E+02   
1.34027606E+02   
1.47087718E+02   
1.50091718E+02   
1.46711042E+02   
1.41286057E+02   
1.35347870E+02   
1.30501000E+02   
1.24565913E+02   
1.52007401E+02   
1.31573615E+02   
1.25256851E+02   
1.27178336E+02   
1.29107321E+02   
1.45092619E+02   
1.30789558E+02   
1.28728946E+02   
1.37587818E+02   
1.44266053E+02   
1.27411182E+02   
1.33695039E+02   
1.33744549E+02   
1.28828966E+02   
1.40886477E+02   
1.37818164E+02   
1.23068114E+02   
1.39030806E+02   
1.53652831E+02   
1.44898480E+02   
1.29198740E+02   
1.45126725E+02   
1.44782757E+02   
1.44420784E+02   
1.27510902E+02   
1.46531106E+02   
1.51778356E+02   
1.44151130E+02   
1.42644629E+02   
1.33914683E+02   
1.38401580E+02   
1.43028006E+02   
1.46400380E+02   
1.33143529E+02   
1.44824365E+02   
1.46774355E+02   
1.42738948E+02   
1.50582717E+02   
1.44951590E+02   
1.35547309E+02   
1.38919684E+02   
1.35815763E+02   
1.52346169E+02   
1.37347469E+02   
1.49339368E+02   
1.24636727E+02   
1.50750750E+02   
1.38527205E+02   
1.43731846E+02   
1.50104621E+02   
1.49779656E+02   
1.57920384E+02   
1.46668434E+02   
1.40669234E+02   
1.68852170E+02   
1.46388978E+02   
1.29026805E+02   
1.57315963E+02   
1.40289758E+02   
1.45028406E+02   
1.33640128E+02   
1.43973595E+02   
1.54831866E+02   
1.42107922E+02   
1.51431086E+02   
1.54030806E+02   
1.36565013E+02   
1.38513803E+02   
1.32235347E+02   
1.31596919E+02   
1.48885777E+02   
1.46885377E+02   
1.51671634E+02   
1.58536607E+02   
1.39386777E+02   
1.49834267E+02   
1.49453491E+02   
1.61387177E+02   
1.60032406E+02   
1.49446689E+02   
1.54852270E+02   
1.48911982E+02   
1.51556611E+02   
1.40026005E+02   
1.32510302E+02   
1.71060112E+02   
1.44999900E+02   
1.42584817E+02   
1.47924985E+02   
1.32929786E+02   
1.54870474E+02   
1.37537508E+02   
1.68242248E+02   
1.59900680E+02   
1.62987397E+02   
1.42722344E+02   
1.30761052E+02   
1.51248650E+02   
1.69190438E+02   
1.49871974E+02   
1.67267053E+02   
1.48410682E+02   
1.62619424E+02   
1.69344869E+02   
1.65315763E+02   
1.67212643E+02   
1.45713943E+02   
1.53000500E+02   
1.70344869E+02   
1.45395879E+02   
1.70498800E+02   
1.63149530E+02   
1.58456791E+02   
1.43287157E+02   
1.45124725E+02   
1.50259352E+02   
1.55370774E+02   
1.59723445E+02   
1.58691638E+02   
1.42354871E+02   
1.66670634E+02   
1.58717443E+02   
1.60340668E+02   
1.70402380E+02   
1.68324965E+02   
1.66377075E+02   
1.58378176E+02   
1.57697640E+02   
1.74362573E+02   
1.59033707E+02   
1.56030606E+02   
1.57040608E+02   
1.56012402E+02   
1.43378476E+02   
1.62742448E+02   
1.77651930E+02   
1.64708142E+02   
1.65693539E+02   
1.69392278E+02   
1.69398680E+02   
1.72342569E+02   
1.71336967E+02   
1.46003001E+02   
1.74471094E+02   
1.67917283E+02   
1.56776855E+02   
1.58015503E+02   
1.55402180E+02   
1.72969694E+02   
1.40939188E+02   
1.55101120E+02   
1.66433087E+02   
1.91790758E+02   
1.70869774E+02   
1.62413383E+02   
1.69588018E+02   
1.54737748E+02   
1.48352771E+02   
1.58132326E+02   
1.72033607E+02   
1.80464293E+02   
1.84319864E+02   
1.73996299E+02   
1.75394079E+02   
1.80478296E+02   
1.85591318E+02   
1.57497499E+02   
1.57119024E+02   
1.81031606E+02   
1.50477495E+02   
1.65876775E+02   
1.65839968E+02   
1.84288558E+02   
1.67095419E+02   
1.82877976E+02   
1.55080216E+02   
1.56345969E+02   
1.65372274E+02   
1.68887077E+02   
1.65205941E+02   
1.63586817E+02   
1.78159432E+02   
1.72411482E+02   
1.74665333E+02   
1.71204341E+02   
1.51739448E+02   
1.65386677E+02   
1.60651130E+02   
1.65310062E+02   
1.68105721E+02   
1.78127225E+02   
1.86400180E+02   
1.61579416E+02   
1.85032106E+02   
1.82961792E+02   
1.85962793E+02   
1.69799260E+02   
1.85583917E+02   
1.61343969E+02   
1.72232146E+02   
1.76401780E+02   
1.89040808E+02   
1.75606221E+02   
1.84122925E+02   
1.66857371E+02   
1.60065213E+02   
1.63515803E+02   
1.79310362E+02   
1.70129326E+02   
1.88623925E+02   
1.84147730E+02   
1.82337568E+02   
1.88036407E+02   
1.65236247E+02   
1.77532607E+02   
1.77340368E+02   
1.90646329E+02   
1.82321564E+02   
1.64716843E+02   
1.76138928E+02   
1.66735647E+02   
1.57923485E+02   
1.88993899E+02   
1.97630726E+02   
1.90969094E+02   
1.78058512E+02   
1.81675935E+02   
1.85214643E+02   
1.72505401E+02   
1.82446489E+02   
1.65034407E+02   
1.77205441E+02   
1.91355071E+02   
1.79250750E+02   
2.03369874E+02   
2.02129626E+02   
2.23115823E+02   
1.83201040E+02   
1.77458092E+02   
1.63829966E+02   
1.65404281E+02   
1.97924785E+02   
1.75879776E+02   
1.81882977E+02   
1.65336867E+02   
1.62597419E+02   
1.63755751E+02   
2.03596519E+02   
1.97604421E+02   
1.74610822E+02   
1.67467894E+02   
1.61738648E+02   
1.82050610E+02   
1.85049510E+02   
2.04159132E+02   
1.86619824E+02   
1.91168634E+02   
1.81188938E+02   
1.81063513E+02   
1.93321564E+02   
1.85445389E+02   
1.67037608E+02   
2.06476895E+02   
2.02598320E+02   
1.86671834E+02   
1.82728446E+02   
1.87942589E+02   
2.02756051E+02   
1.83868674E+02   
2.20041608E+02   
2.01422585E+02   
1.89762052E+02   
1.98381076E+02   
1.83353071E+02   
1.86414583E+02   
1.97505001E+02   
1.88091818E+02   
1.92958892E+02   
2.02748150E+02   
1.93851970E+02   
1.98502000E+02   
2.14040008E+02   
2.13137628E+02   
1.94942388E+02   
2.02854671E+02   
2.04954191E+02   
1.96498900E+02   
1.99122625E+02   
1.90929286E+02   
1.95767253E+02   
2.01229746E+02   
2.18319564E+02   
2.13658532E+02   
1.80601220E+02   
2.12223245E+02   
1.96923785E+02   
2.20368774E+02   
2.07042909E+02   
1.93382076E+02   
2.13170034E+02   
2.06777255E+02   
2.20896079E+02   
1.91097419E+02   
2.05510502E+02   
2.00039208E+02   
1.90618224E+02   
1.96299460E+02   
1.95363473E+02   
2.07613723E+02   
1.88439788E+02   
2.05250950E+02   
2.19777556E+02   
1.90909082E+02   
1.79340568E+02   
2.06924185E+02   
2.27784457E+02   
2.09079016E+02   
2.14492298E+02   
2.36723245E+02   
2.27593719E+02   
1.89417584E+02   
2.14701440E+02   
2.27633327E+02   
2.09199540E+02   
2.24067013E+02   
2.12788058E+02   
2.27496099E+02   
2.15388978E+02   
2.08007602E+02   
1.80127626E+02   
2.12172535E+02   
2.15112823E+02   
2.48261352E+02   
2.05774055E+02   
2.08560712E+02   
1.98287758E+02   
2.13537908E+02   
2.29044809E+02   
2.23794859E+02   
2.23793859E+02   
2.26552511E+02   
2.37048010E+02   
2.40041408E+02   
2.06269754E+02   
2.10793659E+02   
2.09041608E+02   
2.02989598E+02   
2.18093619E+02   
2.26695539E+02   
2.42668834E+02   
2.28250750E+02   
2.08998800E+02   
2.14394979E+02   
2.01752851E+02   
2.43876275E+02   
2.31992799E+02   
2.22345169E+02   
2.19047209E+02   
2.19015003E+02   
2.29011802E+02   
2.17738748E+02   
2.21793759E+02   
2.38234647E+02   
2.11368674E+02   
2.31240148E+02   
2.01366373E+02   
2.02804461E+02   
2.03758652E+02   
2.19424985E+02   
2.32096619E+02   
2.39471294E+02   
2.37915283E+02   
2.39122124E+02   
2.49909782E+02   
2.17298960E+02   
2.48278456E+02   
2.15333667E+02   
2.25698140E+02   
2.19215343E+02   
2.44708142E+02   
2.19011102E+02   
2.37291158E+02   
2.35699340E+02   
2.50116623E+02   
2.23814463E+02   
2.34352971E+02   
2.25585517E+02   
2.44745549E+02   
2.45501600E+02   
2.43062312E+02   
2.46968194E+02   
2.18369874E+02   
2.38045109E+02   
2.28315863E+02   
2.10020104E+02   
2.44953391E+02   
2.18049210E+02   
2.47333067E+02   
2.50731846E+02   
2.44368074E+02   
2.45313563E+02   
2.61926285E+02   
2.51378976E+02   
2.69829266E+02   
2.62171334E+02   
2.35068214E+02   
2.19712643E+02   
2.49929286E+02   
2.78942689E+02   
2.36586917E+02   
2.36839068E+02   
2.41854271E+02   
2.45784957E+02   
2.40526505E+02   
2.35027906E+02   
2.45884677E+02   
2.29305861E+02   
2.44081316E+02   
2.55921784E+02   
2.49353671E+02   
2.76617423E+02   
2.32341568E+02   
2.41284857E+02   
2.54348870E+02   
2.54679836E+02   
2.48142929E+02   
2.62114923E+02   
2.42479896E+02   
2.56906181E+02   
2.37116523E+02   
2.75931386E+02   
2.66524005E+02   
2.28472695E+02   
2.61868074E+02   
2.60207041E+02   
2.47588518E+02   
2.44525205E+02   
2.43892078E+02   
2.56942689E+02   
2.75535107E+02   
2.48890978E+02   
2.68052811E+02   
3.10469294E+02   
2.57547510E+02   
2.62594419E+02   
2.72878576E+02   
2.64154031E+02   
2.53561812E+02   
2.65987798E+02   
2.74640128E+02   
2.45103421E+02   
2.96520004E+02   
2.87145629E+02   
2.56642929E+02   
2.49458692E+02   
2.36082216E+02   
3.03707041E+02   
2.89351470E+02   
3.03619824E+02   
2.75881176E+02   
2.68272254E+02   
2.56055011E+02   
2.56634427E+02   
2.61653931E+02   
2.79461792E+02   
2.71454391E+02   
2.78237447E+02   
2.70637928E+02   
2.49839768E+02   
2.66120224E+02   
2.79832667E+02   
2.60415683E+02   
2.49497600E+02   
2.90724245E+02   
2.96017403E+02   
2.80814263E+02   
2.90496499E+02   
2.65750050E+02   
2.86171234E+02   
2.60574015E+02   
2.79314563E+02   
2.90514503E+02   
2.87713243E+02   
2.65173735E+02   
2.70632627E+02   
2.83718844E+02   
2.55059612E+02   
3.01724345E+02   
2.81054011E+02   
2.81674935E+02   
2.69757051E+02   
2.59673735E+02   
2.94343569E+02   
3.03437888E+02   
2.49063013E+02   
2.78059412E+02   
3.12127526E+02   
3.00789958E+02   
2.85241148E+02   
3.03375475E+02   
2.87067914E+02   
2.84243149E+02   
2.95532707E+02   
2.93399380E+02   
2.75241948E+02   
2.86607421E+02   
2.94046709E+02   
3.08249250E+02   
2.85056411E+02   
2.88874875E+02   
2.79143629E+02   
2.83801160E+02   
3.01045309E+02   
2.81776955E+02   
2.75235147E+02   
3.19502000E+02   
3.02033707E+02   
2.88203241E+02   
2.74567313E+02   
2.97306761E+02   
2.92832567E+02   
3.00410682E+02   
3.19177035E+02   
3.18120824E+02   
2.79100120E+02   
2.95675235E+02   
3.13714143E+02   
2.61945789E+02   
3.02313863E+02   
2.88577816E+02   
2.72536607E+02   
2.92157131E+02   
2.91440288E+02   
3.01058412E+02   
2.80573015E+02   
2.93057211E+02   
2.95813263E+02   
2.71685837E+02   
3.11574515E+02   
3.04459892E+02   
2.56289558E+02   
2.91495399E+02   
2.97913683E+02   
3.17691338E+02   
2.82916083E+02   
2.86398280E+02   
3.04724145E+02   
3.06726545E+02   
3.04050810E+02   
3.00737347E+02   
3.10748550E+02   
2.95878076E+02   
2.73334267E+02   
3.24280756E+02   
3.08443889E+02   
3.18045609E+02   
3.11644529E+02   
2.78841268E+02   
2.94031306E+02   
3.07163533E+02   
3.02252751E+02   
3.17114323E+02   
3.09685837E+02   
2.87381076E+02   
2.85103221E+02   
3.26198440E+02   
3.22339868E+02   
3.09283457E+02   
3.25692238E+02   
3.24122024E+02   
3.00312162E+02   
3.10767453E+02   
2.92350170E+02   
3.40848670E+02   
3.68380676E+02   
3.11877876E+02   
2.93116523E+02   
3.23131726E+02   
3.05534507E+02   
3.30529906E+02   
3.02663133E+02   
3.22933487E+02   
3.09200640E+02   
2.86037508E+02   
3.28723545E+02   
3.77212192E+02   
3.81076215E+02   
3.81076215E+02   
3.81076215E+02   
3.81076215E+02   
4.08729496E+02   
4.65750650E+02   
4.17394379E+02   
4.52122625E+02   
4.60466393E+02   
4.34036207E+02   
4.61123925E+02   
4.75291358E+02   
4.62631126E+02   
4.60296059E+02   
4.27375875E+02   
4.50229546E+02   
4.84754551E+02   
4.59967493E+02   
4.54095919E+02   
4.67514003E+02   
4.68378276E+02   
4.60376675E+02   
4.93259152E+02   
4.95498700E+02   
4.79410982E+02   
4.79833467E+02   
4.98629526E+02   
4.62775555E+02   
4.78463593E+02   
4.83684937E+02   
5.06767954E+02   
4.61035007E+02   
4.72299760E+02   
4.91098020E+02   
4.89315363E+02   
5.32786857E+02   
4.72236747E+02   
4.88781256E+02   
4.80150130E+02   
4.88507001E+02   
4.82717143E+02   
4.72409082E+02   
5.04701840E+02   
5.17437187E+02   
5.25775555E+02   
5.06243549E+02   
4.88212543E+02   
5.25021504E+02   
4.82412482E+02   
4.72826965E+02   
5.21562412E+02   
5.09711842E+02   
5.63375575E+02   
5.14516303E+02   
5.01741548E+02   
4.85941188E+02   
5.37175535E+02   
5.01897379E+02   
5.27463193E+02   
5.00806461E+02   
5.51005201E+02   
5.44107221E+02   
5.54099820E+02   
5.17620924E+02   
5.45476795E+02   
5.77485197E+02   
5.17593919E+02   
5.22499200E+02   
5.07086417E+02   
5.06734247E+02   
5.76895779E+02   
5.29579916E+02   
5.20497600E+02   
5.06661232E+02   
5.17072715E+02   
5.38163133E+02   
5.46892679E+02   
5.32075515E+02   
5.51192438E+02   
5.68800860E+02   
5.71471794E+02   
5.39179336E+02   
5.35172134E+02   
5.47284557E+02   
5.70578516E+02   
5.79007401E+02   
5.55999300E+02   
6.33145329E+02   
5.98967594E+02   
5.86774655E+02   
5.90379576E+02   
5.98741348E+02   
5.81966093E+02   
6.20545409E+02   
6.18539408E+02   
6.08504901E+02   
5.65708242E+02   
5.58451390E+02   
5.76099620E+02   
6.16462192E+02   
5.90338568E+02   
5.72461192E+02   
5.85122024E+02   
6.10355371E+02   
5.84761652E+02   
6.30379276E+02   
6.10883477E+02   
5.92662032E+02   
6.04045209E+02   
5.83624125E+02   
5.75652430E+02   
5.91924285E+02   
5.22533707E+02   
5.37314563E+02   
5.78799860E+02   
5.60572214E+02   
5.55764953E+02   
5.50986597E+02   
5.67796159E+02   
5.71049710E+02   
5.63837067E+02   
5.89398980E+02   
5.88219944E+02   
5.80320664E+02   
5.78532507E+02   
5.86794659E+02   
5.86321064E+02   
5.61518504E+02   
6.03327465E+02   
5.79918184E+02   
5.74504101E+02   
5.83313063E+02   
5.57878176E+02   
5.59913383E+02   
5.97933087E+02   
6.36737848E+02   
5.77523605E+02   
5.66940288E+02   
5.38130626E+02   
5.83865473E+02   
5.89170934E+02   
5.58854871E+02   
6.16384377E+02   
5.37925185E+02   
6.08755351E+02   
6.02161832E+02   
5.73297860E+02   
5.98056911E+02   
5.74076415E+02   
5.78472695E+02   
5.65932286E+02   
5.61114123E+02   
5.64302761E+02   
5.73831766E+02   
5.71845069E+02   
5.36315163E+02   
5.76234047E+02   
5.12363373E+02   
5.15867574E+02   
5.43181836E+02   
5.38974395E+02   
5.22722144E+02   
5.62937788E+02   
5.13452490E+02   
5.49619524E+02   
5.58191138E+02   
5.22117824E+02   
5.60255051E+02   
5.39861672E+02   
5.28771354E+02   
5.21441488E+02   
5.13353371E+02   
5.14187137E+02   
4.77631826E+02   
4.64713443E+02   
4.98453491E+02   
5.10218944E+02   
4.71785057E+02   
4.94893579E+02   
4.41755851E+02   
4.95858672E+02   
4.66235047E+02   
4.89216443E+02   
4.59568814E+02   
4.75548610E+02   
4.59170634E+02   
4.49240748E+02   
4.58014103E+02   
4.21449690E+02   
4.25707642E+02   
4.73889778E+02   
4.36503601E+02   
4.32605721E+02   
3.88076915E+02   
4.28446789E+02   
4.42406781E+02   
4.27666933E+02   
4.27229046E+02   
4.61511102E+02   
4.65093219E+02   
4.29568214E+02   
4.21290158E+02   
4.56211542E+02   
4.20276155E+02   
4.23847870E+02   
4.35571514E+02   
4.22663233E+02   
4.15150730E+02   
3.93702741E+02   
4.20327866E+02   
4.20083917E+02   
3.98480396E+02   
3.78805861E+02   
3.91617824E+02   
4.09404781E+02   
4.13235947E+02   
4.05918484E+02   
3.89438088E+02   
4.03144729E+02   
3.85828366E+02   
4.06768854E+02   
4.08707542E+02   
3.55761452E+02   
3.84583917E+02   
4.17223645E+02   
3.95691938E+02   
3.78201440E+02   
3.89420984E+02   
3.66691238E+02   
3.74778056E+02   
4.20666533E+02   
3.88892879E+02   
4.06435787E+02   
3.91847169E+02   
3.61563713E+02   
3.70764053E+02   
3.78908682E+02   
4.08128326E+02   
3.67695439E+02   
3.57782456E+02   
3.99310862E+02   
3.48269254E+02   
3.68879576E+02   
3.46930586E+02   
3.87890478E+02   
3.76771154E+02   
3.91339268E+02   
3.79336767E+02   
3.97045009E+02   
3.98054311E+02   
3.49988398E+02   
3.47118724E+02   
3.81018104E+02   
3.40870374E+02   
4.65220664E+02   
5.31306261E+02   
5.31306261E+02   
5.31306261E+02   
5.31306261E+02   
5.31306261E+02   
6.97837027E+02   
7.36772354E+02   
7.27605121E+02   
7.45822264E+02   
7.84935687E+02   
7.23550410E+02   
7.66993899E+02   
7.02144429E+02   
7.90404081E+02   
7.05583017E+02   
7.26976395E+02   
7.34318064E+02   
7.69314863E+02   
7.55855071E+02   
7.18463893E+02   
7.35077215E+02   
7.20032807E+02   
7.34620724E+02   
7.22666033E+02   
7.16677936E+02   
7.24584217E+02   
7.30681536E+02   
7.00592919E+02   
7.47012002E+02   
7.16592619E+02   
6.76504501E+02   
7.32878576E+02   
7.60549410E+02   
6.88499300E+02   
6.87240148E+02   
7.43328866E+02   
6.88938388E+02   
7.22980796E+02   
7.11515803E+02   
7.48712442E+02   
7.42115323E+02   
6.91149930E+02   
7.24115023E+02   
6.84432386E+02   
7.37336467E+02   
7.08138228E+02   
7.40567013E+02   
7.46821464E+02   
6.85482597E+02   
7.01398780E+02   
7.54324765E+02   
7.49120824E+02   
7.33144829E+02   
7.21062312E+02   
6.89284457E+02   
7.07247950E+02   
7.16379176E+02   
7.00501500E+02   
7.28113023E+02   
7.39324965E+02   
7.07294659E+02   
7.31803761E+02   
6.73273155E+02   
7.04825265E+02   
6.97997399E+02   
7.39251950E+02   
7.33957992E+02   
7.52570114E+02   
6.82945689E+02   
7.12143329E+02   
7.45547409E+02   
7.26004301E+02   
7.29766253E+02   
7.26019804E+02   
7.42196539E+02   
6.89325065E+02   
7.08511702E+02   
6.99738448E+02   
7.73766853E+02   
6.83775655E+02   
7.44292859E+02   
6.81376275E+02   
8.22394979E+02   
7.48393779E+02   
7.63276055E+02   
7.52975595E+02   
7.38342769E+02   
9.20830866E+02   
8.73053811E+02   
9.08705441E+02   
9.01911282E+02   
8.90481696E+02   
8.61426785E+02   
8.70133927E+02   
8.77180736E+02   
8.04522404E+02   
7.75083917E+02   
7.91178636E+02   
7.83167534E+02   
8.25939188E+02   
7.42567514E+02   
7.89107321E+02   
7.33277255E+02   
7.69016903E+02   
6.68506301E+02   
7.51742549E+02   
7.58242649E+02   
7.32101620E+02   
6.88377576E+02   
6.90135627E+02   
6.84154431E+02   
6.55202841E+02   
6.85053511E+02   
7.21044209E+02   
6.84247950E+02   
6.53145929E+02   
6.49162633E+02   
6.52115323E+02   
6.49117824E+02   
6.25134727E+02   
6.86109722E+02   
6.11146829E+02   
6.24128826E+02   
6.86118024E+02   
6.20105721E+02   
5.79150330E+02   
6.20103921E+02   
5.97089318E+02   
5.74144829E+02   
5.89090618E+02   
5.78198140E+02   
6.31125625E+02   
5.95006701E+02   
5.66078016E+02   
5.35125525E+02   
5.33064313E+02   
5.60085617E+02   
5.01972595E+02   
5.40364573E+02   
5.44100620E+02   
5.28106321E+02   
5.26874475E+02   
4.95084617E+02   
5.02912983E+02   
4.69171334E+02   
4.49085517E+02   
4.75366073E+02   
4.81519704E+02   
4.18418484E+02   
4.44789958E+02   
4.17197039E+02   
4.37052911E+02   
4.06868974E+02   
4.13179636E+02   
4.12863473E+02   
3.81823265E+02   
3.79534307E+02   
3.90673035E+02   
3.56287958E+02   
3.61016803E+02   
3.56722845E+02   
3.52002801E+02   
3.43967393E+02   
3.14771254E+02   
3.63470294E+02   
3.00579916E+02   
2.74070914E+02   
2.86288958E+02   
3.02892278E+02   
2.87790558E+02   
2.62068914E+02   
2.71089418E+02   
2.67688938E+02   
2.30289658E+02   
2.30985697E+02   
2.50324165E+02   
2.31965593E+02   
2.46321364E+02   
1.88127626E+02   
1.92970494E+02   
1.90434187E+02   
2.16333667E+02   
1.76707742E+02   
2.15749950E+02   
1.87964493E+02   
1.91658432E+02   
1.46903481E+02   
1.59951690E+02   
1.56399880E+02   
1.52765353E+02   
1.57194239E+02   
1.72670034E+02   
1.73058312E+02   
1.40256051E+02   
1.46742148E+02   
1.26144429E+02   
1.34315863E+02   
1.10380476E+02   
1.02481596E+02   
1.55380976E+02   
1.10115523E+02   
1.19434987E+02   
1.13674835E+02   
1.17958592E+02   
1.11055711E+02   
1.03989898E+02   
1.16820564E+02   
1.02293259E+02   
1.12989098E+02   
1.10499600E+02   
9.01937387E+01   
1.01662132E+02   
8.99429886E+01   
7.94159832E+01   
9.45355071E+01   
9.73901780E+01   
8.50930186E+01   
8.84848970E+01   
7.47444489E+01   
8.95146029E+01   
7.28579716E+01   
7.63312663E+01   
8.17761552E+01   
7.47308462E+01   
6.01343269E+01   
6.01367273E+01   
6.48054611E+01   
5.82225445E+01   
7.14613923E+01   
4.54378876E+01   
5.56663333E+01   
4.79221844E+01   
3.70088018E+01   
4.31868374E+01   
5.09654931E+01   
4.81459292E+01   
4.54626925E+01   
3.42369474E+01   
6.49618924E+01   
4.50080016E+01   
1.26055311E+02   
3.91038208E+01   
3.36243249E+01   
2.67149430E+01   
2.20525105E+01   
1.61026205E+01   
1.90048010E+01   
1.97041408E+01   
1.40024005E+01   
1.19514903E+01   
9.05331066E+00   
1.09506901E+01   
1.81062212E+01   
9.00280056E+00   
1.28070314E+01   
6.60132026E+00   
6.60132026E+00   
6.60132026E+00   
6.60132026E+00   
6.60132026E+00   
3.11879376E+00   
0.00000000E+00   
0.00000000E+00   
0.00000000E+00   
0.00000000E+00   
0.00000000E+00   
0.00000000E+00   
0.00000000E+00   
0.00000000E+00   
5.89117824E-02   
9.41088218E-01   
0.00000000E+00   
0.00000000E+00   
0.00000000E+00   
0.00000000E+00   
1.22624525E-01   
1.87737548E+00   
0.00000000E+00   
0.00000000E+00   
0.00000000E+00   
0.00000000E+00   
0.00000000E+00   
1.00000000E+00   
0.00000000E+00   
0.00000000E+00   
0.00000000E+00   
0.00000000E+00   
0.00000000E+00   
0.00000000E+00   
0.00000000E+00   
0.00000000E+00   
0.00000000E+00   
0.00000000E+00   
0.00000000E+00   
0.00000000E+00   
6.93138628E-02   
9.30686137E-01   
0.00000000E+00   
0.00000000E+00   
0.00000000E+00   
0.00000000E+00   
0.00000000E+00   
0.00000000E+00   
0.00000000E+00   
0.00000000E+00   
0.00000000E+00   
0.00000000E+00   
0.00000000E+00   
0.00000000E+00   
7.49149830E-02   
9.25085017E-01   
0.00000000E+00   
0.00000000E+00   
0.00000000E+00   
0.00000000E+00   
0.00000000E+00   
0.00000000E+00   
0.00000000E+00   
0.00000000E+00   
0.00000000E+00   
7.93158632E-02   
9.20684137E-01   
0.00000000E+00   
0.00000000E+00   
0.00000000E+00   
0.00000000E+00   
0.00000000E+00   
0.00000000E+00   
0.00000000E+00   
0.00000000E+00   
0.00000000E+00   
0.00000000E+00   
0.00000000E+00   
0.00000000E+00   
0.00000000E+00   
0.00000000E+00   
1.00000000E+00   
1.00000000E+00   
0.00000000E+00   
0.00000000E+00   
0.00000000E+00   
0.00000000E+00   
1.00000000E+00   
0.00000000E+00   
0.00000000E+00   
0.00000000E+00   
8.97179436E-02   
9.10282056E-01   
0.00000000E+00   
0.00000000E+00   
0.00000000E+00   
0.00000000E+00   
0.00000000E+00   
0.00000000E+00   
0.00000000E+00   
0.00000000E+00   
0.00000000E+00   
0.00000000E+00   
0.00000000E+00   
0.00000000E+00   
0.00000000E+00   
0.00000000E+00   
0.00000000E+00   
0.00000000E+00   
0.00000000E+00   
0.00000000E+00   
0.00000000E+00   
0.00000000E+00   
0.00000000E+00   
0.00000000E+00   
0.00000000E+00   
0.00000000E+00   
0.00000000E+00   
0.00000000E+00   
0.00000000E+00   
0.00000000E+00   
0.00000000E+00   
0.00000000E+00   
0.00000000E+00   
0.00000000E+00   
0.00000000E+00   
0.00000000E+00   
0.00000000E+00   
0.00000000E+00   
0.00000000E+00   
0.00000000E+00   
0.00000000E+00   
0.00000000E+00   
0.00000000E+00   
0.00000000E+00   
0.00000000E+00   
0.00000000E+00   
0.00000000E+00   
0.00000000E+00   
0.00000000E+00   
1.09321864E-01   
8.90678136E-01   
2.00000000E+00   
0.00000000E+00   
0.00000000E+00   
0.00000000E+00   
0.00000000E+00   
0.00000000E+00   
0.00000000E+00   
0.00000000E+00   
0.00000000E+00   
0.00000000E+00   
0.00000000E+00   
0.00000000E+00   
0.00000000E+00   
0.00000000E+00   
0.00000000E+00   
0.00000000E+00   
0.00000000E+00   
0.00000000E+00   
1.00000000E+00   
1.00000000E+00   
0.00000000E+00   
1.00000000E+00   
2.37847570E-01   
2.76215243E+00   
0.00000000E+00   
0.00000000E+00   
0.00000000E+00   
0.00000000E+00   
2.00000000E+00   
0.00000000E+00   
0.00000000E+00   
0.00000000E+00   
0.00000000E+00   
0.00000000E+00   
0.00000000E+00   
0.00000000E+00   
0.00000000E+00   
0.00000000E+00   
0.00000000E+00   
0.00000000E+00   
0.00000000E+00   
0.00000000E+00   
0.00000000E+00   
0.00000000E+00   
0.00000000E+00   
0.00000000E+00   
0.00000000E+00   
0.00000000E+00   
0.00000000E+00   
0.00000000E+00   
0.00000000E+00   
1.30526105E-01   
1.86947389E+00   
0.00000000E+00   
0.00000000E+00   
0.00000000E+00   
1.00000000E+00   
0.00000000E+00   
0.00000000E+00   
1.13372675E+00   
8.66273255E-01   
0.00000000E+00   
0.00000000E+00   
0.00000000E+00   
0.00000000E+00   
0.00000000E+00   
1.36527305E-01   
8.63472695E-01   
0.00000000E+00   
0.00000000E+00   
0.00000000E+00   
0.00000000E+00   
1.38927786E-01   
8.61072214E-01   
0.00000000E+00   
0.00000000E+00   
0.00000000E+00   
0.00000000E+00   
0.00000000E+00   
0.00000000E+00   
1.42128426E-01   
8.57871574E-01   
0.00000000E+00   
0.00000000E+00   
0.00000000E+00   
0.00000000E+00   
1.44528906E-01   
1.85547109E+00   
0.00000000E+00   
1.45729146E-01   
8.54270854E-01   
0.00000000E+00   
1.00000000E+00   
1.47329466E-01   
8.52670534E-01   
0.00000000E+00   
0.00000000E+00   
0.00000000E+00   
0.00000000E+00   
0.00000000E+00   
0.00000000E+00   
0.00000000E+00   
0.00000000E+00   
0.00000000E+00   
1.00000000E+00   
0.00000000E+00   
1.52530506E-01   
8.47469494E-01   
0.00000000E+00   
0.00000000E+00   
0.00000000E+00   
0.00000000E+00   
0.00000000E+00   
0.00000000E+00   
0.00000000E+00   
1.00000000E+00   
0.00000000E+00   
0.00000000E+00   
0.00000000E+00   
0.00000000E+00   
0.00000000E+00   
0.00000000E+00   
0.00000000E+00   
0.00000000E+00   
0.00000000E+00   
0.00000000E+00   
0.00000000E+00   
0.00000000E+00   
0.00000000E+00   
0.00000000E+00   
0.00000000E+00   
0.00000000E+00   
0.00000000E+00   
0.00000000E+00   
0.00000000E+00   
0.00000000E+00   
0.00000000E+00   
1.00000000E+00   
0.00000000E+00   
0.00000000E+00   
0.00000000E+00   
0.00000000E+00   
0.00000000E+00   
0.00000000E+00   
0.00000000E+00   
0.00000000E+00   
0.00000000E+00   
0.00000000E+00   
0.00000000E+00   
0.00000000E+00   
0.00000000E+00   
0.00000000E+00   
0.00000000E+00   
0.00000000E+00   
1.00000000E+00   
0.00000000E+00   
0.00000000E+00   
0.00000000E+00   
0.00000000E+00   
0.00000000E+00   
0.00000000E+00   
0.00000000E+00   
0.00000000E+00   
0.00000000E+00   
1.75735147E-01   
8.24264853E-01   
0.00000000E+00   
0.00000000E+00   
0.00000000E+00   
0.00000000E+00   
0.00000000E+00   
0.00000000E+00   
1.78935787E-01   
8.21064213E-01   
0.00000000E+00   
0.00000000E+00   
0.00000000E+00   
0.00000000E+00   
0.00000000E+00   
0.00000000E+00   
0.00000000E+00   
0.00000000E+00   
0.00000000E+00   
0.00000000E+00   
0.00000000E+00   
0.00000000E+00   
0.00000000E+00   
0.00000000E+00   
0.00000000E+00   
0.00000000E+00   
0.00000000E+00   
0.00000000E+00   
0.00000000E+00   
0.00000000E+00   
0.00000000E+00   
0.00000000E+00   
0.00000000E+00   
0.00000000E+00   
0.00000000E+00   
0.00000000E+00   
0.00000000E+00   
0.00000000E+00   
0.00000000E+00   
1.00000000E+00   
0.00000000E+00   
0.00000000E+00   
0.00000000E+00   
0.00000000E+00   
0.00000000E+00   
0.00000000E+00   
0.00000000E+00   
0.00000000E+00   
0.00000000E+00   
0.00000000E+00   
1.95739148E-01   
8.04260852E-01   
0.00000000E+00   
0.00000000E+00   
0.00000000E+00   
0.00000000E+00   
0.00000000E+00   
0.00000000E+00   
0.00000000E+00   
0.00000000E+00   
0.00000000E+00   
0.00000000E+00   
0.00000000E+00   
0.00000000E+00   
0.00000000E+00   
2.01740348E-01   
7.98259652E-01   
0.00000000E+00   
0.00000000E+00   
0.00000000E+00   
0.00000000E+00   
0.00000000E+00   
1.00000000E+00   
0.00000000E+00   
0.00000000E+00   
0.00000000E+00   
0.00000000E+00   
0.00000000E+00   
0.00000000E+00   
0.00000000E+00   
0.00000000E+00   
0.00000000E+00   
0.00000000E+00   
0.00000000E+00   
0.00000000E+00   
0.00000000E+00   
0.00000000E+00   
0.00000000E+00   
0.00000000E+00   
0.00000000E+00   
0.00000000E+00   
0.00000000E+00   
0.00000000E+00   
0.00000000E+00   
0.00000000E+00   
0.00000000E+00   
0.00000000E+00   
0.00000000E+00   
2.14942989E-01   
7.85057011E-01   
0.00000000E+00   
0.00000000E+00   
0.00000000E+00   
0.00000000E+00   
0.00000000E+00   
0.00000000E+00   
0.00000000E+00   
2.18543709E-01   
7.81456291E-01   
0.00000000E+00   
0.00000000E+00   
1.00000000E+00   
0.00000000E+00   
0.00000000E+00   
1.00000000E+00   
0.00000000E+00   
0.00000000E+00   
0.00000000E+00   
1.00000000E+00   
0.00000000E+00   
0.00000000E+00   
0.00000000E+00   
0.00000000E+00   
0.00000000E+00   
0.00000000E+00   
0.00000000E+00   
0.00000000E+00   
0.00000000E+00   
0.00000000E+00   
0.00000000E+00   
2.27745549E-01   
7.72254451E-01   
0.00000000E+00   
0.00000000E+00   
0.00000000E+00   
0.00000000E+00   
0.00000000E+00   
0.00000000E+00   
0.00000000E+00   
0.00000000E+00   
0.00000000E+00   
0.00000000E+00   
0.00000000E+00   
0.00000000E+00   
0.00000000E+00   
0.00000000E+00   
0.00000000E+00   
0.00000000E+00   
0.00000000E+00   
0.00000000E+00   
0.00000000E+00   
0.00000000E+00   
0.00000000E+00   
0.00000000E+00   
0.00000000E+00   
0.00000000E+00   
0.00000000E+00   
0.00000000E+00   
0.00000000E+00   
2.47869574E+00   
1.52130426E+00   
3.00000000E+00   
0.00000000E+00   
0.00000000E+00   
0.00000000E+00   
1.00000000E+00   
0.00000000E+00   
2.42548510E-01   
7.57451490E-01   
0.00000000E+00   
0.00000000E+00   
0.00000000E+00   
0.00000000E+00   
0.00000000E+00   
0.00000000E+00   
0.00000000E+00   
0.00000000E+00   
2.00000000E+00   
0.00000000E+00   
0.00000000E+00   
0.00000000E+00   
0.00000000E+00   
0.00000000E+00   
0.00000000E+00   
0.00000000E+00   
0.00000000E+00   
0.00000000E+00   
0.00000000E+00   
0.00000000E+00   
0.00000000E+00   
0.00000000E+00   
0.00000000E+00   
0.00000000E+00   
0.00000000E+00   
0.00000000E+00   
0.00000000E+00   
0.00000000E+00   
0.00000000E+00   
0.00000000E+00   
0.00000000E+00   
0.00000000E+00   
0.00000000E+00   
0.00000000E+00   
0.00000000E+00   
0.00000000E+00   
0.00000000E+00   
0.00000000E+00   
0.00000000E+00   
0.00000000E+00   
0.00000000E+00   
0.00000000E+00   
0.00000000E+00   
0.00000000E+00   
0.00000000E+00   
0.00000000E+00   
0.00000000E+00   
0.00000000E+00   
0.00000000E+00   
0.00000000E+00   
0.00000000E+00   
1.00000000E+00   
0.00000000E+00   
0.00000000E+00   
0.00000000E+00   
0.00000000E+00   
0.00000000E+00   
0.00000000E+00   
2.66553311E-01   
7.33446689E-01   
0.00000000E+00   
0.00000000E+00   
0.00000000E+00   
0.00000000E+00   
0.00000000E+00   
0.00000000E+00   
0.00000000E+00   
0.00000000E+00   
0.00000000E+00   
0.00000000E+00   
0.00000000E+00   
0.00000000E+00   
0.00000000E+00   
0.00000000E+00   
0.00000000E+00   
0.00000000E+00   
0.00000000E+00   
0.00000000E+00   
0.00000000E+00   
0.00000000E+00   
0.00000000E+00   
0.00000000E+00   
0.00000000E+00   
0.00000000E+00   
0.00000000E+00   
0.00000000E+00   
0.00000000E+00   
0.00000000E+00   
0.00000000E+00   
0.00000000E+00   
0.00000000E+00   
0.00000000E+00   
0.00000000E+00   
0.00000000E+00   
0.00000000E+00   
0.00000000E+00   
0.00000000E+00   
0.00000000E+00   
0.00000000E+00   
0.00000000E+00   
0.00000000E+00   
0.00000000E+00   
0.00000000E+00   
0.00000000E+00   
0.00000000E+00   
0.00000000E+00   
0.00000000E+00   
0.00000000E+00   
0.00000000E+00   
0.00000000E+00   
0.00000000E+00   
0.00000000E+00   
0.00000000E+00   
0.00000000E+00   
0.00000000E+00   
0.00000000E+00   
0.00000000E+00   
0.00000000E+00   
0.00000000E+00   
0.00000000E+00   
0.00000000E+00   
0.00000000E+00   
0.00000000E+00   
0.00000000E+00   
0.00000000E+00   
0.00000000E+00   
0.00000000E+00   
0.00000000E+00   
0.00000000E+00   
0.00000000E+00   
0.00000000E+00   
0.00000000E+00   
0.00000000E+00   
0.00000000E+00   
0.00000000E+00   
0.00000000E+00   
1.00000000E+00   
0.00000000E+00   
0.00000000E+00   
0.00000000E+00   
0.00000000E+00   
0.00000000E+00   
0.00000000E+00   
0.00000000E+00   
0.00000000E+00   
0.00000000E+00   
0.00000000E+00   
0.00000000E+00   
0.00000000E+00   
0.00000000E+00   
0.00000000E+00   
0.00000000E+00   
0.00000000E+00   
0.00000000E+00   
0.00000000E+00   
0.00000000E+00   
0.00000000E+00   
0.00000000E+00   
0.00000000E+00   
0.00000000E+00   
0.00000000E+00   
0.00000000E+00   
0.00000000E+00   
0.00000000E+00   
0.00000000E+00   
0.00000000E+00   
0.00000000E+00   
0.00000000E+00   
0.00000000E+00   
0.00000000E+00   
0.00000000E+00   
0.00000000E+00   
0.00000000E+00   
0.00000000E+00   
0.00000000E+00   
0.00000000E+00   
0.00000000E+00   
0.00000000E+00   
0.00000000E+00   
0.00000000E+00   
0.00000000E+00   
0.00000000E+00   
0.00000000E+00   
0.00000000E+00   
0.00000000E+00   
0.00000000E+00   
0.00000000E+00   
0.00000000E+00   
0.00000000E+00   
0.00000000E+00   
0.00000000E+00   
0.00000000E+00   
0.00000000E+00   
0.00000000E+00   
0.00000000E+00   
0.00000000E+00   
0.00000000E+00   
0.00000000E+00   
0.00000000E+00   
0.00000000E+00   
0.00000000E+00   
0.00000000E+00   
0.00000000E+00   
0.00000000E+00   
0.00000000E+00   
0.00000000E+00   
0.00000000E+00   
0.00000000E+00   
0.00000000E+00   
0.00000000E+00   
0.00000000E+00   
0.00000000E+00   
0.00000000E+00   
0.00000000E+00   
0.00000000E+00   
0.00000000E+00   
0.00000000E+00   
0.00000000E+00   
0.00000000E+00   
0.00000000E+00   
0.00000000E+00   
0.00000000E+00   
0.00000000E+00   
0.00000000E+00   
0.00000000E+00   
0.00000000E+00   
0.00000000E+00   
0.00000000E+00   
0.00000000E+00   
0.00000000E+00   
0.00000000E+00   
0.00000000E+00   
0.00000000E+00   
0.00000000E+00   
0.00000000E+00   
0.00000000E+00   
0.00000000E+00   
1.00000000E+00   
0.00000000E+00   
0.00000000E+00   
0.00000000E+00   
0.00000000E+00   
0.00000000E+00   
0.00000000E+00   
0.00000000E+00   
0.00000000E+00   
0.00000000E+00   
3.42168434E-01   
6.57831566E-01   
0.00000000E+00   
0.00000000E+00   
0.00000000E+00   
0.00000000E+00   
0.00000000E+00   
0.00000000E+00   
0.00000000E+00   
0.00000000E+00   
0.00000000E+00   
0.00000000E+00   
0.00000000E+00   
0.00000000E+00   
0.00000000E+00   
0.00000000E+00   
0.00000000E+00   
0.00000000E+00   
0.00000000E+00   
0.00000000E+00   
0.00000000E+00   
0.00000000E+00   
0.00000000E+00   
0.00000000E+00   
0.00000000E+00   
0.00000000E+00   
0.00000000E+00   
0.00000000E+00   
0.00000000E+00   
0.00000000E+00   
0.00000000E+00   
0.00000000E+00   
0.00000000E+00   
0.00000000E+00   
0.00000000E+00   
0.00000000E+00   
0.00000000E+00   
0.00000000E+00   
0.00000000E+00   
0.00000000E+00   
0.00000000E+00   
0.00000000E+00   
0.00000000E+00   
0.00000000E+00   
0.00000000E+00   
0.00000000E+00   
0.00000000E+00   
0.00000000E+00   
0.00000000E+00   
0.00000000E+00   
0.00000000E+00   
0.00000000E+00   
0.00000000E+00   
0.00000000E+00   
0.00000000E+00   
0.00000000E+00   
0.00000000E+00   
0.00000000E+00   
0.00000000E+00   
0.00000000E+00   
0.00000000E+00   
0.00000000E+00   
0.00000000E+00   
0.00000000E+00   
0.00000000E+00   
0.00000000E+00   
0.00000000E+00   
0.00000000E+00   
0.00000000E+00   
0.00000000E+00   
0.00000000E+00   
0.00000000E+00   
0.00000000E+00   
0.00000000E+00   
0.00000000E+00   
0.00000000E+00   
0.00000000E+00   
0.00000000E+00   
0.00000000E+00   
0.00000000E+00   
0.00000000E+00   
0.00000000E+00   
0.00000000E+00   
0.00000000E+00   
0.00000000E+00   
0.00000000E+00   
0.00000000E+00   
0.00000000E+00   
0.00000000E+00   
0.00000000E+00   
0.00000000E+00   
0.00000000E+00   
0.00000000E+00   
0.00000000E+00   
0.00000000E+00   
0.00000000E+00   
0.00000000E+00   
0.00000000E+00   
0.00000000E+00   
0.00000000E+00   
0.00000000E+00   
0.00000000E+00   
0.00000000E+00   
0.00000000E+00   
0.00000000E+00   
0.00000000E+00   
0.00000000E+00   
0.00000000E+00   
0.00000000E+00   
0.00000000E+00   
0.00000000E+00   
0.00000000E+00   
0.00000000E+00   
0.00000000E+00   
0.00000000E+00   
0.00000000E+00   
0.00000000E+00   
0.00000000E+00   
0.00000000E+00   
0.00000000E+00   
0.00000000E+00   
0.00000000E+00   
0.00000000E+00   
0.00000000E+00   
0.00000000E+00   
0.00000000E+00   
0.00000000E+00   
0.00000000E+00   
0.00000000E+00   
0.00000000E+00   
0.00000000E+00   
0.00000000E+00   
0.00000000E+00   
0.00000000E+00   
0.00000000E+00   
0.00000000E+00   
0.00000000E+00   
0.00000000E+00   
0.00000000E+00   
0.00000000E+00   
0.00000000E+00   
0.00000000E+00   
0.00000000E+00   
0.00000000E+00   
0.00000000E+00   
0.00000000E+00   
0.00000000E+00   
0.00000000E+00   
0.00000000E+00   
0.00000000E+00   
0.00000000E+00   
0.00000000E+00   
0.00000000E+00   
0.00000000E+00   
0.00000000E+00   
0.00000000E+00   
0.00000000E+00   
0.00000000E+00   
0.00000000E+00   
0.00000000E+00   
0.00000000E+00   
0.00000000E+00   
0.00000000E+00   
0.00000000E+00   
0.00000000E+00   
0.00000000E+00   
0.00000000E+00   
0.00000000E+00   
0.00000000E+00   
0.00000000E+00   
0.00000000E+00   
0.00000000E+00   
0.00000000E+00   
0.00000000E+00   
0.00000000E+00   
0.00000000E+00   
0.00000000E+00   
0.00000000E+00   
0.00000000E+00   
0.00000000E+00   
0.00000000E+00   
0.00000000E+00   
0.00000000E+00   
0.00000000E+00   
0.00000000E+00   
0.00000000E+00   
0.00000000E+00   
0.00000000E+00   
0.00000000E+00   
0.00000000E+00   
0.00000000E+00   
0.00000000E+00   
0.00000000E+00   
0.00000000E+00   
0.00000000E+00   
0.00000000E+00   
0.00000000E+00   
0.00000000E+00   
0.00000000E+00   
0.00000000E+00   
0.00000000E+00   
0.00000000E+00   
0.00000000E+00   
0.00000000E+00   
0.00000000E+00   
0.00000000E+00   
0.00000000E+00   
0.00000000E+00   
0.00000000E+00   
0.00000000E+00   
0.00000000E+00   
0.00000000E+00   
0.00000000E+00   
0.00000000E+00   
0.00000000E+00   
0.00000000E+00   
0.00000000E+00   
0.00000000E+00   
0.00000000E+00   
0.00000000E+00   
0.00000000E+00   
0.00000000E+00   
0.00000000E+00   
0.00000000E+00   
0.00000000E+00   
0.00000000E+00   
0.00000000E+00   
0.00000000E+00   
0.00000000E+00   
0.00000000E+00   
0.00000000E+00   
0.00000000E+00   
0.00000000E+00   
0.00000000E+00   
0.00000000E+00   
0.00000000E+00   
0.00000000E+00   
0.00000000E+00   
0.00000000E+00   
0.00000000E+00   
0.00000000E+00   
0.00000000E+00   
0.00000000E+00   
0.00000000E+00   
0.00000000E+00   
0.00000000E+00   
0.00000000E+00   
0.00000000E+00   
0.00000000E+00   
0.00000000E+00   
0.00000000E+00   
0.00000000E+00   
0.00000000E+00   
0.00000000E+00   
0.00000000E+00   
0.00000000E+00   
0.00000000E+00   
0.00000000E+00   
0.00000000E+00   
0.00000000E+00   
0.00000000E+00   
0.00000000E+00   
0.00000000E+00   
0.00000000E+00   
0.00000000E+00   
0.00000000E+00   
0.00000000E+00   
0.00000000E+00   
0.00000000E+00   
0.00000000E+00   
0.00000000E+00   
0.00000000E+00   
0.00000000E+00   
0.00000000E+00   
0.00000000E+00   
0.00000000E+00   
0.00000000E+00   
0.00000000E+00   
0.00000000E+00   
0.00000000E+00   
0.00000000E+00   
0.00000000E+00   
0.00000000E+00   
0.00000000E+00   
0.00000000E+00   
0.00000000E+00   
0.00000000E+00   
0.00000000E+00   
0.00000000E+00   
0.00000000E+00   
0.00000000E+00   
0.00000000E+00   
0.00000000E+00   
0.00000000E+00   
0.00000000E+00   
0.00000000E+00   
0.00000000E+00   
0.00000000E+00   
0.00000000E+00   
0.00000000E+00   
0.00000000E+00   
0.00000000E+00   
0.00000000E+00   
0.00000000E+00   
0.00000000E+00   
0.00000000E+00   
0.00000000E+00   
0.00000000E+00   
0.00000000E+00   
0.00000000E+00   
0.00000000E+00   
0.00000000E+00   
0.00000000E+00   
0.00000000E+00   
0.00000000E+00   
0.00000000E+00   
0.00000000E+00   
0.00000000E+00   
0.00000000E+00   
0.00000000E+00   
0.00000000E+00   
0.00000000E+00   
0.00000000E+00   
0.00000000E+00   
0.00000000E+00   
0.00000000E+00   
0.00000000E+00   
0.00000000E+00   
0.00000000E+00   
0.00000000E+00   
0.00000000E+00   
0.00000000E+00   
0.00000000E+00   
0.00000000E+00   
0.00000000E+00   
0.00000000E+00   
0.00000000E+00   
0.00000000E+00   
0.00000000E+00   
0.00000000E+00   
0.00000000E+00   
0.00000000E+00   
0.00000000E+00   
0.00000000E+00   
0.00000000E+00   
0.00000000E+00   
0.00000000E+00   
0.00000000E+00   
0.00000000E+00   
0.00000000E+00   
0.00000000E+00   
0.00000000E+00   
0.00000000E+00   
0.00000000E+00   
0.00000000E+00   
0.00000000E+00   
0.00000000E+00   
0.00000000E+00   
0.00000000E+00   
0.00000000E+00   
0.00000000E+00   
0.00000000E+00   
0.00000000E+00   
0.00000000E+00   
0.00000000E+00   
0.00000000E+00   
0.00000000E+00   
0.00000000E+00   
0.00000000E+00   
0.00000000E+00   
0.00000000E+00   
0.00000000E+00   
0.00000000E+00   
0.00000000E+00   
0.00000000E+00   
0.00000000E+00   
0.00000000E+00   
0.00000000E+00   
0.00000000E+00   
0.00000000E+00   
0.00000000E+00   
0.00000000E+00   
0.00000000E+00   
0.00000000E+00   
0.00000000E+00   
0.00000000E+00   
0.00000000E+00   
0.00000000E+00   
0.00000000E+00   
0.00000000E+00   
0.00000000E+00   
0.00000000E+00   
0.00000000E+00   
0.00000000E+00   
0.00000000E+00   
0.00000000E+00   
!IDEND=

