!FILE=Disk 
!KIND=Spectrum 
!LABORATORY=Oslo Cyclotron Laboratory (OCL) 
!EXPERIMENT= oslo_method_python 
!COMMENT=Made by OMpy 
!TIME=DATE:08-Sep-20 09:57:51   
!CALIBRATION EkeV=6, 0.000000E+00, 2.000400E+00, 0.000000E+00 
!PRECISION=16 
!DIMENSION=1,0:4999 
!CHANNEL=(0:4999) 
2.34038408E+02   
4.09081616E+02   
4.39088018E+02   
4.89133627E+02   
5.48220044E+02   
5.90098420E+02   
6.21140828E+02   
6.67710242E+02   
6.70162032E+02   
6.87153231E+02   
7.18593419E+02   
7.51218044E+02   
7.37857471E+02   
7.71202841E+02   
7.97819464E+02   
8.15493799E+02   
9.00835367E+02   
9.42810762E+02   
9.78235547E+02   
1.06003881E+03   
1.07066093E+03   
1.11734447E+03   
1.22789578E+03   
1.34812593E+03   
1.42290218E+03   
1.52366773E+03   
1.64829026E+03   
1.75248860E+03   
1.84170674E+03   
1.98404741E+03   
2.06165323E+03   
2.19808862E+03   
2.33209242E+03   
2.44112513E+03   
2.59825965E+03   
2.62430206E+03   
2.71359812E+03   
2.87772805E+03   
2.96408042E+03   
3.06849510E+03   
3.13872745E+03   
3.13223495E+03   
3.33033637E+03   
3.25234987E+03   
3.32990268E+03   
3.37173655E+03   
3.33385137E+03   
3.46578466E+03   
3.48728546E+03   
3.52812613E+03   
3.46369844E+03   
3.46435857E+03   
3.56325815E+03   
3.58267654E+03   
3.68961032E+03   
3.57851200E+03   
3.76109022E+03   
3.68175185E+03   
3.59943289E+03   
3.63835337E+03   
3.68023985E+03   
3.60607692E+03   
3.61898000E+03   
3.72982006E+03   
3.57982146E+03   
3.55146099E+03   
3.54154421E+03   
3.50410522E+03   
3.51014973E+03   
3.57192799E+03   
3.51942979E+03   
3.53478566E+03   
3.53009462E+03   
3.46963753E+03   
3.49159012E+03   
3.46657341E+03   
3.52414843E+03   
3.54279276E+03   
3.48451870E+03   
3.44917463E+03   
3.38978406E+03   
3.40311442E+03   
3.42619374E+03   
3.26666093E+03   
3.41447229E+03   
3.39111742E+03   
3.52672254E+03   
3.50897219E+03   
3.52465423E+03   
3.59093379E+03   
3.48541788E+03   
3.55517033E+03   
3.47426245E+03   
3.39776395E+03   
3.36390888E+03   
3.33706021E+03   
3.22666123E+03   
3.28256821E+03   
3.25074315E+03   
3.28369554E+03   
3.21720424E+03   
3.09912673E+03   
3.09131236E+03   
3.06528426E+03   
3.03405131E+03   
2.99911902E+03   
2.95669054E+03   
2.92593939E+03   
2.79097009E+03   
2.94703831E+03   
2.86819764E+03   
2.78994809E+03   
2.71246819E+03   
2.72145679E+03   
2.72626515E+03   
2.71455271E+03   
2.61689238E+03   
2.63253931E+03   
2.60569474E+03   
2.57599340E+03   
2.55897660E+03   
2.54425645E+03   
2.55273725E+03   
2.46284587E+03   
2.61283207E+03   
2.61545499E+03   
2.56055631E+03   
2.53861762E+03   
2.55902260E+03   
2.49757992E+03   
2.51616193E+03   
2.49495389E+03   
2.47432547E+03   
2.40905481E+03   
2.41687798E+03   
2.42509192E+03   
2.37744129E+03   
2.29319884E+03   
2.35200610E+03   
2.25468764E+03   
2.31558112E+03   
2.24086077E+03   
2.32516993E+03   
2.26273975E+03   
2.26402821E+03   
2.18231066E+03   
2.15510832E+03   
2.11711072E+03   
2.15772725E+03   
2.14842949E+03   
2.19411132E+03   
2.15318314E+03   
2.05423365E+03   
2.10494189E+03   
2.13927055E+03   
2.08916243E+03   
2.01203221E+03   
2.02572825E+03   
2.01300280E+03   
2.01729066E+03   
2.02171024E+03   
1.93164023E+03   
1.93047279E+03   
1.93195669E+03   
1.93429936E+03   
1.85185837E+03   
1.90575405E+03   
1.86573725E+03   
1.83503971E+03   
1.84518564E+03   
1.72293069E+03   
1.68803631E+03   
1.66979646E+03   
1.62278446E+03   
1.61898390E+03   
1.62448950E+03   
1.57408472E+03   
1.53859302E+03   
1.56216233E+03   
1.54361262E+03   
1.55847249E+03   
1.55211722E+03   
1.45510412E+03   
1.50102501E+03   
1.49518064E+03   
1.43335057E+03   
1.46507722E+03   
1.49029606E+03   
1.42421234E+03   
1.43277135E+03   
1.35756941E+03   
1.30415913E+03   
1.36122535E+03   
1.38943249E+03   
1.41338938E+03   
1.34937958E+03   
1.27266393E+03   
1.33041798E+03   
1.32646769E+03   
1.30770634E+03   
1.32145629E+03   
1.27784517E+03   
1.31743669E+03   
1.27209052E+03   
1.31757321E+03   
1.29265283E+03   
1.29567023E+03   
1.19235257E+03   
1.21606941E+03   
1.23983247E+03   
1.27233957E+03   
1.22569894E+03   
1.19478066E+03   
1.17159352E+03   
1.13744599E+03   
1.17139968E+03   
1.18408232E+03   
1.13102571E+03   
1.12693969E+03   
1.14631626E+03   
1.20289348E+03   
1.13781326E+03   
1.13978516E+03   
1.14009442E+03   
1.12602430E+03   
1.09310692E+03   
1.09284277E+03   
1.13826615E+03   
1.11231146E+03   
1.06269164E+03   
1.11425595E+03   
1.09356901E+03   
1.11714903E+03   
1.06899140E+03   
1.03592008E+03   
1.05926345E+03   
9.88930786E+02   
1.06110812E+03   
1.07629116E+03   
1.00045209E+03   
9.92165933E+02   
9.97682036E+02   
1.01269194E+03   
1.00986267E+03   
1.01124965E+03   
9.82778456E+02   
9.98392779E+02   
9.60427786E+02   
9.66602420E+02   
9.30189838E+02   
9.24391678E+02   
9.12990298E+02   
9.21982496E+02   
7.24240638E+02   
6.71934387E+02   
6.71934387E+02   
6.71934387E+02   
6.71934387E+02   
5.97170564E+02   
4.30519204E+02   
4.36671534E+02   
4.37412883E+02   
3.85340668E+02   
4.39534007E+02   
4.26337467E+02   
4.18202841E+02   
4.24726145E+02   
3.98555411E+02   
4.18688638E+02   
4.04689438E+02   
4.23649130E+02   
3.84426985E+02   
4.22087217E+02   
4.09134327E+02   
3.97089218E+02   
4.28223445E+02   
4.12459392E+02   
4.14085617E+02   
4.22754151E+02   
3.97851570E+02   
4.22467794E+02   
4.22106821E+02   
3.74178936E+02   
3.89045709E+02   
3.63076415E+02   
3.94304861E+02   
3.49545609E+02   
3.75913983E+02   
3.50541208E+02   
3.85777055E+02   
3.69132426E+02   
3.64520804E+02   
3.76492398E+02   
3.81459392E+02   
3.75605121E+02   
3.55747249E+02   
3.79834767E+02   
3.44737548E+02   
3.46494099E+02   
3.50279356E+02   
4.01355871E+02   
3.53039808E+02   
3.26552410E+02   
3.42396679E+02   
3.31117524E+02   
3.34200940E+02   
3.34689038E+02   
3.53427986E+02   
3.50797560E+02   
3.57717844E+02   
3.58693439E+02   
3.26327866E+02   
3.32936087E+02   
3.33566913E+02   
3.41195939E+02   
3.06786957E+02   
3.00457792E+02   
3.28642829E+02   
3.02211742E+02   
2.96105621E+02   
3.17412783E+02   
3.15320464E+02   
3.35951090E+02   
3.23918084E+02   
3.23433387E+02   
3.09146429E+02   
3.25979196E+02   
3.03073315E+02   
3.03789458E+02   
2.81643929E+02   
3.33583417E+02   
2.92632426E+02   
3.24048810E+02   
3.21334067E+02   
3.03932386E+02   
2.91648330E+02   
2.77326465E+02   
3.02963093E+02   
2.82517504E+02   
3.01409982E+02   
3.07519604E+02   
3.15879876E+02   
3.10524505E+02   
3.44076915E+02   
3.00588718E+02   
3.07509502E+02   
3.09867674E+02   
2.98029506E+02   
2.89285257E+02   
2.70904081E+02   
2.67571614E+02   
2.57941088E+02   
2.63646929E+02   
2.56846069E+02   
2.72320464E+02   
2.62424185E+02   
2.49553211E+02   
2.41691838E+02   
2.40041208E+02   
2.47139328E+02   
2.42592118E+02   
2.52002701E+02   
2.67695839E+02   
2.45278356E+02   
2.56907481E+02   
2.58566813E+02   
2.62046009E+02   
2.28222745E+02   
2.52465293E+02   
2.24576115E+02   
2.64291558E+02   
2.30377075E+02   
2.28449090E+02   
2.43290758E+02   
2.32294759E+02   
2.39343469E+02   
2.27582216E+02   
2.20915083E+02   
2.24486797E+02   
2.06525705E+02   
2.17650230E+02   
2.25956091E+02   
2.40309162E+02   
2.42194039E+02   
2.26628826E+02   
2.28969394E+02   
2.11046409E+02   
2.30255851E+02   
2.20492398E+02   
2.12306861E+02   
2.00849370E+02   
2.07044409E+02   
2.12416283E+02   
2.28357672E+02   
2.32595419E+02   
2.22099420E+02   
2.21508302E+02   
2.09790658E+02   
1.89289358E+02   
2.07359672E+02   
2.06778256E+02   
1.98430086E+02   
1.76354471E+02   
1.98970394E+02   
2.00318164E+02   
1.85744549E+02   
2.19051310E+02   
1.89070714E+02   
1.96341868E+02   
1.93382276E+02   
1.91006801E+02   
1.90766453E+02   
1.90655031E+02   
1.92377475E+02   
1.93366773E+02   
2.05374675E+02   
1.73038108E+02   
2.12707141E+02   
1.88359572E+02   
1.75047209E+02   
1.73355671E+02   
1.83714443E+02   
1.86670334E+02   
1.62345169E+02   
1.50377576E+02   
1.81083917E+02   
1.90024505E+02   
1.73666933E+02   
1.82660532E+02   
1.75168334E+02   
1.74678436E+02   
1.89728146E+02   
1.72943689E+02   
1.63053511E+02   
1.63034407E+02   
1.90754051E+02   
1.76386477E+02   
1.67612623E+02   
1.62331866E+02   
1.68707842E+02   
1.70032406E+02   
1.70445489E+02   
1.70296359E+02   
1.69032807E+02   
1.62099820E+02   
1.74287558E+02   
1.65996499E+02   
1.67784457E+02   
1.75316263E+02   
1.81988798E+02   
1.89959792E+02   
1.64232446E+02   
1.64991698E+02   
1.58989298E+02   
1.66941388E+02   
1.75899080E+02   
1.59304661E+02   
1.49520204E+02   
1.61014503E+02   
1.87455991E+02   
1.68775255E+02   
1.51447890E+02   
1.60562613E+02   
1.59346169E+02   
1.66433787E+02   
1.75118524E+02   
1.52108122E+02   
1.64395879E+02   
1.46349970E+02   
1.60971494E+02   
1.59775955E+02   
1.61670934E+02   
1.69321964E+02   
1.52612623E+02   
1.40375475E+02   
1.47620224E+02   
1.45269454E+02   
1.53631826E+02   
1.66365973E+02   
1.40558712E+02   
1.55565113E+02   
1.44567213E+02   
1.37572715E+02   
1.44630026E+02   
1.30576315E+02   
1.30003701E+02   
1.49359272E+02   
1.54673835E+02   
1.41646829E+02   
1.41547910E+02   
1.36637528E+02   
1.30703141E+02   
1.27355271E+02   
1.54701040E+02   
1.40681136E+02   
1.19740648E+02   
1.65884477E+02   
1.41633927E+02   
1.55129526E+02   
1.29536407E+02   
1.43329366E+02   
1.55524405E+02   
1.38419684E+02   
1.55337768E+02   
1.29413683E+02   
1.29322965E+02   
1.32240648E+02   
1.26027205E+02   
1.41027205E+02   
1.53546409E+02   
1.39916483E+02   
1.44960492E+02   
1.34980396E+02   
1.25205041E+02   
1.37671934E+02   
1.39022304E+02   
1.15914583E+02   
1.30300460E+02   
1.28876275E+02   
1.29904881E+02   
1.36653031E+02   
1.16440888E+02   
1.46987698E+02   
1.32574415E+02   
1.33739048E+02   
1.34160332E+02   
1.28843469E+02   
1.29951890E+02   
1.30048310E+02   
1.18330866E+02   
1.14324465E+02   
1.27409982E+02   
1.25324065E+02   
1.36732747E+02   
1.34889978E+02   
1.15595619E+02   
1.34165333E+02   
1.29882176E+02   
1.13877275E+02   
1.29317463E+02   
1.09862372E+02   
1.05587518E+02   
1.20190438E+02   
1.05697239E+02   
1.10915083E+02   
1.12796859E+02   
1.13344469E+02   
1.01861672E+02   
1.08931486E+02   
1.16621224E+02   
1.33625225E+02   
1.11613123E+02   
1.23928286E+02   
1.27043609E+02   
1.11691338E+02   
1.23797960E+02   
9.68552711E+01   
1.02960692E+02   
1.23423985E+02   
1.27748250E+02   
1.17852070E+02   
1.19951090E+02   
1.22346569E+02   
1.20322264E+02   
1.16474495E+02   
1.09297359E+02   
1.30203141E+02   
1.10116223E+02   
9.14757952E+01   
1.17202741E+02   
1.17759352E+02   
1.28653331E+02   
1.26771354E+02   
1.28815363E+02   
1.32590618E+02   
1.13341668E+02   
1.17517604E+02   
1.07327666E+02   
1.00943789E+02   
1.20215143E+02   
1.12878776E+02   
1.17419884E+02   
1.05428986E+02   
1.12489698E+02   
1.09822064E+02   
1.19427886E+02   
1.22167333E+02   
1.22796759E+02   
1.25464793E+02   
1.28576015E+02   
1.21174135E+02   
1.19286557E+02   
1.17337568E+02   
1.13132727E+02   
1.13646729E+02   
1.14497700E+02   
8.32490498E+01   
1.20185437E+02   
1.02673735E+02   
1.11679036E+02   
1.07322765E+02   
1.16206541E+02   
9.88732747E+01   
1.09693439E+02   
1.11540308E+02   
1.32321664E+02   
1.19952691E+02   
9.38230646E+01   
1.10508502E+02   
1.12278556E+02   
1.10533507E+02   
1.20021204E+02   
1.23256351E+02   
1.07749650E+02   
1.14245349E+02   
1.15042208E+02   
1.05292358E+02   
1.14023605E+02   
1.16538908E+02   
9.40298060E+01   
1.07264353E+02   
1.08539708E+02   
9.37528506E+01   
1.13521504E+02   
1.03269754E+02   
1.05769454E+02   
8.90170034E+01   
1.18030606E+02   
1.00259752E+02   
9.92747550E+01   
1.02277155E+02   
9.77848570E+01   
9.64930986E+01   
1.03800660E+02   
1.24546309E+02   
8.71523305E+01   
9.18244649E+01   
1.07999000E+02   
8.89739948E+01   
1.02131426E+02   
9.81911382E+01   
1.01827065E+02   
9.73483697E+01   
9.97528506E+01   
1.04445489E+02   
1.04778256E+02   
8.62271454E+01   
1.00018404E+02   
9.44616923E+01   
9.92955591E+01   
1.07140228E+02   
8.85007001E+01   
8.68885777E+01   
8.62549510E+01   
9.86345269E+01   
9.98312663E+01   
8.93954791E+01   
8.83071614E+01   
1.09782657E+02   
1.15894279E+02   
9.66164233E+01   
1.12429986E+02   
9.89629926E+01   
9.84906981E+01   
1.01381776E+02   
1.04828566E+02   
8.80854171E+01   
9.97874575E+01   
1.02485897E+02   
8.59485897E+01   
9.43358672E+01   
9.05442088E+01   
1.05944189E+02   
9.77104421E+01   
1.01485997E+02   
1.12251750E+02   
9.60857171E+01   
8.93916783E+01   
1.20216143E+02   
9.13054611E+01   
8.70697139E+01   
8.95617123E+01   
9.90172034E+01   
1.10751750E+02   
9.55088018E+01   
8.77593519E+01   
1.08894079E+02   
1.00572915E+02   
9.60654131E+01   
9.25508102E+01   
9.26920384E+01   
8.89129826E+01   
1.00572114E+02   
9.56835367E+01   
1.00909782E+02   
1.08023905E+02   
1.03900680E+02   
8.57970594E+01   
9.57978596E+01   
8.84590918E+01   
1.06260052E+02   
8.82146429E+01   
9.85793159E+01   
9.22365473E+01   
8.79268854E+01   
9.27615523E+01   
9.56256251E+01   
8.78410682E+01   
9.92005401E+01   
9.66692338E+01   
1.01372374E+02   
1.01882176E+02   
8.07387477E+01   
8.65142028E+01   
7.94470894E+01   
8.62317463E+01   
9.64442889E+01   
9.38873775E+01   
9.77455491E+01   
9.07810562E+01   
1.11594519E+02   
6.82868574E+01   
9.12194439E+01   
1.06655231E+02   
7.95441088E+01   
9.18565713E+01   
9.52478496E+01   
9.99036807E+01   
7.79391878E+01   
7.41407281E+01   
1.00355671E+02   
1.01020804E+02   
8.48832767E+01   
7.39087818E+01   
8.01563313E+01   
9.99290858E+01   
9.84585917E+01   
7.60678136E+01   
9.05599120E+01   
8.29984997E+01   
8.82436487E+01   
1.01188738E+02   
7.68782757E+01   
9.63944789E+01   
8.40287057E+01   
9.03933787E+01   
7.32493499E+01   
7.84052811E+01   
8.84116823E+01   
8.86196239E+01   
9.10180036E+01   
7.64100820E+01   
8.06153231E+01   
7.80286057E+01   
7.71975395E+01   
7.50136027E+01   
8.90668134E+01   
8.39756951E+01   
7.68017604E+01   
1.14129826E+02   
1.07962092E+02   
1.01433987E+02   
7.85554111E+01   
7.31832366E+01   
8.36839368E+01   
8.73745749E+01   
8.36622324E+01   
7.65972194E+01   
7.62097419E+01   
7.09381876E+01   
8.69449890E+01   
8.93152631E+01   
9.47684537E+01   
8.79265853E+01   
8.96369274E+01   
8.36385277E+01   
8.61548310E+01   
8.28274655E+01   
9.24511902E+01   
7.63349670E+01   
8.62029406E+01   
8.49540908E+01   
8.56363273E+01   
8.52155431E+01   
9.35780156E+01   
8.66469294E+01   
6.87992599E+01   
1.01684337E+02   
8.52348470E+01   
1.00990098E+02   
8.15923185E+01   
7.83643729E+01   
6.81279256E+01   
5.84635927E+01   
7.59195839E+01   
8.68339668E+01   
9.61076215E+01   
6.80075015E+01   
8.60410082E+01   
7.86243249E+01   
7.12946589E+01   
8.72978596E+01   
7.27325465E+01   
8.14083817E+01   
8.66625325E+01   
7.86856371E+01   
7.10136027E+01   
8.64211842E+01   
9.08406681E+01   
9.32562513E+01   
7.91304261E+01   
9.61401280E+01   
8.61937387E+01   
8.22873575E+01   
8.21425285E+01   
8.36677335E+01   
8.51893379E+01   
7.00532106E+01   
8.35977195E+01   
7.99122825E+01   
8.59535907E+01   
7.44178836E+01   
7.46461292E+01   
7.38694739E+01   
7.06953391E+01   
7.73158632E+01   
7.90332066E+01   
8.45216043E+01   
8.51709342E+01   
6.50332066E+01   
7.23270654E+01   
8.41925385E+01   
7.08450690E+01   
8.03470694E+01   
7.03454691E+01   
8.40244049E+01   
7.78446689E+01   
7.75212042E+01   
8.63462693E+01   
6.78218644E+01   
8.58658732E+01   
7.51981396E+01   
8.65280056E+01   
7.83430686E+01   
7.43414683E+01   
7.08546709E+01   
7.85008002E+01   
6.88202641E+01   
8.66056211E+01   
7.45817163E+01   
7.48950790E+01   
7.71313263E+01   
8.03774755E+01   
9.94782957E+01   
8.03931786E+01   
9.52265453E+01   
6.20625125E+01   
6.83842769E+01   
7.66048210E+01   
9.52365473E+01   
7.97978596E+01   
8.72405481E+01   
8.67234447E+01   
7.83238648E+01   
8.11681336E+01   
7.93210642E+01   
7.70195039E+01   
8.96297259E+01   
8.34910982E+01   
7.98459692E+01   
8.24707942E+01   
7.13170634E+01   
8.46552310E+01   
6.76193239E+01   
7.33158632E+01   
7.30148030E+01   
7.93721744E+01   
6.85510102E+01   
7.42697540E+01   
7.86812362E+01   
7.47566513E+01   
1.08984697E+02   
7.76350270E+01   
6.30144029E+01   
6.73066613E+01   
7.74105821E+01   
7.79072815E+01   
6.53171634E+01   
9.31069214E+01   
7.40378076E+01   
9.48645729E+01   
7.14508902E+01   
7.40131026E+01   
7.70164033E+01   
6.30113023E+01   
7.74545909E+01   
7.25726145E+01   
8.54633927E+01   
8.17369474E+01   
8.17003401E+01   
8.62194439E+01   
9.97186437E+01   
7.31039208E+01   
8.25205041E+01   
6.99549910E+01   
8.07042408E+01   
6.61509302E+01   
6.91501300E+01   
7.48762753E+01   
8.51964393E+01   
7.80156031E+01   
7.42862573E+01   
8.56100220E+01   
1.00074315E+02   
6.02989598E+01   
7.06108222E+01   
7.25466093E+01   
7.61505301E+01   
7.36798360E+01   
8.83545709E+01   
8.72806561E+01   
8.46224245E+01   
7.48031606E+01   
7.53204641E+01   
7.22304461E+01   
6.79216843E+01   
5.64934987E+01   
6.99809962E+01   
9.51159232E+01   
7.56840368E+01   
7.13745749E+01   
6.73971794E+01   
7.98870774E+01   
7.82552511E+01   
7.27735547E+01   
6.55173035E+01   
9.43835767E+01   
8.17675535E+01   
6.07627526E+01   
9.00272054E+01   
8.36280256E+01   
8.42744549E+01   
6.23523705E+01   
7.95587117E+01   
8.28950790E+01   
6.18434687E+01   
8.84637928E+01   
7.84710942E+01   
8.49304861E+01   
6.18206641E+01   
7.38930786E+01   
6.47745549E+01   
8.30626125E+01   
6.34394879E+01   
5.88942789E+01   
8.06001200E+01   
6.31908382E+01   
9.43766753E+01   
7.67670534E+01   
6.67358472E+01   
8.84804961E+01   
8.34393879E+01   
9.61329266E+01   
8.79868974E+01   
6.90754151E+01   
8.91042208E+01   
7.79237848E+01   
5.70140028E+01   
7.40140028E+01   
7.60140028E+01   
7.70140028E+01   
8.60140028E+01   
7.87938588E+01   
7.19025805E+01   
6.65569114E+01   
7.92540508E+01   
7.51092218E+01   
6.57941588E+01   
5.84701940E+01   
8.81498300E+01   
6.94183837E+01   
7.43688738E+01   
7.00152030E+01   
7.56956391E+01   
8.19714943E+01   
8.98498700E+01   
8.11225245E+01   
8.58626725E+01   
7.26935387E+01   
7.56612322E+01   
7.60572114E+01   
1.02776155E+02   
7.60500100E+01   
6.83495699E+01   
5.63179636E+01   
6.64000800E+01   
7.86075215E+01   
7.94088818E+01   
1.05715243E+02   
6.90192038E+01   
7.52134427E+01   
7.19138828E+01   
6.96071214E+01   
6.92230446E+01   
7.82106421E+01   
6.38930786E+01   
7.91609322E+01   
7.25022004E+01   
7.15947189E+01   
7.72054411E+01   
6.40552110E+01   
7.55883177E+01   
5.84885977E+01   
7.14448890E+01   
6.27673535E+01   
7.45117023E+01   
7.06708342E+01   
6.46431286E+01   
7.21266253E+01   
8.29061812E+01   
6.61170234E+01   
7.68244649E+01   
7.34713943E+01   
7.32863573E+01   
7.96531306E+01   
7.21946389E+01   
7.50144029E+01   
7.98365673E+01   
6.06348270E+01   
7.57173435E+01   
6.40092018E+01   
6.52233447E+01   
7.95782156E+01   
5.83608722E+01   
5.82188438E+01   
5.97218444E+01   
7.40136027E+01   
6.63532707E+01   
6.70823165E+01   
7.14369874E+01   
5.74329866E+01   
7.78457692E+01   
7.04327866E+01   
6.07586517E+01   
6.86018204E+01   
6.65864173E+01   
6.54423885E+01   
7.47426485E+01   
6.41251250E+01   
6.54958992E+01   
6.96939388E+01   
8.15385077E+01   
8.30957191E+01   
8.06445289E+01   
6.95445089E+01   
6.22487497E+01   
6.95505101E+01   
6.78628726E+01   
6.95480096E+01   
5.97051410E+01   
6.23297660E+01   
6.43160632E+01   
8.58633727E+01   
8.01943389E+01   
6.42042408E+01   
7.69062813E+01   
7.16045209E+01   
7.65773155E+01   
7.24522905E+01   
8.63657732E+01   
7.30901180E+01   
7.07311462E+01   
6.64394879E+01   
8.53064613E+01   
7.12960592E+01   
9.49682937E+01   
9.40200040E+01   
9.78821764E+01   
9.06374275E+01   
7.98809762E+01   
5.88982797E+01   
6.18108622E+01   
7.90103021E+01   
6.22837568E+01   
7.26157231E+01   
5.96719344E+01   
6.19454891E+01   
6.13620724E+01   
6.26603321E+01   
6.68188638E+01   
7.75664133E+01   
5.91418284E+01   
6.77627526E+01   
6.00162032E+01   
7.68294659E+01   
6.05726145E+01   
7.42588518E+01   
5.29510902E+01   
6.30124025E+01   
6.57719544E+01   
7.84168834E+01   
8.22552511E+01   
6.46644329E+01   
6.00705141E+01   
7.54304861E+01   
7.09001800E+01   
8.86152230E+01   
7.46452290E+01   
7.50148030E+01   
7.56781356E+01   
7.04628926E+01   
7.41246249E+01   
5.61779356E+01   
8.03033607E+01   
8.03418684E+01   
6.43907782E+01   
6.79586917E+01   
6.30124025E+01   
8.83297660E+01   
7.27471494E+01   
6.20637127E+01   
5.99089818E+01   
8.89432887E+01   
7.63743749E+01   
5.41204241E+01   
8.30150030E+01   
6.45596119E+01   
7.93280656E+01   
8.21154231E+01   
6.32581516E+01   
6.23018604E+01   
6.98239648E+01   
7.00148030E+01   
6.71078216E+01   
8.58756751E+01   
7.11066213E+01   
7.86972394E+01   
8.15112022E+01   
7.66122224E+01   
6.81928386E+01   
9.53154631E+01   
5.92771554E+01   
6.54946989E+01   
8.86743349E+01   
7.53965793E+01   
6.90140028E+01   
6.01379276E+01   
5.41355271E+01   
7.08090618E+01   
8.07729546E+01   
8.18174635E+01   
6.26469294E+01   
7.76614323E+01   
7.41307261E+01   
6.10902180E+01   
6.02394479E+01   
6.57869574E+01   
6.77179436E+01   
7.24544909E+01   
7.46505301E+01   
6.61941388E+01   
7.47311462E+01   
7.01215243E+01   
4.64641928E+01   
6.56693339E+01   
7.10481096E+01   
6.19473895E+01   
7.40148030E+01   
5.71773355E+01   
6.70128026E+01   
6.21079216E+01   
5.79489898E+01   
6.98578716E+01   
6.52584517E+01   
6.89208842E+01   
5.61609322E+01   
7.57759552E+01   
6.32159432E+01   
7.26687337E+01   
7.40999200E+01   
8.30421084E+01   
7.86863373E+01   
7.90995199E+01   
6.05477095E+01   
7.66180236E+01   
8.01184237E+01   
7.19127826E+01   
6.91899380E+01   
8.57432486E+01   
6.92823565E+01   
6.29416883E+01   
7.30606121E+01   
7.48986797E+01   
5.22402480E+01   
8.07680536E+01   
7.72109422E+01   
6.68415683E+01   
8.97225445E+01   
6.44718944E+01   
7.98109622E+01   
7.59371874E+01   
7.50948190E+01   
7.28836767E+01   
6.53518704E+01   
7.79391878E+01   
7.98361672E+01   
6.22421484E+01   
6.50627125E+01   
6.58787758E+01   
6.81428286E+01   
6.99165833E+01   
7.21050210E+01   
6.98468694E+01   
7.40732146E+01   
7.60136027E+01   
6.19861972E+01   
6.41208242E+01   
7.48692739E+01   
8.00531106E+01   
7.50023005E+01   
8.59094819E+01   
5.52105421E+01   
7.79243849E+01   
8.49727946E+01   
7.50770154E+01   
7.29848970E+01   
6.40431086E+01   
8.59427886E+01   
6.80937187E+01   
8.59163833E+01   
7.30646129E+01   
7.40233047E+01   
6.49672935E+01   
5.91224245E+01   
7.49448890E+01   
8.39821964E+01   
9.10453091E+01   
6.40315063E+01   
7.60381076E+01   
6.30218044E+01   
6.60017003E+01   
5.50536107E+01   
7.39685937E+01   
7.00048010E+01   
6.80353071E+01   
6.50179036E+01   
7.10077015E+01   
7.00038008E+01   
5.60228046E+01   
5.60121024E+01   
7.30128026E+01   
7.70153031E+01   
7.90100020E+01   
6.60053011E+01   
5.50241048E+01   
6.90159032E+01   
7.19923985E+01   
7.90325065E+01   
6.70136027E+01   
7.60370074E+01   
8.49987998E+01   
7.00003001E+01   
7.90642128E+01   
7.89621924E+01   
7.20073015E+01   
5.90002000E+01   
6.70991198E+01   
7.89390878E+01   
7.20428086E+01   
7.59985997E+01   
7.09305861E+01   
6.71662332E+01   
8.60259052E+01   
7.99031806E+01   
7.50916183E+01   
7.79331866E+01   
8.21729346E+01   
8.09961992E+01   
7.60176035E+01   
8.59699940E+01   
7.70283057E+01   
6.69401880E+01   
6.69746949E+01   
6.49722945E+01   
6.80394079E+01   
6.80839168E+01   
6.79702941E+01   
6.29980996E+01   
6.50128026E+01   
7.01241248E+01   
7.49503901E+01   
7.50641128E+01   
7.69980996E+01   
8.29447890E+01   
6.51922384E+01   
8.79622925E+01   
8.19224845E+01   
7.40522104E+01   
6.48782757E+01   
5.41314263E+01   
6.71971394E+01   
8.19144829E+01   
8.08471694E+01   
6.43353671E+01   
8.37559512E+01   
7.50140028E+01   
7.38550710E+01   
7.22653531E+01   
7.20626125E+01   
7.48490698E+01   
6.91351270E+01   
6.13120624E+01   
9.65685137E+01   
6.51152230E+01   
6.89370874E+01   
6.49346869E+01   
6.49322865E+01   
5.83635727E+01   
7.09063813E+01   
7.31264253E+01   
7.28182637E+01   
6.98413683E+01   
7.50985197E+01   
6.03074615E+01   
7.87472494E+01   
6.54067814E+01   
8.08951790E+01   
7.37053411E+01   
7.10439088E+01   
5.60128026E+01   
6.50451090E+01   
7.32748550E+01   
6.86191238E+01   
6.93801760E+01   
8.09481896E+01   
7.87750550E+01   
7.50818164E+01   
7.31536307E+01   
8.00858172E+01   
8.39078816E+01   
6.78691738E+01   
6.83064613E+01   
8.15336067E+01   
6.02358472E+01   
6.07478496E+01   
6.83934787E+01   
6.71305261E+01   
7.41329266E+01   
7.78192639E+01   
6.96556311E+01   
6.06964393E+01   
9.42445489E+01   
6.04625925E+01   
7.03091618E+01   
4.93851770E+01   
6.61808362E+01   
6.81840368E+01   
6.81010202E+01   
7.50156031E+01   
7.88399680E+01   
6.97924585E+01   
7.29225845E+01   
5.69209842E+01   
6.03289658E+01   
7.33345669E+01   
8.05066013E+01   
7.18714743E+01   
7.21517303E+01   
6.91066213E+01   
5.72998600E+01   
7.42901580E+01   
6.59342869E+01   
7.91146229E+01   
7.11260252E+01   
5.82096419E+01   
6.34140828E+01   
6.62683537E+01   
7.87101420E+01   
7.42204441E+01   
6.89121824E+01   
7.14859972E+01   
7.42808562E+01   
7.10132026E+01   
6.93342669E+01   
7.26382276E+01   
6.79584917E+01   
6.53558712E+01   
5.89444889E+01   
7.15703141E+01   
6.41230246E+01   
6.85751150E+01   
6.97324465E+01   
7.20140028E+01   
7.70140028E+01   
7.54348870E+01   
5.10013003E+01   
7.63122625E+01   
6.83666733E+01   
8.66095219E+01   
7.55391078E+01   
8.03517704E+01   
6.52536507E+01   
6.50735147E+01   
6.73203641E+01   
7.25195039E+01   
6.33824765E+01   
9.27034407E+01   
6.81382276E+01   
6.60128026E+01   
6.35241048E+01   
7.40160032E+01   
7.20160032E+01   
7.26253251E+01   
7.14066813E+01   
5.74227846E+01   
6.53439688E+01   
7.14813963E+01   
8.09500900E+01   
7.27467493E+01   
6.31510302E+01   
7.95378076E+01   
6.77383477E+01   
7.04953991E+01   
7.88753751E+01   
5.90835167E+01   
6.49436887E+01   
6.76600320E+01   
7.54382877E+01   
6.23715743E+01   
8.18721744E+01   
6.72321464E+01   
7.16708342E+01   
7.79963993E+01   
7.14262853E+01   
7.02329466E+01   
6.49380876E+01   
6.97878576E+01   
6.40624125E+01   
7.54877976E+01   
6.20136027E+01   
7.53188638E+01   
7.37083417E+01   
7.85509102E+01   
7.17088418E+01   
7.70927185E+01   
7.33284657E+01   
8.50168034E+01   
7.62256451E+01   
6.44103821E+01   
7.70947189E+01   
7.47742549E+01   
6.43368674E+01   
7.85834167E+01   
8.92032406E+01   
7.39324865E+01   
6.32609522E+01   
8.06016203E+01   
6.07638528E+01   
6.55966193E+01   
6.93434687E+01   
7.20959192E+01   
6.41814363E+01   
6.42681536E+01   
6.64415883E+01   
7.50709142E+01   
6.39610922E+01   
7.44089818E+01   
8.09260852E+01   
7.41505301E+01   
8.77542509E+01   
8.13985797E+01   
7.93688738E+01   
6.94808962E+01   
6.80132026E+01   
6.66535307E+01   
6.79082817E+01   
8.92963593E+01   
6.40147029E+01   
7.40101020E+01   
6.62073415E+01   
9.41867373E+01   
7.58484697E+01   
7.60176035E+01   
7.33629726E+01   
6.96722344E+01   
7.43198640E+01   
5.91998400E+01   
6.39623925E+01   
8.08689738E+01   
5.72022404E+01   
6.25891178E+01   
6.86906381E+01   
7.29480896E+01   
6.84747950E+01   
7.25284057E+01   
8.49344869E+01   
6.39000800E+01   
7.05108022E+01   
8.18181636E+01   
7.48173635E+01   
5.68109622E+01   
6.48165633E+01   
6.49128826E+01   
5.76075215E+01   
7.19292859E+01   
7.76063213E+01   
7.32194439E+01   
6.74991998E+01   
7.09092819E+01   
6.60124025E+01   
7.57858572E+01   
8.47050410E+01   
8.02821564E+01   
7.00152030E+01   
7.54855971E+01   
7.08637728E+01   
7.11626325E+01   
6.66559312E+01   
6.85855171E+01   
6.74743949E+01   
6.48785757E+01   
7.84715943E+01   
7.00132026E+01   
7.22465493E+01   
6.38897780E+01   
7.17929586E+01   
7.41200240E+01   
7.27944589E+01   
7.32354471E+01   
6.83489698E+01   
7.83513703E+01   
7.11138228E+01   
6.19173835E+01   
7.05398080E+01   
7.58078616E+01   
7.21275255E+01   
7.40136027E+01   
6.63228646E+01   
6.11664333E+01   
7.26241248E+01   
5.52899580E+01   
7.66646329E+01   
7.20766153E+01   
5.41258252E+01   
7.83666733E+01   
6.08402681E+01   
7.36586317E+01   
7.20136027E+01   
6.96550310E+01   
6.97725545E+01   
6.20571114E+01   
7.28111622E+01   
7.70144029E+01   
6.78650730E+01   
8.19198840E+01   
7.78912783E+01   
7.25041008E+01   
7.60148030E+01   
8.23971794E+01   
6.43931786E+01   
6.32540508E+01   
8.30126025E+01   
8.52662533E+01   
7.03889778E+01   
7.25099020E+01   
6.19068814E+01   
7.43843769E+01   
6.81261252E+01   
7.44159832E+01   
7.96104221E+01   
7.70398080E+01   
7.42142428E+01   
6.86894379E+01   
8.16274255E+01   
7.29753951E+01   
6.73148630E+01   
7.95385077E+01   
6.77059412E+01   
7.40654131E+01   
6.44332867E+01   
6.68055611E+01   
7.12794559E+01   
7.84141828E+01   
7.01495299E+01   
9.15521104E+01   
8.60180036E+01   
7.34012803E+01   
7.87429486E+01   
6.60966193E+01   
7.18796759E+01   
7.00609122E+01   
7.30633127E+01   
8.05100020E+01   
8.45641128E+01   
6.83259652E+01   
6.98752751E+01   
6.81230246E+01   
7.42946589E+01   
8.26219244E+01   
7.92725545E+01   
8.37007401E+01   
8.76292258E+01   
6.68615723E+01   
8.04510902E+01   
6.95963193E+01   
7.42888578E+01   
9.41607321E+01   
8.31577315E+01   
7.18696739E+01   
7.51492298E+01   
6.51753351E+01   
6.87138428E+01   
6.45933187E+01   
7.78875775E+01   
8.09952991E+01   
7.44772955E+01   
7.92572515E+01   
7.40431086E+01   
7.25407081E+01   
7.01599320E+01   
7.05674135E+01   
6.98370674E+01   
8.73783757E+01   
6.55658132E+01   
6.18123625E+01   
7.90114023E+01   
6.08187638E+01   
7.13749750E+01   
8.51092218E+01   
7.10160032E+01   
7.75590118E+01   
7.90839168E+01   
7.90988198E+01   
7.74010802E+01   
7.75518104E+01   
6.91667333E+01   
7.44769954E+01   
7.17037407E+01   
7.33242649E+01   
7.09495899E+01   
8.78600720E+01   
8.26054211E+01   
7.21123225E+01   
8.52754551E+01   
8.28073615E+01   
7.29044809E+01   
7.35973195E+01   
7.13774755E+01   
6.69695939E+01   
7.28144629E+01   
7.33754751E+01   
7.53366673E+01   
8.23382677E+01   
8.34014803E+01   
6.61747349E+01   
7.16625325E+01   
7.55266053E+01   
8.41767353E+01   
7.33598720E+01   
7.18320664E+01   
6.43290658E+01   
7.76997399E+01   
7.58308662E+01   
8.96945389E+01   
8.35134027E+01   
7.40188038E+01   
7.71815363E+01   
9.30116023E+01   
6.06877375E+01   
7.53370674E+01   
7.47057411E+01   
8.29939988E+01   
6.26609322E+01   
6.47233447E+01   
8.29779956E+01   
6.85234047E+01   
7.46965393E+01   
7.61595319E+01   
7.26117223E+01   
5.95866173E+01   
5.95306061E+01   
7.76693339E+01   
7.74945989E+01   
7.45746149E+01   
8.48424685E+01   
7.77956591E+01   
8.47605521E+01   
6.93393679E+01   
6.24662933E+01   
8.05422084E+01   
6.84865973E+01   
8.63074615E+01   
6.66070214E+01   
7.42410482E+01   
6.99696939E+01   
7.55901180E+01   
6.93710742E+01   
6.77604521E+01   
7.40888178E+01   
6.66334267E+01   
8.05586117E+01   
8.46573315E+01   
7.96557311E+01   
8.56510302E+01   
9.12014403E+01   
7.42874575E+01   
7.83806761E+01   
7.91148230E+01   
8.20818164E+01   
7.21959392E+01   
6.97497499E+01   
6.51224245E+01   
8.24244849E+01   
6.60517103E+01   
6.94573915E+01   
6.72003401E+01   
8.12011402E+01   
8.20148030E+01   
7.10148030E+01   
7.68268654E+01   
7.71444289E+01   
7.55632126E+01   
7.72812563E+01   
7.78791758E+01   
6.13938788E+01   
9.36341268E+01   
7.95862172E+01   
7.78683737E+01   
7.57789558E+01   
7.32466493E+01   
7.33208642E+01   
7.98611722E+01   
8.23328666E+01   
9.60846169E+01   
7.58826765E+01   
5.73719744E+01   
7.52091418E+01   
8.04050810E+01   
7.37977596E+01   
7.78415683E+01   
7.82111422E+01   
7.68184637E+01   
7.00291058E+01   
6.78152631E+01   
6.08144629E+01   
6.29953991E+01   
7.98172635E+01   
7.26173235E+01   
8.72143429E+01   
7.38152631E+01   
8.56175235E+01   
8.98135627E+01   
7.86019204E+01   
5.34369874E+01   
7.25846169E+01   
6.82365473E+01   
7.43932787E+01   
8.14182837E+01   
7.54552911E+01   
9.21821364E+01   
7.51966393E+01   
7.12645529E+01   
8.34013803E+01   
8.51934387E+01   
6.78080616E+01   
6.64579916E+01   
7.27085417E+01   
6.12528506E+01   
6.98425685E+01   
6.92616523E+01   
7.84330866E+01   
7.36434287E+01   
9.68092619E+01   
8.50844169E+01   
7.27416483E+01   
7.43865773E+01   
8.85949190E+01   
7.23821764E+01   
7.97067413E+01   
8.05340068E+01   
7.56518304E+01   
7.73561712E+01   
7.78232647E+01   
6.50821164E+01   
8.40164033E+01   
8.04450890E+01   
8.42319464E+01   
8.02964593E+01   
7.48765753E+01   
7.01522304E+01   
7.80144029E+01   
7.15809162E+01   
7.04478896E+01   
7.81021204E+01   
7.88369674E+01   
7.22656531E+01   
4.83840768E+01   
8.47980596E+01   
7.86018204E+01   
7.48921784E+01   
6.22512503E+01   
7.14256851E+01   
9.19130826E+01   
8.17952591E+01   
6.62408482E+01   
7.20132026E+01   
6.59041808E+01   
7.92379476E+01   
7.01210242E+01   
8.06854371E+01   
7.11365273E+01   
9.00168034E+01   
7.73413683E+01   
7.16243249E+01   
9.74068814E+01   
7.91102220E+01   
6.83744749E+01   
7.49720944E+01   
5.84678936E+01   
7.76092218E+01   
7.95597119E+01   
7.23880776E+01   
7.58722745E+01   
7.93273655E+01   
8.76244249E+01   
7.87927586E+01   
6.53194639E+01   
6.45537107E+01   
7.64782957E+01   
8.94798960E+01   
8.46227245E+01   
6.51091218E+01   
9.13859772E+01   
8.81468294E+01   
8.12872575E+01   
8.22680536E+01   
6.81239248E+01   
7.21905381E+01   
8.41324265E+01   
8.84292859E+01   
9.02523505E+01   
7.83061612E+01   
8.36238248E+01   
8.07935587E+01   
6.09143829E+01   
6.49673935E+01   
8.14930986E+01   
6.95815163E+01   
7.14512903E+01   
6.27764553E+01   
7.77370474E+01   
6.98874775E+01   
6.59765953E+01   
7.81199240E+01   
7.51492298E+01   
6.72563513E+01   
8.34999000E+01   
8.25015003E+01   
7.37982597E+01   
7.03063613E+01   
7.06086217E+01   
1.07106021E+02   
8.77316463E+01   
8.62461492E+01   
9.08392679E+01   
8.57234447E+01   
8.02907582E+01   
7.74752951E+01   
7.80502100E+01   
8.22475495E+01   
9.65427085E+01   
6.25115023E+01   
7.67588518E+01   
9.05167033E+01   
7.95181036E+01   
8.62697540E+01   
8.05151030E+01   
8.97660532E+01   
8.77776555E+01   
8.25001000E+01   
8.42679536E+01   
7.45105021E+01   
6.37368474E+01   
6.90400080E+01   
7.12845569E+01   
8.87798560E+01   
8.47822565E+01   
8.37022404E+01   
7.85251050E+01   
7.73421684E+01   
8.84818964E+01   
1.01328366E+02   
9.99925985E+01   
8.01563313E+01   
7.75931186E+01   
8.79507902E+01   
8.10144029E+01   
7.75327065E+01   
7.67556511E+01   
7.55745149E+01   
7.76740348E+01   
5.95351070E+01   
7.95813163E+01   
9.30168034E+01   
8.22787558E+01   
8.79183837E+01   
6.54297860E+01   
9.62297459E+01   
8.81731346E+01   
7.66547309E+01   
8.86974395E+01   
9.73696739E+01   
7.76041208E+01   
9.94677936E+01   
7.53612723E+01   
8.80822164E+01   
9.85519104E+01   
8.39505901E+01   
7.69473895E+01   
8.56762352E+01   
7.07456491E+01   
8.03573715E+01   
8.23613723E+01   
8.72089418E+01   
8.90164033E+01   
7.80164033E+01   
7.44748950E+01   
7.99982997E+01   
9.87484497E+01   
7.77476495E+01   
8.86615323E+01   
7.69223845E+01   
7.98347670E+01   
7.64696939E+01   
8.01941388E+01   
8.06430286E+01   
7.48593719E+01   
9.02668534E+01   
7.90855171E+01   
6.63230646E+01   
8.28454691E+01   
8.35711142E+01   
8.27412482E+01   
8.32955591E+01   
8.55168034E+01   
6.86849370E+01   
8.82959592E+01   
8.44592919E+01   
7.44576915E+01   
8.50955191E+01   
9.16561312E+01   
8.02963593E+01   
8.45783157E+01   
8.48323665E+01   
7.97914583E+01   
8.37089418E+01   
8.20586117E+01   
7.94094819E+01   
9.47479496E+01   
6.58527706E+01   
8.33015603E+01   
8.04480896E+01   
8.14425885E+01   
9.97321464E+01   
9.18739748E+01   
8.13048610E+01   
8.05834167E+01   
8.18766753E+01   
8.30164033E+01   
7.77284457E+01   
7.68810762E+01   
8.34396879E+01   
8.63055611E+01   
8.07272454E+01   
8.37264453E+01   
8.23063613E+01   
7.85979196E+01   
8.22321464E+01   
8.63853771E+01   
7.48868774E+01   
7.33185637E+01   
9.59702941E+01   
8.24825965E+01   
8.67896579E+01   
6.76600320E+01   
8.78405681E+01   
9.06059212E+01   
1.04607522E+02   
8.69490898E+01   
8.76071214E+01   
9.14977996E+01   
7.14568914E+01   
6.53103621E+01   
8.27745549E+01   
9.42322464E+01   
8.93159632E+01   
8.50056011E+01   
9.15346069E+01   
1.03011602E+02   
8.96203241E+01   
8.27200440E+01   
9.37120424E+01   
8.90276055E+01   
8.47981596E+01   
8.81281256E+01   
9.38549710E+01   
9.66932386E+01   
9.05350070E+01   
8.48606721E+01   
8.45342068E+01   
7.98425685E+01   
8.96283257E+01   
9.69679936E+01   
7.95434087E+01   
9.02639528E+01   
8.44648930E+01   
9.16307261E+01   
8.52466493E+01   
8.18683737E+01   
6.66310262E+01   
8.60176035E+01   
8.58701740E+01   
8.61650330E+01   
8.53984797E+01   
8.27068414E+01   
7.63267654E+01   
9.26383277E+01   
7.41506301E+01   
7.34573915E+01   
7.76371274E+01   
7.40769154E+01   
7.60170034E+01   
8.00086017E+01   
7.28348670E+01   
7.84465893E+01   
8.19574915E+01   
8.09041808E+01   
8.20180036E+01   
8.59113823E+01   
7.82809562E+01   
7.46980396E+01   
8.31631326E+01   
6.97678536E+01   
8.64758952E+01   
7.62389478E+01   
8.29710942E+01   
8.69734947E+01   
8.92100420E+01   
8.99919984E+01   
7.24128826E+01   
9.80605121E+01   
8.36996399E+01   
9.57718544E+01   
8.16603321E+01   
8.50180036E+01   
8.20838168E+01   
7.30473095E+01   
9.41850370E+01   
1.00549510E+02   
8.68160632E+01   
9.88044609E+01   
9.12893579E+01   
8.06936387E+01   
9.30184037E+01   
8.83222645E+01   
8.67563513E+01   
8.80751150E+01   
7.46112222E+01   
7.93962793E+01   
8.28686737E+01   
9.84421884E+01   
8.96477295E+01   
9.86791358E+01   
1.01032907E+02   
1.00690438E+02   
9.00289058E+01   
9.16957391E+01   
7.07120424E+01   
8.16327265E+01   
1.00366673E+02   
8.60366073E+01   
7.96707341E+01   
8.90181036E+01   
8.83485697E+01   
9.40144029E+01   
8.23518704E+01   
9.26941388E+01   
9.06620324E+01   
9.26784357E+01   
9.47250450E+01   
9.49748950E+01   
9.06879376E+01   
7.77010402E+01   
8.29917984E+01   
8.07185437E+01   
9.37702541E+01   
1.01233147E+02   
7.66764353E+01   
7.60339068E+01   
8.52767554E+01   
8.94156831E+01   
8.90160032E+01   
9.38158632E+01   
9.95330066E+01   
9.10670134E+01   
8.09633927E+01   
8.67007401E+01   
7.80160032E+01   
8.41081216E+01   
1.01331666E+02   
1.04641328E+02   
8.70172034E+01   
8.27785557E+01   
8.99102821E+01   
8.50547109E+01   
9.26716343E+01   
9.84046809E+01   
9.49776955E+01   
7.81034207E+01   
1.05804161E+02   
9.72817564E+01   
9.17900580E+01   
9.14597920E+01   
8.60671134E+01   
9.15199040E+01   
8.97163433E+01   
8.95241048E+01   
8.68598720E+01   
9.41809362E+01   
1.03556611E+02   
8.47794559E+01   
1.02019604E+02   
9.17815563E+01   
7.66112222E+01   
8.38342669E+01   
1.05268854E+02   
8.73116623E+01   
8.55997199E+01   
8.66852370E+01   
8.76404281E+01   
9.23743749E+01   
7.83751750E+01   
1.02590118E+02   
9.54474895E+01   
8.90927185E+01   
1.01378376E+02   
9.70967193E+01   
8.89156831E+01   
9.26892378E+01   
1.00060312E+02   
9.69437888E+01   
1.02252050E+02   
8.38238648E+01   
9.68505701E+01   
8.99133827E+01   
9.92089418E+01   
8.76655331E+01   
8.44615923E+01   
9.03842769E+01   
9.40197039E+01   
9.78422685E+01   
1.00751950E+02   
1.01927686E+02   
8.20761152E+01   
8.37720544E+01   
1.01584217E+02   
9.71885377E+01   
1.09590618E+02   
9.11853371E+01   
1.03021204E+02   
9.03374675E+01   
9.48045609E+01   
8.03839768E+01   
9.13413683E+01   
8.54289858E+01   
8.84974995E+01   
8.66130226E+01   
9.45357071E+01   
8.75051010E+01   
9.71363273E+01   
1.11393979E+02   
9.38858772E+01   
1.11784957E+02   
8.47801560E+01   
1.07393179E+02   
1.00024605E+02   
8.63911782E+01   
8.71437287E+01   
1.12899080E+02   
1.03271254E+02   
8.92586517E+01   
9.01487297E+01   
9.71511302E+01   
8.93777756E+01   
9.12620524E+01   
8.80172034E+01   
9.88049610E+01   
1.05091918E+02   
7.84321864E+01   
9.18796759E+01   
9.75399080E+01   
1.04831466E+02   
8.13026605E+01   
1.02504801E+02   
1.02496899E+02   
1.04846169E+02   
9.16930386E+01   
8.85491098E+01   
9.13194639E+01   
8.84126825E+01   
9.59374875E+01   
8.23241648E+01   
8.37851570E+01   
9.47992599E+01   
8.63197640E+01   
9.52460492E+01   
9.04989998E+01   
1.09472895E+02   
8.66324265E+01   
1.00183537E+02   
9.43602721E+01   
8.30160032E+01   
9.32969594E+01   
9.16829366E+01   
8.86280256E+01   
8.98464693E+01   
9.42348470E+01   
1.01056811E+02   
9.51491298E+01   
8.97205441E+01   
9.50978196E+01   
9.04825965E+01   
9.49116823E+01   
1.12020004E+02   
8.94741948E+01   
9.07208442E+01   
9.88649730E+01   
1.05415183E+02   
1.05393879E+02   
1.00418784E+02   
1.01437688E+02   
9.58151630E+01   
9.96534307E+01   
1.01391378E+02   
9.84304861E+01   
9.48337668E+01   
9.84041808E+01   
1.20820364E+02   
1.01625325E+02   
9.44204841E+01   
9.08214643E+01   
9.88114623E+01   
8.42140428E+01   
9.98266653E+01   
8.85966193E+01   
8.96592318E+01   
9.38132627E+01   
1.02633127E+02   
9.65826165E+01   
8.86335267E+01   
9.82323465E+01   
9.72347469E+01   
8.99697940E+01   
8.06957391E+01   
1.09775355E+02   
9.65817163E+01   
9.86108222E+01   
9.09033807E+01   
9.25007001E+01   
9.42395479E+01   
7.95665133E+01   
1.15372474E+02   
1.10566513E+02   
9.38862773E+01   
1.05462292E+02   
8.97090418E+01   
1.01429986E+02   
1.12486697E+02   
1.00848270E+02   
9.19597920E+01   
1.00783657E+02   
9.45429086E+01   
9.65622124E+01   
1.01645029E+02   
9.74303861E+01   
1.04331866E+02   
1.03093919E+02   
1.02361272E+02   
1.05942488E+02   
9.51864373E+01   
1.07846969E+02   
9.41043209E+01   
8.46108222E+01   
1.13189638E+02   
1.08172234E+02   
1.03528706E+02   
9.09268854E+01   
9.86955391E+01   
9.48595719E+01   
9.75013003E+01   
1.02337267E+02   
9.38587718E+01   
9.78086617E+01   
1.10864773E+02   
9.98025605E+01   
9.01303261E+01   
1.01939388E+02   
1.11524605E+02   
1.01055711E+02   
8.77139428E+01   
1.13717143E+02   
1.02870774E+02   
1.10596819E+02   
1.14703041E+02   
1.02654331E+02   
1.00854671E+02   
1.04020804E+02   
1.05603321E+02   
1.04148630E+02   
9.06067213E+01   
8.31555311E+01   
8.87307461E+01   
9.27339468E+01   
1.01018804E+02   
9.74586917E+01   
9.88700740E+01   
9.57586517E+01   
1.03712543E+02   
9.71572314E+01   
1.06179536E+02   
9.11301260E+01   
9.85098020E+01   
1.06392579E+02   
1.01319564E+02   
1.04453991E+02   
9.88484697E+01   
9.28879776E+01   
1.02759952E+02   
9.87140428E+01   
9.85075015E+01   
1.03331966E+02   
1.04897580E+02   
1.16652931E+02   
9.10825165E+01   
9.77110422E+01   
1.10515303E+02   
9.52640528E+01   
9.92135427E+01   
8.71404281E+01   
1.06898780E+02   
1.01138828E+02   
9.86635327E+01   
1.02227145E+02   
1.06607321E+02   
9.79970994E+01   
1.02041308E+02   
9.09047810E+01   
1.10997399E+02   
1.05929786E+02   
9.80208042E+01   
1.20132026E+02   
1.05575215E+02   
1.04245549E+02   
1.00348070E+02   
1.08695139E+02   
1.13986597E+02   
9.86098220E+01   
1.16890878E+02   
1.03599120E+02   
1.25125625E+02   
9.88143629E+01   
9.62905581E+01   
1.03059112E+02   
1.03267954E+02   
1.16271954E+02   
1.13520104E+02   
9.95121024E+01   
9.00160032E+01   
9.79509902E+01   
1.11312863E+02   
1.16379576E+02   
1.18759652E+02   
1.17381176E+02   
1.13579716E+02   
1.09741948E+02   
1.07657231E+02   
1.15202741E+02   
9.32979596E+01   
1.01834867E+02   
1.04653231E+02   
1.10953091E+02   
1.14432587E+02   
1.17131526E+02   
1.02190038E+02   
1.01850770E+02   
1.08770754E+02   
1.02811262E+02   
1.09560812E+02   
1.07019604E+02   
1.04399580E+02   
9.80208042E+01   
1.06560012E+02   
9.45547109E+01   
1.19178836E+02   
1.16099620E+02   
1.16248450E+02   
1.23797159E+02   
1.20728346E+02   
1.16926485E+02   
1.06485597E+02   
1.04452290E+02   
1.25338168E+02   
1.01019204E+02   
1.07537508E+02   
9.91709342E+01   
1.12143429E+02   
1.13025705E+02   
1.10291958E+02   
1.19362372E+02   
1.14282456E+02   
1.08023205E+02   
1.04304761E+02   
1.20495199E+02   
1.25391278E+02   
1.24201640E+02   
1.00959992E+02   
1.11961592E+02   
1.04020804E+02   
1.28810662E+02   
1.21758952E+02   
1.10216743E+02   
1.13915983E+02   
1.14250150E+02   
1.10487497E+02   
1.19283657E+02   
1.08237948E+02   
1.05549210E+02   
1.04420484E+02   
1.00053511E+02   
1.25884877E+02   
9.04479896E+01   
1.13589618E+02   
1.01881976E+02   
1.13200440E+02   
1.11885977E+02   
1.32066713E+02   
1.35198440E+02   
1.29546409E+02   
1.15790458E+02   
1.01699940E+02   
1.21546009E+02   
1.00294859E+02   
1.11501600E+02   
1.11020804E+02   
1.10466793E+02   
1.10610022E+02   
9.30544109E+01   
1.13603221E+02   
1.13721944E+02   
1.12476395E+02   
1.07212843E+02   
1.13959992E+02   
1.21477996E+02   
1.23138828E+02   
1.33366373E+02   
1.18133627E+02   
1.39217944E+02   
1.14312462E+02   
1.08997199E+02   
1.09998800E+02   
1.11512002E+02   
1.26934387E+02   
1.11624425E+02   
9.45964193E+01   
1.07390778E+02   
1.23497199E+02   
1.24174435E+02   
1.12441588E+02   
1.16532807E+02   
9.76600320E+01   
1.13880376E+02   
1.09488398E+02   
1.26121624E+02   
1.05020804E+02   
1.04032807E+02   
1.05008802E+02   
1.10473995E+02   
1.20490798E+02   
1.23062412E+02   
1.12576015E+02   
1.07982797E+02   
1.27493999E+02   
1.17076815E+02   
1.20478396E+02   
1.26038008E+02   
1.13528406E+02   
1.10506801E+02   
1.14550810E+02   
1.09508402E+02   
1.32023605E+02   
1.10524005E+02   
1.22030406E+02   
1.10516403E+02   
1.19534807E+02   
1.16006401E+02   
1.20529606E+02   
1.06023605E+02   
1.14049210E+02   
1.36012402E+02   
1.23009202E+02   
1.31545609E+02   
1.21511202E+02   
1.12961992E+02   
1.11086817E+02   
1.16060412E+02   
1.14443589E+02   
1.02008002E+02   
1.12614423E+02   
1.23949990E+02   
1.07578016E+02   
1.07465993E+02   
1.23004401E+02   
1.06076415E+02   
1.15042809E+02   
1.18554411E+02   
1.23556811E+02   
1.26472795E+02   
1.36047209E+02   
1.14397980E+02   
1.03437187E+02   
1.05018404E+02   
1.13095219E+02   
1.13205641E+02   
1.09431186E+02   
1.25397580E+02   
1.25221644E+02   
1.28421984E+02   
1.23144429E+02   
1.49400480E+02   
1.40491498E+02   
1.07505601E+02   
1.31324065E+02   
1.31477195E+02   
1.40545209E+02   
1.22618024E+02   
1.44327566E+02   
1.19544409E+02   
1.17064413E+02   
1.36791558E+02   
1.29182036E+02   
1.21106821E+02   
1.32297960E+02   
1.16501200E+02   
1.18413983E+02   
1.10674035E+02   
1.23022805E+02   
1.27910482E+02   
1.44506401E+02   
1.37363973E+02   
1.23690338E+02   
1.12691638E+02   
1.28073215E+02   
1.11074815E+02   
1.32230046E+02   
1.25346369E+02   
1.43552010E+02   
1.37757952E+02   
1.27766853E+02   
1.27804761E+02   
1.18830466E+02   
1.18969994E+02   
1.13622725E+02   
1.40604521E+02   
1.22321164E+02   
1.22555611E+02   
1.28904381E+02   
1.23370374E+02   
1.21990498E+02   
1.29522705E+02   
1.19810062E+02   
1.18766353E+02   
1.16555211E+02   
1.35487698E+02   
1.04688238E+02   
1.06494499E+02   
1.12955191E+02   
1.11605521E+02   
1.33004201E+02   
1.45280356E+02   
1.24634827E+02   
1.25663933E+02   
1.14487197E+02   
1.18800360E+02   
1.00870774E+02   
1.23779756E+02   
1.39950090E+02   
1.23178236E+02   
1.19876075E+02   
1.23472294E+02   
1.05201340E+02   
1.32028006E+02   
1.33211842E+02   
1.34643629E+02   
1.26562813E+02   
1.31571814E+02   
1.31980296E+02   
1.25740448E+02   
1.35201240E+02   
1.36245049E+02   
1.32182937E+02   
1.36673535E+02   
1.46839268E+02   
1.23211942E+02   
1.19659032E+02   
1.09932086E+02   
1.33403381E+02   
1.35014303E+02   
1.32138528E+02   
1.26911082E+02   
1.28600920E+02   
1.27803461E+02   
1.32060512E+02   
1.16028006E+02   
1.12928786E+02   
1.25627325E+02   
1.37326265E+02   
1.21170734E+02   
1.26472394E+02   
1.37436087E+02   
1.24578416E+02   
1.33921984E+02   
1.29473195E+02   
1.25812763E+02   
1.31006501E+02   
1.40121724E+02   
1.44596719E+02   
1.40919184E+02   
1.43135327E+02   
1.31364573E+02   
1.21024005E+02   
1.28806061E+02   
1.27810062E+02   
1.45928486E+02   
1.52109022E+02   
1.46626625E+02   
1.34772655E+02   
1.32350370E+02   
1.23111122E+02   
1.27536207E+02   
1.41509402E+02   
1.19506101E+02   
1.21316563E+02   
1.26174235E+02   
1.25272054E+02   
1.28093119E+02   
1.34086117E+02   
1.32590818E+02   
1.24017003E+02   
1.42421484E+02   
1.38646729E+02   
1.53672535E+02   
1.62374975E+02   
1.60733347E+02   
1.27504701E+02   
1.31422484E+02   
1.53462392E+02   
1.44894779E+02   
1.55103021E+02   
1.36708442E+02   
1.35159232E+02   
1.33866073E+02   
1.20044309E+02   
1.19438488E+02   
1.27025605E+02   
1.35175535E+02   
1.34579816E+02   
1.50596119E+02   
1.63891878E+02   
1.52600820E+02   
1.40453491E+02   
1.50178136E+02   
1.46457191E+02   
1.35284957E+02   
1.40642328E+02   
1.37717443E+02   
1.54069014E+02   
1.43410582E+02   
1.32778956E+02   
1.56879576E+02   
1.32421884E+02   
1.47485297E+02   
1.36452390E+02   
1.40492098E+02   
1.23944589E+02   
1.33227746E+02   
1.42342869E+02   
1.57979096E+02   
1.48240948E+02   
1.30655831E+02   
1.37867173E+02   
1.42830566E+02   
1.33222244E+02   
1.41513703E+02   
1.28192038E+02   
1.42955491E+02   
1.37609222E+02   
1.48358472E+02   
1.44277756E+02   
1.45779856E+02   
1.38364873E+02   
1.33770654E+02   
1.49102721E+02   
1.46825665E+02   
1.28566413E+02   
1.50542509E+02   
1.49201640E+02   
1.58310962E+02   
1.51876075E+02   
1.56953191E+02   
1.42802160E+02   
1.44321464E+02   
1.41792058E+02   
1.45508202E+02   
1.47441588E+02   
1.51440788E+02   
1.40307061E+02   
1.55162933E+02   
1.52438788E+02   
1.46720644E+02   
1.58890678E+02   
1.53032006E+02   
1.60624825E+02   
1.56473095E+02   
1.35687437E+02   
1.44372575E+02   
1.38924885E+02   
1.34755851E+02   
1.58980596E+02   
1.50502501E+02   
1.36833967E+02   
1.37182236E+02   
1.30239548E+02   
1.25445489E+02   
1.53221644E+02   
1.36821264E+02   
1.47618924E+02   
1.50420184E+02   
1.65839868E+02   
1.56627425E+02   
1.76235847E+02   
1.49225245E+02   
1.65235447E+02   
1.71631626E+02   
1.70453491E+02   
1.54608122E+02   
1.53464693E+02   
1.72830766E+02   
1.46955091E+02   
1.64926985E+02   
1.56580516E+02   
1.36986997E+02   
1.60260952E+02   
1.46661332E+02   
1.57398680E+02   
1.75120324E+02   
1.33726845E+02   
1.47131526E+02   
1.43570214E+02   
1.80930686E+02   
1.65740548E+02   
1.42989898E+02   
1.56856471E+02   
1.60732647E+02   
1.54768254E+02   
1.63812763E+02   
1.71317363E+02   
1.35249250E+02   
1.67974295E+02   
1.73421984E+02   
1.61213543E+02   
1.56403181E+02   
1.60870074E+02   
1.60391478E+02   
1.65901380E+02   
1.58489698E+02   
1.43975595E+02   
1.64398580E+02   
1.71579216E+02   
1.41106221E+02   
1.56572214E+02   
1.60510802E+02   
1.56085117E+02   
1.63350570E+02   
1.48179936E+02   
1.56211842E+02   
1.71219844E+02   
1.63994899E+02   
1.67126825E+02   
1.53169134E+02   
1.50327165E+02   
1.71134927E+02   
1.68413983E+02   
1.50125025E+02   
1.53970794E+02   
1.62165133E+02   
1.73988798E+02   
1.53579916E+02   
1.54000000E+02   
1.68433187E+02   
1.51884477E+02   
1.77664633E+02   
1.69031406E+02   
1.56908082E+02   
1.60415183E+02   
1.60272454E+02   
1.75416183E+02   
1.59407181E+02   
1.70288058E+02   
1.65779156E+02   
1.57497299E+02   
1.55285657E+02   
1.64317864E+02   
1.62662833E+02   
1.89848770E+02   
1.89409582E+02   
1.63539408E+02   
1.63445789E+02   
1.67557712E+02   
1.57718144E+02   
1.52926485E+02   
1.53399180E+02   
1.74359472E+02   
1.82633927E+02   
1.69367473E+02   
1.76836167E+02   
1.55055711E+02   
1.45221044E+02   
1.54556011E+02   
1.74033607E+02   
1.46761552E+02   
1.62213543E+02   
1.74309862E+02   
1.62858972E+02   
1.89574615E+02   
1.88863373E+02   
1.78760752E+02   
1.65370874E+02   
1.53063513E+02   
1.90991198E+02   
1.76961392E+02   
1.70763053E+02   
1.73303361E+02   
1.83903381E+02   
1.71353971E+02   
1.90336467E+02   
1.71108722E+02   
1.80034807E+02   
1.66607722E+02   
1.73392779E+02   
1.86968094E+02   
1.87459492E+02   
1.74166633E+02   
1.68130726E+02   
1.73746349E+02   
1.73930486E+02   
1.89728846E+02   
1.89038408E+02   
1.73507802E+02   
1.84569014E+02   
1.81446289E+02   
1.82036807E+02   
1.74792659E+02   
1.88034807E+02   
1.75282957E+02   
1.81036807E+02   
1.77532507E+02   
1.81588618E+02   
1.95245449E+02   
2.10555111E+02   
1.81002200E+02   
1.69382376E+02   
1.79604221E+02   
1.75037207E+02   
1.87500900E+02   
1.67071114E+02   
1.86921884E+02   
1.91000100E+02   
1.50897880E+02   
1.83076415E+02   
1.95352470E+02   
1.78630426E+02   
1.81599520E+02   
1.57462893E+02   
1.78787257E+02   
1.85487598E+02   
1.57794059E+02   
1.57279556E+02   
1.68126025E+02   
1.78968694E+02   
1.94975895E+02   
1.85774455E+02   
1.67783157E+02   
1.90866173E+02   
1.92011002E+02   
1.94127025E+02   
1.89412082E+02   
1.92672234E+02   
1.85351370E+02   
1.93346269E+02   
2.16344769E+02   
1.81742749E+02   
1.84039208E+02   
1.92713043E+02   
2.07681136E+02   
2.01712042E+02   
1.94052711E+02   
1.83036107E+02   
1.87376375E+02   
1.91376475E+02   
1.93029706E+02   
2.08380576E+02   
2.13391078E+02   
2.01020504E+02   
2.01388178E+02   
1.82961192E+02   
1.70055011E+02   
1.98793159E+02   
1.88016203E+02   
1.99638328E+02   
1.93427986E+02   
2.11040008E+02   
1.96311662E+02   
1.77362773E+02   
1.89466493E+02   
1.97063313E+02   
1.86019104E+02   
1.95618024E+02   
1.93062513E+02   
1.88308562E+02   
1.89555911E+02   
2.16955291E+02   
1.96807962E+02   
1.87789958E+02   
1.83455091E+02   
2.07071314E+02   
2.11822765E+02   
2.16005901E+02   
2.04324265E+02   
1.94398880E+02   
1.79199940E+02   
1.76478696E+02   
1.85357572E+02   
1.97937788E+02   
2.24864773E+02   
1.96952190E+02   
2.14093319E+02   
2.03218844E+02   
1.93676735E+02   
2.11827866E+02   
1.97260252E+02   
2.09776855E+02   
2.10989498E+02   
2.11895179E+02   
2.06390978E+02   
2.14958492E+02   
1.78316463E+02   
2.01773955E+02   
2.13357972E+02   
1.98916783E+02   
2.05989098E+02   
2.02032607E+02   
2.04597019E+02   
1.96863873E+02   
2.07766353E+02   
2.00317664E+02   
2.05351570E+02   
2.14278256E+02   
1.76759052E+02   
1.87162432E+02   
2.25503001E+02   
1.92426285E+02   
2.47291458E+02   
2.27257251E+02   
2.12996099E+02   
2.11782757E+02   
2.25820564E+02   
2.23654731E+02   
2.29167433E+02   
2.23615423E+02   
2.20132126E+02   
2.00723545E+02   
2.15398480E+02   
2.24802561E+02   
2.35511402E+02   
2.27280256E+02   
2.26872174E+02   
2.07921084E+02   
2.50348370E+02   
2.01754051E+02   
2.07140128E+02   
2.34150530E+02   
2.37853371E+02   
2.24026805E+02   
2.15745249E+02   
2.15766453E+02   
2.28297159E+02   
2.18851370E+02   
1.97931886E+02   
2.21744049E+02   
2.33345869E+02   
2.22780156E+02   
2.43027105E+02   
2.19178236E+02   
2.17340368E+02   
2.36518104E+02   
2.37527706E+02   
2.55504701E+02   
2.48411582E+02   
2.19973595E+02   
2.42337968E+02   
2.10961192E+02   
2.17762653E+02   
2.19902080E+02   
2.24395079E+02   
2.43857672E+02   
2.55947189E+02   
2.24312663E+02   
2.33071314E+02   
2.29200640E+02   
2.21773355E+02   
2.05729846E+02   
2.38346469E+02   
2.53024105E+02   
2.46208842E+02   
2.39047209E+02   
2.31332767E+02   
2.61476495E+02   
2.43478096E+02   
2.30754551E+02   
2.27737447E+02   
2.33787457E+02   
2.35613123E+02   
2.19590818E+02   
2.33242348E+02   
2.69793559E+02   
2.36178636E+02   
2.52986997E+02   
2.60676135E+02   
2.43133927E+02   
2.30364773E+02   
2.55898880E+02   
2.53268954E+02   
2.38304761E+02   
2.40772054E+02   
2.38328766E+02   
2.27156631E+02   
2.41775655E+02   
2.71942188E+02   
2.29090718E+02   
2.45734947E+02   
2.53980096E+02   
2.61921084E+02   
2.55549510E+02   
2.31400280E+02   
2.48035307E+02   
2.27986297E+02   
2.52763753E+02   
2.61864373E+02   
2.20411382E+02   
2.72880476E+02   
2.63412983E+02   
2.34680136E+02   
2.52007401E+02   
2.70931386E+02   
2.71894379E+02   
2.58135427E+02   
2.68132226E+02   
2.23697840E+02   
2.66994999E+02   
2.78076915E+02   
2.61784057E+02   
2.55395079E+02   
2.46042709E+02   
2.58909782E+02   
2.61339268E+02   
2.63838768E+02   
2.68483397E+02   
2.50501800E+02   
2.47640928E+02   
2.40996599E+02   
2.59635327E+02   
2.64788458E+02   
2.90110722E+02   
2.81107421E+02   
2.72104221E+02   
2.83223945E+02   
2.73535307E+02   
2.94886377E+02   
2.44739248E+02   
2.47228746E+02   
2.59013003E+02   
2.65497900E+02   
2.42559012E+02   
2.34393279E+02   
2.77181536E+02   
2.80344569E+02   
2.27997900E+02   
2.54935987E+02   
2.50075815E+02   
2.90578616E+02   
2.93174635E+02   
2.63076215E+02   
2.74525505E+02   
2.69021604E+02   
2.79408382E+02   
2.66781856E+02   
2.70076815E+02   
2.49290158E+02   
2.68816063E+02   
2.99968794E+02   
2.93603121E+02   
2.69531706E+02   
2.59829866E+02   
2.74801260E+02   
2.77797660E+02   
2.74558312E+02   
2.61283757E+02   
2.68823065E+02   
2.47009002E+02   
2.78341168E+02   
2.50043409E+02   
2.91063013E+02   
2.82585717E+02   
2.79318164E+02   
2.57453091E+02   
2.79435987E+02   
2.65473095E+02   
2.70724445E+02   
2.83494999E+02   
3.03256751E+02   
2.78518904E+02   
2.80945589E+02   
2.86922084E+02   
2.96359172E+02   
2.74687638E+02   
3.19665833E+02   
2.99750950E+02   
2.70499700E+02   
2.90687938E+02   
2.81138828E+02   
2.85415283E+02   
3.01860272E+02   
2.84341768E+02   
3.08344169E+02   
2.62533207E+02   
2.95737047E+02   
2.83839668E+02   
3.02947990E+02   
3.04716843E+02   
2.80655031E+02   
2.61352871E+02   
2.60403581E+02   
2.79122725E+02   
2.58919484E+02   
2.92775555E+02   
2.77289958E+02   
2.87724545E+02   
2.70154731E+02   
2.91591718E+02   
2.69129426E+02   
2.82290358E+02   
3.09902681E+02   
2.83983097E+02   
2.98519804E+02   
2.62747850E+02   
2.82368174E+02   
2.83141428E+02   
2.59490798E+02   
2.81825265E+02   
2.91583317E+02   
2.83662432E+02   
2.79963393E+02   
3.20245249E+02   
2.95268354E+02   
2.85245649E+02   
2.93673235E+02   
2.86989298E+02   
2.81900580E+02   
3.09624325E+02   
2.79766453E+02   
2.93819764E+02   
2.97381476E+02   
3.15395779E+02   
2.91734447E+02   
2.79949590E+02   
3.13948590E+02   
2.94512803E+02   
3.05154031E+02   
2.93956291E+02   
3.07760852E+02   
3.10724645E+02   
2.82858272E+02   
3.22865173E+02   
2.94492899E+02   
2.84786457E+02   
3.19710742E+02   
3.69820464E+02   
3.72474495E+02   
3.72474495E+02   
3.72474495E+02   
3.72474495E+02   
4.15484657E+02   
4.22759852E+02   
4.70932587E+02   
4.43587217E+02   
4.84902881E+02   
4.21251550E+02   
4.54931686E+02   
4.43069614E+02   
4.46422585E+02   
4.26240648E+02   
4.25733547E+02   
4.52071414E+02   
4.41615423E+02   
4.85784157E+02   
4.75484497E+02   
4.84959192E+02   
4.77509502E+02   
4.70049510E+02   
4.36756751E+02   
4.57071314E+02   
4.52865873E+02   
4.32847469E+02   
4.69210542E+02   
4.57690538E+02   
4.10909782E+02   
5.14367774E+02   
4.30575815E+02   
4.63388578E+02   
4.78604021E+02   
4.70369974E+02   
4.78522004E+02   
4.80110922E+02   
4.89655431E+02   
4.80303961E+02   
4.82504701E+02   
4.40347570E+02   
4.54865173E+02   
4.59300260E+02   
4.99290458E+02   
4.64092819E+02   
4.53682837E+02   
4.52890078E+02   
4.82320764E+02   
4.98700940E+02   
4.88924685E+02   
4.89481996E+02   
4.97263353E+02   
5.01916783E+02   
4.57509402E+02   
5.16444889E+02   
4.76581816E+02   
4.63942288E+02   
4.49449190E+02   
4.58879976E+02   
4.92066513E+02   
5.27676235E+02   
5.44349770E+02   
5.22264453E+02   
5.08833867E+02   
4.99529006E+02   
4.88309862E+02   
4.78096019E+02   
5.21672835E+02   
5.13239948E+02   
5.14512503E+02   
5.07365173E+02   
5.34424785E+02   
4.84087417E+02   
4.56564413E+02   
4.84150930E+02   
5.21787658E+02   
5.09154531E+02   
4.99300960E+02   
5.19659832E+02   
5.21946689E+02   
5.05810362E+02   
5.19665933E+02   
5.15639328E+02   
5.09073915E+02   
5.54063813E+02   
5.17773155E+02   
5.25447690E+02   
5.77287057E+02   
5.66750550E+02   
5.80844469E+02   
6.19661432E+02   
5.69755351E+02   
5.52085017E+02   
5.70949590E+02   
5.67472695E+02   
5.40650230E+02   
5.28222545E+02   
5.68325665E+02   
5.38455691E+02   
5.46152731E+02   
5.31224345E+02   
5.25353671E+02   
5.30104721E+02   
5.38924185E+02   
5.70714443E+02   
5.44666333E+02   
5.87588818E+02   
5.62918684E+02   
5.69321064E+02   
5.48804561E+02   
5.51493899E+02   
5.89269054E+02   
5.65565813E+02   
5.39717143E+02   
5.45498200E+02   
5.64055211E+02   
5.56747850E+02   
5.46886077E+02   
5.22144829E+02   
5.58980396E+02   
5.60316363E+02   
5.15343169E+02   
5.44545009E+02   
5.27120824E+02   
5.47806961E+02   
5.70902080E+02   
5.56458292E+02   
5.79606621E+02   
5.41103221E+02   
5.41436287E+02   
5.60471494E+02   
5.97477495E+02   
6.02818964E+02   
5.78272755E+02   
5.88613023E+02   
5.43504601E+02   
5.29640928E+02   
5.69977796E+02   
6.19685437E+02   
5.52158732E+02   
5.59465893E+02   
5.72558612E+02   
5.65344769E+02   
6.03914183E+02   
5.37385377E+02   
5.32993699E+02   
6.16078616E+02   
5.71925585E+02   
5.94168434E+02   
5.78584117E+02   
5.49224045E+02   
5.74114423E+02   
5.39084717E+02   
5.66106821E+02   
5.69773855E+02   
5.64611622E+02   
5.41018104E+02   
5.50104021E+02   
5.22795059E+02   
5.68504101E+02   
5.48490898E+02   
5.68585917E+02   
5.20058112E+02   
5.08292158E+02   
5.43365173E+02   
5.49136227E+02   
4.96381176E+02   
5.38326765E+02   
5.43408082E+02   
5.35857872E+02   
5.29387678E+02   
5.27503101E+02   
5.09099620E+02   
5.16726845E+02   
4.71275455E+02   
4.97296559E+02   
4.58115523E+02   
4.68424985E+02   
4.57844369E+02   
4.54797359E+02   
4.88912282E+02   
4.57266153E+02   
4.52388178E+02   
4.78214543E+02   
4.45090818E+02   
4.32518304E+02   
4.21089718E+02   
4.81241148E+02   
4.36359172E+02   
3.96180636E+02   
4.60603521E+02   
4.17769054E+02   
3.92894179E+02   
4.34420984E+02   
4.13505801E+02   
4.59164333E+02   
4.27591518E+02   
4.14363873E+02   
4.10258852E+02   
4.34464093E+02   
3.90084817E+02   
4.29084817E+02   
4.41857872E+02   
4.06127325E+02   
4.10540308E+02   
4.25813763E+02   
4.23411182E+02   
3.99191238E+02   
3.90196639E+02   
3.83679536E+02   
3.90276755E+02   
4.18469894E+02   
4.06765453E+02   
4.34764353E+02   
4.03323565E+02   
4.16769554E+02   
3.79529506E+02   
3.82116323E+02   
3.97388178E+02   
3.97823365E+02   
3.96470594E+02   
3.87567113E+02   
3.67575015E+02   
3.55813763E+02   
3.80667634E+02   
3.45727445E+02   
3.50182537E+02   
3.99166933E+02   
3.57622324E+02   
3.69679036E+02   
3.94070614E+02   
3.95328666E+02   
3.60442589E+02   
3.49842168E+02   
3.68526905E+02   
4.01894379E+02   
3.49764153E+02   
3.65847169E+02   
3.51269054E+02   
3.54973495E+02   
3.58828566E+02   
3.81451890E+02   
3.51330366E+02   
3.65072815E+02   
3.43997099E+02   
3.70314663E+02   
3.64518604E+02   
3.38537307E+02   
3.36472795E+02   
3.41771654E+02   
3.67555111E+02   
3.49714943E+02   
3.85260952E+02   
3.35555711E+02   
3.64181536E+02   
4.06394389E+02   
5.18703741E+02   
5.18703741E+02   
5.18703741E+02   
5.18703741E+02   
5.18703741E+02   
6.78978026E+02   
6.85030906E+02   
7.16547510E+02   
7.21851270E+02   
7.54365073E+02   
6.89132326E+02   
7.22601320E+02   
7.04034507E+02   
7.14597219E+02   
6.60166433E+02   
7.18975495E+02   
7.34457091E+02   
6.62333867E+02   
6.71209642E+02   
6.61308762E+02   
7.12110122E+02   
6.78228146E+02   
6.95108222E+02   
7.18942288E+02   
7.31459692E+02   
7.32729146E+02   
6.93419384E+02   
7.35399480E+02   
7.10839168E+02   
6.87684037E+02   
7.16206741E+02   
6.62976595E+02   
6.56337367E+02   
7.03669234E+02   
7.12544909E+02   
7.01225145E+02   
7.10845469E+02   
7.31348270E+02   
7.37036907E+02   
6.93427786E+02   
7.14000600E+02   
6.82890978E+02   
7.12006201E+02   
6.69955691E+02   
7.31971394E+02   
6.35366173E+02   
6.87302360E+02   
6.63497199E+02   
6.89738048E+02   
6.82375075E+02   
7.30824065E+02   
7.19265753E+02   
7.08267053E+02   
7.06509302E+02   
7.25315763E+02   
6.94673335E+02   
7.28272955E+02   
7.26158332E+02   
7.05417383E+02   
6.50510702E+02   
6.67947690E+02   
7.30876175E+02   
7.04681536E+02   
7.52737948E+02   
7.15273955E+02   
6.98495699E+02   
6.69817263E+02   
6.85900780E+02   
7.27211842E+02   
7.28710442E+02   
6.81749550E+02   
6.97136027E+02   
7.06768454E+02   
6.94332567E+02   
6.98243349E+02   
6.81319364E+02   
6.97196839E+02   
7.29941588E+02   
6.71985197E+02   
6.90139828E+02   
7.02056311E+02   
7.33071914E+02   
7.62345069E+02   
7.45585417E+02   
7.07971294E+02   
7.80718544E+02   
7.92188238E+02   
8.52202040E+02   
8.93511802E+02   
8.32281956E+02   
8.77144729E+02   
9.04041108E+02   
8.44253151E+02   
7.90585517E+02   
7.91388578E+02   
8.02232747E+02   
8.01766153E+02   
7.75835667E+02   
7.92167133E+02   
7.49956791E+02   
7.54650130E+02   
7.44301060E+02   
7.34186437E+02   
7.23293059E+02   
7.07534407E+02   
7.34101620E+02   
7.03667433E+02   
7.27637027E+02   
7.37929886E+02   
6.81565513E+02   
6.44914283E+02   
6.45936687E+02   
6.77676935E+02   
6.61017804E+02   
6.60514403E+02   
6.61651730E+02   
6.98330366E+02   
6.41067914E+02   
6.51197940E+02   
6.18405181E+02   
6.37922985E+02   
6.56061912E+02   
6.25920984E+02   
5.92435487E+02   
6.77447590E+02   
6.41521904E+02   
6.12481796E+02   
6.32291958E+02   
6.14937487E+02   
5.97833267E+02   
6.14055711E+02   
6.25246449E+02   
5.50291358E+02   
5.63110422E+02   
5.51171534E+02   
5.13627826E+02   
5.50868474E+02   
5.13912182E+02   
4.90816963E+02   
4.84393579E+02   
4.87391478E+02   
4.36200040E+02   
4.53565213E+02   
4.99767253E+02   
4.40955891E+02   
4.44114023E+02   
4.45790858E+02   
4.13946689E+02   
4.18853571E+02   
3.94296059E+02   
4.36886377E+02   
4.20774455E+02   
4.15838468E+02   
4.15836767E+02   
3.85613123E+02   
3.89815963E+02   
3.79235447E+02   
3.50909382E+02   
3.44896579E+02   
3.33474895E+02   
3.56693639E+02   
3.39180436E+02   
3.31114723E+02   
3.36965393E+02   
3.28310762E+02   
2.97891278E+02   
3.01863173E+02   
3.02153831E+02   
3.00389778E+02   
2.87347770E+02   
3.16060412E+02   
2.55893979E+02   
2.41063213E+02   
2.23771354E+02   
2.31182136E+02   
2.33000900E+02   
2.19577716E+02   
2.23733847E+02   
2.18913483E+02   
2.47484797E+02   
2.20904581E+02   
2.18873175E+02   
1.85965993E+02   
1.79159732E+02   
1.86540708E+02   
1.86242348E+02   
1.51125125E+02   
1.60587017E+02   
1.53793359E+02   
1.61915483E+02   
1.60724345E+02   
1.51458592E+02   
1.43373975E+02   
1.38329266E+02   
1.36432286E+02   
1.42252651E+02   
1.30429386E+02   
1.44702440E+02   
1.14348770E+02   
1.23744749E+02   
1.41820564E+02   
1.04854571E+02   
1.14648630E+02   
1.18026005E+02   
1.12456391E+02   
1.04217043E+02   
1.06921484E+02   
8.94343869E+01   
1.08415783E+02   
1.03990898E+02   
1.15899580E+02   
8.95695139E+01   
9.28672735E+01   
8.29302861E+01   
9.60782156E+01   
8.41053211E+01   
8.10746149E+01   
8.34078816E+01   
7.95990198E+01   
9.17465493E+01   
7.02085417E+01   
8.51503301E+01   
8.02758552E+01   
6.89362873E+01   
7.09888978E+01   
7.02120424E+01   
7.17924585E+01   
6.70626125E+01   
5.12020404E+01   
5.29414883E+01   
5.90347069E+01   
5.50562112E+01   
5.19888978E+01   
5.99896979E+01   
5.09904981E+01   
4.13432687E+01   
3.78634727E+01   
5.08093619E+01   
5.90319064E+01   
3.51075215E+01   
1.44083517E+02   
2.90646129E+01   
3.09713943E+01   
3.21830366E+01   
2.39526905E+01   
2.00720144E+01   
1.70525105E+01   
1.40183037E+01   
2.58779756E+01   
1.70203041E+01   
1.30636127E+01   
2.68172635E+01   
8.25865173E+00   
1.09471894E+01   
9.04210842E+00   
8.59778956E+00   
8.60172034E+00   
8.60172034E+00   
8.60172034E+00   
8.60172034E+00   
4.34773955E+00   
0.00000000E+00   
0.00000000E+00   
0.00000000E+00   
0.00000000E+00   
0.00000000E+00   
0.00000000E+00   
0.00000000E+00   
0.00000000E+00   
0.00000000E+00   
0.00000000E+00   
0.00000000E+00   
0.00000000E+00   
0.00000000E+00   
0.00000000E+00   
0.00000000E+00   
3.00000000E+00   
1.00000000E+00   
0.00000000E+00   
0.00000000E+00   
0.00000000E+00   
0.00000000E+00   
9.98099620E-01   
1.90038008E-03   
0.00000000E+00   
0.00000000E+00   
0.00000000E+00   
0.00000000E+00   
0.00000000E+00   
0.00000000E+00   
0.00000000E+00   
0.00000000E+00   
0.00000000E+00   
0.00000000E+00   
0.00000000E+00   
0.00000000E+00   
0.00000000E+00   
0.00000000E+00   
0.00000000E+00   
0.00000000E+00   
0.00000000E+00   
0.00000000E+00   
1.00000000E+00   
0.00000000E+00   
0.00000000E+00   
0.00000000E+00   
0.00000000E+00   
0.00000000E+00   
0.00000000E+00   
8.90178036E-03   
9.91098220E-01   
0.00000000E+00   
0.00000000E+00   
1.05021004E-02   
9.89497900E-01   
0.00000000E+00   
0.00000000E+00   
0.00000000E+00   
0.00000000E+00   
0.00000000E+00   
0.00000000E+00   
0.00000000E+00   
0.00000000E+00   
0.00000000E+00   
0.00000000E+00   
0.00000000E+00   
0.00000000E+00   
0.00000000E+00   
0.00000000E+00   
0.00000000E+00   
0.00000000E+00   
0.00000000E+00   
0.00000000E+00   
0.00000000E+00   
0.00000000E+00   
0.00000000E+00   
0.00000000E+00   
0.00000000E+00   
0.00000000E+00   
2.09041808E-02   
9.79095819E-01   
0.00000000E+00   
0.00000000E+00   
0.00000000E+00   
0.00000000E+00   
0.00000000E+00   
0.00000000E+00   
0.00000000E+00   
0.00000000E+00   
0.00000000E+00   
0.00000000E+00   
0.00000000E+00   
0.00000000E+00   
1.00000000E+00   
1.00000000E+00   
0.00000000E+00   
0.00000000E+00   
1.00000000E+00   
0.00000000E+00   
0.00000000E+00   
0.00000000E+00   
0.00000000E+00   
0.00000000E+00   
0.00000000E+00   
0.00000000E+00   
0.00000000E+00   
0.00000000E+00   
0.00000000E+00   
0.00000000E+00   
0.00000000E+00   
0.00000000E+00   
0.00000000E+00   
0.00000000E+00   
0.00000000E+00   
0.00000000E+00   
0.00000000E+00   
0.00000000E+00   
1.00000000E+00   
0.00000000E+00   
0.00000000E+00   
0.00000000E+00   
0.00000000E+00   
0.00000000E+00   
0.00000000E+00   
0.00000000E+00   
1.00000000E+00   
0.00000000E+00   
0.00000000E+00   
1.00000000E+00   
0.00000000E+00   
0.00000000E+00   
0.00000000E+00   
0.00000000E+00   
0.00000000E+00   
0.00000000E+00   
0.00000000E+00   
0.00000000E+00   
0.00000000E+00   
0.00000000E+00   
0.00000000E+00   
0.00000000E+00   
0.00000000E+00   
0.00000000E+00   
0.00000000E+00   
0.00000000E+00   
0.00000000E+00   
0.00000000E+00   
0.00000000E+00   
0.00000000E+00   
0.00000000E+00   
0.00000000E+00   
0.00000000E+00   
0.00000000E+00   
0.00000000E+00   
0.00000000E+00   
0.00000000E+00   
0.00000000E+00   
0.00000000E+00   
0.00000000E+00   
0.00000000E+00   
0.00000000E+00   
0.00000000E+00   
0.00000000E+00   
0.00000000E+00   
0.00000000E+00   
0.00000000E+00   
0.00000000E+00   
0.00000000E+00   
0.00000000E+00   
0.00000000E+00   
1.00000000E+00   
0.00000000E+00   
0.00000000E+00   
0.00000000E+00   
0.00000000E+00   
0.00000000E+00   
0.00000000E+00   
0.00000000E+00   
0.00000000E+00   
0.00000000E+00   
0.00000000E+00   
0.00000000E+00   
6.21124225E-02   
9.37887578E-01   
0.00000000E+00   
0.00000000E+00   
0.00000000E+00   
6.41128226E-02   
9.35887177E-01   
0.00000000E+00   
6.53130626E-02   
9.34686937E-01   
0.00000000E+00   
0.00000000E+00   
0.00000000E+00   
1.00000000E+00   
0.00000000E+00   
0.00000000E+00   
0.00000000E+00   
0.00000000E+00   
0.00000000E+00   
0.00000000E+00   
0.00000000E+00   
1.00000000E+00   
0.00000000E+00   
1.00000000E+00   
7.17143429E-02   
9.28285657E-01   
0.00000000E+00   
0.00000000E+00   
0.00000000E+00   
0.00000000E+00   
0.00000000E+00   
0.00000000E+00   
0.00000000E+00   
0.00000000E+00   
1.00000000E+00   
0.00000000E+00   
1.00000000E+00   
1.00000000E+00   
0.00000000E+00   
0.00000000E+00   
7.81156231E-02   
9.21884377E-01   
0.00000000E+00   
0.00000000E+00   
0.00000000E+00   
0.00000000E+00   
0.00000000E+00   
0.00000000E+00   
0.00000000E+00   
0.00000000E+00   
0.00000000E+00   
0.00000000E+00   
0.00000000E+00   
0.00000000E+00   
0.00000000E+00   
0.00000000E+00   
0.00000000E+00   
0.00000000E+00   
0.00000000E+00   
0.00000000E+00   
1.00000000E+00   
0.00000000E+00   
0.00000000E+00   
0.00000000E+00   
0.00000000E+00   
0.00000000E+00   
0.00000000E+00   
0.00000000E+00   
0.00000000E+00   
0.00000000E+00   
0.00000000E+00   
0.00000000E+00   
0.00000000E+00   
9.13182637E-02   
9.08681736E-01   
0.00000000E+00   
0.00000000E+00   
0.00000000E+00   
0.00000000E+00   
0.00000000E+00   
0.00000000E+00   
0.00000000E+00   
0.00000000E+00   
0.00000000E+00   
0.00000000E+00   
0.00000000E+00   
0.00000000E+00   
0.00000000E+00   
0.00000000E+00   
0.00000000E+00   
0.00000000E+00   
0.00000000E+00   
0.00000000E+00   
0.00000000E+00   
0.00000000E+00   
0.00000000E+00   
0.00000000E+00   
0.00000000E+00   
0.00000000E+00   
1.01720344E-01   
8.98279656E-01   
0.00000000E+00   
0.00000000E+00   
0.00000000E+00   
0.00000000E+00   
0.00000000E+00   
1.04520904E-01   
8.95479096E-01   
0.00000000E+00   
0.00000000E+00   
0.00000000E+00   
0.00000000E+00   
0.00000000E+00   
0.00000000E+00   
0.00000000E+00   
0.00000000E+00   
0.00000000E+00   
0.00000000E+00   
0.00000000E+00   
0.00000000E+00   
0.00000000E+00   
0.00000000E+00   
0.00000000E+00   
0.00000000E+00   
0.00000000E+00   
1.12122424E-01   
8.87877576E-01   
0.00000000E+00   
0.00000000E+00   
0.00000000E+00   
1.00000000E+00   
0.00000000E+00   
0.00000000E+00   
0.00000000E+00   
0.00000000E+00   
0.00000000E+00   
0.00000000E+00   
0.00000000E+00   
0.00000000E+00   
0.00000000E+00   
1.18123625E-01   
8.81876375E-01   
0.00000000E+00   
0.00000000E+00   
0.00000000E+00   
0.00000000E+00   
0.00000000E+00   
0.00000000E+00   
0.00000000E+00   
0.00000000E+00   
0.00000000E+00   
1.00000000E+00   
0.00000000E+00   
0.00000000E+00   
0.00000000E+00   
0.00000000E+00   
0.00000000E+00   
0.00000000E+00   
0.00000000E+00   
0.00000000E+00   
0.00000000E+00   
0.00000000E+00   
0.00000000E+00   
0.00000000E+00   
0.00000000E+00   
0.00000000E+00   
0.00000000E+00   
0.00000000E+00   
0.00000000E+00   
0.00000000E+00   
0.00000000E+00   
0.00000000E+00   
0.00000000E+00   
0.00000000E+00   
0.00000000E+00   
0.00000000E+00   
0.00000000E+00   
0.00000000E+00   
0.00000000E+00   
1.33726745E-01   
8.66273255E-01   
0.00000000E+00   
0.00000000E+00   
0.00000000E+00   
0.00000000E+00   
0.00000000E+00   
0.00000000E+00   
1.00000000E+00   
0.00000000E+00   
0.00000000E+00   
0.00000000E+00   
0.00000000E+00   
0.00000000E+00   
0.00000000E+00   
0.00000000E+00   
0.00000000E+00   
0.00000000E+00   
0.00000000E+00   
1.00000000E+00   
0.00000000E+00   
0.00000000E+00   
0.00000000E+00   
0.00000000E+00   
0.00000000E+00   
0.00000000E+00   
0.00000000E+00   
0.00000000E+00   
0.00000000E+00   
0.00000000E+00   
0.00000000E+00   
0.00000000E+00   
0.00000000E+00   
0.00000000E+00   
0.00000000E+00   
0.00000000E+00   
0.00000000E+00   
0.00000000E+00   
0.00000000E+00   
0.00000000E+00   
0.00000000E+00   
0.00000000E+00   
0.00000000E+00   
0.00000000E+00   
0.00000000E+00   
0.00000000E+00   
0.00000000E+00   
0.00000000E+00   
0.00000000E+00   
0.00000000E+00   
0.00000000E+00   
0.00000000E+00   
0.00000000E+00   
0.00000000E+00   
0.00000000E+00   
0.00000000E+00   
0.00000000E+00   
0.00000000E+00   
0.00000000E+00   
1.57331466E-01   
1.84266853E+00   
1.58131626E-01   
8.41868374E-01   
1.58931786E-01   
8.41068214E-01   
0.00000000E+00   
0.00000000E+00   
1.60532106E-01   
8.39467894E-01   
0.00000000E+00   
0.00000000E+00   
0.00000000E+00   
0.00000000E+00   
0.00000000E+00   
0.00000000E+00   
1.63732747E-01   
8.36267253E-01   
0.00000000E+00   
0.00000000E+00   
0.00000000E+00   
0.00000000E+00   
0.00000000E+00   
0.00000000E+00   
0.00000000E+00   
0.00000000E+00   
0.00000000E+00   
0.00000000E+00   
0.00000000E+00   
0.00000000E+00   
0.00000000E+00   
0.00000000E+00   
0.00000000E+00   
0.00000000E+00   
1.00000000E+00   
0.00000000E+00   
0.00000000E+00   
0.00000000E+00   
0.00000000E+00   
0.00000000E+00   
2.00000000E+00   
0.00000000E+00   
1.00000000E+00   
0.00000000E+00   
0.00000000E+00   
0.00000000E+00   
0.00000000E+00   
0.00000000E+00   
0.00000000E+00   
0.00000000E+00   
0.00000000E+00   
0.00000000E+00   
0.00000000E+00   
0.00000000E+00   
0.00000000E+00   
0.00000000E+00   
0.00000000E+00   
0.00000000E+00   
2.00000000E+00   
0.00000000E+00   
0.00000000E+00   
0.00000000E+00   
0.00000000E+00   
1.82536507E-01   
8.17463493E-01   
0.00000000E+00   
0.00000000E+00   
0.00000000E+00   
0.00000000E+00   
0.00000000E+00   
0.00000000E+00   
0.00000000E+00   
0.00000000E+00   
0.00000000E+00   
0.00000000E+00   
0.00000000E+00   
0.00000000E+00   
0.00000000E+00   
0.00000000E+00   
0.00000000E+00   
0.00000000E+00   
0.00000000E+00   
0.00000000E+00   
0.00000000E+00   
0.00000000E+00   
0.00000000E+00   
0.00000000E+00   
0.00000000E+00   
0.00000000E+00   
0.00000000E+00   
0.00000000E+00   
0.00000000E+00   
0.00000000E+00   
0.00000000E+00   
0.00000000E+00   
0.00000000E+00   
0.00000000E+00   
0.00000000E+00   
0.00000000E+00   
0.00000000E+00   
0.00000000E+00   
0.00000000E+00   
0.00000000E+00   
0.00000000E+00   
0.00000000E+00   
0.00000000E+00   
1.00000000E+00   
0.00000000E+00   
0.00000000E+00   
0.00000000E+00   
0.00000000E+00   
1.00000000E+00   
0.00000000E+00   
0.00000000E+00   
0.00000000E+00   
0.00000000E+00   
0.00000000E+00   
0.00000000E+00   
0.00000000E+00   
0.00000000E+00   
2.05341068E-01   
7.94658932E-01   
0.00000000E+00   
0.00000000E+00   
0.00000000E+00   
0.00000000E+00   
0.00000000E+00   
0.00000000E+00   
0.00000000E+00   
0.00000000E+00   
0.00000000E+00   
0.00000000E+00   
0.00000000E+00   
0.00000000E+00   
1.00000000E+00   
0.00000000E+00   
0.00000000E+00   
1.00000000E+00   
0.00000000E+00   
0.00000000E+00   
0.00000000E+00   
0.00000000E+00   
0.00000000E+00   
0.00000000E+00   
1.00000000E+00   
1.00000000E+00   
0.00000000E+00   
0.00000000E+00   
0.00000000E+00   
0.00000000E+00   
0.00000000E+00   
0.00000000E+00   
0.00000000E+00   
0.00000000E+00   
0.00000000E+00   
0.00000000E+00   
0.00000000E+00   
0.00000000E+00   
0.00000000E+00   
0.00000000E+00   
0.00000000E+00   
0.00000000E+00   
0.00000000E+00   
0.00000000E+00   
0.00000000E+00   
0.00000000E+00   
0.00000000E+00   
0.00000000E+00   
0.00000000E+00   
0.00000000E+00   
0.00000000E+00   
0.00000000E+00   
0.00000000E+00   
0.00000000E+00   
0.00000000E+00   
0.00000000E+00   
0.00000000E+00   
0.00000000E+00   
0.00000000E+00   
0.00000000E+00   
0.00000000E+00   
0.00000000E+00   
0.00000000E+00   
0.00000000E+00   
0.00000000E+00   
0.00000000E+00   
0.00000000E+00   
0.00000000E+00   
0.00000000E+00   
0.00000000E+00   
0.00000000E+00   
0.00000000E+00   
0.00000000E+00   
0.00000000E+00   
0.00000000E+00   
0.00000000E+00   
0.00000000E+00   
1.00000000E+00   
0.00000000E+00   
0.00000000E+00   
0.00000000E+00   
0.00000000E+00   
0.00000000E+00   
0.00000000E+00   
0.00000000E+00   
0.00000000E+00   
0.00000000E+00   
0.00000000E+00   
0.00000000E+00   
0.00000000E+00   
0.00000000E+00   
0.00000000E+00   
0.00000000E+00   
0.00000000E+00   
0.00000000E+00   
0.00000000E+00   
0.00000000E+00   
0.00000000E+00   
0.00000000E+00   
0.00000000E+00   
0.00000000E+00   
0.00000000E+00   
0.00000000E+00   
0.00000000E+00   
0.00000000E+00   
0.00000000E+00   
0.00000000E+00   
0.00000000E+00   
0.00000000E+00   
0.00000000E+00   
0.00000000E+00   
0.00000000E+00   
0.00000000E+00   
0.00000000E+00   
0.00000000E+00   
0.00000000E+00   
0.00000000E+00   
0.00000000E+00   
0.00000000E+00   
0.00000000E+00   
0.00000000E+00   
0.00000000E+00   
0.00000000E+00   
0.00000000E+00   
0.00000000E+00   
0.00000000E+00   
0.00000000E+00   
0.00000000E+00   
0.00000000E+00   
0.00000000E+00   
0.00000000E+00   
0.00000000E+00   
0.00000000E+00   
0.00000000E+00   
0.00000000E+00   
0.00000000E+00   
0.00000000E+00   
0.00000000E+00   
0.00000000E+00   
0.00000000E+00   
0.00000000E+00   
0.00000000E+00   
0.00000000E+00   
0.00000000E+00   
0.00000000E+00   
0.00000000E+00   
0.00000000E+00   
0.00000000E+00   
0.00000000E+00   
0.00000000E+00   
0.00000000E+00   
0.00000000E+00   
0.00000000E+00   
0.00000000E+00   
0.00000000E+00   
0.00000000E+00   
0.00000000E+00   
0.00000000E+00   
0.00000000E+00   
0.00000000E+00   
0.00000000E+00   
0.00000000E+00   
0.00000000E+00   
0.00000000E+00   
0.00000000E+00   
0.00000000E+00   
0.00000000E+00   
0.00000000E+00   
0.00000000E+00   
0.00000000E+00   
0.00000000E+00   
0.00000000E+00   
0.00000000E+00   
0.00000000E+00   
0.00000000E+00   
0.00000000E+00   
0.00000000E+00   
8.28465693E-01   
2.17153431E+00   
0.00000000E+00   
0.00000000E+00   
0.00000000E+00   
0.00000000E+00   
0.00000000E+00   
0.00000000E+00   
0.00000000E+00   
0.00000000E+00   
0.00000000E+00   
0.00000000E+00   
0.00000000E+00   
0.00000000E+00   
0.00000000E+00   
0.00000000E+00   
1.13022605E+00   
2.86977395E+00   
0.00000000E+00   
0.00000000E+00   
0.00000000E+00   
0.00000000E+00   
0.00000000E+00   
0.00000000E+00   
0.00000000E+00   
0.00000000E+00   
0.00000000E+00   
0.00000000E+00   
0.00000000E+00   
0.00000000E+00   
0.00000000E+00   
0.00000000E+00   
0.00000000E+00   
0.00000000E+00   
0.00000000E+00   
0.00000000E+00   
0.00000000E+00   
0.00000000E+00   
0.00000000E+00   
0.00000000E+00   
0.00000000E+00   
0.00000000E+00   
0.00000000E+00   
0.00000000E+00   
0.00000000E+00   
0.00000000E+00   
0.00000000E+00   
0.00000000E+00   
0.00000000E+00   
0.00000000E+00   
0.00000000E+00   
0.00000000E+00   
0.00000000E+00   
0.00000000E+00   
0.00000000E+00   
0.00000000E+00   
0.00000000E+00   
0.00000000E+00   
0.00000000E+00   
0.00000000E+00   
0.00000000E+00   
0.00000000E+00   
0.00000000E+00   
0.00000000E+00   
0.00000000E+00   
0.00000000E+00   
0.00000000E+00   
0.00000000E+00   
0.00000000E+00   
0.00000000E+00   
0.00000000E+00   
0.00000000E+00   
0.00000000E+00   
0.00000000E+00   
0.00000000E+00   
0.00000000E+00   
0.00000000E+00   
0.00000000E+00   
0.00000000E+00   
0.00000000E+00   
0.00000000E+00   
0.00000000E+00   
0.00000000E+00   
0.00000000E+00   
0.00000000E+00   
0.00000000E+00   
0.00000000E+00   
0.00000000E+00   
0.00000000E+00   
0.00000000E+00   
0.00000000E+00   
0.00000000E+00   
0.00000000E+00   
0.00000000E+00   
0.00000000E+00   
0.00000000E+00   
0.00000000E+00   
0.00000000E+00   
0.00000000E+00   
0.00000000E+00   
0.00000000E+00   
0.00000000E+00   
0.00000000E+00   
0.00000000E+00   
0.00000000E+00   
0.00000000E+00   
0.00000000E+00   
0.00000000E+00   
0.00000000E+00   
0.00000000E+00   
0.00000000E+00   
0.00000000E+00   
0.00000000E+00   
0.00000000E+00   
0.00000000E+00   
0.00000000E+00   
0.00000000E+00   
0.00000000E+00   
0.00000000E+00   
0.00000000E+00   
0.00000000E+00   
0.00000000E+00   
0.00000000E+00   
0.00000000E+00   
0.00000000E+00   
0.00000000E+00   
0.00000000E+00   
0.00000000E+00   
0.00000000E+00   
0.00000000E+00   
0.00000000E+00   
0.00000000E+00   
0.00000000E+00   
0.00000000E+00   
0.00000000E+00   
0.00000000E+00   
0.00000000E+00   
0.00000000E+00   
0.00000000E+00   
0.00000000E+00   
0.00000000E+00   
0.00000000E+00   
0.00000000E+00   
0.00000000E+00   
0.00000000E+00   
0.00000000E+00   
0.00000000E+00   
0.00000000E+00   
0.00000000E+00   
0.00000000E+00   
0.00000000E+00   
0.00000000E+00   
0.00000000E+00   
0.00000000E+00   
0.00000000E+00   
0.00000000E+00   
0.00000000E+00   
0.00000000E+00   
0.00000000E+00   
0.00000000E+00   
0.00000000E+00   
0.00000000E+00   
0.00000000E+00   
0.00000000E+00   
0.00000000E+00   
0.00000000E+00   
0.00000000E+00   
0.00000000E+00   
0.00000000E+00   
0.00000000E+00   
0.00000000E+00   
0.00000000E+00   
0.00000000E+00   
0.00000000E+00   
0.00000000E+00   
0.00000000E+00   
0.00000000E+00   
0.00000000E+00   
0.00000000E+00   
0.00000000E+00   
0.00000000E+00   
0.00000000E+00   
0.00000000E+00   
0.00000000E+00   
0.00000000E+00   
0.00000000E+00   
0.00000000E+00   
0.00000000E+00   
0.00000000E+00   
0.00000000E+00   
0.00000000E+00   
0.00000000E+00   
0.00000000E+00   
0.00000000E+00   
0.00000000E+00   
0.00000000E+00   
0.00000000E+00   
0.00000000E+00   
0.00000000E+00   
0.00000000E+00   
0.00000000E+00   
0.00000000E+00   
0.00000000E+00   
0.00000000E+00   
0.00000000E+00   
0.00000000E+00   
0.00000000E+00   
0.00000000E+00   
0.00000000E+00   
0.00000000E+00   
0.00000000E+00   
0.00000000E+00   
0.00000000E+00   
0.00000000E+00   
0.00000000E+00   
0.00000000E+00   
0.00000000E+00   
0.00000000E+00   
0.00000000E+00   
0.00000000E+00   
0.00000000E+00   
0.00000000E+00   
0.00000000E+00   
0.00000000E+00   
0.00000000E+00   
0.00000000E+00   
0.00000000E+00   
0.00000000E+00   
0.00000000E+00   
0.00000000E+00   
0.00000000E+00   
0.00000000E+00   
0.00000000E+00   
0.00000000E+00   
0.00000000E+00   
0.00000000E+00   
0.00000000E+00   
0.00000000E+00   
0.00000000E+00   
0.00000000E+00   
0.00000000E+00   
0.00000000E+00   
0.00000000E+00   
0.00000000E+00   
0.00000000E+00   
0.00000000E+00   
0.00000000E+00   
0.00000000E+00   
0.00000000E+00   
0.00000000E+00   
0.00000000E+00   
0.00000000E+00   
0.00000000E+00   
0.00000000E+00   
0.00000000E+00   
0.00000000E+00   
0.00000000E+00   
0.00000000E+00   
0.00000000E+00   
0.00000000E+00   
0.00000000E+00   
0.00000000E+00   
0.00000000E+00   
0.00000000E+00   
0.00000000E+00   
0.00000000E+00   
0.00000000E+00   
0.00000000E+00   
0.00000000E+00   
0.00000000E+00   
0.00000000E+00   
0.00000000E+00   
0.00000000E+00   
0.00000000E+00   
0.00000000E+00   
0.00000000E+00   
0.00000000E+00   
0.00000000E+00   
0.00000000E+00   
0.00000000E+00   
0.00000000E+00   
0.00000000E+00   
0.00000000E+00   
0.00000000E+00   
0.00000000E+00   
0.00000000E+00   
0.00000000E+00   
0.00000000E+00   
0.00000000E+00   
0.00000000E+00   
0.00000000E+00   
0.00000000E+00   
0.00000000E+00   
0.00000000E+00   
0.00000000E+00   
0.00000000E+00   
0.00000000E+00   
0.00000000E+00   
0.00000000E+00   
0.00000000E+00   
0.00000000E+00   
0.00000000E+00   
0.00000000E+00   
0.00000000E+00   
0.00000000E+00   
0.00000000E+00   
0.00000000E+00   
0.00000000E+00   
0.00000000E+00   
0.00000000E+00   
0.00000000E+00   
0.00000000E+00   
0.00000000E+00   
0.00000000E+00   
0.00000000E+00   
0.00000000E+00   
0.00000000E+00   
0.00000000E+00   
0.00000000E+00   
0.00000000E+00   
0.00000000E+00   
0.00000000E+00   
0.00000000E+00   
0.00000000E+00   
0.00000000E+00   
0.00000000E+00   
0.00000000E+00   
0.00000000E+00   
0.00000000E+00   
0.00000000E+00   
0.00000000E+00   
0.00000000E+00   
0.00000000E+00   
0.00000000E+00   
0.00000000E+00   
0.00000000E+00   
0.00000000E+00   
0.00000000E+00   
0.00000000E+00   
0.00000000E+00   
0.00000000E+00   
0.00000000E+00   
0.00000000E+00   
0.00000000E+00   
0.00000000E+00   
0.00000000E+00   
0.00000000E+00   
0.00000000E+00   
0.00000000E+00   
0.00000000E+00   
0.00000000E+00   
0.00000000E+00   
0.00000000E+00   
0.00000000E+00   
0.00000000E+00   
0.00000000E+00   
0.00000000E+00   
0.00000000E+00   
0.00000000E+00   
0.00000000E+00   
0.00000000E+00   
0.00000000E+00   
0.00000000E+00   
0.00000000E+00   
0.00000000E+00   
0.00000000E+00   
0.00000000E+00   
0.00000000E+00   
0.00000000E+00   
0.00000000E+00   
0.00000000E+00   
0.00000000E+00   
0.00000000E+00   
0.00000000E+00   
0.00000000E+00   
0.00000000E+00   
0.00000000E+00   
0.00000000E+00   
0.00000000E+00   
0.00000000E+00   
0.00000000E+00   
0.00000000E+00   
0.00000000E+00   
0.00000000E+00   
0.00000000E+00   
0.00000000E+00   
0.00000000E+00   
0.00000000E+00   
0.00000000E+00   
0.00000000E+00   
0.00000000E+00   
0.00000000E+00   
0.00000000E+00   
0.00000000E+00   
0.00000000E+00   
0.00000000E+00   
0.00000000E+00   
0.00000000E+00   
0.00000000E+00   
0.00000000E+00   
0.00000000E+00   
0.00000000E+00   
0.00000000E+00   
0.00000000E+00   
0.00000000E+00   
0.00000000E+00   
0.00000000E+00   
0.00000000E+00   
0.00000000E+00   
0.00000000E+00   
0.00000000E+00   
0.00000000E+00   
0.00000000E+00   
0.00000000E+00   
0.00000000E+00   
0.00000000E+00   
0.00000000E+00   
0.00000000E+00   
0.00000000E+00   
0.00000000E+00   
0.00000000E+00   
0.00000000E+00   
0.00000000E+00   
0.00000000E+00   
0.00000000E+00   
0.00000000E+00   
0.00000000E+00   
0.00000000E+00   
0.00000000E+00   
0.00000000E+00   
0.00000000E+00   
0.00000000E+00   
0.00000000E+00   
0.00000000E+00   
0.00000000E+00   
0.00000000E+00   
0.00000000E+00   
0.00000000E+00   
0.00000000E+00   
0.00000000E+00   
0.00000000E+00   
0.00000000E+00   
0.00000000E+00   
0.00000000E+00   
0.00000000E+00   
0.00000000E+00   
0.00000000E+00   
0.00000000E+00   
0.00000000E+00   
0.00000000E+00   
0.00000000E+00   
0.00000000E+00   
0.00000000E+00   
0.00000000E+00   
0.00000000E+00   
0.00000000E+00   
0.00000000E+00   
0.00000000E+00   
0.00000000E+00   
0.00000000E+00   
0.00000000E+00   
0.00000000E+00   
0.00000000E+00   
0.00000000E+00   
0.00000000E+00   
0.00000000E+00   
0.00000000E+00   
0.00000000E+00   
0.00000000E+00   
0.00000000E+00   
0.00000000E+00   
0.00000000E+00   
0.00000000E+00   
0.00000000E+00   
0.00000000E+00   
0.00000000E+00   
0.00000000E+00   
0.00000000E+00   
0.00000000E+00   
0.00000000E+00   
0.00000000E+00   
0.00000000E+00   
0.00000000E+00   
0.00000000E+00   
0.00000000E+00   
0.00000000E+00   
0.00000000E+00   
0.00000000E+00   
0.00000000E+00   
0.00000000E+00   
0.00000000E+00   
0.00000000E+00   
0.00000000E+00   
0.00000000E+00   
0.00000000E+00   
0.00000000E+00   
0.00000000E+00   
0.00000000E+00   
0.00000000E+00   
0.00000000E+00   
0.00000000E+00   
0.00000000E+00   
0.00000000E+00   
0.00000000E+00   
0.00000000E+00   
0.00000000E+00   
0.00000000E+00   
0.00000000E+00   
0.00000000E+00   
0.00000000E+00   
0.00000000E+00   
0.00000000E+00   
0.00000000E+00   
0.00000000E+00   
0.00000000E+00   
0.00000000E+00   
0.00000000E+00   
0.00000000E+00   
0.00000000E+00   
0.00000000E+00   
0.00000000E+00   
0.00000000E+00   
0.00000000E+00   
0.00000000E+00   
0.00000000E+00   
0.00000000E+00   
0.00000000E+00   
0.00000000E+00   
0.00000000E+00   
0.00000000E+00   
0.00000000E+00   
0.00000000E+00   
0.00000000E+00   
0.00000000E+00   
0.00000000E+00   
0.00000000E+00   
0.00000000E+00   
0.00000000E+00   
0.00000000E+00   
0.00000000E+00   
0.00000000E+00   
0.00000000E+00   
0.00000000E+00   
0.00000000E+00   
0.00000000E+00   
0.00000000E+00   
0.00000000E+00   
0.00000000E+00   
0.00000000E+00   
0.00000000E+00   
0.00000000E+00   
0.00000000E+00   
0.00000000E+00   
0.00000000E+00   
0.00000000E+00   
0.00000000E+00   
0.00000000E+00   
0.00000000E+00   
0.00000000E+00   
0.00000000E+00   
0.00000000E+00   
!IDEND=

