!FILE=Disk 
!KIND=Spectrum 
!LABORATORY=Oslo Cyclotron Laboratory (OCL) 
!EXPERIMENT= oslo_method_python 
!COMMENT=Made by OMpy 
!TIME=DATE:08-Sep-20 09:57:58   
!CALIBRATION EkeV=6, 0.000000E+00, 2.000400E+00, 0.000000E+00 
!PRECISION=16 
!DIMENSION=1,0:4999 
!CHANNEL=(0:4999) 
2.75542208E+02   
4.46104821E+02   
4.92609022E+02   
5.74141628E+02   
5.80644229E+02   
6.06111622E+02   
6.48248850E+02   
7.13695839E+02   
7.04098820E+02   
7.61209242E+02   
7.52811862E+02   
8.00594619E+02   
7.85297660E+02   
8.79309262E+02   
8.41132827E+02   
9.13151230E+02   
9.69182737E+02   
9.95810262E+02   
1.05422605E+03   
1.08386027E+03   
1.08587548E+03   
1.22300140E+03   
1.28402921E+03   
1.35143919E+03   
1.49932116E+03   
1.52924275E+03   
1.65551040E+03   
1.82304651E+03   
2.03804251E+03   
2.20080896E+03   
2.22710272E+03   
2.38034817E+03   
2.50994289E+03   
2.64629616E+03   
2.66600880E+03   
2.83982316E+03   
2.98204821E+03   
2.99979886E+03   
3.16495969E+03   
3.24698220E+03   
3.24712713E+03   
3.36158742E+03   
3.39311982E+03   
3.50641438E+03   
3.52927936E+03   
3.57398960E+03   
3.56985057E+03   
3.55014793E+03   
3.65997850E+03   
3.78352821E+03   
3.75591798E+03   
3.88817734E+03   
3.75094129E+03   
3.84005331E+03   
3.89790548E+03   
3.89475705E+03   
4.02708192E+03   
4.04300430E+03   
3.92331076E+03   
3.92797840E+03   
3.87762062E+03   
3.88550060E+03   
3.91522635E+03   
3.86063013E+03   
3.86598350E+03   
3.80016173E+03   
3.74075855E+03   
3.81271924E+03   
3.80236667E+03   
3.83044049E+03   
3.77447189E+03   
3.74569374E+03   
3.78790068E+03   
3.71124685E+03   
3.80222885E+03   
3.66082537E+03   
3.67456991E+03   
3.72840768E+03   
3.65359812E+03   
3.66424665E+03   
3.70753721E+03   
3.69070134E+03   
3.57614063E+03   
3.61712422E+03   
3.58533127E+03   
3.64826195E+03   
3.68752050E+03   
3.72887107E+03   
3.71825415E+03   
3.90449730E+03   
3.76432356E+03   
3.70485587E+03   
3.74506901E+03   
3.68301850E+03   
3.60288338E+03   
3.47303431E+03   
3.49283827E+03   
3.53125265E+03   
3.48242178E+03   
3.38947169E+03   
3.35358932E+03   
3.39917544E+03   
3.38313463E+03   
3.19733917E+03   
3.10824335E+03   
3.12298630E+03   
3.09832476E+03   
3.11075885E+03   
3.15216313E+03   
3.11191918E+03   
3.04311682E+03   
3.05022775E+03   
2.92699570E+03   
2.88966453E+03   
2.79754721E+03   
2.74944299E+03   
2.81129266E+03   
2.87055371E+03   
2.84113963E+03   
2.75582937E+03   
2.74606451E+03   
2.73882346E+03   
2.69590928E+03   
2.70882597E+03   
2.74004981E+03   
2.76900970E+03   
2.75060782E+03   
2.76986677E+03   
2.67205611E+03   
2.69010082E+03   
2.71747009E+03   
2.71275295E+03   
2.63724045E+03   
2.63876925E+03   
2.53917874E+03   
2.53373535E+03   
2.56279806E+03   
2.50449650E+03   
2.50838438E+03   
2.50272945E+03   
2.51170704E+03   
2.47845729E+03   
2.44844549E+03   
2.35369584E+03   
2.42550610E+03   
2.33020444E+03   
2.31462202E+03   
2.29290188E+03   
2.28376225E+03   
2.27489058E+03   
2.26747720E+03   
2.18648440E+03   
2.22280856E+03   
2.25090138E+03   
2.26744859E+03   
2.18567594E+03   
2.08743609E+03   
2.16710772E+03   
2.09851930E+03   
2.11183457E+03   
2.09814493E+03   
2.05488178E+03   
2.05072785E+03   
2.09241268E+03   
2.00210072E+03   
1.93760992E+03   
1.96776885E+03   
1.94572114E+03   
1.91527646E+03   
1.98817944E+03   
1.89377686E+03   
1.80532346E+03   
1.75841918E+03   
1.75058352E+03   
1.70364593E+03   
1.63925915E+03   
1.63729686E+03   
1.64934827E+03   
1.62402861E+03   
1.62990568E+03   
1.60645769E+03   
1.62449500E+03   
1.59565003E+03   
1.56927005E+03   
1.60593179E+03   
1.57951580E+03   
1.51469194E+03   
1.49741818E+03   
1.50238628E+03   
1.44795249E+03   
1.46609612E+03   
1.47437137E+03   
1.41783837E+03   
1.40470944E+03   
1.48221954E+03   
1.47487928E+03   
1.41385397E+03   
1.43486737E+03   
1.45200290E+03   
1.37682256E+03   
1.38338018E+03   
1.39511892E+03   
1.34765723E+03   
1.37661912E+03   
1.34266723E+03   
1.33509382E+03   
1.30338838E+03   
1.25592338E+03   
1.31526245E+03   
1.32649940E+03   
1.26628346E+03   
1.30895829E+03   
1.31842398E+03   
1.25548670E+03   
1.26612432E+03   
1.30981966E+03   
1.27487778E+03   
1.27664953E+03   
1.22595569E+03   
1.18306601E+03   
1.20182937E+03   
1.23487998E+03   
1.18532767E+03   
1.19926395E+03   
1.19749020E+03   
1.20930826E+03   
1.20403001E+03   
1.17806681E+03   
1.18761692E+03   
1.19896259E+03   
1.13141828E+03   
1.14513973E+03   
1.10071634E+03   
1.14262963E+03   
1.17680496E+03   
1.12345559E+03   
1.11758732E+03   
1.14303181E+03   
1.06000910E+03   
1.06956201E+03   
1.09622975E+03   
1.05456151E+03   
1.07940848E+03   
1.08061782E+03   
1.07524755E+03   
1.09344979E+03   
9.89445189E+02   
1.04234527E+03   
1.05638758E+03   
1.04281656E+03   
9.78405581E+02   
1.00481006E+03   
1.01896989E+03   
7.67218144E+02   
7.18143629E+02   
7.18143629E+02   
7.18143629E+02   
7.18143629E+02   
6.39095519E+02   
4.50921784E+02   
4.36759352E+02   
4.23801760E+02   
4.71671934E+02   
4.54987998E+02   
4.39645229E+02   
4.42601620E+02   
4.17027506E+02   
4.51403781E+02   
4.50624425E+02   
4.36303261E+02   
4.31480196E+02   
4.20743149E+02   
4.14132126E+02   
4.19826465E+02   
4.21161932E+02   
4.10879976E+02   
4.43890678E+02   
4.48703041E+02   
4.14749750E+02   
4.14304061E+02   
4.03591218E+02   
4.35760552E+02   
3.99987698E+02   
4.61119624E+02   
4.15877876E+02   
4.25749450E+02   
4.14794359E+02   
4.18689138E+02   
4.08469494E+02   
3.98541108E+02   
3.83139728E+02   
3.89471494E+02   
3.97821464E+02   
3.97775355E+02   
3.67958392E+02   
3.97916983E+02   
4.27623625E+02   
3.97364573E+02   
3.75255751E+02   
3.83815563E+02   
3.91539408E+02   
3.88282657E+02   
3.57427586E+02   
3.71654731E+02   
4.00537107E+02   
3.97213343E+02   
3.82097820E+02   
3.58468394E+02   
3.48565713E+02   
3.38220944E+02   
3.49193339E+02   
3.35431186E+02   
3.52698640E+02   
3.43191738E+02   
3.22699240E+02   
3.51686837E+02   
3.43281856E+02   
3.32766853E+02   
3.54683237E+02   
3.54700240E+02   
3.42226045E+02   
2.89917684E+02   
3.06639328E+02   
3.61955091E+02   
3.54294359E+02   
3.39950990E+02   
3.30436187E+02   
3.28173335E+02   
3.26802360E+02   
3.22119024E+02   
3.15745349E+02   
3.09267854E+02   
3.07565813E+02   
3.23489198E+02   
3.04593319E+02   
2.99448890E+02   
3.06862573E+02   
2.69166833E+02   
3.07937287E+02   
2.90512402E+02   
3.17609322E+02   
3.28519504E+02   
3.11146029E+02   
3.25257652E+02   
3.13324765E+02   
3.13805661E+02   
2.95460892E+02   
2.66054811E+02   
3.22910782E+02   
3.03075915E+02   
3.04378876E+02   
2.77306861E+02   
3.04114523E+02   
2.93541908E+02   
2.63189438E+02   
2.71213443E+02   
2.72115723E+02   
2.76632126E+02   
2.64689038E+02   
2.43818064E+02   
2.48639328E+02   
2.65207441E+02   
2.56378176E+02   
2.70338468E+02   
2.49235947E+02   
2.56676935E+02   
2.30766053E+02   
2.61808262E+02   
2.66998300E+02   
2.47157131E+02   
2.36158632E+02   
2.50855871E+02   
2.64672735E+02   
2.33257652E+02   
2.44345669E+02   
2.47100720E+02   
2.21595419E+02   
2.42605621E+02   
2.43674035E+02   
2.33258252E+02   
2.45264653E+02   
2.49702641E+02   
2.21459492E+02   
2.06424685E+02   
2.42459592E+02   
2.27278256E+02   
2.00047610E+02   
2.29357672E+02   
2.13452891E+02   
2.10053111E+02   
2.19451990E+02   
2.21892278E+02   
2.05449590E+02   
2.32554811E+02   
2.20537207E+02   
2.18071314E+02   
2.16434387E+02   
2.41586517E+02   
2.00859772E+02   
2.23618224E+02   
2.30443289E+02   
2.06399080E+02   
1.90023105E+02   
1.99639828E+02   
2.26118924E+02   
2.00040408E+02   
2.20678836E+02   
1.96445589E+02   
1.87689338E+02   
2.08330866E+02   
2.05699740E+02   
2.03739548E+02   
2.21694039E+02   
1.88045309E+02   
1.71716243E+02   
1.85693139E+02   
1.91045709E+02   
1.71368074E+02   
1.73706841E+02   
1.99034107E+02   
2.04728146E+02   
1.98676035E+02   
1.85366973E+02   
1.93432587E+02   
1.97648130E+02   
1.94739148E+02   
1.91310662E+02   
1.70718544E+02   
2.07478996E+02   
1.85921184E+02   
1.87052310E+02   
1.69054711E+02   
1.66288558E+02   
1.76501500E+02   
1.88083817E+02   
1.98672034E+02   
1.77524605E+02   
1.96807461E+02   
1.90361772E+02   
1.73981796E+02   
1.78177936E+02   
1.85363773E+02   
1.54145229E+02   
1.67934787E+02   
1.73905981E+02   
1.68574615E+02   
1.71423985E+02   
1.69181236E+02   
1.74602120E+02   
1.78714243E+02   
1.73633627E+02   
1.88797259E+02   
1.86208042E+02   
1.88455991E+02   
1.60261152E+02   
1.71254751E+02   
1.68489098E+02   
1.55348170E+02   
1.74167033E+02   
1.82835967E+02   
1.51036707E+02   
1.71291058E+02   
1.54453191E+02   
1.64119324E+02   
1.67799060E+02   
1.61034007E+02   
1.72960292E+02   
1.68229946E+02   
1.75599220E+02   
1.48156031E+02   
1.58718644E+02   
1.70719444E+02   
1.68409282E+02   
1.62410882E+02   
1.63653131E+02   
1.33129626E+02   
1.58099920E+02   
1.52102320E+02   
1.63796159E+02   
1.48654431E+02   
1.52948390E+02   
1.53722645E+02   
1.47100020E+02   
1.23347670E+02   
1.56725045E+02   
1.62891278E+02   
1.64255851E+02   
1.42862573E+02   
1.68852871E+02   
1.66687137E+02   
1.48766253E+02   
1.42455691E+02   
1.35904881E+02   
1.38936087E+02   
1.43609922E+02   
1.54746249E+02   
1.43026805E+02   
1.65405681E+02   
1.39549610E+02   
1.30226245E+02   
1.55129526E+02   
1.45721044E+02   
1.42644329E+02   
1.35734247E+02   
1.34418484E+02   
1.49586017E+02   
1.58581916E+02   
1.47734247E+02   
1.65624725E+02   
1.30103921E+02   
1.53183137E+02   
1.35282156E+02   
1.48503601E+02   
1.36259452E+02   
1.16735747E+02   
1.28435287E+02   
1.33329866E+02   
1.32545509E+02   
1.41317764E+02   
1.36518904E+02   
1.27281256E+02   
1.35195239E+02   
1.44939988E+02   
1.26154731E+02   
1.42835867E+02   
1.41639828E+02   
1.35921984E+02   
1.32978996E+02   
1.35338468E+02   
1.29586017E+02   
1.35316563E+02   
1.27465193E+02   
1.34739448E+02   
1.13465493E+02   
1.09880476E+02   
1.31448690E+02   
1.24597920E+02   
1.33886577E+02   
1.33158132E+02   
1.20171134E+02   
1.25889778E+02   
1.23309762E+02   
1.24308962E+02   
1.15263953E+02   
1.25069414E+02   
1.14743449E+02   
1.42649330E+02   
1.10930486E+02   
1.19410882E+02   
1.19033907E+02   
1.15222444E+02   
1.34230446E+02   
1.28770254E+02   
1.31514203E+02   
1.17746649E+02   
1.13080516E+02   
1.16079316E+02   
1.24192739E+02   
1.29195139E+02   
1.32302160E+02   
1.33749850E+02   
1.28649230E+02   
1.27478096E+02   
1.28950690E+02   
1.23655231E+02   
1.31491798E+02   
1.28937888E+02   
1.18381376E+02   
1.35299060E+02   
1.21567914E+02   
1.24479296E+02   
1.24837668E+02   
1.03022404E+02   
1.16399080E+02   
1.10996499E+02   
1.27053111E+02   
1.26523205E+02   
1.27409082E+02   
1.14799360E+02   
1.39345269E+02   
1.40511602E+02   
1.08570614E+02   
1.15480596E+02   
9.93566713E+01   
1.26363773E+02   
1.16748150E+02   
1.11164533E+02   
1.24554711E+02   
1.22759452E+02   
1.26439488E+02   
1.06565613E+02   
1.21174935E+02   
1.18813963E+02   
1.09965893E+02   
1.07759452E+02   
1.19927986E+02   
1.15241148E+02   
1.13506401E+02   
1.08067514E+02   
1.19285757E+02   
1.16882476E+02   
1.06502100E+02   
9.87984597E+01   
1.10986197E+02   
9.28942789E+01   
1.07376475E+02   
1.08993799E+02   
1.02309562E+02   
9.60752150E+01   
1.31665033E+02   
1.12003401E+02   
1.06347570E+02   
1.05082216E+02   
9.89815963E+01   
1.12512903E+02   
1.13260752E+02   
9.65567113E+01   
8.75369074E+01   
1.02208142E+02   
9.37996599E+01   
1.07762853E+02   
1.13023605E+02   
9.97802561E+01   
9.42779556E+01   
1.02013803E+02   
1.15024405E+02   
1.06019004E+02   
9.90262052E+01   
1.02509102E+02   
9.05011002E+01   
9.75561112E+01   
9.95175035E+01   
9.67384477E+01   
8.52503501E+01   
1.06077215E+02   
1.03301760E+02   
1.04214343E+02   
1.10549910E+02   
1.03733847E+02   
1.05310162E+02   
1.02265753E+02   
1.17667934E+02   
9.48047610E+01   
8.69877976E+01   
1.13204441E+02   
9.81023205E+01   
9.74999000E+01   
1.10125025E+02   
9.92239448E+01   
1.03940388E+02   
1.18940288E+02   
1.12629326E+02   
1.03611022E+02   
1.15350970E+02   
9.98339668E+01   
1.20409282E+02   
1.29590218E+02   
1.20260952E+02   
9.95180036E+01   
9.98906781E+01   
1.00076615E+02   
1.05138428E+02   
1.17494299E+02   
1.08603621E+02   
1.05316763E+02   
9.46179236E+01   
1.05789458E+02   
9.13127626E+01   
1.01896379E+02   
9.79497900E+01   
9.96291258E+01   
9.81787357E+01   
1.13789058E+02   
8.21731346E+01   
9.18595719E+01   
1.05487998E+02   
9.47076415E+01   
1.02500000E+02   
9.75368074E+01   
9.78776755E+01   
9.04365873E+01   
1.06922184E+02   
9.45677135E+01   
8.99674935E+01   
9.43387678E+01   
8.35016003E+01   
1.01084517E+02   
1.00894479E+02   
9.29193839E+01   
1.01243749E+02   
9.25854171E+01   
8.63463693E+01   
8.64634927E+01   
1.01346269E+02   
9.09094819E+01   
8.36859372E+01   
9.68053611E+01   
8.65579116E+01   
1.13810962E+02   
1.12020404E+02   
9.12178436E+01   
8.96744349E+01   
8.57015403E+01   
9.77063413E+01   
8.36377275E+01   
8.68861772E+01   
9.36667333E+01   
1.03191038E+02   
6.77499500E+01   
9.68529706E+01   
9.37443489E+01   
8.07998600E+01   
8.74454891E+01   
9.14402881E+01   
9.48054611E+01   
9.00124025E+01   
9.41610322E+01   
8.08030606E+01   
7.63787758E+01   
8.66840368E+01   
9.49276855E+01   
8.42864573E+01   
8.55394079E+01   
9.35450090E+01   
1.07963593E+02   
1.00079616E+02   
9.53243649E+01   
8.85993199E+01   
1.01558212E+02   
9.64370874E+01   
9.57348470E+01   
9.40978196E+01   
9.07453491E+01   
8.77085417E+01   
9.34318864E+01   
9.78130626E+01   
7.76619324E+01   
1.00941888E+02   
9.18855771E+01   
9.39749950E+01   
8.36690338E+01   
7.89984997E+01   
9.60319064E+01   
8.56228246E+01   
9.19925985E+01   
1.08798860E+02   
8.86465293E+01   
8.94029806E+01   
8.24268854E+01   
8.76139228E+01   
8.78180636E+01   
1.08422084E+02   
1.01627425E+02   
8.80082016E+01   
1.04641128E+02   
9.84190838E+01   
8.61935387E+01   
8.52000400E+01   
8.48194639E+01   
8.76434287E+01   
7.95851170E+01   
1.00695239E+02   
8.75823165E+01   
7.89103821E+01   
1.00352270E+02   
1.00021204E+02   
7.71146229E+01   
7.53653731E+01   
8.22791558E+01   
8.87492498E+01   
8.50076015E+01   
9.35246049E+01   
8.49718944E+01   
8.93962793E+01   
9.88313663E+01   
7.49563913E+01   
8.91727345E+01   
9.13413683E+01   
6.93930786E+01   
8.85101020E+01   
9.30797159E+01   
8.14557912E+01   
7.10152030E+01   
9.68959792E+01   
8.12037407E+01   
9.23886777E+01   
6.87577516E+01   
8.19051810E+01   
8.17553511E+01   
1.00094919E+02   
7.75688138E+01   
9.51997399E+01   
7.63818764E+01   
8.48326665E+01   
8.81977395E+01   
8.71074215E+01   
1.05472294E+02   
9.81137227E+01   
8.48257652E+01   
8.59355871E+01   
1.00580916E+02   
9.68153631E+01   
8.26601320E+01   
9.10900180E+01   
7.39070814E+01   
6.80144029E+01   
9.18863773E+01   
9.41961392E+01   
7.64310862E+01   
7.06008202E+01   
8.71333267E+01   
7.46113223E+01   
7.93174635E+01   
7.74622925E+01   
9.48787758E+01   
9.04102821E+01   
9.04971994E+01   
7.94018804E+01   
7.20152030E+01   
8.91545309E+01   
9.27345469E+01   
8.40132026E+01   
7.48166633E+01   
7.73338668E+01   
8.56773355E+01   
9.06789358E+01   
7.18818764E+01   
8.80012002E+01   
8.08598720E+01   
7.98382677E+01   
7.35276055E+01   
8.50144029E+01   
8.81781356E+01   
8.10180036E+01   
8.45180036E+01   
7.68518704E+01   
7.88526705E+01   
9.18430686E+01   
8.06873375E+01   
8.45248050E+01   
9.13458692E+01   
7.39775955E+01   
8.08722745E+01   
8.73158632E+01   
8.45532106E+01   
8.55308062E+01   
7.35012002E+01   
7.66941388E+01   
8.18562713E+01   
8.91773355E+01   
9.03778756E+01   
8.04963993E+01   
7.29707942E+01   
7.60148030E+01   
7.58566713E+01   
6.93842769E+01   
7.71741348E+01   
7.63302661E+01   
6.69547910E+01   
7.69834967E+01   
7.14199840E+01   
8.05488098E+01   
6.69455891E+01   
8.10136027E+01   
7.42429486E+01   
8.42469494E+01   
8.28642729E+01   
8.97826565E+01   
7.27786557E+01   
8.07969594E+01   
8.26241248E+01   
7.71076215E+01   
8.82254451E+01   
5.79716943E+01   
7.44573915E+01   
8.03158632E+01   
5.99115823E+01   
6.88642729E+01   
8.49738948E+01   
7.74607922E+01   
8.07197439E+01   
7.43106621E+01   
6.60722144E+01   
8.07602521E+01   
7.83592719E+01   
6.66178236E+01   
6.87024405E+01   
8.10140028E+01   
9.27132426E+01   
7.91617323E+01   
8.47297459E+01   
8.11613323E+01   
6.95898180E+01   
6.90178036E+01   
6.37243449E+01   
6.87226445E+01   
6.38813763E+01   
8.63105621E+01   
7.20172034E+01   
6.18388678E+01   
8.70339068E+01   
7.30148030E+01   
7.48483697E+01   
8.25968194E+01   
7.68754751E+01   
8.81876375E+01   
6.62523505E+01   
8.79588918E+01   
9.71553311E+01   
7.27880576E+01   
6.56060212E+01   
7.65557111E+01   
7.22032406E+01   
8.76699340E+01   
7.73604721E+01   
7.88814763E+01   
9.63489698E+01   
7.00810162E+01   
6.45445089E+01   
6.72770554E+01   
8.56409282E+01   
8.92011402E+01   
7.24557912E+01   
8.27922585E+01   
7.05795159E+01   
7.37159432E+01   
8.06638328E+01   
5.75623125E+01   
7.88536707E+01   
7.97327465E+01   
8.94011802E+01   
8.27621524E+01   
9.36522304E+01   
6.97747550E+01   
9.21213243E+01   
7.79050810E+01   
7.85119024E+01   
7.55145029E+01   
8.32660532E+01   
7.22638528E+01   
6.92622525E+01   
7.83973795E+01   
7.32618524E+01   
7.60152030E+01   
8.16488298E+01   
6.04770954E+01   
7.67689538E+01   
8.41985397E+01   
6.55852170E+01   
6.23735747E+01   
7.12936587E+01   
7.91337267E+01   
7.71815363E+01   
7.54908982E+01   
6.74876975E+01   
7.36022204E+01   
7.69556911E+01   
7.30152030E+01   
7.33647730E+01   
7.17107421E+01   
7.93914783E+01   
7.17091418E+01   
7.80954191E+01   
7.33922785E+01   
8.31872374E+01   
8.43842769E+01   
6.88080616E+01   
9.17535507E+01   
7.43702741E+01   
7.36879376E+01   
7.54541908E+01   
6.74600920E+01   
7.17930586E+01   
6.77859572E+01   
7.71391278E+01   
8.74693939E+01   
8.35505101E+01   
6.75590118E+01   
5.82294459E+01   
6.74978996E+01   
7.09866973E+01   
8.26916383E+01   
6.17632527E+01   
7.22663533E+01   
7.18025605E+01   
8.39583917E+01   
8.29674935E+01   
7.17504501E+01   
7.03408682E+01   
7.33731746E+01   
5.77404481E+01   
7.70817163E+01   
6.73239648E+01   
7.17064413E+01   
8.41982396E+01   
7.59338868E+01   
8.26227245E+01   
6.86087217E+01   
6.50192038E+01   
8.24080816E+01   
7.75150030E+01   
7.28157632E+01   
6.35098020E+01   
7.06191238E+01   
7.85054011E+01   
7.28173635E+01   
7.34028806E+01   
5.97873575E+01   
6.70436087E+01   
5.88205641E+01   
5.32579516E+01   
7.13879776E+01   
7.45847169E+01   
7.76347269E+01   
7.96379276E+01   
8.74536907E+01   
6.92315463E+01   
7.10132026E+01   
5.80309062E+01   
7.26270254E+01   
9.24644929E+01   
6.24782957E+01   
6.21016203E+01   
8.01958392E+01   
8.24732947E+01   
8.40164033E+01   
7.58202641E+01   
8.01236247E+01   
8.37249450E+01   
6.52779556E+01   
5.79246849E+01   
5.77986597E+01   
8.19231846E+01   
7.71435287E+01   
6.36164233E+01   
7.91536307E+01   
6.26973395E+01   
7.58227646E+01   
6.50314063E+01   
7.05918184E+01   
8.23446689E+01   
7.43506701E+01   
5.70112022E+01   
7.80308062E+01   
7.19094819E+01   
6.96847369E+01   
7.86066213E+01   
7.19342869E+01   
7.58545709E+01   
7.90965193E+01   
6.56537307E+01   
6.80128026E+01   
7.13814763E+01   
6.75656131E+01   
6.29350870E+01   
8.81587317E+01   
6.31004201E+01   
7.08585717E+01   
7.26306261E+01   
7.91674335E+01   
7.06358272E+01   
8.03176635E+01   
7.02395479E+01   
5.65352070E+01   
6.85661132E+01   
6.42343469E+01   
8.14723945E+01   
6.29890978E+01   
6.43569714E+01   
7.81574315E+01   
6.75104021E+01   
7.20865173E+01   
6.93693739E+01   
7.34486897E+01   
7.92964593E+01   
6.31538308E+01   
8.62511502E+01   
7.42936587E+01   
6.47015403E+01   
7.19906981E+01   
6.71018204E+01   
7.19446889E+01   
6.06109222E+01   
7.22808562E+01   
8.04181836E+01   
8.61482296E+01   
7.07344469E+01   
6.62063413E+01   
6.04942989E+01   
7.53083617E+01   
7.47825565E+01   
7.26333267E+01   
6.91414283E+01   
7.47647530E+01   
7.14511902E+01   
6.76433287E+01   
6.97517504E+01   
6.35239048E+01   
6.88010602E+01   
8.16867373E+01   
7.34956991E+01   
7.88961792E+01   
7.64853971E+01   
6.01894379E+01   
7.64881976E+01   
6.54187838E+01   
6.76108222E+01   
8.24456891E+01   
7.74143829E+01   
8.15110022E+01   
7.22424485E+01   
6.37370474E+01   
8.20793159E+01   
7.51643329E+01   
7.45242048E+01   
6.64981996E+01   
5.78512703E+01   
7.56420284E+01   
7.22777556E+01   
7.63878776E+01   
6.28453691E+01   
8.61906381E+01   
7.15271054E+01   
5.73170634E+01   
6.87109422E+01   
7.42625525E+01   
5.63571714E+01   
6.94222845E+01   
6.87229446E+01   
8.99201840E+01   
6.75897179E+01   
6.01543309E+01   
7.94951990E+01   
6.62946589E+01   
8.22754551E+01   
7.06138228E+01   
7.01956391E+01   
6.52373475E+01   
7.92986597E+01   
7.52818564E+01   
6.52333467E+01   
6.31427285E+01   
5.41403281E+01   
6.57978596E+01   
7.85071014E+01   
7.41840368E+01   
7.43047610E+01   
6.98491698E+01   
7.40144029E+01   
5.73753751E+01   
6.56931386E+01   
7.49746949E+01   
5.84812963E+01   
5.86630326E+01   
6.31656331E+01   
6.27853571E+01   
7.00886177E+01   
7.29393879E+01   
6.51600320E+01   
7.87596519E+01   
7.70866173E+01   
7.19790958E+01   
7.42242448E+01   
7.10469094E+01   
6.40120024E+01   
6.67760552E+01   
7.42146429E+01   
6.60453091E+01   
6.60120024E+01   
5.49798960E+01   
6.28855771E+01   
7.37635527E+01   
7.78935787E+01   
7.05069014E+01   
6.89822965E+01   
5.90128026E+01   
7.00128026E+01   
8.47237447E+01   
6.63588718E+01   
7.37309462E+01   
6.61545309E+01   
6.68774755E+01   
5.73926785E+01   
6.96128226E+01   
7.39902981E+01   
6.62224445E+01   
5.90895179E+01   
7.78380676E+01   
8.00152030E+01   
7.51839368E+01   
6.91072214E+01   
7.05680136E+01   
7.80871174E+01   
7.50622124E+01   
8.30164033E+01   
7.32117423E+01   
5.81193239E+01   
6.88017604E+01   
7.18917784E+01   
6.70976195E+01   
8.19958992E+01   
5.74020804E+01   
7.77244449E+01   
7.89214843E+01   
7.00703141E+01   
7.71033207E+01   
7.59435887E+01   
8.39974995E+01   
7.00148030E+01   
7.59503901E+01   
6.32205441E+01   
7.28122625E+01   
8.40313063E+01   
7.49579916E+01   
5.43560712E+01   
7.28024605E+01   
7.40539108E+01   
7.58708742E+01   
6.71922384E+01   
7.68784757E+01   
6.40979196E+01   
8.39340868E+01   
6.50814163E+01   
5.50346069E+01   
5.50431086E+01   
8.09145829E+01   
6.60528106E+01   
8.20229046E+01   
5.80306061E+01   
6.20128026E+01   
7.10051010E+01   
5.60716143E+01   
6.09616923E+01   
7.29998000E+01   
6.99952991E+01   
7.80034007E+01   
6.60368074E+01   
7.20287057E+01   
6.10173035E+01   
6.49918984E+01   
5.60366073E+01   
5.10252050E+01   
5.89842969E+01   
7.00065013E+01   
8.90005001E+01   
7.90384077E+01   
7.50054011E+01   
6.30273055E+01   
7.90024005E+01   
7.50172034E+01   
6.80131026E+01   
6.80110022E+01   
6.50226045E+01   
6.69975995E+01   
7.50241048E+01   
6.39974995E+01   
6.60540108E+01   
8.59675935E+01   
5.90423085E+01   
7.89753951E+01   
4.80147029E+01   
6.30484097E+01   
7.09323865E+01   
5.90846169E+01   
7.30368074E+01   
7.10085017E+01   
6.70278056E+01   
7.69654931E+01   
5.39823965E+01   
6.20582116E+01   
6.00464093E+01   
7.09799960E+01   
6.30860172E+01   
6.80164033E+01   
7.70560112E+01   
6.99252851E+01   
8.30037007E+01   
6.00362072E+01   
6.49687938E+01   
7.19893979E+01   
6.10247049E+01   
6.10255051E+01   
6.50132026E+01   
5.99861972E+01   
6.60402080E+01   
6.99559912E+01   
6.61733347E+01   
7.91368274E+01   
8.68641728E+01   
6.90947189E+01   
7.78541708E+01   
8.01468294E+01   
8.27940588E+01   
5.41337267E+01   
6.50677135E+01   
6.49053811E+01   
7.00502100E+01   
7.50327065E+01   
7.00725145E+01   
8.09753951E+01   
6.79737948E+01   
6.80757151E+01   
6.79514903E+01   
6.79705941E+01   
6.80785157E+01   
7.80586117E+01   
8.29239848E+01   
6.71749350E+01   
8.19219844E+01   
6.40622124E+01   
6.58693739E+01   
6.92104421E+01   
7.78151630E+01   
7.19617924E+01   
6.42451490E+01   
7.08051610E+01   
5.58788758E+01   
6.93085617E+01   
6.82623525E+01   
9.22416483E+01   
8.75687137E+01   
7.07281456E+01   
6.10985197E+01   
7.91894379E+01   
6.41045209E+01   
6.76826365E+01   
5.92879576E+01   
7.58596719E+01   
7.62967594E+01   
8.08891778E+01   
7.69828966E+01   
6.69166833E+01   
6.30798160E+01   
7.70479096E+01   
6.29469894E+01   
7.09796959E+01   
5.81524305E+01   
7.43481696E+01   
5.34336867E+01   
5.43714743E+01   
7.59437888E+01   
6.91257251E+01   
8.37570514E+01   
7.28639728E+01   
7.29365873E+01   
6.80882176E+01   
6.26640328E+01   
5.25954191E+01   
7.43703741E+01   
8.04197840E+01   
5.99720944E+01   
5.95005001E+01   
7.65646129E+01   
6.99708942E+01   
7.42634527E+01   
7.24374875E+01   
6.48048610E+01   
7.99301860E+01   
8.50156031E+01   
6.60156031E+01   
6.62814563E+01   
7.77497499E+01   
7.58351670E+01   
7.57409482E+01   
7.00116023E+01   
5.82431486E+01   
6.79668934E+01   
8.08718744E+01   
5.72970594E+01   
7.12060412E+01   
7.67744549E+01   
7.75011002E+01   
7.63304661E+01   
6.79133827E+01   
6.44607922E+01   
7.34617924E+01   
6.42643529E+01   
7.14727946E+01   
8.40679136E+01   
7.52244449E+01   
8.46522304E+01   
7.36993399E+01   
7.55974195E+01   
7.74289858E+01   
7.93366673E+01   
8.15268054E+01   
7.21214243E+01   
6.59025805E+01   
6.72340468E+01   
7.01813363E+01   
7.27895579E+01   
7.22967594E+01   
7.54440888E+01   
6.93562713E+01   
7.11873375E+01   
8.84899980E+01   
5.58331666E+01   
7.51301260E+01   
5.04868974E+01   
6.83734747E+01   
7.71370274E+01   
8.14707942E+01   
6.16247249E+01   
8.13409682E+01   
7.07561512E+01   
7.24571914E+01   
7.47008402E+01   
6.57066413E+01   
7.87627526E+01   
6.91430286E+01   
6.51799360E+01   
6.59814963E+01   
6.80168034E+01   
8.16892378E+01   
7.18170634E+01   
6.17483497E+01   
7.15457091E+01   
7.50823165E+01   
6.89353871E+01   
5.16883377E+01   
6.94913983E+01   
7.62908582E+01   
7.83264653E+01   
7.97355471E+01   
6.97111422E+01   
7.64378876E+01   
7.39476895E+01   
9.36624325E+01   
8.62293459E+01   
6.52992599E+01   
7.20256051E+01   
7.76372274E+01   
5.97918584E+01   
6.03775755E+01   
6.99728946E+01   
8.01997399E+01   
6.91622324E+01   
6.96896379E+01   
6.96396279E+01   
7.42429486E+01   
6.86348270E+01   
7.63979796E+01   
7.92477495E+01   
7.20099020E+01   
5.94019804E+01   
6.25445089E+01   
6.20907181E+01   
6.58035607E+01   
7.33802761E+01   
6.30931186E+01   
6.62907582E+01   
6.04942989E+01   
7.17424485E+01   
8.00975195E+01   
7.36068214E+01   
6.21790358E+01   
6.80152030E+01   
8.18489698E+01   
6.27638528E+01   
6.43488698E+01   
7.09186837E+01   
6.86026205E+01   
5.56719344E+01   
5.73528706E+01   
6.26138228E+01   
7.27562513E+01   
6.85343069E+01   
6.72777556E+01   
6.96173235E+01   
6.09232847E+01   
5.88056611E+01   
7.68369674E+01   
6.43700740E+01   
8.82990598E+01   
6.32817564E+01   
7.78325665E+01   
5.86474295E+01   
8.66507301E+01   
6.90136027E+01   
6.18297660E+01   
6.49359872E+01   
7.99240848E+01   
7.04576915E+01   
5.67334467E+01   
6.47310462E+01   
6.32002400E+01   
5.95807161E+01   
7.42050410E+01   
8.00156031E+01   
8.44808962E+01   
5.67797560E+01   
6.66894379E+01   
5.87238448E+01   
7.26239248E+01   
6.88165633E+01   
6.91914383E+01   
6.96215243E+01   
7.60148030E+01   
6.93181636E+01   
7.68113623E+01   
6.91123225E+01   
5.41195239E+01   
7.65104021E+01   
6.06231246E+01   
8.03029606E+01   
6.72182436E+01   
7.00144029E+01   
6.79112823E+01   
6.94280856E+01   
7.61195239E+01   
6.92246449E+01   
7.99695939E+01   
6.86435287E+01   
7.15931186E+01   
6.50136027E+01   
6.82693539E+01   
5.52242448E+01   
6.41540308E+01   
8.64067814E+01   
6.29056811E+01   
7.59048810E+01   
6.23174635E+01   
8.88172635E+01   
7.62465493E+01   
6.27798560E+01   
6.56822364E+01   
6.27870574E+01   
6.92370474E+01   
7.04579916E+01   
7.27897580E+01   
6.13606721E+01   
7.71158232E+01   
7.36750350E+01   
5.96943389E+01   
6.66485297E+01   
6.27256451E+01   
8.02137427E+01   
7.51291258E+01   
7.45920184E+01   
7.32049410E+01   
5.51993399E+01   
6.69445889E+01   
6.93653731E+01   
7.59574915E+01   
6.87757552E+01   
7.05490098E+01   
7.84725945E+01   
5.78446689E+01   
6.54159832E+01   
6.18510702E+01   
7.06908382E+01   
4.52172434E+01   
6.97717544E+01   
6.94714943E+01   
6.82864573E+01   
7.97709542E+01   
6.54011802E+01   
6.35203041E+01   
6.05171034E+01   
4.82574515E+01   
5.91347269E+01   
6.08860772E+01   
6.58872775E+01   
6.62632527E+01   
6.20214043E+01   
8.80066013E+01   
7.07605521E+01   
7.97929586E+01   
7.95958192E+01   
6.57553511E+01   
6.78069614E+01   
7.63425685E+01   
8.36564313E+01   
6.85671134E+01   
8.13285657E+01   
7.29246849E+01   
8.45381076E+01   
7.34922985E+01   
7.36999400E+01   
6.78581716E+01   
7.24288858E+01   
6.32065413E+01   
7.28855771E+01   
6.44779956E+01   
8.52814563E+01   
6.42830566E+01   
6.92846569E+01   
7.09349870E+01   
6.68259652E+01   
7.21996399E+01   
5.92854571E+01   
7.27830566E+01   
6.85184037E+01   
6.39770954E+01   
6.96379276E+01   
7.03647730E+01   
7.78003601E+01   
7.44570914E+01   
6.48491698E+01   
6.90144029E+01   
5.54707942E+01   
5.89801960E+01   
7.85922184E+01   
8.25898180E+01   
7.30132026E+01   
7.25825165E+01   
7.48720744E+01   
7.98712743E+01   
5.98657732E+01   
5.95940188E+01   
8.10152030E+01   
7.35679136E+01   
6.77209442E+01   
6.53014603E+01   
7.64489898E+01   
7.14270854E+01   
5.55977195E+01   
7.24537908E+01   
7.65710142E+01   
6.67520504E+01   
7.61627325E+01   
7.68660732E+01   
7.26722344E+01   
6.75061012E+01   
7.39652931E+01   
5.82146429E+01   
7.59600920E+01   
6.59191838E+01   
7.78025605E+01   
6.79866973E+01   
8.81691338E+01   
6.86426285E+01   
6.20855171E+01   
6.27093419E+01   
7.37852571E+01   
6.64805961E+01   
8.40188038E+01   
9.43815763E+01   
6.24117824E+01   
7.18325665E+01   
6.15733147E+01   
6.77005401E+01   
6.98560712E+01   
6.33826765E+01   
5.58008602E+01   
7.08048610E+01   
8.50152030E+01   
7.35378076E+01   
7.00140028E+01   
7.03742749E+01   
7.22950590E+01   
6.78192639E+01   
7.13730746E+01   
7.34006801E+01   
7.23358672E+01   
6.65258052E+01   
6.78488698E+01   
6.56637327E+01   
5.56669334E+01   
6.56701340E+01   
7.28516703E+01   
7.95098020E+01   
7.20260052E+01   
6.11799360E+01   
7.08488698E+01   
7.93470694E+01   
6.18484697E+01   
7.68504701E+01   
7.38440688E+01   
8.06781356E+01   
5.58548710E+01   
7.35090018E+01   
6.33670734E+01   
8.89827966E+01   
6.67117423E+01   
7.48240648E+01   
7.47453491E+01   
7.96241248E+01   
7.40436087E+01   
7.54693939E+01   
7.13578716E+01   
6.58412683E+01   
6.91867373E+01   
7.55346069E+01   
7.05370074E+01   
7.86677335E+01   
6.84429886E+01   
6.67125425E+01   
6.80136027E+01   
6.73654731E+01   
7.11907381E+01   
7.18380676E+01   
8.03058612E+01   
7.50780156E+01   
6.66593319E+01   
7.03010602E+01   
7.70852170E+01   
8.45526105E+01   
7.55550110E+01   
7.11179236E+01   
7.00156031E+01   
6.95578116E+01   
8.12922585E+01   
7.48336667E+01   
7.46496299E+01   
5.61093219E+01   
8.10164033E+01   
7.89175835E+01   
7.15646129E+01   
7.45437087E+01   
7.13577716E+01   
8.90678136E+01   
8.28320664E+01   
7.61614323E+01   
7.37565513E+01   
8.02504501E+01   
7.37783557E+01   
8.68272655E+01   
6.14513903E+01   
7.13213643E+01   
6.70226045E+01   
8.73169634E+01   
6.71468294E+01   
6.90144029E+01   
8.13439688E+01   
7.36848370E+01   
6.87773555E+01   
7.15894179E+01   
8.44002801E+01   
7.95228046E+01   
6.43974795E+01   
5.68571714E+01   
6.21700340E+01   
6.75619124E+01   
8.16289258E+01   
7.24329866E+01   
6.15990198E+01   
7.18208642E+01   
8.31665333E+01   
8.46687337E+01   
7.96225245E+01   
7.10307061E+01   
6.21952390E+01   
7.32246449E+01   
7.74090818E+01   
6.74272855E+01   
7.22032406E+01   
7.94028806E+01   
7.64216843E+01   
7.12150430E+01   
6.86159232E+01   
6.62097419E+01   
8.00071014E+01   
5.70185037E+01   
7.16186237E+01   
7.24303861E+01   
7.89893979E+01   
7.55908182E+01   
6.32843569E+01   
8.99986997E+01   
8.02424485E+01   
8.29713943E+01   
7.39890978E+01   
7.04515903E+01   
7.88096619E+01   
7.74595919E+01   
7.94696939E+01   
5.87020404E+01   
6.45993199E+01   
6.72612523E+01   
8.62243449E+01   
7.44338868E+01   
7.43897780E+01   
6.58064613E+01   
7.90653131E+01   
8.69658932E+01   
8.23833767E+01   
7.50701140E+01   
8.54201840E+01   
5.98245649E+01   
7.83797760E+01   
8.00156031E+01   
8.45893179E+01   
7.51606321E+01   
7.64362873E+01   
8.48044609E+01   
7.44430886E+01   
8.57235447E+01   
7.30120024E+01   
6.17960592E+01   
6.32567514E+01   
9.20176035E+01   
8.06290258E+01   
7.69710942E+01   
6.79270854E+01   
7.18881776E+01   
7.47976595E+01   
7.60160032E+01   
6.91378276E+01   
6.67944589E+01   
7.60140028E+01   
7.28969794E+01   
8.86693339E+01   
9.29248850E+01   
6.47867574E+01   
8.14590918E+01   
6.93469694E+01   
7.58982797E+01   
7.28122625E+01   
8.33469694E+01   
7.65689138E+01   
7.51178236E+01   
8.13397680E+01   
6.21118224E+01   
7.39161832E+01   
6.83720744E+01   
7.69233847E+01   
7.72922585E+01   
6.67437487E+01   
8.65106021E+01   
7.82419484E+01   
6.57852571E+01   
7.34718944E+01   
7.24734947E+01   
6.66355271E+01   
6.62431486E+01   
7.71669334E+01   
6.51660332E+01   
7.30221044E+01   
8.02491498E+01   
8.63911782E+01   
7.28510702E+01   
7.47796559E+01   
8.25814163E+01   
7.09112823E+01   
6.48253651E+01   
8.87222444E+01   
8.79028806E+01   
8.84866973E+01   
7.80726145E+01   
7.65967193E+01   
5.82491498E+01   
6.74870974E+01   
6.73009602E+01   
7.17744549E+01   
6.16804361E+01   
7.74922985E+01   
6.79066813E+01   
6.11663333E+01   
7.55730146E+01   
7.24935987E+01   
6.39013803E+01   
7.43291658E+01   
7.39467894E+01   
9.01464293E+01   
6.94346869E+01   
8.43159632E+01   
7.49849970E+01   
6.92317463E+01   
7.92115423E+01   
8.63317664E+01   
8.35467093E+01   
7.90322064E+01   
6.57122424E+01   
8.14912983E+01   
6.90472094E+01   
8.07550510E+01   
6.94988998E+01   
8.63051610E+01   
6.57480496E+01   
7.75251050E+01   
7.02465493E+01   
7.82773555E+01   
8.60100020E+01   
8.00166033E+01   
7.42645529E+01   
7.92677536E+01   
7.70068014E+01   
6.85159032E+01   
6.55331066E+01   
8.52323465E+01   
7.85171034E+01   
6.97970594E+01   
7.54670934E+01   
6.80428086E+01   
7.71014203E+01   
7.76916383E+01   
8.10362072E+01   
8.12949590E+01   
8.24596919E+01   
8.15533107E+01   
7.09905981E+01   
8.15303061E+01   
7.49865973E+01   
8.50788158E+01   
7.89849970E+01   
7.87580516E+01   
7.63882777E+01   
7.15299060E+01   
7.05713143E+01   
9.12743549E+01   
7.31891378E+01   
6.94065813E+01   
7.10168034E+01   
7.39689938E+01   
7.53269654E+01   
8.33896779E+01   
7.56447289E+01   
7.88545709E+01   
8.32356471E+01   
8.35822164E+01   
7.56021204E+01   
6.79553911E+01   
7.81388278E+01   
9.22197439E+01   
8.48154631E+01   
8.63513703E+01   
8.44779956E+01   
7.18154631E+01   
7.25499100E+01   
7.98679736E+01   
6.73553711E+01   
6.91668334E+01   
8.57472494E+01   
6.94764953E+01   
7.73934787E+01   
8.13669734E+01   
7.19132827E+01   
8.49317864E+01   
8.48322665E+01   
8.68346669E+01   
7.89277856E+01   
8.30125025E+01   
7.48334667E+01   
6.52056411E+01   
7.70172034E+01   
8.21929386E+01   
6.93650730E+01   
7.31158232E+01   
7.39113823E+01   
8.05663133E+01   
7.48446689E+01   
7.92927586E+01   
8.09057812E+01   
8.15703141E+01   
8.11286257E+01   
8.22292458E+01   
8.66418284E+01   
8.21793359E+01   
8.74165833E+01   
8.34580916E+01   
7.86489298E+01   
7.08566713E+01   
6.70144029E+01   
7.35783157E+01   
8.09916983E+01   
9.48455691E+01   
8.89072815E+01   
7.60327065E+01   
7.58666733E+01   
7.03098620E+01   
7.67288458E+01   
8.04350870E+01   
8.80191038E+01   
8.15888178E+01   
9.31507301E+01   
6.72987598E+01   
7.67555511E+01   
8.97070414E+01   
7.88625725E+01   
7.60313063E+01   
7.50582116E+01   
7.85272054E+01   
7.59091818E+01   
7.82778556E+01   
8.11766353E+01   
8.45983197E+01   
7.72325465E+01   
7.65546109E+01   
7.22219444E+01   
7.73071614E+01   
7.98934787E+01   
7.26711342E+01   
7.55908182E+01   
8.07872575E+01   
7.36051210E+01   
7.69538908E+01   
6.88998800E+01   
8.84244849E+01   
8.10865173E+01   
7.77212442E+01   
6.73139628E+01   
7.71829366E+01   
7.09595919E+01   
7.33347670E+01   
8.03832767E+01   
9.04348870E+01   
7.30068014E+01   
8.69266853E+01   
8.10124025E+01   
7.95142028E+01   
7.10220044E+01   
7.93079616E+01   
7.99350870E+01   
7.83023605E+01   
7.37833567E+01   
5.94328866E+01   
7.63487698E+01   
7.94112823E+01   
8.55859172E+01   
7.88405681E+01   
7.89310862E+01   
7.58818764E+01   
8.67929586E+01   
6.06255251E+01   
7.98525705E+01   
7.79370874E+01   
7.54821964E+01   
8.92462492E+01   
8.49414883E+01   
9.00188038E+01   
1.01401280E+02   
8.33080616E+01   
8.29661932E+01   
8.58498700E+01   
8.50168034E+01   
8.13952791E+01   
8.87713543E+01   
8.02103421E+01   
6.56902380E+01   
7.36437287E+01   
7.11388278E+01   
8.40152030E+01   
8.69558912E+01   
7.28767754E+01   
7.45273055E+01   
8.11632326E+01   
9.21286257E+01   
9.33327666E+01   
8.22814563E+01   
8.59064813E+01   
8.02313463E+01   
7.36996399E+01   
8.86988398E+01   
8.09698940E+01   
7.58335667E+01   
7.13319664E+01   
8.07160432E+01   
8.91459292E+01   
8.67385477E+01   
8.03760752E+01   
8.41668334E+01   
7.49746949E+01   
6.88358672E+01   
7.57646529E+01   
7.13708742E+01   
7.69830966E+01   
9.17233447E+01   
7.53086617E+01   
7.97763553E+01   
7.31749350E+01   
7.97976595E+01   
7.32415483E+01   
8.94150830E+01   
8.86904381E+01   
8.19741948E+01   
8.00184037E+01   
8.10924185E+01   
8.05995199E+01   
9.63632727E+01   
7.57347469E+01   
7.86582316E+01   
8.20414083E+01   
8.09800960E+01   
8.43677736E+01   
7.06674335E+01   
1.01002200E+02   
7.17083417E+01   
8.43528706E+01   
8.69987998E+01   
8.63668734E+01   
8.63420684E+01   
7.80204041E+01   
7.83471694E+01   
7.00159032E+01   
6.86746349E+01   
7.43643729E+01   
8.73417684E+01   
8.60357071E+01   
9.86832366E+01   
8.46642328E+01   
7.86792358E+01   
9.03757752E+01   
8.70311062E+01   
8.96399280E+01   
8.26772354E+01   
7.80478096E+01   
9.36784357E+01   
9.10172034E+01   
8.96971394E+01   
8.74216843E+01   
9.83181636E+01   
9.45613123E+01   
7.28202641E+01   
1.00046309E+02   
8.42013403E+01   
7.93858772E+01   
8.17617524E+01   
9.37067413E+01   
8.58608722E+01   
7.64249850E+01   
8.39142829E+01   
7.95008002E+01   
8.83643729E+01   
7.65216043E+01   
7.64385877E+01   
8.70571114E+01   
9.36708342E+01   
8.74078816E+01   
9.99752951E+01   
7.52761552E+01   
8.10160032E+01   
7.72060412E+01   
8.66798360E+01   
7.17622525E+01   
8.61677335E+01   
8.22118424E+01   
8.99311862E+01   
8.69656931E+01   
7.84994999E+01   
7.87770554E+01   
8.44282857E+01   
7.94275855E+01   
7.03671734E+01   
7.67838568E+01   
8.19140828E+01   
9.64083817E+01   
8.30152030E+01   
7.93040608E+01   
8.05741148E+01   
9.68801760E+01   
8.10160032E+01   
8.98733747E+01   
9.85162032E+01   
8.15106021E+01   
7.82389478E+01   
7.80172034E+01   
8.42213443E+01   
8.91726345E+01   
7.76576315E+01   
9.33416683E+01   
9.06104221E+01   
8.19324865E+01   
8.60768154E+01   
8.13147630E+01   
8.52765553E+01   
8.78421684E+01   
8.44690938E+01   
7.79265853E+01   
8.95653131E+01   
9.15540108E+01   
7.38374675E+01   
7.57628526E+01   
9.05585117E+01   
8.94573915E+01   
8.24818964E+01   
9.52844569E+01   
8.14469894E+01   
7.52198440E+01   
9.91207241E+01   
8.43333667E+01   
8.85963193E+01   
8.31709342E+01   
8.91888378E+01   
8.38005601E+01   
7.16846369E+01   
8.11267253E+01   
8.81291258E+01   
8.92462492E+01   
8.81593319E+01   
8.99000800E+01   
7.94892979E+01   
9.20500100E+01   
8.79915983E+01   
8.07851570E+01   
7.43895779E+01   
7.65147029E+01   
9.25165033E+01   
7.75225045E+01   
9.61405281E+01   
7.78892779E+01   
9.25527105E+01   
9.45958192E+01   
7.65255051E+01   
8.08352671E+01   
7.05767153E+01   
8.12898580E+01   
8.99154831E+01   
8.60871174E+01   
7.82962593E+01   
9.16814363E+01   
8.45946189E+01   
7.87309462E+01   
7.94892979E+01   
1.03035507E+02   
1.04404781E+02   
8.68983797E+01   
8.54649930E+01   
1.03869274E+02   
1.00322665E+02   
8.67180436E+01   
8.35527105E+01   
8.32521504E+01   
9.03205641E+01   
9.74027806E+01   
9.61082216E+01   
7.31245249E+01   
9.21111222E+01   
1.02437988E+02   
8.73041608E+01   
8.66288258E+01   
7.55158032E+01   
9.17394479E+01   
9.02492498E+01   
8.39025805E+01   
7.87250450E+01   
7.34977996E+01   
7.54435887E+01   
7.99282857E+01   
8.79333867E+01   
8.53718744E+01   
8.32705541E+01   
9.36240248E+01   
8.61975395E+01   
9.26541308E+01   
9.34099820E+01   
8.96212242E+01   
8.83866773E+01   
8.56224245E+01   
8.92256451E+01   
9.18095619E+01   
7.84304861E+01   
9.47962593E+01   
9.86212242E+01   
9.06002200E+01   
9.34284857E+01   
9.96277255E+01   
8.06311262E+01   
7.54069814E+01   
9.28158632E+01   
1.03419184E+02   
1.00820764E+02   
1.05217644E+02   
9.30113023E+01   
8.70172034E+01   
9.60410082E+01   
8.49933987E+01   
1.00226745E+02   
8.51933387E+01   
8.63996799E+01   
7.72271454E+01   
9.30152030E+01   
8.64721944E+01   
9.31526305E+01   
8.90746149E+01   
9.91464293E+01   
1.01518304E+02   
8.81701340E+01   
9.38327666E+01   
8.93864773E+01   
9.20168034E+01   
9.73309662E+01   
9.74750950E+01   
9.28826765E+01   
8.39684937E+01   
1.03351370E+02   
9.39137828E+01   
9.81952390E+01   
8.41326265E+01   
9.49608922E+01   
8.85445089E+01   
8.14464893E+01   
1.00065413E+02   
9.26731346E+01   
9.67784557E+01   
8.49472895E+01   
9.76024205E+01   
9.07712543E+01   
9.06779356E+01   
1.01177035E+02   
9.27720544E+01   
8.96032206E+01   
1.00099320E+02   
9.11926385E+01   
9.00949190E+01   
8.87628526E+01   
1.11110722E+02   
9.75037007E+01   
1.09408082E+02   
9.37847570E+01   
9.02767554E+01   
9.11752350E+01   
7.71219244E+01   
8.53316663E+01   
8.52823565E+01   
9.44399880E+01   
8.99774955E+01   
1.00406281E+02   
9.61287257E+01   
8.75916183E+01   
8.89565913E+01   
1.01268654E+02   
1.16072214E+02   
9.24447890E+01   
9.80196039E+01   
9.74459892E+01   
9.31789358E+01   
1.02560112E+02   
9.90520104E+01   
8.82889578E+01   
9.58780756E+01   
8.87316463E+01   
9.73086617E+01   
9.51545309E+01   
9.17371474E+01   
9.98541708E+01   
8.51679336E+01   
8.81536307E+01   
1.15741548E+02   
9.70168034E+01   
8.75844169E+01   
8.31508302E+01   
8.40479096E+01   
9.34870974E+01   
9.38516703E+01   
9.48069614E+01   
8.49278856E+01   
9.11943389E+01   
9.68915783E+01   
9.43533707E+01   
9.59981996E+01   
1.00470594E+02   
9.15139028E+01   
1.13645129E+02   
8.82041408E+01   
9.67711542E+01   
9.89682937E+01   
9.50701140E+01   
9.33045609E+01   
8.52139428E+01   
8.93468694E+01   
1.16500900E+02   
9.34061812E+01   
9.51091218E+01   
1.05158932E+02   
8.85555111E+01   
1.02790758E+02   
1.00453091E+02   
1.10484197E+02   
9.49104821E+01   
8.73482697E+01   
8.89099820E+01   
1.03459692E+02   
8.90283057E+01   
9.72237447E+01   
1.03694739E+02   
9.91674335E+01   
9.74229846E+01   
9.03328666E+01   
9.99757952E+01   
1.00746549E+02   
9.98135627E+01   
8.35281056E+01   
8.54655931E+01   
8.56163233E+01   
9.20196039E+01   
1.01133827E+02   
1.08003001E+02   
9.17608522E+01   
9.11526305E+01   
1.07785757E+02   
9.65455091E+01   
1.12568414E+02   
9.42068414E+01   
1.05565613E+02   
1.03836767E+02   
1.00566013E+02   
8.98340668E+01   
9.66508302E+01   
1.01488298E+02   
1.00913683E+02   
9.98447690E+01   
9.11048210E+01   
8.55608122E+01   
9.04759952E+01   
9.42680536E+01   
9.02742549E+01   
9.60537107E+01   
8.96139228E+01   
9.40421084E+01   
9.80019004E+01   
1.02639628E+02   
9.55596119E+01   
1.05558812E+02   
9.74819964E+01   
1.04719544E+02   
1.07858472E+02   
9.49984997E+01   
9.33594719E+01   
1.01949990E+02   
1.04022805E+02   
1.07839668E+02   
1.20205941E+02   
1.00970094E+02   
9.72216443E+01   
8.70824165E+01   
8.79498900E+01   
9.85540108E+01   
9.52800560E+01   
9.74855971E+01   
9.98283657E+01   
8.79579916E+01   
1.05798460E+02   
9.33655731E+01   
1.00549610E+02   
9.01968394E+01   
1.01370774E+02   
1.03662833E+02   
9.50736147E+01   
9.30959192E+01   
1.15801160E+02   
1.03933287E+02   
9.20192038E+01   
1.02439988E+02   
1.11124425E+02   
9.63260652E+01   
8.66107221E+01   
1.04821964E+02   
1.00365273E+02   
8.66860372E+01   
8.93027606E+01   
9.66348270E+01   
1.03037908E+02   
1.02159632E+02   
9.88528706E+01   
9.42791558E+01   
1.06893979E+02   
1.02461192E+02   
1.03392078E+02   
9.14175835E+01   
9.24607922E+01   
1.03655231E+02   
8.50180036E+01   
1.01389178E+02   
8.53088618E+01   
9.86975395E+01   
1.16538808E+02   
8.67396479E+01   
8.61144229E+01   
8.21135227E+01   
1.07664033E+02   
1.01413583E+02   
1.09596819E+02   
1.03876775E+02   
1.35052811E+02   
1.14268854E+02   
9.38319664E+01   
1.07945589E+02   
1.17074415E+02   
1.13927185E+02   
9.83280656E+01   
8.53927786E+01   
1.16977195E+02   
1.16428386E+02   
1.14735647E+02   
9.63155631E+01   
1.08608422E+02   
1.06039608E+02   
9.90044009E+01   
1.19989998E+02   
1.11500800E+02   
1.06532006E+02   
9.91332266E+01   
1.02511602E+02   
1.03874375E+02   
1.00656831E+02   
1.06945989E+02   
1.18091618E+02   
9.89659932E+01   
1.04047610E+02   
1.00495999E+02   
9.80624125E+01   
1.06979996E+02   
1.02517604E+02   
1.10548010E+02   
1.12040808E+02   
8.10048010E+01   
1.12516803E+02   
1.15027606E+02   
1.07018004E+02   
1.04022004E+02   
9.45100020E+01   
1.12025605E+02   
1.06520804E+02   
9.65056011E+01   
9.35240048E+01   
1.01554411E+02   
1.03991198E+02   
9.45300060E+01   
1.02532406E+02   
9.65172034E+01   
1.07535607E+02   
9.74651930E+01   
7.55124025E+01   
8.70056011E+01   
1.04638428E+02   
1.08969994E+02   
9.70212042E+01   
9.94983997E+01   
9.56240248E+01   
1.05516803E+02   
1.13007201E+02   
1.04349170E+02   
9.65836167E+01   
1.18549210E+02   
1.07510002E+02   
1.06552410E+02   
1.07066013E+02   
1.23069214E+02   
1.12488398E+02   
9.63867774E+01   
1.05608422E+02   
9.24555911E+01   
1.07642028E+02   
1.03537207E+02   
1.01221144E+02   
9.06780356E+01   
1.07141228E+02   
1.01413583E+02   
1.02824065E+02   
1.05633927E+02   
9.80852170E+01   
1.16088418E+02   
1.19302861E+02   
1.07293559E+02   
1.01356771E+02   
1.07206841E+02   
1.18061212E+02   
1.04905981E+02   
9.76212242E+01   
1.05819164E+02   
1.13185637E+02   
1.02416383E+02   
1.03498800E+02   
9.37559512E+01   
1.03284057E+02   
1.22634027E+02   
1.14266753E+02   
9.76356271E+01   
1.23547710E+02   
1.12259952E+02   
1.09875175E+02   
1.20445989E+02   
9.39691938E+01   
9.66496299E+01   
1.08600820E+02   
1.16969194E+02   
1.06385977E+02   
1.09823665E+02   
1.07272354E+02   
1.09378776E+02   
1.08547610E+02   
1.03190938E+02   
1.15847469E+02   
1.10029306E+02   
1.09843569E+02   
1.15653931E+02   
1.09393279E+02   
1.11175935E+02   
1.12807261E+02   
1.07166333E+02   
1.06879276E+02   
1.06089218E+02   
1.05288358E+02   
1.05952791E+02   
1.11226445E+02   
1.16835667E+02   
1.22786657E+02   
1.19122925E+02   
1.15736347E+02   
1.14776055E+02   
1.03413583E+02   
1.20411182E+02   
1.18784857E+02   
1.21258352E+02   
9.72527506E+01   
1.06557612E+02   
9.18623725E+01   
1.02953291E+02   
1.19941988E+02   
1.23369774E+02   
1.13131826E+02   
1.02479596E+02   
1.12769354E+02   
1.21897479E+02   
1.16818464E+02   
1.21395979E+02   
1.29393579E+02   
9.36934387E+01   
8.74544909E+01   
1.24196039E+02   
1.05744049E+02   
1.13657632E+02   
1.07203941E+02   
1.03296459E+02   
1.16301260E+02   
1.19665633E+02   
1.23648730E+02   
1.07094719E+02   
9.48275655E+01   
1.26728246E+02   
1.19442288E+02   
1.18023205E+02   
1.08122424E+02   
1.26674035E+02   
1.19869874E+02   
1.20672434E+02   
1.03060312E+02   
1.08188538E+02   
9.54707942E+01   
1.18127225E+02   
1.23047910E+02   
1.13530606E+02   
1.23473595E+02   
1.20378676E+02   
1.23685237E+02   
1.04249150E+02   
9.74690938E+01   
1.16018704E+02   
1.20687838E+02   
1.07916883E+02   
1.07899880E+02   
1.15134827E+02   
1.14790758E+02   
1.11273755E+02   
1.15791158E+02   
1.10876275E+02   
1.13018804E+02   
1.02412983E+02   
1.25144829E+02   
1.14300660E+02   
1.24750550E+02   
1.22658332E+02   
1.21269654E+02   
1.20528706E+02   
1.22520904E+02   
1.19019804E+02   
1.15903381E+02   
1.01697039E+02   
1.10043009E+02   
1.23687838E+02   
1.04844069E+02   
1.33891478E+02   
1.12849370E+02   
1.36023205E+02   
1.33589618E+02   
1.29724045E+02   
1.27024805E+02   
1.14078216E+02   
1.16267353E+02   
1.30749950E+02   
1.03572515E+02   
1.12748350E+02   
1.18010902E+02   
1.30176335E+02   
1.20158132E+02   
1.33311262E+02   
1.23034107E+02   
9.80212042E+01   
1.25317463E+02   
1.12587017E+02   
1.28887277E+02   
1.20426985E+02   
1.12476195E+02   
1.09544109E+02   
1.09120924E+02   
1.13809662E+02   
1.35375075E+02   
1.22272254E+02   
1.37752450E+02   
1.27296359E+02   
1.14795359E+02   
1.08253451E+02   
1.23558712E+02   
1.32287958E+02   
1.28383377E+02   
1.24552310E+02   
1.12864373E+02   
1.19442388E+02   
1.15881876E+02   
1.25643829E+02   
1.20024005E+02   
1.19930086E+02   
1.22026005E+02   
1.17533907E+02   
1.25100520E+02   
1.25860772E+02   
1.28358472E+02   
1.21358272E+02   
1.28608022E+02   
1.15686737E+02   
1.23701340E+02   
1.27611222E+02   
1.13440788E+02   
1.16681936E+02   
1.19610822E+02   
1.17066613E+02   
1.26046909E+02   
1.20022805E+02   
1.26550910E+02   
1.08198940E+02   
1.30029106E+02   
1.42150530E+02   
1.28670334E+02   
1.30406881E+02   
1.22105021E+02   
1.28797259E+02   
1.44573315E+02   
1.27520604E+02   
1.15063913E+02   
1.24206841E+02   
1.27615623E+02   
1.34836767E+02   
1.17145829E+02   
1.24492999E+02   
1.29833967E+02   
1.41565013E+02   
1.26597720E+02   
1.42690138E+02   
1.37175435E+02   
1.28063813E+02   
1.18427185E+02   
1.22426385E+02   
1.16816063E+02   
1.35798660E+02   
1.25635927E+02   
1.24853971E+02   
1.17003601E+02   
1.28626825E+02   
1.30427686E+02   
1.19227946E+02   
1.43427185E+02   
1.27825165E+02   
1.44059212E+02   
1.30188338E+02   
1.30857071E+02   
1.22619524E+02   
1.29806661E+02   
1.35044509E+02   
1.28800260E+02   
1.21190238E+02   
1.33465793E+02   
1.20999900E+02   
1.16150930E+02   
1.39503101E+02   
1.46875775E+02   
1.42454891E+02   
1.40564213E+02   
1.33456091E+02   
1.35027205E+02   
1.34292458E+02   
1.29891378E+02   
1.27989998E+02   
1.34325365E+02   
9.86564313E+01   
1.26774355E+02   
1.32708942E+02   
1.09300160E+02   
1.26975495E+02   
1.44073315E+02   
1.34086517E+02   
1.17639228E+02   
1.28159032E+02   
1.39803561E+02   
1.35047710E+02   
1.50482496E+02   
1.36411582E+02   
1.38023905E+02   
1.46568714E+02   
1.42109722E+02   
1.19538908E+02   
1.28589718E+02   
1.33473395E+02   
1.25407181E+02   
1.43530806E+02   
1.36846969E+02   
1.39928386E+02   
1.63222144E+02   
1.30311462E+02   
1.39546709E+02   
1.24682236E+02   
1.45163833E+02   
1.22714443E+02   
1.30513303E+02   
1.36918284E+02   
1.47760952E+02   
1.68028806E+02   
1.53391378E+02   
1.61773355E+02   
1.35673635E+02   
1.44276855E+02   
1.54779156E+02   
1.25278456E+02   
1.33782557E+02   
1.64283257E+02   
1.38262052E+02   
1.29265453E+02   
1.33923485E+02   
1.53028406E+02   
1.33864073E+02   
1.44935887E+02   
1.46769954E+02   
1.49476095E+02   
1.34614523E+02   
1.36729746E+02   
1.32765153E+02   
1.24025205E+02   
1.20500300E+02   
1.38551010E+02   
1.41080516E+02   
1.36558112E+02   
1.51295659E+02   
1.33131126E+02   
1.59197740E+02   
1.37959392E+02   
1.32662833E+02   
1.32141228E+02   
1.20740248E+02   
1.33484297E+02   
1.42109722E+02   
1.48577816E+02   
1.29298560E+02   
1.46682637E+02   
1.36645429E+02   
1.36941288E+02   
1.38644129E+02   
1.49800960E+02   
1.35279356E+02   
1.41506201E+02   
1.33950990E+02   
1.32269654E+02   
1.39874175E+02   
1.51901780E+02   
1.35820264E+02   
1.37532206E+02   
1.25090318E+02   
1.36171034E+02   
1.45598520E+02   
1.50601720E+02   
1.49537007E+02   
1.43431886E+02   
1.28800260E+02   
1.33829466E+02   
1.49836667E+02   
1.31737548E+02   
1.60028806E+02   
1.49024905E+02   
1.57971494E+02   
1.27908982E+02   
1.25025605E+02   
1.30564613E+02   
1.33135427E+02   
1.48219844E+02   
1.35131426E+02   
1.32326865E+02   
1.39978896E+02   
1.58838768E+02   
1.55218844E+02   
1.34377175E+02   
1.49156831E+02   
1.47771854E+02   
1.47586717E+02   
1.41332066E+02   
1.43601820E+02   
1.25564713E+02   
1.37802561E+02   
1.59649330E+02   
1.43203141E+02   
1.52403081E+02   
1.30992098E+02   
1.49528106E+02   
1.50688438E+02   
1.44487998E+02   
1.46999700E+02   
1.52292258E+02   
1.56957091E+02   
1.63469994E+02   
1.63029606E+02   
1.41647029E+02   
1.31072214E+02   
1.58690438E+02   
1.55100420E+02   
1.64266553E+02   
1.52400980E+02   
1.62353671E+02   
1.43355271E+02   
1.32414383E+02   
1.50005401E+02   
1.48364773E+02   
1.70699940E+02   
1.47020504E+02   
1.50028406E+02   
1.47693639E+02   
1.53350770E+02   
1.49706841E+02   
1.49363073E+02   
1.30692539E+02   
1.51699740E+02   
1.49039108E+02   
1.66345469E+02   
1.51706641E+02   
1.62049910E+02   
1.45657031E+02   
1.48402080E+02   
1.61002501E+02   
1.67733547E+02   
1.59045709E+02   
1.55363173E+02   
1.84392178E+02   
1.51579216E+02   
1.50406281E+02   
1.66431186E+02   
1.64302060E+02   
1.42662232E+02   
1.62161032E+02   
1.53546909E+02   
1.55150130E+02   
1.48229846E+02   
1.53729746E+02   
1.66352771E+02   
1.65174935E+02   
1.62003901E+02   
1.48355971E+02   
1.50999900E+02   
1.62641428E+02   
1.47743349E+02   
1.49242849E+02   
1.54536507E+02   
1.54353171E+02   
1.70472695E+02   
1.61355171E+02   
1.46333467E+02   
1.47343569E+02   
1.58975495E+02   
1.54575715E+02   
1.42028806E+02   
1.53980296E+02   
1.69474995E+02   
1.75569314E+02   
1.63351170E+02   
1.60190438E+02   
1.57291458E+02   
1.71937287E+02   
1.67519504E+02   
1.59747049E+02   
1.68523105E+02   
1.71792759E+02   
1.45527906E+02   
1.28280456E+02   
1.36657732E+02   
1.65161432E+02   
1.59767153E+02   
1.56542308E+02   
1.47273055E+02   
1.53339968E+02   
1.56720044E+02   
1.55884977E+02   
1.73999800E+02   
1.71663433E+02   
1.58339968E+02   
1.56031606E+02   
1.50953091E+02   
1.52122224E+02   
1.78955891E+02   
1.85341568E+02   
1.74257451E+02   
1.68118124E+02   
1.70863373E+02   
1.71814963E+02   
1.65553811E+02   
1.54424885E+02   
1.71335967E+02   
1.55729646E+02   
1.64939888E+02   
1.58145329E+02   
1.49631926E+02   
1.52221044E+02   
1.65120524E+02   
1.68735247E+02   
1.56135727E+02   
1.78037608E+02   
1.47028806E+02   
1.80630726E+02   
1.72943889E+02   
1.59590318E+02   
1.61694739E+02   
1.57197840E+02   
1.67141728E+02   
1.71847770E+02   
1.75738848E+02   
1.75261852E+02   
1.70711742E+02   
1.63016303E+02   
1.76973495E+02   
1.80800560E+02   
1.88860172E+02   
1.90104421E+02   
1.78895179E+02   
1.57909082E+02   
1.84987097E+02   
1.83575815E+02   
1.89706341E+02   
1.60818664E+02   
1.57517904E+02   
1.94909982E+02   
1.84383377E+02   
1.72034007E+02   
1.58499100E+02   
1.78396979E+02   
1.72509602E+02   
1.64168134E+02   
1.76447590E+02   
1.77756151E+02   
1.70892278E+02   
1.73172434E+02   
1.82609322E+02   
1.58599420E+02   
1.73760252E+02   
1.64028106E+02   
1.72615023E+02   
1.71902581E+02   
1.87153131E+02   
1.57013303E+02   
1.68925285E+02   
1.95498000E+02   
1.87262553E+02   
1.86065113E+02   
1.88070714E+02   
1.80599520E+02   
1.86317964E+02   
1.72553611E+02   
1.59963293E+02   
1.79892278E+02   
1.69689738E+02   
1.88034807E+02   
1.89593919E+02   
2.12426985E+02   
1.80190538E+02   
2.04847970E+02   
1.95803161E+02   
1.95315163E+02   
1.86764053E+02   
1.84720244E+02   
1.87394779E+02   
1.70661032E+02   
1.76750150E+02   
1.76222845E+02   
1.83125125E+02   
1.65398980E+02   
1.80315663E+02   
1.94780556E+02   
1.64653631E+02   
1.75473995E+02   
1.92492899E+02   
1.94064913E+02   
1.89195239E+02   
1.80689838E+02   
1.94843869E+02   
1.98206041E+02   
2.01866773E+02   
1.72768854E+02   
2.00708342E+02   
2.05363973E+02   
1.89771754E+02   
1.95037207E+02   
2.06195039E+02   
1.93758152E+02   
2.10451890E+02   
1.72502100E+02   
1.97263753E+02   
1.79633627E+02   
1.86455891E+02   
1.96197940E+02   
1.85351770E+02   
1.88299960E+02   
1.85822264E+02   
1.90902581E+02   
1.72344969E+02   
1.94080616E+02   
1.95737848E+02   
1.60192438E+02   
1.92109322E+02   
1.97404581E+02   
1.94968794E+02   
2.00812663E+02   
1.90098020E+02   
2.03291258E+02   
1.81291058E+02   
1.86264553E+02   
1.94475295E+02   
1.95827666E+02   
1.90760252E+02   
2.09707241E+02   
2.02368774E+02   
1.94323565E+02   
1.83006001E+02   
2.03518704E+02   
2.03259752E+02   
1.94577315E+02   
2.10763453E+02   
2.21062613E+02   
1.97039208E+02   
1.98528706E+02   
2.14047610E+02   
2.08541108E+02   
2.04290758E+02   
2.10282757E+02   
1.91290558E+02   
1.83554511E+02   
2.09554311E+02   
1.91767453E+02   
1.93770054E+02   
2.17556711E+02   
2.28083417E+02   
2.05471494E+02   
1.83108422E+02   
2.05004801E+02   
2.16795659E+02   
1.96506901E+02   
2.16598920E+02   
2.05337568E+02   
2.06206141E+02   
2.18884277E+02   
2.02588618E+02   
1.93614923E+02   
1.91589118E+02   
1.93835067E+02   
2.13283557E+02   
1.93445889E+02   
1.93518304E+02   
2.06277155E+02   
1.95189538E+02   
2.08123625E+02   
1.80798460E+02   
1.99799260E+02   
2.15187037E+02   
1.99042408E+02   
1.82067113E+02   
2.05217343E+02   
2.17314663E+02   
2.19215043E+02   
2.17927586E+02   
2.33287257E+02   
2.27158732E+02   
2.15110222E+02   
2.36646329E+02   
2.33682036E+02   
2.22702140E+02   
2.18624625E+02   
2.05366273E+02   
2.07126725E+02   
2.07576915E+02   
2.41040608E+02   
2.59432486E+02   
2.25507902E+02   
2.15179036E+02   
2.10686237E+02   
2.17080016E+02   
2.27298660E+02   
2.36955391E+02   
2.25359372E+02   
2.31998900E+02   
2.54232847E+02   
2.21539808E+02   
2.31367774E+02   
2.35144629E+02   
2.10849570E+02   
2.34775055E+02   
2.13334467E+02   
2.27578216E+02   
2.41834367E+02   
2.26042809E+02   
2.26151830E+02   
2.13379576E+02   
2.21158132E+02   
2.11810962E+02   
2.14376975E+02   
2.39626725E+02   
2.30812362E+02   
2.23066913E+02   
2.34562713E+02   
2.29262753E+02   
2.23793159E+02   
2.36983197E+02   
2.34007101E+02   
2.52256051E+02   
2.29787958E+02   
2.22180636E+02   
2.41861672E+02   
1.91658532E+02   
2.20705141E+02   
2.47110922E+02   
2.61265553E+02   
2.36194639E+02   
1.97757151E+02   
2.25402581E+02   
2.47912983E+02   
2.30601320E+02   
2.52098020E+02   
2.60266753E+02   
2.31189138E+02   
2.26775955E+02   
2.48412983E+02   
2.33518804E+02   
2.33734247E+02   
2.52000300E+02   
2.52095719E+02   
2.58708142E+02   
2.43054611E+02   
2.38757451E+02   
2.23482997E+02   
2.54336867E+02   
2.55260352E+02   
2.54386377E+02   
2.35543809E+02   
2.31695939E+02   
2.58715243E+02   
2.44948390E+02   
2.27546709E+02   
2.37983297E+02   
2.63420084E+02   
2.56489298E+02   
2.55411182E+02   
2.55040308E+02   
2.60265653E+02   
2.35671634E+02   
2.72213343E+02   
2.41080216E+02   
2.43248050E+02   
2.24043909E+02   
2.37446989E+02   
2.61068314E+02   
2.43031606E+02   
2.50842168E+02   
2.54849270E+02   
2.63306661E+02   
2.46408582E+02   
2.62902581E+02   
2.73253151E+02   
2.71995499E+02   
2.57095019E+02   
2.63371774E+02   
2.29631826E+02   
2.60520004E+02   
2.73948590E+02   
2.55025705E+02   
2.52442288E+02   
2.42560812E+02   
2.43280656E+02   
2.59051610E+02   
2.66902380E+02   
2.51009702E+02   
2.61531606E+02   
2.73572414E+02   
2.44800460E+02   
2.69493099E+02   
2.57753851E+02   
2.70273255E+02   
2.71881076E+02   
2.75982697E+02   
2.50304861E+02   
2.96125525E+02   
2.78052210E+02   
2.56225745E+02   
2.83377776E+02   
2.58652330E+02   
2.73976195E+02   
2.68905381E+02   
2.72501000E+02   
2.67583717E+02   
2.73362072E+02   
3.04219844E+02   
2.79679636E+02   
2.89977796E+02   
2.58419184E+02   
2.66048810E+02   
2.84882677E+02   
3.07720344E+02   
2.86477696E+02   
2.82235547E+02   
2.65875675E+02   
2.78309562E+02   
2.76337868E+02   
2.92666033E+02   
2.60976595E+02   
2.80343069E+02   
2.73877676E+02   
2.65176035E+02   
2.67639728E+02   
2.95692639E+02   
2.94010302E+02   
2.78457892E+02   
2.52005201E+02   
2.51138328E+02   
2.68408782E+02   
2.95670834E+02   
3.05447890E+02   
2.82614223E+02   
3.22987998E+02   
3.02201140E+02   
2.64723445E+02   
2.53193939E+02   
3.05441788E+02   
3.03743749E+02   
3.08910482E+02   
3.03380676E+02   
3.08428286E+02   
2.99886077E+02   
2.70223545E+02   
2.98383077E+02   
2.66899280E+02   
2.80882076E+02   
2.92720544E+02   
2.62387077E+02   
3.10235947E+02   
2.95054811E+02   
3.10728946E+02   
2.75354671E+02   
3.30150030E+02   
3.13363873E+02   
3.11918484E+02   
3.16371074E+02   
3.30249150E+02   
3.26902480E+02   
3.15437387E+02   
2.92277556E+02   
3.00513903E+02   
2.93211042E+02   
3.13168834E+02   
3.18782557E+02   
2.99862873E+02   
2.89518904E+02   
2.97607522E+02   
3.01488198E+02   
2.97007201E+02   
2.86427085E+02   
2.90173235E+02   
3.10750150E+02   
2.92533407E+02   
2.96880176E+02   
2.75689838E+02   
2.96395279E+02   
2.80846369E+02   
3.03584717E+02   
2.97214343E+02   
2.95213543E+02   
3.18978396E+02   
2.83460792E+02   
2.98977996E+02   
2.80150030E+02   
3.25882376E+02   
3.07512603E+02   
3.31153631E+02   
3.03962392E+02   
2.93958992E+02   
3.26119724E+02   
2.90691838E+02   
3.00635627E+02   
3.19510602E+02   
3.22768554E+02   
3.09507802E+02   
3.30769754E+02   
2.67292859E+02   
3.31714743E+02   
2.72835067E+02   
2.98979996E+02   
3.22936787E+02   
3.06655631E+02   
2.85801460E+02   
2.72354471E+02   
3.11438188E+02   
3.33637027E+02   
2.87348570E+02   
3.00636927E+02   
3.21501200E+02   
2.95897379E+02   
3.03635427E+02   
2.94341468E+02   
3.20392979E+02   
3.34025805E+02   
3.18456491E+02   
3.29970294E+02   
3.19814663E+02   
2.83280056E+02   
3.10956991E+02   
3.10063613E+02   
3.28280956E+02   
3.00889178E+02   
3.02611722E+02   
3.14191138E+02   
2.92667433E+02   
2.95876375E+02   
3.34871574E+02   
3.21254851E+02   
3.77170434E+02   
3.31757151E+02   
3.09060812E+02   
3.13928086E+02   
3.14061212E+02   
3.07984697E+02   
2.94452991E+02   
3.34385677E+02   
3.12120924E+02   
3.53797860E+02   
3.00105421E+02   
3.10451390E+02   
3.70735897E+02   
3.75075015E+02   
3.75075015E+02   
3.75075015E+02   
3.75075015E+02   
3.96460442E+02   
4.59057211E+02   
4.43448990E+02   
4.39118624E+02   
4.84321064E+02   
4.92220944E+02   
4.85094819E+02   
5.06721244E+02   
4.61349670E+02   
4.68083817E+02   
4.44170534E+02   
4.63646129E+02   
4.57115023E+02   
4.93267954E+02   
4.85561112E+02   
4.91824765E+02   
4.76129826E+02   
4.66264653E+02   
5.05213443E+02   
4.61666933E+02   
4.88156231E+02   
4.99955391E+02   
4.48809562E+02   
4.54630226E+02   
4.95856971E+02   
5.45290758E+02   
4.74361772E+02   
4.98230046E+02   
4.82184237E+02   
4.74357572E+02   
4.91981296E+02   
4.67899880E+02   
5.03864073E+02   
4.85779656E+02   
4.86821964E+02   
5.35385477E+02   
5.03055311E+02   
5.12175635E+02   
5.04330266E+02   
5.36324965E+02   
5.29886477E+02   
5.14551810E+02   
5.09417283E+02   
4.84865073E+02   
4.74216643E+02   
5.04568314E+02   
5.23645229E+02   
5.22283257E+02   
5.24915983E+02   
4.95131926E+02   
5.38460492E+02   
5.30852671E+02   
5.23145929E+02   
5.21000500E+02   
5.46524005E+02   
5.45692338E+02   
5.23570214E+02   
4.92849370E+02   
5.54092318E+02   
5.34361972E+02   
5.13348170E+02   
5.75902581E+02   
5.55857772E+02   
5.61952190E+02   
5.33328666E+02   
5.13600020E+02   
5.52604021E+02   
5.40908982E+02   
5.21610022E+02   
5.12302661E+02   
5.46436187E+02   
5.50796659E+02   
5.28684737E+02   
5.30398980E+02   
5.58861072E+02   
5.03987297E+02   
5.18334167E+02   
5.37077716E+02   
5.22588418E+02   
5.45909882E+02   
5.68542809E+02   
5.70689238E+02   
5.86833067E+02   
6.33763853E+02   
6.14722444E+02   
6.06586017E+02   
5.78323765E+02   
5.48051910E+02   
5.94185637E+02   
5.79553011E+02   
5.93844569E+02   
6.24306461E+02   
5.40182837E+02   
6.08510102E+02   
6.00675235E+02   
6.00124825E+02   
6.34947389E+02   
6.01567213E+02   
5.71178636E+02   
5.85156131E+02   
5.68649630E+02   
5.42285057E+02   
5.51973995E+02   
5.65958892E+02   
5.49340268E+02   
6.09467794E+02   
5.83220144E+02   
5.78584117E+02   
5.88300460E+02   
6.25199140E+02   
5.55365573E+02   
6.01457091E+02   
6.02129026E+02   
5.92401380E+02   
6.42537608E+02   
6.01884677E+02   
6.11147129E+02   
5.86038908E+02   
5.82080716E+02   
6.10339168E+02   
6.05600420E+02   
5.64245349E+02   
5.73446989E+02   
5.72797159E+02   
5.92405081E+02   
6.25345569E+02   
5.77739448E+02   
5.74035807E+02   
5.72026205E+02   
5.50016603E+02   
5.69603321E+02   
6.28452591E+02   
5.57666433E+02   
5.78778356E+02   
5.82380876E+02   
5.97582316E+02   
5.91094019E+02   
5.74853171E+02   
5.84238248E+02   
5.77975395E+02   
6.07336967E+02   
6.06103621E+02   
5.97987397E+02   
5.73447189E+02   
6.07303861E+02   
5.88914283E+02   
5.99328966E+02   
5.42059112E+02   
5.41696939E+02   
6.03001200E+02   
5.95393679E+02   
6.01724745E+02   
5.38843469E+02   
5.89329966E+02   
5.88596319E+02   
5.79272354E+02   
5.62951690E+02   
5.59076215E+02   
5.58431186E+02   
5.78902881E+02   
5.51073715E+02   
5.48035307E+02   
5.52987397E+02   
5.14477495E+02   
5.06780256E+02   
5.37588118E+02   
5.26003201E+02   
5.40414483E+02   
5.34211342E+02   
4.88397980E+02   
5.04625525E+02   
5.10162232E+02   
4.61323865E+02   
4.63498200E+02   
4.91422184E+02   
4.63300960E+02   
4.86036507E+02   
4.62248950E+02   
4.26379176E+02   
4.64708242E+02   
4.56542108E+02   
4.38012102E+02   
4.52300460E+02   
4.43140828E+02   
4.51791658E+02   
4.66143929E+02   
4.22671734E+02   
4.11189138E+02   
4.19500500E+02   
4.48412382E+02   
4.30729446E+02   
4.59532206E+02   
4.17943489E+02   
4.50944089E+02   
4.29732446E+02   
4.26494299E+02   
4.50211642E+02   
4.31351670E+02   
4.11516403E+02   
4.02841768E+02   
4.04698340E+02   
3.97078416E+02   
4.31596519E+02   
4.06871674E+02   
3.78631726E+02   
3.88988198E+02   
4.14259252E+02   
4.19680036E+02   
4.81413883E+02   
4.37750250E+02   
3.82643529E+02   
4.05607421E+02   
4.02954691E+02   
4.11040908E+02   
3.97498300E+02   
3.98449190E+02   
3.90709242E+02   
3.77038908E+02   
4.28800260E+02   
3.90766353E+02   
3.95219744E+02   
3.94499800E+02   
3.89728846E+02   
3.60220844E+02   
3.97133927E+02   
3.90192939E+02   
3.71631026E+02   
4.00747650E+02   
3.90826665E+02   
4.02258352E+02   
3.59605421E+02   
3.78135727E+02   
4.06598220E+02   
3.64348870E+02   
4.06270254E+02   
3.45143429E+02   
4.07725345E+02   
3.74770954E+02   
3.69972595E+02   
3.67437888E+02   
3.25542609E+02   
3.66670834E+02   
3.90832767E+02   
3.81108322E+02   
3.82078016E+02   
3.92048910E+02   
3.67796059E+02   
3.73190938E+02   
3.54555211E+02   
3.69826465E+02   
4.65492919E+02   
5.49309862E+02   
5.49309862E+02   
5.49309862E+02   
5.49309862E+02   
5.49309862E+02   
7.66901240E+02   
7.05534507E+02   
7.13565513E+02   
6.88689438E+02   
7.65261652E+02   
7.60359172E+02   
7.04619624E+02   
7.58879976E+02   
7.70545509E+02   
7.17192939E+02   
7.02870074E+02   
7.48860172E+02   
7.52891278E+02   
7.59765153E+02   
7.41812763E+02   
7.77812963E+02   
7.34742549E+02   
7.33982897E+02   
7.09305161E+02   
6.97383477E+02   
7.50670734E+02   
7.60361572E+02   
7.48842268E+02   
7.50260552E+02   
7.55922685E+02   
7.01243449E+02   
6.94782156E+02   
7.18773755E+02   
7.22402180E+02   
6.90033207E+02   
7.00230146E+02   
7.60646329E+02   
7.48094919E+02   
7.00593519E+02   
7.41830366E+02   
7.46163133E+02   
7.27306561E+02   
7.57997500E+02   
6.75285057E+02   
7.22037207E+02   
6.79568914E+02   
7.17600720E+02   
6.69718644E+02   
7.23859172E+02   
7.40051310E+02   
7.27148830E+02   
7.33167734E+02   
7.15159432E+02   
6.77273355E+02   
7.41219244E+02   
7.98891478E+02   
7.34198940E+02   
7.57170634E+02   
7.41057311E+02   
7.25198240E+02   
7.19281556E+02   
6.97058312E+02   
7.38113523E+02   
6.65229046E+02   
7.26073615E+02   
6.96145629E+02   
7.10145629E+02   
7.59145329E+02   
6.98156931E+02   
7.26114823E+02   
6.95164133E+02   
7.30138428E+02   
7.09170934E+02   
7.38048810E+02   
7.04254651E+02   
7.39129826E+02   
7.43128726E+02   
7.25178036E+02   
7.37959392E+02   
7.02396279E+02   
7.39094919E+02   
7.22183037E+02   
7.23010902E+02   
6.99246049E+02   
7.25065613E+02   
7.50486797E+02   
7.93992999E+02   
8.30826065E+02   
9.01770254E+02   
8.80238448E+02   
8.67607622E+02   
8.79966093E+02   
8.81624425E+02   
8.18210542E+02   
8.02018304E+02   
8.07019204E+02   
7.91173435E+02   
7.90610722E+02   
7.98965993E+02   
7.75198340E+02   
7.93708542E+02   
7.30407582E+02   
7.73084317E+02   
7.40138328E+02   
7.28854371E+02   
7.08129126E+02   
7.27955591E+02   
6.96945989E+02   
7.24480996E+02   
6.76261152E+02   
7.55266753E+02   
7.22077616E+02   
6.98730446E+02   
6.80860072E+02   
6.86528606E+02   
6.89101420E+02   
6.96804261E+02   
6.82273155E+02   
6.63807161E+02   
6.41919784E+02   
6.43550910E+02   
6.52546809E+02   
6.49166233E+02   
6.03550410E+02   
6.46634327E+02   
6.64787558E+02   
6.09590118E+02   
6.56316863E+02   
5.96715343E+02   
6.54841768E+02   
5.85609922E+02   
5.75879176E+02   
6.04015603E+02   
5.70641328E+02   
5.46169534E+02   
4.88107522E+02   
5.19918084E+02   
5.34575215E+02   
5.02215643E+02   
4.91669634E+02   
4.79273055E+02   
5.01594619E+02   
4.86912182E+02   
4.55334467E+02   
4.43742649E+02   
5.03507201E+02   
4.31157832E+02   
4.71581516E+02   
4.29991298E+02   
4.29297860E+02   
4.11477696E+02   
4.15183937E+02   
4.01719744E+02   
3.61172234E+02   
4.09976095E+02   
4.11373475E+02   
3.40607421E+02   
3.44030306E+02   
3.41992999E+02   
3.27766453E+02   
3.51438588E+02   
3.55443089E+02   
3.29231646E+02   
3.31985397E+02   
3.42526105E+02   
3.23340368E+02   
3.15916483E+02   
2.97938788E+02   
3.22781656E+02   
2.94957892E+02   
2.72968994E+02   
2.47384477E+02   
2.66264553E+02   
2.49035807E+02   
2.39574415E+02   
2.14171934E+02   
2.07436587E+02   
2.24944089E+02   
1.90704441E+02   
2.14132627E+02   
2.03639028E+02   
1.74351170E+02   
1.84633427E+02   
2.01457792E+02   
1.93292258E+02   
1.73604121E+02   
1.88182436E+02   
1.76274555E+02   
1.76968794E+02   
1.39929386E+02   
1.43519504E+02   
1.80229246E+02   
1.59132226E+02   
1.58881276E+02   
1.51606121E+02   
1.32841368E+02   
1.42871674E+02   
1.30973495E+02   
1.35550310E+02   
1.33076815E+02   
1.34555111E+02   
1.25811162E+02   
1.22483297E+02   
1.17183937E+02   
1.11527405E+02   
1.03737047E+02   
1.20410382E+02   
1.08074915E+02   
1.02454091E+02   
7.96981396E+01   
1.01962693E+02   
1.02846469E+02   
8.51346269E+01   
8.97266453E+01   
9.20172034E+01   
1.05373075E+02   
8.72433487E+01   
8.48340668E+01   
6.99813963E+01   
9.64713943E+01   
8.34451890E+01   
7.34633927E+01   
7.57046409E+01   
7.15758152E+01   
7.28909782E+01   
7.99526905E+01   
7.84615923E+01   
7.55696139E+01   
6.76285257E+01   
6.23377676E+01   
5.83620724E+01   
5.00255051E+01   
5.11291258E+01   
5.98124625E+01   
5.19438888E+01   
5.18084617E+01   
4.12643529E+01   
3.43670734E+01   
8.98480696E+01   
4.29018804E+01   
1.52595319E+02   
3.76602320E+01   
3.29366873E+01   
2.44422885E+01   
2.29322865E+01   
1.52167433E+01   
1.45737147E+01   
1.84342869E+01   
2.16414283E+01   
1.50749150E+01   
1.11490298E+01   
1.90032006E+01   
1.47067413E+01   
6.77805561E+00   
3.21765353E+00   
7.80156031E+00   
7.80156031E+00   
7.80156031E+00   
7.80156031E+00   
7.80156031E+00   
3.60003001E+00   
0.00000000E+00   
0.00000000E+00   
0.00000000E+00   
0.00000000E+00   
0.00000000E+00   
0.00000000E+00   
0.00000000E+00   
0.00000000E+00   
0.00000000E+00   
0.00000000E+00   
8.17163433E-02   
9.18283657E-01   
0.00000000E+00   
0.00000000E+00   
4.16583317E-01   
4.58341668E+00   
0.00000000E+00   
0.00000000E+00   
0.00000000E+00   
0.00000000E+00   
0.00000000E+00   
0.00000000E+00   
0.00000000E+00   
0.00000000E+00   
0.00000000E+00   
0.00000000E+00   
0.00000000E+00   
0.00000000E+00   
0.00000000E+00   
0.00000000E+00   
0.00000000E+00   
0.00000000E+00   
0.00000000E+00   
9.09181836E-02   
9.09081816E-01   
0.00000000E+00   
0.00000000E+00   
1.00000000E+00   
0.00000000E+00   
0.00000000E+00   
0.00000000E+00   
0.00000000E+00   
0.00000000E+00   
0.00000000E+00   
0.00000000E+00   
0.00000000E+00   
0.00000000E+00   
0.00000000E+00   
0.00000000E+00   
0.00000000E+00   
0.00000000E+00   
0.00000000E+00   
0.00000000E+00   
0.00000000E+00   
1.00000000E+00   
0.00000000E+00   
0.00000000E+00   
1.00000000E+00   
0.00000000E+00   
0.00000000E+00   
0.00000000E+00   
0.00000000E+00   
1.02520504E-01   
1.89747950E+00   
0.00000000E+00   
0.00000000E+00   
0.00000000E+00   
1.04520904E-01   
8.95479096E-01   
0.00000000E+00   
0.00000000E+00   
0.00000000E+00   
0.00000000E+00   
0.00000000E+00   
0.00000000E+00   
0.00000000E+00   
0.00000000E+00   
0.00000000E+00   
1.00000000E+00   
0.00000000E+00   
0.00000000E+00   
0.00000000E+00   
0.00000000E+00   
0.00000000E+00   
0.00000000E+00   
1.00000000E+00   
0.00000000E+00   
0.00000000E+00   
0.00000000E+00   
1.13322665E-01   
8.86677335E-01   
0.00000000E+00   
1.14522905E-01   
8.85477095E-01   
0.00000000E+00   
1.15723145E-01   
8.84276855E-01   
0.00000000E+00   
0.00000000E+00   
0.00000000E+00   
0.00000000E+00   
1.00000000E+00   
0.00000000E+00   
0.00000000E+00   
0.00000000E+00   
0.00000000E+00   
0.00000000E+00   
0.00000000E+00   
0.00000000E+00   
0.00000000E+00   
0.00000000E+00   
0.00000000E+00   
0.00000000E+00   
0.00000000E+00   
0.00000000E+00   
1.23724745E-01   
1.12452490E+00   
1.75175035E+00   
0.00000000E+00   
0.00000000E+00   
0.00000000E+00   
0.00000000E+00   
0.00000000E+00   
0.00000000E+00   
1.27325465E-01   
8.72674535E-01   
1.00000000E+00   
0.00000000E+00   
0.00000000E+00   
0.00000000E+00   
0.00000000E+00   
0.00000000E+00   
0.00000000E+00   
1.30926185E-01   
8.69073815E-01   
0.00000000E+00   
0.00000000E+00   
0.00000000E+00   
0.00000000E+00   
0.00000000E+00   
0.00000000E+00   
0.00000000E+00   
0.00000000E+00   
0.00000000E+00   
0.00000000E+00   
0.00000000E+00   
0.00000000E+00   
0.00000000E+00   
0.00000000E+00   
0.00000000E+00   
0.00000000E+00   
0.00000000E+00   
0.00000000E+00   
1.00000000E+00   
0.00000000E+00   
0.00000000E+00   
0.00000000E+00   
0.00000000E+00   
0.00000000E+00   
0.00000000E+00   
0.00000000E+00   
1.42128426E-01   
8.57871574E-01   
0.00000000E+00   
0.00000000E+00   
1.43728746E-01   
8.56271254E-01   
0.00000000E+00   
0.00000000E+00   
0.00000000E+00   
0.00000000E+00   
1.14612923E+00   
8.53870774E-01   
0.00000000E+00   
0.00000000E+00   
0.00000000E+00   
0.00000000E+00   
0.00000000E+00   
0.00000000E+00   
0.00000000E+00   
0.00000000E+00   
0.00000000E+00   
0.00000000E+00   
0.00000000E+00   
0.00000000E+00   
1.00000000E+00   
1.52130426E-01   
1.00040008E+00   
8.47469494E-01   
0.00000000E+00   
0.00000000E+00   
0.00000000E+00   
1.00000000E+00   
0.00000000E+00   
1.55331066E-01   
8.44668934E-01   
0.00000000E+00   
0.00000000E+00   
0.00000000E+00   
0.00000000E+00   
0.00000000E+00   
0.00000000E+00   
0.00000000E+00   
0.00000000E+00   
0.00000000E+00   
0.00000000E+00   
1.60132026E-01   
8.39867974E-01   
0.00000000E+00   
0.00000000E+00   
0.00000000E+00   
0.00000000E+00   
0.00000000E+00   
0.00000000E+00   
1.00000000E+00   
0.00000000E+00   
1.64132827E-01   
8.35867173E-01   
0.00000000E+00   
0.00000000E+00   
0.00000000E+00   
0.00000000E+00   
1.00000000E+00   
0.00000000E+00   
1.67333467E-01   
8.32666533E-01   
0.00000000E+00   
0.00000000E+00   
0.00000000E+00   
0.00000000E+00   
0.00000000E+00   
0.00000000E+00   
0.00000000E+00   
0.00000000E+00   
1.00000000E+00   
0.00000000E+00   
0.00000000E+00   
0.00000000E+00   
1.72934587E-01   
8.27065413E-01   
0.00000000E+00   
0.00000000E+00   
0.00000000E+00   
0.00000000E+00   
0.00000000E+00   
0.00000000E+00   
0.00000000E+00   
0.00000000E+00   
0.00000000E+00   
1.00000000E+00   
0.00000000E+00   
0.00000000E+00   
1.78535707E-01   
8.21464293E-01   
0.00000000E+00   
0.00000000E+00   
0.00000000E+00   
0.00000000E+00   
0.00000000E+00   
0.00000000E+00   
0.00000000E+00   
0.00000000E+00   
1.00000000E+00   
0.00000000E+00   
0.00000000E+00   
0.00000000E+00   
0.00000000E+00   
0.00000000E+00   
0.00000000E+00   
3.70674135E-01   
1.62932587E+00   
0.00000000E+00   
1.00000000E+00   
0.00000000E+00   
0.00000000E+00   
0.00000000E+00   
0.00000000E+00   
0.00000000E+00   
0.00000000E+00   
0.00000000E+00   
0.00000000E+00   
0.00000000E+00   
0.00000000E+00   
0.00000000E+00   
0.00000000E+00   
0.00000000E+00   
1.92138428E-01   
8.07861572E-01   
0.00000000E+00   
0.00000000E+00   
0.00000000E+00   
0.00000000E+00   
0.00000000E+00   
0.00000000E+00   
0.00000000E+00   
0.00000000E+00   
0.00000000E+00   
0.00000000E+00   
0.00000000E+00   
0.00000000E+00   
0.00000000E+00   
0.00000000E+00   
0.00000000E+00   
0.00000000E+00   
0.00000000E+00   
0.00000000E+00   
0.00000000E+00   
0.00000000E+00   
0.00000000E+00   
0.00000000E+00   
0.00000000E+00   
0.00000000E+00   
0.00000000E+00   
0.00000000E+00   
0.00000000E+00   
0.00000000E+00   
0.00000000E+00   
1.00000000E+00   
0.00000000E+00   
0.00000000E+00   
1.00000000E+00   
0.00000000E+00   
0.00000000E+00   
0.00000000E+00   
0.00000000E+00   
0.00000000E+00   
0.00000000E+00   
0.00000000E+00   
0.00000000E+00   
0.00000000E+00   
0.00000000E+00   
0.00000000E+00   
0.00000000E+00   
0.00000000E+00   
0.00000000E+00   
0.00000000E+00   
0.00000000E+00   
0.00000000E+00   
0.00000000E+00   
0.00000000E+00   
0.00000000E+00   
0.00000000E+00   
0.00000000E+00   
0.00000000E+00   
0.00000000E+00   
0.00000000E+00   
0.00000000E+00   
0.00000000E+00   
0.00000000E+00   
0.00000000E+00   
0.00000000E+00   
0.00000000E+00   
0.00000000E+00   
0.00000000E+00   
0.00000000E+00   
0.00000000E+00   
0.00000000E+00   
0.00000000E+00   
0.00000000E+00   
0.00000000E+00   
0.00000000E+00   
0.00000000E+00   
0.00000000E+00   
0.00000000E+00   
0.00000000E+00   
0.00000000E+00   
0.00000000E+00   
0.00000000E+00   
0.00000000E+00   
2.25345069E-01   
7.74654931E-01   
0.00000000E+00   
0.00000000E+00   
0.00000000E+00   
0.00000000E+00   
0.00000000E+00   
0.00000000E+00   
0.00000000E+00   
0.00000000E+00   
0.00000000E+00   
0.00000000E+00   
1.00000000E+00   
0.00000000E+00   
0.00000000E+00   
0.00000000E+00   
0.00000000E+00   
0.00000000E+00   
0.00000000E+00   
0.00000000E+00   
0.00000000E+00   
0.00000000E+00   
2.34146829E-01   
7.65853171E-01   
0.00000000E+00   
0.00000000E+00   
0.00000000E+00   
0.00000000E+00   
0.00000000E+00   
0.00000000E+00   
0.00000000E+00   
0.00000000E+00   
0.00000000E+00   
0.00000000E+00   
0.00000000E+00   
0.00000000E+00   
0.00000000E+00   
0.00000000E+00   
0.00000000E+00   
0.00000000E+00   
0.00000000E+00   
0.00000000E+00   
0.00000000E+00   
0.00000000E+00   
0.00000000E+00   
0.00000000E+00   
0.00000000E+00   
0.00000000E+00   
0.00000000E+00   
0.00000000E+00   
0.00000000E+00   
0.00000000E+00   
0.00000000E+00   
0.00000000E+00   
0.00000000E+00   
0.00000000E+00   
0.00000000E+00   
0.00000000E+00   
0.00000000E+00   
0.00000000E+00   
0.00000000E+00   
0.00000000E+00   
0.00000000E+00   
0.00000000E+00   
0.00000000E+00   
0.00000000E+00   
0.00000000E+00   
0.00000000E+00   
0.00000000E+00   
0.00000000E+00   
0.00000000E+00   
0.00000000E+00   
0.00000000E+00   
0.00000000E+00   
0.00000000E+00   
1.00000000E+00   
2.55751150E-01   
7.44248850E-01   
0.00000000E+00   
0.00000000E+00   
0.00000000E+00   
0.00000000E+00   
0.00000000E+00   
1.00000000E+00   
0.00000000E+00   
0.00000000E+00   
0.00000000E+00   
0.00000000E+00   
0.00000000E+00   
0.00000000E+00   
0.00000000E+00   
0.00000000E+00   
0.00000000E+00   
0.00000000E+00   
0.00000000E+00   
0.00000000E+00   
0.00000000E+00   
0.00000000E+00   
0.00000000E+00   
0.00000000E+00   
0.00000000E+00   
0.00000000E+00   
0.00000000E+00   
0.00000000E+00   
0.00000000E+00   
0.00000000E+00   
0.00000000E+00   
0.00000000E+00   
3.00000000E+00   
0.00000000E+00   
0.00000000E+00   
0.00000000E+00   
0.00000000E+00   
0.00000000E+00   
0.00000000E+00   
0.00000000E+00   
0.00000000E+00   
1.00000000E+00   
1.00000000E+00   
0.00000000E+00   
0.00000000E+00   
0.00000000E+00   
0.00000000E+00   
0.00000000E+00   
0.00000000E+00   
0.00000000E+00   
0.00000000E+00   
0.00000000E+00   
0.00000000E+00   
2.76955391E-01   
7.23044609E-01   
0.00000000E+00   
0.00000000E+00   
0.00000000E+00   
0.00000000E+00   
0.00000000E+00   
0.00000000E+00   
0.00000000E+00   
0.00000000E+00   
0.00000000E+00   
2.81356271E-01   
7.18643729E-01   
0.00000000E+00   
0.00000000E+00   
0.00000000E+00   
0.00000000E+00   
0.00000000E+00   
0.00000000E+00   
0.00000000E+00   
0.00000000E+00   
0.00000000E+00   
0.00000000E+00   
0.00000000E+00   
0.00000000E+00   
0.00000000E+00   
0.00000000E+00   
0.00000000E+00   
0.00000000E+00   
0.00000000E+00   
0.00000000E+00   
0.00000000E+00   
0.00000000E+00   
0.00000000E+00   
0.00000000E+00   
0.00000000E+00   
0.00000000E+00   
0.00000000E+00   
0.00000000E+00   
0.00000000E+00   
0.00000000E+00   
0.00000000E+00   
0.00000000E+00   
0.00000000E+00   
0.00000000E+00   
0.00000000E+00   
0.00000000E+00   
0.00000000E+00   
0.00000000E+00   
0.00000000E+00   
0.00000000E+00   
0.00000000E+00   
0.00000000E+00   
0.00000000E+00   
0.00000000E+00   
0.00000000E+00   
0.00000000E+00   
0.00000000E+00   
0.00000000E+00   
0.00000000E+00   
0.00000000E+00   
0.00000000E+00   
0.00000000E+00   
0.00000000E+00   
0.00000000E+00   
0.00000000E+00   
0.00000000E+00   
0.00000000E+00   
0.00000000E+00   
0.00000000E+00   
0.00000000E+00   
0.00000000E+00   
0.00000000E+00   
0.00000000E+00   
0.00000000E+00   
0.00000000E+00   
0.00000000E+00   
0.00000000E+00   
0.00000000E+00   
0.00000000E+00   
0.00000000E+00   
0.00000000E+00   
0.00000000E+00   
0.00000000E+00   
0.00000000E+00   
0.00000000E+00   
0.00000000E+00   
0.00000000E+00   
0.00000000E+00   
0.00000000E+00   
0.00000000E+00   
0.00000000E+00   
0.00000000E+00   
0.00000000E+00   
0.00000000E+00   
0.00000000E+00   
0.00000000E+00   
0.00000000E+00   
0.00000000E+00   
0.00000000E+00   
0.00000000E+00   
0.00000000E+00   
0.00000000E+00   
0.00000000E+00   
0.00000000E+00   
0.00000000E+00   
0.00000000E+00   
0.00000000E+00   
0.00000000E+00   
0.00000000E+00   
0.00000000E+00   
0.00000000E+00   
1.00000000E+00   
0.00000000E+00   
0.00000000E+00   
0.00000000E+00   
0.00000000E+00   
0.00000000E+00   
0.00000000E+00   
0.00000000E+00   
0.00000000E+00   
0.00000000E+00   
0.00000000E+00   
0.00000000E+00   
0.00000000E+00   
0.00000000E+00   
0.00000000E+00   
0.00000000E+00   
0.00000000E+00   
0.00000000E+00   
0.00000000E+00   
1.00000000E+00   
0.00000000E+00   
0.00000000E+00   
0.00000000E+00   
0.00000000E+00   
0.00000000E+00   
0.00000000E+00   
0.00000000E+00   
0.00000000E+00   
0.00000000E+00   
0.00000000E+00   
0.00000000E+00   
0.00000000E+00   
0.00000000E+00   
0.00000000E+00   
0.00000000E+00   
0.00000000E+00   
0.00000000E+00   
0.00000000E+00   
0.00000000E+00   
0.00000000E+00   
0.00000000E+00   
0.00000000E+00   
0.00000000E+00   
0.00000000E+00   
0.00000000E+00   
0.00000000E+00   
0.00000000E+00   
0.00000000E+00   
0.00000000E+00   
0.00000000E+00   
0.00000000E+00   
0.00000000E+00   
0.00000000E+00   
0.00000000E+00   
0.00000000E+00   
0.00000000E+00   
0.00000000E+00   
0.00000000E+00   
0.00000000E+00   
0.00000000E+00   
0.00000000E+00   
0.00000000E+00   
0.00000000E+00   
0.00000000E+00   
0.00000000E+00   
0.00000000E+00   
0.00000000E+00   
0.00000000E+00   
0.00000000E+00   
0.00000000E+00   
0.00000000E+00   
0.00000000E+00   
0.00000000E+00   
0.00000000E+00   
0.00000000E+00   
0.00000000E+00   
0.00000000E+00   
0.00000000E+00   
0.00000000E+00   
0.00000000E+00   
0.00000000E+00   
0.00000000E+00   
0.00000000E+00   
0.00000000E+00   
0.00000000E+00   
0.00000000E+00   
0.00000000E+00   
0.00000000E+00   
0.00000000E+00   
0.00000000E+00   
0.00000000E+00   
0.00000000E+00   
0.00000000E+00   
0.00000000E+00   
0.00000000E+00   
0.00000000E+00   
0.00000000E+00   
0.00000000E+00   
0.00000000E+00   
0.00000000E+00   
0.00000000E+00   
0.00000000E+00   
0.00000000E+00   
0.00000000E+00   
0.00000000E+00   
0.00000000E+00   
0.00000000E+00   
0.00000000E+00   
0.00000000E+00   
0.00000000E+00   
0.00000000E+00   
0.00000000E+00   
0.00000000E+00   
0.00000000E+00   
0.00000000E+00   
0.00000000E+00   
0.00000000E+00   
0.00000000E+00   
0.00000000E+00   
0.00000000E+00   
0.00000000E+00   
0.00000000E+00   
1.85287057E+00   
3.14712943E+00   
0.00000000E+00   
0.00000000E+00   
0.00000000E+00   
0.00000000E+00   
0.00000000E+00   
0.00000000E+00   
0.00000000E+00   
0.00000000E+00   
0.00000000E+00   
0.00000000E+00   
0.00000000E+00   
0.00000000E+00   
0.00000000E+00   
0.00000000E+00   
0.00000000E+00   
0.00000000E+00   
0.00000000E+00   
0.00000000E+00   
0.00000000E+00   
0.00000000E+00   
0.00000000E+00   
0.00000000E+00   
0.00000000E+00   
0.00000000E+00   
0.00000000E+00   
0.00000000E+00   
0.00000000E+00   
0.00000000E+00   
0.00000000E+00   
0.00000000E+00   
0.00000000E+00   
0.00000000E+00   
0.00000000E+00   
0.00000000E+00   
0.00000000E+00   
0.00000000E+00   
0.00000000E+00   
0.00000000E+00   
0.00000000E+00   
0.00000000E+00   
0.00000000E+00   
0.00000000E+00   
0.00000000E+00   
0.00000000E+00   
0.00000000E+00   
0.00000000E+00   
0.00000000E+00   
0.00000000E+00   
0.00000000E+00   
0.00000000E+00   
0.00000000E+00   
0.00000000E+00   
0.00000000E+00   
0.00000000E+00   
0.00000000E+00   
0.00000000E+00   
0.00000000E+00   
0.00000000E+00   
0.00000000E+00   
0.00000000E+00   
0.00000000E+00   
0.00000000E+00   
0.00000000E+00   
0.00000000E+00   
0.00000000E+00   
0.00000000E+00   
0.00000000E+00   
0.00000000E+00   
0.00000000E+00   
0.00000000E+00   
0.00000000E+00   
0.00000000E+00   
0.00000000E+00   
0.00000000E+00   
0.00000000E+00   
0.00000000E+00   
0.00000000E+00   
0.00000000E+00   
0.00000000E+00   
0.00000000E+00   
0.00000000E+00   
0.00000000E+00   
0.00000000E+00   
0.00000000E+00   
0.00000000E+00   
0.00000000E+00   
0.00000000E+00   
0.00000000E+00   
0.00000000E+00   
0.00000000E+00   
0.00000000E+00   
0.00000000E+00   
0.00000000E+00   
0.00000000E+00   
0.00000000E+00   
0.00000000E+00   
0.00000000E+00   
0.00000000E+00   
0.00000000E+00   
0.00000000E+00   
0.00000000E+00   
0.00000000E+00   
0.00000000E+00   
0.00000000E+00   
0.00000000E+00   
0.00000000E+00   
0.00000000E+00   
0.00000000E+00   
0.00000000E+00   
0.00000000E+00   
0.00000000E+00   
0.00000000E+00   
0.00000000E+00   
0.00000000E+00   
0.00000000E+00   
0.00000000E+00   
0.00000000E+00   
0.00000000E+00   
0.00000000E+00   
0.00000000E+00   
0.00000000E+00   
0.00000000E+00   
0.00000000E+00   
0.00000000E+00   
0.00000000E+00   
0.00000000E+00   
0.00000000E+00   
0.00000000E+00   
0.00000000E+00   
0.00000000E+00   
0.00000000E+00   
0.00000000E+00   
0.00000000E+00   
0.00000000E+00   
0.00000000E+00   
0.00000000E+00   
0.00000000E+00   
0.00000000E+00   
0.00000000E+00   
0.00000000E+00   
0.00000000E+00   
0.00000000E+00   
0.00000000E+00   
0.00000000E+00   
0.00000000E+00   
0.00000000E+00   
0.00000000E+00   
0.00000000E+00   
0.00000000E+00   
0.00000000E+00   
0.00000000E+00   
0.00000000E+00   
0.00000000E+00   
0.00000000E+00   
0.00000000E+00   
0.00000000E+00   
0.00000000E+00   
0.00000000E+00   
0.00000000E+00   
0.00000000E+00   
0.00000000E+00   
0.00000000E+00   
0.00000000E+00   
0.00000000E+00   
0.00000000E+00   
0.00000000E+00   
0.00000000E+00   
0.00000000E+00   
0.00000000E+00   
0.00000000E+00   
0.00000000E+00   
0.00000000E+00   
0.00000000E+00   
0.00000000E+00   
0.00000000E+00   
0.00000000E+00   
0.00000000E+00   
0.00000000E+00   
0.00000000E+00   
0.00000000E+00   
0.00000000E+00   
0.00000000E+00   
0.00000000E+00   
0.00000000E+00   
0.00000000E+00   
0.00000000E+00   
0.00000000E+00   
0.00000000E+00   
0.00000000E+00   
0.00000000E+00   
0.00000000E+00   
0.00000000E+00   
0.00000000E+00   
0.00000000E+00   
0.00000000E+00   
0.00000000E+00   
0.00000000E+00   
0.00000000E+00   
0.00000000E+00   
0.00000000E+00   
0.00000000E+00   
0.00000000E+00   
0.00000000E+00   
0.00000000E+00   
0.00000000E+00   
0.00000000E+00   
0.00000000E+00   
0.00000000E+00   
0.00000000E+00   
0.00000000E+00   
0.00000000E+00   
0.00000000E+00   
0.00000000E+00   
0.00000000E+00   
0.00000000E+00   
0.00000000E+00   
0.00000000E+00   
0.00000000E+00   
0.00000000E+00   
0.00000000E+00   
0.00000000E+00   
0.00000000E+00   
0.00000000E+00   
0.00000000E+00   
0.00000000E+00   
0.00000000E+00   
0.00000000E+00   
0.00000000E+00   
0.00000000E+00   
0.00000000E+00   
0.00000000E+00   
0.00000000E+00   
0.00000000E+00   
0.00000000E+00   
0.00000000E+00   
0.00000000E+00   
0.00000000E+00   
0.00000000E+00   
0.00000000E+00   
0.00000000E+00   
0.00000000E+00   
0.00000000E+00   
0.00000000E+00   
0.00000000E+00   
0.00000000E+00   
0.00000000E+00   
0.00000000E+00   
0.00000000E+00   
0.00000000E+00   
0.00000000E+00   
0.00000000E+00   
0.00000000E+00   
0.00000000E+00   
0.00000000E+00   
0.00000000E+00   
0.00000000E+00   
0.00000000E+00   
0.00000000E+00   
0.00000000E+00   
0.00000000E+00   
0.00000000E+00   
0.00000000E+00   
0.00000000E+00   
0.00000000E+00   
0.00000000E+00   
0.00000000E+00   
0.00000000E+00   
0.00000000E+00   
0.00000000E+00   
0.00000000E+00   
0.00000000E+00   
0.00000000E+00   
0.00000000E+00   
0.00000000E+00   
0.00000000E+00   
0.00000000E+00   
0.00000000E+00   
0.00000000E+00   
0.00000000E+00   
0.00000000E+00   
0.00000000E+00   
0.00000000E+00   
0.00000000E+00   
0.00000000E+00   
0.00000000E+00   
0.00000000E+00   
0.00000000E+00   
0.00000000E+00   
0.00000000E+00   
0.00000000E+00   
0.00000000E+00   
0.00000000E+00   
0.00000000E+00   
0.00000000E+00   
0.00000000E+00   
0.00000000E+00   
0.00000000E+00   
0.00000000E+00   
0.00000000E+00   
0.00000000E+00   
0.00000000E+00   
0.00000000E+00   
0.00000000E+00   
0.00000000E+00   
0.00000000E+00   
0.00000000E+00   
0.00000000E+00   
0.00000000E+00   
0.00000000E+00   
0.00000000E+00   
0.00000000E+00   
0.00000000E+00   
0.00000000E+00   
0.00000000E+00   
0.00000000E+00   
0.00000000E+00   
0.00000000E+00   
0.00000000E+00   
0.00000000E+00   
0.00000000E+00   
0.00000000E+00   
0.00000000E+00   
0.00000000E+00   
!IDEND=

