!FILE=Disk 
!KIND=Spectrum 
!LABORATORY=Oslo Cyclotron Laboratory (OCL) 
!EXPERIMENT= oslo_method_python 
!COMMENT=Made by OMpy 
!TIME=DATE:08-Sep-20 09:57:48   
!CALIBRATION EkeV=6, 0.000000E+00, 2.000400E+00, 0.000000E+00 
!PRECISION=16 
!DIMENSION=1,0:4999 
!CHANNEL=(0:4999) 
2.42035607E+02   
3.79580216E+02   
3.96606221E+02   
4.95150430E+02   
5.51662232E+02   
5.68599020E+02   
6.05659432E+02   
5.95619024E+02   
6.35659032E+02   
6.55171634E+02   
7.29887077E+02   
7.13521804E+02   
7.08558612E+02   
7.75998700E+02   
7.94268054E+02   
8.85788658E+02   
8.36297259E+02   
8.83129626E+02   
9.37971094E+02   
1.04286187E+03   
1.02396069E+03   
1.11647690E+03   
1.15417193E+03   
1.26832396E+03   
1.38243169E+03   
1.48175045E+03   
1.59768144E+03   
1.63075415E+03   
1.83769834E+03   
1.91920424E+03   
2.10701620E+03   
2.14426635E+03   
2.24403501E+03   
2.34801820E+03   
2.43458702E+03   
2.60994789E+03   
2.66982006E+03   
2.74565893E+03   
2.88342719E+03   
2.87773165E+03   
2.88876375E+03   
3.00045219E+03   
3.10230766E+03   
3.20418544E+03   
3.14039408E+03   
3.19678846E+03   
3.29993289E+03   
3.26002490E+03   
3.35803291E+03   
3.33971734E+03   
3.38244629E+03   
3.40383937E+03   
3.41367413E+03   
3.52177405E+03   
3.48757612E+03   
3.47461572E+03   
3.57733587E+03   
3.45944279E+03   
3.50383227E+03   
3.52801010E+03   
3.60028926E+03   
3.52853671E+03   
3.48572344E+03   
3.48630176E+03   
3.50779296E+03   
3.52418984E+03   
3.41173975E+03   
3.46622585E+03   
3.40686137E+03   
3.35641868E+03   
3.41431526E+03   
3.41531576E+03   
3.33701470E+03   
3.35371874E+03   
3.27753521E+03   
3.36384087E+03   
3.25228056E+03   
3.33115773E+03   
3.40437487E+03   
3.24226765E+03   
3.30999350E+03   
3.27863073E+03   
3.35319264E+03   
3.21080676E+03   
3.31249250E+03   
3.35861602E+03   
3.42524105E+03   
3.41959862E+03   
3.46486827E+03   
3.45246849E+03   
3.43965333E+03   
3.35773265E+03   
3.42776865E+03   
3.29083467E+03   
3.26463463E+03   
3.19880366E+03   
3.17093579E+03   
3.16414783E+03   
3.13028236E+03   
3.10488538E+03   
3.03242539E+03   
3.00191988E+03   
2.98808382E+03   
2.88206681E+03   
2.92116563E+03   
2.94120694E+03   
2.95108072E+03   
2.92700580E+03   
2.76614943E+03   
2.77446899E+03   
2.68141108E+03   
2.70823935E+03   
2.71255061E+03   
2.72127085E+03   
2.63551740E+03   
2.66509632E+03   
2.59667053E+03   
2.56252741E+03   
2.51383397E+03   
2.54433477E+03   
2.46851720E+03   
2.44570774E+03   
2.49719334E+03   
2.40560862E+03   
2.51778256E+03   
2.43734017E+03   
2.47122985E+03   
2.50540858E+03   
2.43655521E+03   
2.46549660E+03   
2.48538718E+03   
2.42438888E+03   
2.35629666E+03   
2.36629886E+03   
2.23722434E+03   
2.31857141E+03   
2.31018944E+03   
2.22832226E+03   
2.25022164E+03   
2.20035657E+03   
2.29301570E+03   
2.20223725E+03   
2.18361312E+03   
2.21922995E+03   
2.15643869E+03   
2.18670474E+03   
2.09338508E+03   
2.05685947E+03   
2.16573235E+03   
2.13383597E+03   
2.13494839E+03   
2.07748730E+03   
2.11643939E+03   
2.08549370E+03   
1.96822955E+03   
1.96912503E+03   
1.90758862E+03   
1.93755901E+03   
1.92770004E+03   
1.86567814E+03   
1.91054251E+03   
1.88153431E+03   
1.89737377E+03   
1.96155611E+03   
1.80290118E+03   
1.79254111E+03   
1.80582517E+03   
1.77138258E+03   
1.74929426E+03   
1.78699070E+03   
1.73251610E+03   
1.68481686E+03   
1.59719924E+03   
1.57288548E+03   
1.57623335E+03   
1.59810172E+03   
1.52492529E+03   
1.45032436E+03   
1.55728326E+03   
1.47341308E+03   
1.44215703E+03   
1.43691518E+03   
1.45592358E+03   
1.39692338E+03   
1.43899960E+03   
1.42478946E+03   
1.44196859E+03   
1.46102130E+03   
1.38214253E+03   
1.37396669E+03   
1.32309372E+03   
1.32086867E+03   
1.36498910E+03   
1.31530916E+03   
1.34206971E+03   
1.32843679E+03   
1.28526595E+03   
1.28030906E+03   
1.25751270E+03   
1.23838758E+03   
1.25405821E+03   
1.23315483E+03   
1.19534687E+03   
1.25220394E+03   
1.23975225E+03   
1.27476105E+03   
1.14698150E+03   
1.19106501E+03   
1.19523685E+03   
1.19209062E+03   
1.17178366E+03   
1.20307512E+03   
1.19564773E+03   
1.14840118E+03   
1.17267934E+03   
1.13885787E+03   
1.15115273E+03   
1.14337497E+03   
1.11155771E+03   
1.10425205E+03   
1.12364323E+03   
1.13644449E+03   
1.13474125E+03   
1.14143199E+03   
1.10886637E+03   
1.08494579E+03   
1.10213343E+03   
1.09154321E+03   
1.00369164E+03   
1.03476525E+03   
1.00190618E+03   
1.02076665E+03   
1.02668004E+03   
9.89133027E+02   
1.06876795E+03   
1.01124585E+03   
9.96486197E+02   
1.01209642E+03   
1.08492919E+03   
1.02417924E+03   
1.00433017E+03   
9.48614223E+02   
9.38877676E+02   
9.41773755E+02   
9.64202541E+02   
9.80582517E+02   
9.24035407E+02   
9.44342168E+02   
9.87786857E+02   
9.44405381E+02   
8.96583517E+02   
9.32387277E+02   
9.01202140E+02   
7.20136387E+02   
6.59331866E+02   
6.59331866E+02   
6.59331866E+02   
6.59331866E+02   
5.81128546E+02   
4.10287658E+02   
4.32624325E+02   
4.16514203E+02   
4.01683837E+02   
4.24630426E+02   
3.93229046E+02   
3.90347069E+02   
4.12143429E+02   
3.87867173E+02   
4.11510102E+02   
4.02297660E+02   
4.22773255E+02   
3.95175135E+02   
4.14382777E+02   
3.79390678E+02   
4.16327966E+02   
3.96191538E+02   
3.98338368E+02   
3.81029306E+02   
3.58907882E+02   
3.92146729E+02   
3.96491798E+02   
4.03198540E+02   
3.84205441E+02   
4.11826865E+02   
3.68282757E+02   
3.57457792E+02   
3.82968794E+02   
3.85625125E+02   
3.82467193E+02   
3.65151930E+02   
3.71004601E+02   
3.66295159E+02   
3.88456591E+02   
3.56368674E+02   
3.84573815E+02   
3.68131826E+02   
3.40032306E+02   
3.83306761E+02   
3.49159732E+02   
3.38121324E+02   
3.50208142E+02   
3.38032607E+02   
3.36134427E+02   
3.47385777E+02   
3.52095819E+02   
3.40444989E+02   
3.15953691E+02   
3.42017403E+02   
3.67087017E+02   
3.40732647E+02   
3.39543309E+02   
3.69559312E+02   
3.32823965E+02   
3.50198540E+02   
3.23407381E+02   
2.96718644E+02   
3.40559912E+02   
3.21048610E+02   
3.05845569E+02   
3.05788958E+02   
3.32627726E+02   
3.38042208E+02   
2.80971394E+02   
3.07276355E+02   
3.16614123E+02   
3.00394079E+02   
3.00967193E+02   
2.90564413E+02   
3.13585717E+02   
2.65952390E+02   
2.91480796E+02   
3.06323265E+02   
2.85361572E+02   
2.88855771E+02   
2.85325265E+02   
2.81206041E+02   
2.89526305E+02   
2.84537808E+02   
2.98953191E+02   
2.84352170E+02   
3.11770454E+02   
3.07969894E+02   
2.96603321E+02   
2.99056811E+02   
2.89970294E+02   
2.82846369E+02   
2.68244749E+02   
2.74887778E+02   
2.93022304E+02   
2.67293159E+02   
2.51810062E+02   
2.34676535E+02   
2.54144629E+02   
2.53277956E+02   
2.56479896E+02   
2.49256751E+02   
2.40332867E+02   
2.39762352E+02   
2.41768754E+02   
2.50764753E+02   
2.54676635E+02   
2.59071214E+02   
2.45311662E+02   
2.48628926E+02   
2.48319564E+02   
2.33608222E+02   
2.49398980E+02   
2.23809562E+02   
2.39819164E+02   
2.53111322E+02   
2.32923085E+02   
2.33779356E+02   
2.23742348E+02   
2.10091318E+02   
2.06587217E+02   
2.28296959E+02   
2.28641128E+02   
2.15326265E+02   
2.30671934E+02   
2.22699040E+02   
2.35568614E+02   
2.14568714E+02   
2.48169134E+02   
1.95508502E+02   
2.17153931E+02   
2.15811762E+02   
2.17568314E+02   
1.98346069E+02   
1.88800860E+02   
2.09486897E+02   
2.16009902E+02   
1.94445989E+02   
1.93754451E+02   
2.19158532E+02   
2.09285357E+02   
2.16858872E+02   
2.01189038E+02   
2.10673335E+02   
2.07698240E+02   
2.03658032E+02   
2.22682937E+02   
2.09704241E+02   
2.20077816E+02   
2.07687337E+02   
1.83511902E+02   
2.02303261E+02   
1.89338668E+02   
1.84095319E+02   
1.98342268E+02   
1.90399680E+02   
1.95019404E+02   
1.63701040E+02   
1.82726345E+02   
1.87685537E+02   
2.12356871E+02   
1.75043409E+02   
1.96372174E+02   
1.65363973E+02   
1.59379076E+02   
1.97034907E+02   
1.85027806E+02   
1.83342569E+02   
1.63339268E+02   
1.60058812E+02   
1.98049410E+02   
1.76416083E+02   
1.70931286E+02   
1.57764153E+02   
1.68405481E+02   
1.65616023E+02   
1.72080516E+02   
1.85397179E+02   
1.73343869E+02   
1.62300060E+02   
1.69790258E+02   
1.73406781E+02   
1.75171734E+02   
1.78928586E+02   
1.53179236E+02   
1.76167534E+02   
1.60863773E+02   
1.74501700E+02   
1.64680336E+02   
1.62259252E+02   
1.59063113E+02   
1.75169634E+02   
1.73035607E+02   
1.69133927E+02   
1.59425185E+02   
1.69508202E+02   
1.36633227E+02   
1.54864773E+02   
1.54967293E+02   
1.43539408E+02   
1.51439988E+02   
1.55621624E+02   
1.48934987E+02   
1.73028406E+02   
1.40344969E+02   
1.76337067E+02   
1.59771654E+02   
1.51606021E+02   
1.35452390E+02   
1.43883577E+02   
1.55404881E+02   
1.59544109E+02   
1.43164433E+02   
1.45958292E+02   
1.75531506E+02   
1.45844669E+02   
1.46396279E+02   
1.42176035E+02   
1.51632126E+02   
1.38580416E+02   
1.52993499E+02   
1.64242949E+02   
1.45293559E+02   
1.41190338E+02   
1.28716243E+02   
1.48943589E+02   
1.40106821E+02   
1.61648530E+02   
1.50936687E+02   
1.34891978E+02   
1.75214143E+02   
1.53905881E+02   
1.31721844E+02   
1.55502801E+02   
1.30207141E+02   
1.43331266E+02   
1.47639128E+02   
1.48424085E+02   
1.40243449E+02   
1.46358172E+02   
1.30953691E+02   
1.22286957E+02   
1.28945689E+02   
1.23217043E+02   
1.32418484E+02   
1.49028406E+02   
1.34731846E+02   
1.35221444E+02   
1.29437287E+02   
1.56536807E+02   
1.22783757E+02   
1.28852571E+02   
1.32350570E+02   
1.18187838E+02   
1.25135127E+02   
1.39026005E+02   
1.20913283E+02   
1.30957291E+02   
1.35617524E+02   
1.32554011E+02   
1.34911282E+02   
1.41552711E+02   
1.32849370E+02   
1.23075115E+02   
1.20851370E+02   
1.29562412E+02   
1.15483997E+02   
1.24692338E+02   
1.31407782E+02   
1.27260052E+02   
1.18670434E+02   
1.21346869E+02   
1.42527806E+02   
1.26679236E+02   
1.12486697E+02   
1.01019204E+02   
1.26976295E+02   
1.33027606E+02   
1.27610222E+02   
1.12310562E+02   
1.39017403E+02   
1.28887077E+02   
1.22163833E+02   
1.16026105E+02   
1.40169934E+02   
1.29013903E+02   
1.41630626E+02   
1.34462893E+02   
1.19255451E+02   
1.07304161E+02   
1.19917483E+02   
9.78154631E+01   
1.24703541E+02   
1.19276855E+02   
1.11514903E+02   
1.11976795E+02   
1.12782657E+02   
1.08667734E+02   
1.23187938E+02   
1.19533007E+02   
1.24571914E+02   
1.29472895E+02   
1.26416783E+02   
1.18351070E+02   
1.25086917E+02   
1.09787157E+02   
1.23297359E+02   
1.04296559E+02   
1.33371074E+02   
1.20199540E+02   
1.23105321E+02   
1.38217243E+02   
1.26484197E+02   
1.20380176E+02   
1.05570414E+02   
1.07205541E+02   
1.17490398E+02   
1.24284657E+02   
1.03649330E+02   
1.10668434E+02   
1.07535207E+02   
1.10780956E+02   
9.82921584E+01   
1.20139728E+02   
1.09099420E+02   
1.12364373E+02   
1.10486097E+02   
1.20348870E+02   
1.17026405E+02   
1.19425385E+02   
1.15555111E+02   
1.15490498E+02   
9.55338068E+01   
1.00981896E+02   
1.05462793E+02   
1.14527806E+02   
1.22552711E+02   
1.09341168E+02   
1.11811262E+02   
1.11708442E+02   
1.06693339E+02   
9.16618324E+01   
1.12805261E+02   
9.83685737E+01   
1.11629226E+02   
1.13899780E+02   
1.11442188E+02   
1.08278956E+02   
1.00206541E+02   
1.08953591E+02   
1.16315963E+02   
1.30796459E+02   
9.53087618E+01   
1.08763053E+02   
1.05790058E+02   
1.24920784E+02   
1.11117624E+02   
1.05019204E+02   
1.02704841E+02   
9.30972194E+01   
1.13459892E+02   
8.98748750E+01   
8.74658932E+01   
1.10753651E+02   
1.04505101E+02   
1.06031406E+02   
1.07000200E+02   
1.04298960E+02   
1.00254951E+02   
1.12277956E+02   
8.97754551E+01   
9.95197039E+01   
1.16273155E+02   
1.04018204E+02   
9.52693539E+01   
8.82611522E+01   
9.75229046E+01   
1.04255951E+02   
1.03041608E+02   
9.64858972E+01   
1.17616523E+02   
1.07221544E+02   
9.77204441E+01   
8.70172034E+01   
9.45281056E+01   
1.05332366E+02   
1.12703641E+02   
1.03097820E+02   
9.71811362E+01   
9.05325065E+01   
9.92919584E+01   
1.08843869E+02   
1.06471294E+02   
1.06743649E+02   
9.28546709E+01   
8.90663133E+01   
9.76583317E+01   
9.89777956E+01   
1.00301960E+02   
1.08065813E+02   
1.00164933E+02   
1.04927285E+02   
1.00972595E+02   
9.45758152E+01   
8.50694139E+01   
1.02128026E+02   
9.40281056E+01   
7.86015203E+01   
9.21364273E+01   
9.26119224E+01   
8.58313663E+01   
8.35493099E+01   
8.27176435E+01   
8.72493499E+01   
7.22485497E+01   
1.01229846E+02   
8.12648530E+01   
9.91565313E+01   
9.91017203E+01   
9.01723345E+01   
9.29381876E+01   
9.81780356E+01   
8.96246249E+01   
8.17637528E+01   
7.99546909E+01   
8.95589118E+01   
1.06283057E+02   
9.14754951E+01   
9.47008402E+01   
1.01979896E+02   
9.93792759E+01   
1.00342769E+02   
8.25986197E+01   
9.25685137E+01   
9.63455691E+01   
1.06330666E+02   
1.00381376E+02   
1.02669034E+02   
9.88087618E+01   
9.66896379E+01   
8.61308262E+01   
9.07977596E+01   
8.21180236E+01   
8.16879376E+01   
8.89132827E+01   
9.81187237E+01   
1.00796259E+02   
9.68229646E+01   
8.83340668E+01   
8.59252851E+01   
8.70740148E+01   
8.31837367E+01   
9.54542909E+01   
8.85374075E+01   
7.83663733E+01   
7.59624925E+01   
8.34246849E+01   
9.63104621E+01   
1.02147029E+02   
8.32413483E+01   
8.58757752E+01   
7.60823165E+01   
1.01240148E+02   
9.07223445E+01   
9.58901780E+01   
8.73831766E+01   
8.48677736E+01   
9.78078616E+01   
9.02852571E+01   
8.32804561E+01   
8.23843769E+01   
9.21283257E+01   
9.83915783E+01   
8.93191638E+01   
8.87651530E+01   
9.66025205E+01   
8.00970194E+01   
7.24302861E+01   
9.53245649E+01   
1.08193839E+02   
8.42584517E+01   
8.24880976E+01   
8.47823565E+01   
9.56316263E+01   
8.71974395E+01   
9.05675135E+01   
8.14855971E+01   
9.15918184E+01   
1.01612122E+02   
8.56137227E+01   
8.94238848E+01   
8.32205441E+01   
8.34344869E+01   
7.38126625E+01   
9.08107622E+01   
8.92151430E+01   
7.82158432E+01   
8.60169034E+01   
8.20209042E+01   
7.08117624E+01   
9.12327465E+01   
8.87992599E+01   
8.48186637E+01   
1.00637828E+02   
9.20365073E+01   
8.96096219E+01   
8.99986997E+01   
9.24319864E+01   
9.37989598E+01   
9.82667534E+01   
9.15743149E+01   
9.03741748E+01   
9.03084617E+01   
8.28795759E+01   
8.80874175E+01   
9.89032807E+01   
9.85964193E+01   
8.83160632E+01   
8.99148830E+01   
7.56385277E+01   
7.75415083E+01   
9.79300860E+01   
9.37789558E+01   
8.65315063E+01   
7.01480296E+01   
9.28855771E+01   
7.71432286E+01   
8.34549910E+01   
8.98260652E+01   
8.64563913E+01   
8.73894779E+01   
9.21590318E+01   
7.70591118E+01   
8.30160032E+01   
8.78015603E+01   
8.84938988E+01   
7.82013403E+01   
1.05733847E+02   
8.86664333E+01   
7.36513303E+01   
9.00137027E+01   
8.71111222E+01   
7.46521304E+01   
6.65584117E+01   
8.55701140E+01   
1.03297059E+02   
7.38949790E+01   
8.80401080E+01   
7.20908182E+01   
9.57650530E+01   
7.42645529E+01   
8.65265053E+01   
9.51977395E+01   
1.00843069E+02   
5.85511102E+01   
8.73703741E+01   
8.50184037E+01   
8.10184037E+01   
6.76424285E+01   
7.78378676E+01   
9.10077015E+01   
9.42381476E+01   
5.79658932E+01   
1.01072515E+02   
9.67093419E+01   
7.88782757E+01   
6.90460092E+01   
8.49571914E+01   
8.83598720E+01   
8.23582717E+01   
8.94643929E+01   
7.78894779E+01   
7.88646729E+01   
8.86781356E+01   
8.68370674E+01   
8.81877375E+01   
8.40320064E+01   
7.46757351E+01   
7.60192038E+01   
8.18494699E+01   
7.56825365E+01   
7.96793359E+01   
8.33534707E+01   
8.15216043E+01   
8.31821364E+01   
8.63302661E+01   
9.37217443E+01   
8.23462693E+01   
8.43446689E+01   
8.85056011E+01   
7.93682737E+01   
8.59887978E+01   
9.25640128E+01   
8.25945189E+01   
7.28894779E+01   
7.03362673E+01   
6.44943989E+01   
9.36680336E+01   
8.00421084E+01   
7.10148030E+01   
6.79123825E+01   
9.22244449E+01   
7.64355871E+01   
7.10561112E+01   
8.03497700E+01   
7.72034407E+01   
7.27661532E+01   
9.23065613E+01   
6.71886377E+01   
7.53958792E+01   
7.36321264E+01   
7.28602721E+01   
6.07810562E+01   
7.52477495E+01   
7.44890978E+01   
7.69311862E+01   
5.92298460E+01   
7.38021604E+01   
8.54122825E+01   
8.33186637E+01   
1.00416283E+02   
7.98151630E+01   
7.01629326E+01   
8.67792559E+01   
8.54647930E+01   
8.42773555E+01   
9.14290858E+01   
7.26735347E+01   
8.43981796E+01   
8.54326865E+01   
9.00433087E+01   
7.58919784E+01   
7.87418484E+01   
7.94189838E+01   
7.64511902E+01   
6.24665933E+01   
8.42848570E+01   
6.64443889E+01   
7.70127025E+01   
7.28711742E+01   
9.03080616E+01   
6.47112422E+01   
7.63148630E+01   
6.94383877E+01   
7.31712342E+01   
6.71187237E+01   
7.01724345E+01   
7.73165633E+01   
9.05984197E+01   
6.62934587E+01   
7.17062412E+01   
8.60495099E+01   
8.77030406E+01   
8.15621124E+01   
7.13301660E+01   
6.80567113E+01   
7.77014403E+01   
8.41509302E+01   
8.16104221E+01   
6.45545109E+01   
7.80759152E+01   
7.66223245E+01   
7.16128226E+01   
7.33493699E+01   
7.27509502E+01   
6.76774355E+01   
8.10148030E+01   
8.08834767E+01   
7.83605721E+01   
7.80614123E+01   
8.72742549E+01   
8.03645729E+01   
9.39805961E+01   
7.51473295E+01   
7.76324265E+01   
7.60442088E+01   
7.65269054E+01   
7.12876575E+01   
8.58526705E+01   
9.00172034E+01   
7.71523305E+01   
5.81393279E+01   
7.32612523E+01   
8.46408282E+01   
6.72620524E+01   
7.37715543E+01   
8.03879776E+01   
7.77689538E+01   
7.03685737E+01   
9.00516103E+01   
6.94608922E+01   
7.91845369E+01   
6.79869974E+01   
8.19248850E+01   
7.52936587E+01   
7.17399480E+01   
7.13337668E+01   
6.36544309E+01   
8.81811362E+01   
6.65572114E+01   
6.15387077E+01   
7.31305261E+01   
8.94312863E+01   
7.46581316E+01   
8.53164633E+01   
7.40631126E+01   
9.29728946E+01   
8.25946189E+01   
8.01309262E+01   
8.89848970E+01   
7.71333267E+01   
8.37246449E+01   
7.11261252E+01   
7.05607121E+01   
7.21138228E+01   
7.65778156E+01   
5.95793159E+01   
6.81171234E+01   
7.97945589E+01   
7.79066813E+01   
8.13390678E+01   
7.01350270E+01   
8.59227846E+01   
7.98716743E+01   
6.91217243E+01   
7.35803161E+01   
8.92908582E+01   
6.82745549E+01   
6.37293459E+01   
7.88041608E+01   
6.87608522E+01   
5.83895779E+01   
8.47982597E+01   
7.27528506E+01   
7.99110822E+01   
7.65995199E+01   
6.92622525E+01   
6.52194439E+01   
8.44681936E+01   
8.70180036E+01   
8.32434487E+01   
7.36063213E+01   
7.35214043E+01   
7.28017604E+01   
5.85254051E+01   
7.67100420E+01   
8.77176435E+01   
6.29050810E+01   
7.76363273E+01   
8.59066813E+01   
6.78013603E+01   
6.60360072E+01   
7.09903981E+01   
8.19162833E+01   
8.21101220E+01   
5.95899180E+01   
7.60536107E+01   
6.83960792E+01   
6.57284457E+01   
7.22979596E+01   
7.22955591E+01   
7.78873775E+01   
6.79234847E+01   
7.62959592E+01   
6.44785957E+01   
7.89218844E+01   
6.62895579E+01   
6.88305661E+01   
8.46503301E+01   
7.55587117E+01   
6.92922585E+01   
7.21958392E+01   
8.27476495E+01   
7.24394879E+01   
8.87711542E+01   
8.35754151E+01   
5.43337668E+01   
6.64007802E+01   
8.20587117E+01   
6.58360672E+01   
6.88051610E+01   
6.25307061E+01   
7.04405881E+01   
6.12477495E+01   
7.57620524E+01   
7.28485697E+01   
9.01804361E+01   
8.47714543E+01   
5.92617524E+01   
7.77742549E+01   
7.43464693E+01   
6.69969994E+01   
8.13610722E+01   
7.22056411E+01   
6.36291258E+01   
5.73312663E+01   
6.93714743E+01   
6.70917183E+01   
8.14336867E+01   
7.21192238E+01   
7.05457091E+01   
9.49390878E+01   
7.67130426E+01   
7.33212643E+01   
6.49354871E+01   
6.69362873E+01   
8.01042208E+01   
8.04694939E+01   
8.01650330E+01   
7.63437688E+01   
8.11297259E+01   
7.72011402E+01   
8.72832567E+01   
7.23849770E+01   
8.35260052E+01   
9.14386877E+01   
6.60228046E+01   
7.55140028E+01   
7.63705741E+01   
7.37319464E+01   
8.21558312E+01   
6.93633727E+01   
6.24286857E+01   
8.49077816E+01   
6.54963993E+01   
6.62864573E+01   
7.64706941E+01   
8.36117223E+01   
6.60217043E+01   
7.81473295E+01   
7.96122224E+01   
7.90793159E+01   
6.19478896E+01   
8.01697339E+01   
7.25994199E+01   
7.12716543E+01   
5.13321664E+01   
7.83784757E+01   
7.57639528E+01   
8.08298660E+01   
7.29498900E+01   
7.40741148E+01   
8.00310062E+01   
6.01148230E+01   
6.96481296E+01   
7.01939388E+01   
7.99972995E+01   
9.43750750E+01   
6.94291858E+01   
7.18384677E+01   
5.75963193E+01   
6.14917984E+01   
7.43586717E+01   
6.20124025E+01   
7.86733347E+01   
6.42953591E+01   
6.47342468E+01   
6.61807361E+01   
7.76841368E+01   
6.80160032E+01   
6.42865573E+01   
7.81751350E+01   
6.10128026E+01   
7.44836967E+01   
7.71743349E+01   
7.97550510E+01   
5.87932587E+01   
7.36011202E+01   
8.64547910E+01   
6.18778756E+01   
7.77618524E+01   
7.38155631E+01   
6.06570314E+01   
7.36684337E+01   
8.00136027E+01   
5.56390278E+01   
5.74835967E+01   
7.68708742E+01   
7.18263653E+01   
7.02016403E+01   
6.54750950E+01   
7.90501100E+01   
6.40605121E+01   
9.08415683E+01   
7.45537107E+01   
6.53235647E+01   
7.84000800E+01   
7.53207642E+01   
7.39718944E+01   
7.90577115E+01   
7.56779356E+01   
7.72265453E+01   
8.30160032E+01   
6.55069014E+01   
5.91732346E+01   
6.46085217E+01   
7.48547710E+01   
7.34475895E+01   
6.27773555E+01   
6.90902180E+01   
8.55551110E+01   
8.00926185E+01   
6.63521704E+01   
7.86068214E+01   
8.47616523E+01   
6.96699340E+01   
6.01199240E+01   
6.87644529E+01   
6.99794959E+01   
7.49457892E+01   
7.50838168E+01   
5.62170434E+01   
7.19790958E+01   
6.29140828E+01   
8.24288858E+01   
6.34706941E+01   
6.41741348E+01   
8.79822965E+01   
9.56740348E+01   
7.60794159E+01   
6.62885577E+01   
5.83407682E+01   
6.37751550E+01   
7.68682737E+01   
8.17867574E+01   
7.62990598E+01   
6.99585917E+01   
7.00967193E+01   
6.41481296E+01   
7.87995599E+01   
5.43280656E+01   
7.08043609E+01   
7.78107622E+01   
7.02654531E+01   
7.28653731E+01   
7.10389078E+01   
6.19906981E+01   
6.11546309E+01   
6.30811162E+01   
6.48086617E+01   
9.28158632E+01   
6.22788558E+01   
6.79922985E+01   
7.68676735E+01   
7.02013403E+01   
6.19930986E+01   
7.58362673E+01   
5.73453691E+01   
9.16512302E+01   
9.09624925E+01   
7.52364473E+01   
7.98904781E+01   
6.41556311E+01   
6.00985197E+01   
7.57809562E+01   
8.00659132E+01   
7.41420284E+01   
5.41203241E+01   
7.88017604E+01   
7.39869974E+01   
8.20027005E+01   
6.21405281E+01   
8.39470894E+01   
7.69510902E+01   
6.42301460E+01   
6.98776755E+01   
8.40035007E+01   
7.30043009E+01   
7.79396879E+01   
8.10713143E+01   
6.70976195E+01   
5.11106221E+01   
7.68142629E+01   
6.81159232E+01   
6.80476095E+01   
5.60039008E+01   
7.00278056E+01   
5.60627125E+01   
7.69535907E+01   
7.20185037E+01   
5.69810962E+01   
7.30136027E+01   
8.29605921E+01   
6.60813163E+01   
5.50349070E+01   
8.39570914E+01   
6.50674135E+01   
7.69769954E+01   
8.79849970E+01   
7.90080016E+01   
6.30511102E+01   
7.30204041E+01   
7.60029006E+01   
7.40166033E+01   
6.90175035E+01   
7.20102020E+01   
7.40134027E+01   
6.10149030E+01   
6.70074015E+01   
7.40176035E+01   
7.80132026E+01   
6.50086017E+01   
6.80205041E+01   
7.40291058E+01   
8.00226045E+01   
7.49851970E+01   
6.90347069E+01   
7.90434087E+01   
7.29971994E+01   
7.10435087E+01   
8.49589918E+01   
7.80077015E+01   
6.80337067E+01   
6.58798760E+01   
4.20897179E+01   
6.21064213E+01   
8.10247049E+01   
7.59384877E+01   
6.59585917E+01   
6.70773155E+01   
6.99937988E+01   
6.49509902E+01   
6.71602320E+01   
8.09604921E+01   
7.20715143E+01   
7.09326865E+01   
8.60624125E+01   
6.49004801E+01   
6.91815363E+01   
7.11379276E+01   
8.67697540E+01   
6.80128026E+01   
7.28951790E+01   
5.50851170E+01   
7.00891178E+01   
6.90931186E+01   
8.09666933E+01   
6.59475895E+01   
7.42180436E+01   
7.88600720E+01   
8.52109422E+01   
6.88353671E+01   
6.40892178E+01   
6.99586917E+01   
7.18977796E+01   
6.31517303E+01   
7.09542909E+01   
7.70140028E+01   
7.59928986E+01   
5.79920984E+01   
7.78160632E+01   
5.91434287E+01   
5.92163433E+01   
8.09924985E+01   
6.60622124E+01   
7.78964793E+01   
7.00383077E+01   
6.52614523E+01   
7.86418284E+01   
6.62674535E+01   
8.19904981E+01   
7.58581716E+01   
6.71738348E+01   
6.77449490E+01   
6.13420684E+01   
8.19330866E+01   
6.69023805E+01   
8.19852971E+01   
7.03337668E+01   
7.77229446E+01   
6.89840968E+01   
7.11954391E+01   
6.98931786E+01   
7.53565713E+01   
7.95147029E+01   
6.98209642E+01   
5.53653731E+01   
7.39489898E+01   
6.10467093E+01   
7.12485497E+01   
7.66438288E+01   
7.52525505E+01   
6.99110822E+01   
7.51895379E+01   
8.59804961E+01   
7.03746749E+01   
7.85476095E+01   
7.57207441E+01   
5.54193839E+01   
7.04904981E+01   
6.03132627E+01   
8.22813563E+01   
6.41708342E+01   
7.76656331E+01   
7.72905581E+01   
7.52186437E+01   
5.90568114E+01   
9.13678736E+01   
5.98483697E+01   
6.95508102E+01   
8.25135027E+01   
7.33923785E+01   
7.90152030E+01   
7.29289858E+01   
8.00579116E+01   
7.14538908E+01   
8.17086417E+01   
7.46583317E+01   
6.64187838E+01   
6.96523305E+01   
7.01050210E+01   
6.60603121E+01   
7.36407281E+01   
6.92938588E+01   
6.43959792E+01   
6.31103221E+01   
8.42108422E+01   
7.93372675E+01   
7.49644929E+01   
6.86666333E+01   
5.76592318E+01   
6.34621924E+01   
6.06704341E+01   
7.33230646E+01   
8.36067213E+01   
6.78598720E+01   
6.85436087E+01   
6.81177235E+01   
8.48598720E+01   
7.92688538E+01   
7.38506701E+01   
7.32284457E+01   
7.09580916E+01   
6.39572915E+01   
7.01230246E+01   
7.24041808E+01   
6.79029806E+01   
7.72983597E+01   
7.91030206E+01   
6.18155631E+01   
7.65527105E+01   
6.20711142E+01   
6.86022204E+01   
5.21877375E+01   
7.30711142E+01   
5.57908582E+01   
8.64140828E+01   
6.64988998E+01   
7.98941788E+01   
6.55850170E+01   
6.61366273E+01   
7.60136027E+01   
7.84525905E+01   
7.68901780E+01   
6.58885777E+01   
7.10148030E+01   
7.40791158E+01   
6.50799160E+01   
8.53411682E+01   
7.46245249E+01   
6.28174635E+01   
6.17487497E+01   
7.00124025E+01   
7.12808562E+01   
7.62165433E+01   
7.58793759E+01   
7.68094619E+01   
6.94254851E+01   
7.36700340E+01   
7.21526305E+01   
7.31542308E+01   
7.42261452E+01   
7.82385477E+01   
6.59408882E+01   
6.40843169E+01   
8.04422885E+01   
8.32313463E+01   
7.21610322E+01   
7.24314863E+01   
7.27926585E+01   
6.86772354E+01   
7.38669734E+01   
7.45665133E+01   
6.88386677E+01   
7.97719544E+01   
9.48820764E+01   
7.21674335E+01   
7.18621724E+01   
8.80148030E+01   
6.65574115E+01   
7.28746749E+01   
7.77689538E+01   
8.11730346E+01   
6.89087818E+01   
6.65674135E+01   
8.70935187E+01   
7.50140028E+01   
7.40947189E+01   
8.07444489E+01   
9.35071014E+01   
8.66108222E+01   
7.61251250E+01   
4.69190838E+01   
8.39304861E+01   
6.16813363E+01   
7.43450690E+01   
7.40975195E+01   
7.56747349E+01   
7.34589918E+01   
9.70781156E+01   
7.83580716E+01   
9.02391478E+01   
6.05327065E+01   
7.75792158E+01   
7.20128026E+01   
6.80128026E+01   
7.11894379E+01   
7.33684737E+01   
6.99457892E+01   
6.49055811E+01   
6.85539108E+01   
8.37523505E+01   
6.04647930E+01   
7.34687938E+01   
7.82049410E+01   
9.32739548E+01   
6.77513503E+01   
7.37378476E+01   
7.21079216E+01   
7.02957592E+01   
7.86738348E+01   
9.40760152E+01   
7.63940788E+01   
8.73509702E+01   
7.38736747E+01   
7.94012803E+01   
9.61523305E+01   
7.34991998E+01   
9.05032006E+01   
7.30692138E+01   
6.46762352E+01   
7.52318464E+01   
7.21139228E+01   
6.54208842E+01   
6.76199240E+01   
5.51059212E+01   
7.04140828E+01   
6.17114423E+01   
7.51135227E+01   
6.41143229E+01   
6.69112823E+01   
7.51383277E+01   
8.57845569E+01   
6.30124025E+01   
7.11159232E+01   
7.47010402E+01   
5.40548110E+01   
7.48061612E+01   
6.92789558E+01   
6.48561712E+01   
7.28033607E+01   
8.50575115E+01   
7.00780156E+01   
7.65145029E+01   
8.71602320E+01   
7.08300660E+01   
6.93377676E+01   
7.39924985E+01   
7.62537508E+01   
8.22338468E+01   
8.64552911E+01   
8.23552711E+01   
5.89075815E+01   
6.37887578E+01   
7.01213243E+01   
6.86892378E+01   
7.92410482E+01   
7.73553711E+01   
9.17740548E+01   
7.75816163E+01   
7.35603121E+01   
6.20144029E+01   
6.65880176E+01   
7.99012803E+01   
8.25539108E+01   
6.34780956E+01   
7.72486497E+01   
6.66161232E+01   
5.72462492E+01   
7.20705141E+01   
8.32475495E+01   
6.08386677E+01   
8.43191638E+01   
7.57072414E+01   
6.25351070E+01   
6.06112222E+01   
8.44948990E+01   
8.03773755E+01   
8.20164033E+01   
7.98948790E+01   
8.15283057E+01   
7.15465093E+01   
5.33959792E+01   
7.14700940E+01   
7.78920784E+01   
7.43869774E+01   
7.46488298E+01   
7.52592519E+01   
8.92662533E+01   
7.90126025E+01   
7.35247049E+01   
8.08920784E+01   
7.88774755E+01   
6.52516503E+01   
6.56698340E+01   
7.14820964E+01   
6.89106821E+01   
8.38864773E+01   
8.11769354E+01   
7.86660332E+01   
8.39021804E+01   
6.59656931E+01   
7.81475295E+01   
8.59350870E+01   
8.88362673E+01   
6.59609922E+01   
7.10132026E+01   
7.00132026E+01   
7.51463293E+01   
7.44794959E+01   
6.13512703E+01   
6.92697540E+01   
6.38191638E+01   
7.70942188E+01   
8.29834967E+01   
6.76900380E+01   
7.32850570E+01   
7.22437487E+01   
8.21940388E+01   
8.08395679E+01   
8.55341068E+01   
6.58712743E+01   
5.68415683E+01   
8.49593919E+01   
7.74823965E+01   
8.59922985E+01   
7.67349470E+01   
7.82962593E+01   
7.67091418E+01   
8.74728946E+01   
6.17228446E+01   
7.34421884E+01   
8.68745749E+01   
5.87326465E+01   
8.52984597E+01   
7.13038608E+01   
8.64497900E+01   
7.75445089E+01   
6.67658532E+01   
8.78704741E+01   
8.29940988E+01   
7.57201440E+01   
6.25064013E+01   
8.24003801E+01   
6.48668734E+01   
6.92743549E+01   
6.19019804E+01   
6.60144029E+01   
7.01635327E+01   
7.84633927E+01   
7.85153031E+01   
8.72160432E+01   
7.26181236E+01   
7.20521104E+01   
6.87692539E+01   
6.81655331E+01   
7.66896379E+01   
8.42547510E+01   
8.80164033E+01   
7.97093419E+01   
8.57852571E+01   
7.98632727E+01   
7.48624725E+01   
8.00860172E+01   
7.47701540E+01   
6.58823765E+01   
8.33286657E+01   
7.95466093E+01   
7.21727345E+01   
7.96530306E+01   
6.95900180E+01   
9.78549710E+01   
7.16961392E+01   
8.03762753E+01   
5.73302661E+01   
7.85709142E+01   
8.70564113E+01   
7.77301460E+01   
6.26905381E+01   
6.46273255E+01   
7.52063413E+01   
6.89879976E+01   
6.53654731E+01   
7.16673335E+01   
8.48716743E+01   
6.89807962E+01   
9.31967393E+01   
8.78516703E+01   
8.28508702E+01   
7.55190038E+01   
8.38484697E+01   
7.13466693E+01   
8.20152030E+01   
9.21787357E+01   
8.05154031E+01   
7.16857371E+01   
7.33522705E+01   
7.38228646E+01   
6.40260052E+01   
7.95222044E+01   
7.05050010E+01   
6.78432687E+01   
7.51595319E+01   
6.20648130E+01   
7.36729346E+01   
7.75626125E+01   
7.81231246E+01   
7.12599520E+01   
8.02882577E+01   
7.96685337E+01   
7.15802160E+01   
7.64493899E+01   
7.61411282E+01   
7.68884777E+01   
7.37701540E+01   
7.93797760E+01   
7.49524905E+01   
7.82453491E+01   
6.85491098E+01   
7.49672935E+01   
7.10615123E+01   
8.11927385E+01   
6.87297459E+01   
7.61207241E+01   
7.59371874E+01   
7.27110422E+01   
9.33949790E+01   
7.84602921E+01   
8.55610122E+01   
7.18403681E+01   
7.59236847E+01   
8.82866573E+01   
7.81108222E+01   
7.88191638E+01   
6.71132226E+01   
8.27501500E+01   
7.49099820E+01   
7.36441288E+01   
6.14938988E+01   
8.21292258E+01   
7.08574715E+01   
7.28749750E+01   
6.97747550E+01   
6.78178636E+01   
8.89544909E+01   
8.58378676E+01   
9.82580516E+01   
8.68280656E+01   
7.70707141E+01   
6.64783957E+01   
9.63101620E+01   
7.43966793E+01   
7.52538508E+01   
8.45886177E+01   
7.07179436E+01   
7.25068014E+01   
8.68244649E+01   
8.62454491E+01   
7.61736347E+01   
8.98236647E+01   
6.94349870E+01   
8.44325865E+01   
7.55986197E+01   
8.24058812E+01   
8.18431686E+01   
8.16018204E+01   
7.52115423E+01   
7.69666933E+01   
9.54730946E+01   
8.58045609E+01   
8.28283657E+01   
6.22036407E+01   
7.38298660E+01   
6.35961192E+01   
9.44201840E+01   
8.62181436E+01   
6.66184237E+01   
7.50155031E+01   
9.56206241E+01   
8.80184037E+01   
8.32009402E+01   
7.42054411E+01   
6.70543109E+01   
7.95815163E+01   
7.62533507E+01   
7.82227445E+01   
1.04019204E+02   
7.85386077E+01   
6.08072615E+01   
6.88341668E+01   
8.10136027E+01   
6.08389678E+01   
6.86691338E+01   
8.07755551E+01   
8.60537107E+01   
8.26021204E+01   
7.67671534E+01   
7.87186437E+01   
7.01475295E+01   
8.44354871E+01   
8.84370874E+01   
9.20180036E+01   
7.76502300E+01   
8.56966393E+01   
8.59186837E+01   
9.20184037E+01   
8.35320064E+01   
7.28028606E+01   
8.48677736E+01   
7.38032607E+01   
8.43745749E+01   
7.44438888E+01   
7.77275455E+01   
7.92407481E+01   
9.22175435E+01   
7.71738348E+01   
8.09366873E+01   
8.33661732E+01   
6.93637728E+01   
6.37964593E+01   
8.66674335E+01   
7.51065213E+01   
8.24542909E+01   
8.98261652E+01   
7.20136027E+01   
8.06529306E+01   
8.52556511E+01   
7.57811562E+01   
8.94703941E+01   
7.90156031E+01   
8.67936587E+01   
7.30163033E+01   
9.03458692E+01   
6.99065813E+01   
6.96743349E+01   
7.60132026E+01   
7.25836167E+01   
7.70160032E+01   
7.91154231E+01   
8.51421284E+01   
7.40791158E+01   
7.21800360E+01   
7.70691138E+01   
7.11473295E+01   
7.83309662E+01   
6.92403481E+01   
6.54379876E+01   
6.96463293E+01   
9.29540908E+01   
7.58491698E+01   
7.19464893E+01   
8.07034407E+01   
8.19365873E+01   
7.78594719E+01   
6.70971194E+01   
8.77126425E+01   
8.76945389E+01   
7.07379476E+01   
8.09894979E+01   
7.92487497E+01   
6.60798160E+01   
8.48887778E+01   
8.42519504E+01   
8.28418684E+01   
8.68378676E+01   
7.64403881E+01   
9.52958592E+01   
7.60925185E+01   
8.42571514E+01   
9.08824765E+01   
8.08721744E+01   
9.20682136E+01   
8.41550310E+01   
7.35803161E+01   
7.08873775E+01   
8.65377075E+01   
8.56992398E+01   
8.14453891E+01   
8.14588918E+01   
7.84298860E+01   
8.93891778E+01   
6.66782356E+01   
8.95603121E+01   
7.42027405E+01   
8.39921984E+01   
9.90680136E+01   
8.87494499E+01   
8.22833567E+01   
7.98294659E+01   
7.34666933E+01   
7.35395079E+01   
7.32153431E+01   
8.85635127E+01   
7.24952991E+01   
7.65099020E+01   
7.07676535E+01   
7.52569514E+01   
8.50122024E+01   
8.75239048E+01   
8.90164033E+01   
8.27666533E+01   
7.77668534E+01   
8.10112022E+01   
7.82743549E+01   
7.87660532E+01   
8.32613523E+01   
7.80160032E+01   
7.39939988E+01   
8.32785557E+01   
8.20716143E+01   
9.07514503E+01   
9.65105021E+01   
9.54898980E+01   
6.84644929E+01   
7.75675135E+01   
8.25041008E+01   
8.89643929E+01   
7.48632727E+01   
8.17608522E+01   
8.81543309E+01   
7.26229246E+01   
8.67588518E+01   
8.13105621E+01   
8.60554111E+01   
8.43866773E+01   
7.57548510E+01   
8.38368674E+01   
7.64096819E+01   
6.97966593E+01   
7.51530306E+01   
7.41855371E+01   
7.45905181E+01   
8.39167834E+01   
8.48576715E+01   
9.85455091E+01   
8.18110622E+01   
9.11125225E+01   
7.92807562E+01   
8.27285457E+01   
9.07109422E+01   
6.41416283E+01   
9.33489698E+01   
8.28194639E+01   
8.69444889E+01   
7.42803561E+01   
7.32286457E+01   
8.93597720E+01   
9.98699740E+01   
7.98242649E+01   
7.66353271E+01   
9.17504501E+01   
8.92350470E+01   
7.52021404E+01   
8.20978196E+01   
7.78294659E+01   
7.36477295E+01   
8.83842769E+01   
8.42887578E+01   
9.17432486E+01   
7.91102220E+01   
8.49217844E+01   
8.49364873E+01   
9.09197840E+01   
8.55675135E+01   
8.52224445E+01   
8.87780556E+01   
8.51190238E+01   
7.93989798E+01   
8.15228046E+01   
8.00667133E+01   
8.47975595E+01   
9.66817363E+01   
8.57384477E+01   
8.86210242E+01   
7.89716943E+01   
8.82180436E+01   
7.80511102E+01   
6.73798760E+01   
6.98909782E+01   
7.59168834E+01   
6.60848170E+01   
8.86050210E+01   
8.22561512E+01   
9.91713343E+01   
9.40498100E+01   
8.81498300E+01   
7.61435287E+01   
9.78742749E+01   
8.81696339E+01   
8.84460892E+01   
8.73057612E+01   
9.47270454E+01   
8.28766753E+01   
9.85717143E+01   
8.59141828E+01   
9.98391678E+01   
8.05919184E+01   
7.84171834E+01   
7.33738748E+01   
9.54151830E+01   
9.58577716E+01   
8.36292258E+01   
1.02019604E+02   
9.27665533E+01   
9.62317463E+01   
9.36007201E+01   
9.44328866E+01   
8.27240448E+01   
8.10685137E+01   
9.18998800E+01   
9.51989398E+01   
9.13095619E+01   
9.74369874E+01   
1.04021604E+02   
1.05110422E+02   
6.96055211E+01   
7.23852771E+01   
9.30500100E+01   
8.56880376E+01   
8.88269654E+01   
8.36972394E+01   
8.60356071E+01   
8.33015603E+01   
8.52330466E+01   
8.11101220E+01   
8.86155231E+01   
9.06179236E+01   
8.77244449E+01   
1.01214243E+02   
8.94156831E+01   
9.16023205E+01   
7.77124425E+01   
8.08585717E+01   
9.10797159E+01   
9.06583317E+01   
8.75887177E+01   
8.87997600E+01   
8.02346469E+01   
9.16275255E+01   
9.01846369E+01   
7.51573315E+01   
1.00180236E+02   
9.32430486E+01   
8.59459892E+01   
8.75497099E+01   
8.40173035E+01   
8.89406881E+01   
1.02413183E+02   
7.82921584E+01   
8.30355071E+01   
7.44665933E+01   
8.80491098E+01   
8.74657932E+01   
9.45069014E+01   
9.34629926E+01   
8.95786157E+01   
1.03584817E+02   
9.10164033E+01   
1.00582216E+02   
9.97811562E+01   
1.03709242E+02   
9.95648130E+01   
9.46479296E+01   
8.87040408E+01   
8.70188038E+01   
8.97028406E+01   
8.50184037E+01   
9.50866173E+01   
9.29501900E+01   
8.94305861E+01   
7.92421484E+01   
8.07457491E+01   
9.86679336E+01   
1.00898980E+02   
7.17641528E+01   
8.48988798E+01   
9.07802561E+01   
8.74161832E+01   
9.29449890E+01   
9.45185037E+01   
8.89465893E+01   
9.06948390E+01   
9.05672134E+01   
8.91127225E+01   
9.30176035E+01   
8.97217443E+01   
8.46378276E+01   
9.23170634E+01   
8.78169634E+01   
8.26643329E+01   
8.38813763E+01   
8.57784557E+01   
8.43821764E+01   
9.79029806E+01   
9.67282456E+01   
9.27226445E+01   
7.33290658E+01   
7.80446089E+01   
8.29897980E+01   
8.96876375E+01   
9.06767353E+01   
8.00176035E+01   
9.26714343E+01   
1.02376775E+02   
8.26677335E+01   
9.60061012E+01   
1.03357271E+02   
9.60229046E+01   
9.46878376E+01   
8.76822364E+01   
7.80201040E+01   
9.56929386E+01   
8.80126025E+01   
9.59912983E+01   
9.27107421E+01   
8.43385677E+01   
7.86709342E+01   
8.63721744E+01   
9.00291058E+01   
9.53817764E+01   
9.79520904E+01   
9.11062212E+01   
1.01651430E+02   
9.29499900E+01   
9.16943389E+01   
8.96959392E+01   
8.73571714E+01   
9.36764353E+01   
8.23109622E+01   
7.82124425E+01   
1.18578816E+02   
9.11547309E+01   
1.04540908E+02   
1.06705141E+02   
9.39274855E+01   
8.24237848E+01   
8.39525905E+01   
8.56030206E+01   
8.08814763E+01   
1.01784957E+02   
9.37961592E+01   
8.24018804E+01   
8.74050810E+01   
9.42837568E+01   
8.45846169E+01   
8.57546509E+01   
9.04102821E+01   
1.00018404E+02   
9.17167433E+01   
9.97670534E+01   
9.82214443E+01   
9.73172635E+01   
9.93679736E+01   
9.26898380E+01   
9.85875175E+01   
8.57754551E+01   
1.09893679E+02   
1.02552611E+02   
9.20192038E+01   
9.05442088E+01   
8.80783157E+01   
9.04350870E+01   
9.31167233E+01   
9.04078816E+01   
1.13288858E+02   
1.11551410E+02   
1.12651230E+02   
1.10742348E+02   
9.27331466E+01   
8.25226045E+01   
1.01442689E+02   
9.82265453E+01   
1.01039208E+02   
9.07894579E+01   
9.30524105E+01   
1.03904481E+02   
9.52605521E+01   
9.46600320E+01   
8.41310262E+01   
8.99944989E+01   
9.50399080E+01   
9.42924585E+01   
9.99973995E+01   
9.72144429E+01   
8.84730946E+01   
9.67446489E+01   
7.58386677E+01   
9.23835767E+01   
9.92888578E+01   
1.14018404E+02   
1.06116323E+02   
9.39204841E+01   
9.44854971E+01   
1.15855871E+02   
1.00286857E+02   
8.97656531E+01   
9.73297660E+01   
9.50745149E+01   
1.05330666E+02   
1.06344569E+02   
1.08501900E+02   
9.94679936E+01   
8.49052811E+01   
9.80993199E+01   
1.00649230E+02   
1.11996199E+02   
1.08161732E+02   
1.05039408E+02   
9.27647530E+01   
9.83699740E+01   
1.18164333E+02   
9.41439288E+01   
1.10146329E+02   
9.82700540E+01   
1.09269454E+02   
1.01906081E+02   
1.03894479E+02   
9.92546509E+01   
9.62814563E+01   
8.70002000E+01   
1.02821164E+02   
9.94302861E+01   
8.51042208E+01   
1.07093919E+02   
9.99158832E+01   
1.15679836E+02   
1.10219044E+02   
8.61611322E+01   
1.02450590E+02   
1.03734147E+02   
1.09111322E+02   
8.61663333E+01   
1.05809862E+02   
9.12309462E+01   
9.87875575E+01   
1.03485297E+02   
9.65602120E+01   
9.06333267E+01   
1.06635627E+02   
9.56223245E+01   
8.61904381E+01   
1.02157431E+02   
9.15643129E+01   
1.03793159E+02   
9.76320264E+01   
1.00183137E+02   
1.05739048E+02   
1.09411982E+02   
1.03521004E+02   
9.78512703E+01   
9.79185837E+01   
1.00728646E+02   
1.01581516E+02   
9.17582517E+01   
1.07715443E+02   
1.05330166E+02   
9.07066413E+01   
9.49822965E+01   
9.66954391E+01   
9.49838968E+01   
1.00836067E+02   
8.13549710E+01   
8.72838568E+01   
1.00573015E+02   
9.90200040E+01   
1.16248150E+02   
8.76389278E+01   
9.77922585E+01   
8.98119624E+01   
9.46208242E+01   
1.05405881E+02   
1.04841468E+02   
1.20199340E+02   
1.07217944E+02   
9.42224445E+01   
8.62208442E+01   
9.84165833E+01   
8.76273255E+01   
8.72078416E+01   
8.62298460E+01   
8.86184237E+01   
9.34104821E+01   
9.92545509E+01   
1.09588618E+02   
1.06615623E+02   
1.07230746E+02   
9.89980996E+01   
1.01041908E+02   
1.09856271E+02   
1.06645129E+02   
1.01528706E+02   
8.92690538E+01   
1.17546609E+02   
9.54957992E+01   
1.15134927E+02   
1.20395279E+02   
1.25266353E+02   
8.74267854E+01   
1.01519404E+02   
1.19022805E+02   
1.03972895E+02   
1.04535007E+02   
1.10452691E+02   
1.04897079E+02   
1.13433187E+02   
1.02081916E+02   
1.16786857E+02   
9.69588918E+01   
1.02194439E+02   
1.05433587E+02   
1.00918284E+02   
9.25643129E+01   
9.92377475E+01   
1.15928286E+02   
1.19778056E+02   
1.01775655E+02   
1.07189638E+02   
1.03436987E+02   
9.64343869E+01   
1.01358272E+02   
9.90208042E+01   
1.08275955E+02   
1.03791058E+02   
1.06348870E+02   
1.17408582E+02   
1.07639428E+02   
1.20285157E+02   
1.17342068E+02   
1.13235447E+02   
1.13547009E+02   
1.12224545E+02   
1.04863573E+02   
9.90196039E+01   
1.05445589E+02   
1.20711542E+02   
1.03781756E+02   
1.08778456E+02   
1.13778956E+02   
1.03172434E+02   
1.09319664E+02   
1.12168434E+02   
1.10872374E+02   
1.00300760E+02   
1.20167233E+02   
9.51725345E+01   
1.00864973E+02   
1.07169434E+02   
1.03447489E+02   
9.28830766E+01   
1.15024005E+02   
1.03444089E+02   
1.19895079E+02   
1.07732847E+02   
1.12519604E+02   
9.09177836E+01   
1.12386477E+02   
1.34813063E+02   
1.03184737E+02   
1.26322364E+02   
1.25555311E+02   
1.06284857E+02   
1.20494299E+02   
1.16152831E+02   
1.04716043E+02   
1.08069514E+02   
1.11587217E+02   
1.08713643E+02   
9.84583917E+01   
1.13459192E+02   
9.87096419E+01   
1.14525105E+02   
1.19969894E+02   
1.19834067E+02   
1.15708442E+02   
1.06024805E+02   
1.32264853E+02   
1.20582817E+02   
1.16818864E+02   
9.92267453E+01   
1.18555511E+02   
1.16722144E+02   
1.07827766E+02   
1.03000700E+02   
1.19689638E+02   
1.08453891E+02   
1.16578016E+02   
1.16466493E+02   
1.12021504E+02   
1.26131626E+02   
9.80109022E+01   
1.12585517E+02   
9.51280256E+01   
9.90200040E+01   
9.26784357E+01   
1.09704341E+02   
1.08605121E+02   
1.15782456E+02   
1.19329666E+02   
1.00121624E+02   
1.13258952E+02   
1.34229446E+02   
1.11271554E+02   
1.08669234E+02   
9.84715943E+01   
1.12150130E+02   
1.11151430E+02   
1.07379976E+02   
1.18948890E+02   
1.10099120E+02   
1.23302460E+02   
1.08297660E+02   
1.03384077E+02   
1.05928286E+02   
1.23207542E+02   
1.22668734E+02   
1.20467293E+02   
1.15284857E+02   
1.11786257E+02   
1.09169734E+02   
1.17055111E+02   
1.17568014E+02   
1.14816863E+02   
1.14811262E+02   
1.07611922E+02   
1.22296659E+02   
1.23671334E+02   
1.13960492E+02   
1.08638028E+02   
1.18320664E+02   
1.22564813E+02   
1.19792058E+02   
1.31722344E+02   
1.33100820E+02   
1.16562412E+02   
1.10634427E+02   
1.07528106E+02   
1.18126725E+02   
1.10698840E+02   
1.04068314E+02   
1.28232446E+02   
1.15557612E+02   
1.20224845E+02   
1.06288358E+02   
1.42834667E+02   
1.25485697E+02   
1.06942488E+02   
1.19894779E+02   
1.14179536E+02   
1.23273655E+02   
1.07797660E+02   
1.14480296E+02   
1.13382877E+02   
1.26727245E+02   
1.08731946E+02   
1.09251250E+02   
1.18492799E+02   
1.17186837E+02   
1.14637928E+02   
1.10346069E+02   
1.29649930E+02   
1.16123325E+02   
1.01978296E+02   
1.26973995E+02   
1.15748450E+02   
1.01923985E+02   
1.03167233E+02   
1.18454291E+02   
1.37540908E+02   
1.29067213E+02   
1.11408782E+02   
1.48802761E+02   
1.31156431E+02   
1.15757652E+02   
1.05936787E+02   
1.15817564E+02   
1.08305661E+02   
1.12941588E+02   
1.28944789E+02   
1.21023205E+02   
1.10986397E+02   
1.14060012E+02   
1.24671134E+02   
1.15409682E+02   
1.10787157E+02   
1.22257652E+02   
1.13990398E+02   
1.20413983E+02   
1.22026005E+02   
1.10807261E+02   
1.27043109E+02   
1.40311662E+02   
1.19778756E+02   
1.29189238E+02   
1.20026005E+02   
1.29463993E+02   
1.19708042E+02   
1.27882777E+02   
1.18560412E+02   
1.33428386E+02   
1.31602020E+02   
1.21656431E+02   
1.19415583E+02   
1.26571614E+02   
1.25970794E+02   
1.29941988E+02   
1.36618024E+02   
1.22101620E+02   
1.23992799E+02   
1.06584417E+02   
1.14968394E+02   
1.29516803E+02   
1.26967193E+02   
1.25120824E+02   
1.29399980E+02   
1.33091618E+02   
1.30952390E+02   
1.28074815E+02   
1.22033207E+02   
1.32037207E+02   
1.34000400E+02   
1.28040408E+02   
1.36029206E+02   
1.36528806E+02   
1.26518404E+02   
1.25528006E+02   
1.23525605E+02   
1.31522404E+02   
1.11024005E+02   
1.42035207E+02   
1.32030406E+02   
1.42514003E+02   
1.15025205E+02   
1.28025205E+02   
1.20006001E+02   
1.18044409E+02   
1.23561212E+02   
1.25480396E+02   
1.12985997E+02   
1.33104421E+02   
1.33566813E+02   
1.29524405E+02   
1.37901980E+02   
1.21076415E+02   
1.36039608E+02   
1.39472795E+02   
1.19087217E+02   
1.34026405E+02   
1.34008802E+02   
1.29461192E+02   
1.18532406E+02   
1.27473195E+02   
1.20760452E+02   
1.23900780E+02   
1.22469594E+02   
1.07953991E+02   
1.36165233E+02   
1.30026005E+02   
1.25666833E+02   
1.33411582E+02   
1.31540408E+02   
1.30859172E+02   
1.24623225E+02   
1.32865673E+02   
1.55488798E+02   
1.43845969E+02   
1.40544409E+02   
1.37184337E+02   
1.25121224E+02   
1.30298060E+02   
1.36300360E+02   
1.21542008E+02   
1.20171634E+02   
1.37952390E+02   
1.37141228E+02   
1.28067614E+02   
1.59069214E+02   
1.30785157E+02   
1.28150030E+02   
1.56451690E+02   
1.40081916E+02   
1.47027205E+02   
1.30296059E+02   
1.65235547E+02   
1.33410782E+02   
1.31690038E+02   
1.15071514E+02   
1.23690838E+02   
1.27270854E+02   
1.39228446E+02   
1.28466693E+02   
1.20599220E+02   
1.17865673E+02   
1.35876075E+02   
1.32070314E+02   
1.44860372E+02   
1.30775655E+02   
1.39424885E+02   
1.41802360E+02   
1.48149930E+02   
1.34909282E+02   
1.36609522E+02   
1.27145629E+02   
1.33556411E+02   
1.14963593E+02   
1.30151630E+02   
1.26430786E+02   
1.45025605E+02   
1.30353671E+02   
1.54162432E+02   
1.34892679E+02   
1.53975795E+02   
1.44156331E+02   
1.33008302E+02   
1.25122925E+02   
1.46424385E+02   
1.43174035E+02   
1.42767053E+02   
1.16707241E+02   
1.33471694E+02   
1.38965893E+02   
1.36252050E+02   
1.29642328E+02   
1.26798560E+02   
1.32020704E+02   
1.28881676E+02   
1.39028806E+02   
1.47382276E+02   
1.37542609E+02   
1.58161532E+02   
1.44612723E+02   
1.34986897E+02   
1.44741248E+02   
1.58774355E+02   
1.38683137E+02   
1.34656431E+02   
1.44850770E+02   
1.35936387E+02   
1.55830966E+02   
1.45034307E+02   
1.41935987E+02   
1.35210442E+02   
1.44945689E+02   
1.38095419E+02   
1.23515003E+02   
1.28341768E+02   
1.27762052E+02   
1.32572414E+02   
1.31610122E+02   
1.49127626E+02   
1.31281956E+02   
1.31177936E+02   
1.36831766E+02   
1.59480796E+02   
1.57684837E+02   
1.37619524E+02   
1.57997299E+02   
1.45746649E+02   
1.34896479E+02   
1.38008502E+02   
1.54836267E+02   
1.37906081E+02   
1.51595519E+02   
1.48020904E+02   
1.57926985E+02   
1.34912983E+02   
1.59913483E+02   
1.38243149E+02   
1.46148130E+02   
1.56928086E+02   
1.43896679E+02   
1.33932086E+02   
1.44262452E+02   
1.33383277E+02   
1.50526205E+02   
1.31227946E+02   
1.36944089E+02   
1.48751750E+02   
1.48180236E+02   
1.61760552E+02   
1.42469194E+02   
1.53030406E+02   
1.55155231E+02   
1.40463393E+02   
1.41599020E+02   
1.44467594E+02   
1.35902781E+02   
1.65496199E+02   
1.62563813E+02   
1.34334367E+02   
1.48725645E+02   
1.38633927E+02   
1.53558912E+02   
1.39330366E+02   
1.68672234E+02   
1.62765953E+02   
1.59946589E+02   
1.66144129E+02   
1.63169634E+02   
1.58202240E+02   
1.24736847E+02   
1.46469094E+02   
1.45293459E+02   
1.50749950E+02   
1.57030106E+02   
1.49457592E+02   
1.48458992E+02   
1.56614223E+02   
1.50334967E+02   
1.75306261E+02   
1.58019104E+02   
1.37605621E+02   
1.57862272E+02   
1.48603221E+02   
1.51630526E+02   
1.67549010E+02   
1.49602821E+02   
1.55520604E+02   
1.39687437E+02   
1.44954591E+02   
1.53989498E+02   
1.38359772E+02   
1.59905981E+02   
1.42666633E+02   
1.64559012E+02   
1.64079016E+02   
1.66349670E+02   
1.46450790E+02   
1.73707542E+02   
1.55772855E+02   
1.45234847E+02   
1.49154031E+02   
1.56955091E+02   
1.51771454E+02   
1.36703741E+02   
1.25612422E+02   
1.56861172E+02   
1.68210242E+02   
1.60355471E+02   
1.69053411E+02   
1.48295859E+02   
1.52641028E+02   
1.59892178E+02   
1.71073815E+02   
1.78275155E+02   
1.61808962E+02   
1.86258552E+02   
1.80450890E+02   
1.50614123E+02   
1.57402380E+02   
1.75372174E+02   
1.71081916E+02   
1.65115023E+02   
1.75308262E+02   
1.59031606E+02   
1.54989698E+02   
1.52665533E+02   
1.61918284E+02   
1.68223645E+02   
1.55360872E+02   
1.64374175E+02   
1.65035207E+02   
1.74440788E+02   
1.59060712E+02   
1.78604121E+02   
1.51270254E+02   
1.51204141E+02   
1.70859872E+02   
1.58032006E+02   
1.58018104E+02   
1.55850670E+02   
1.66845069E+02   
1.74217343E+02   
1.53426485E+02   
1.33040608E+02   
1.63624625E+02   
1.65432987E+02   
1.43026705E+02   
1.71644029E+02   
1.59427886E+02   
1.62634427E+02   
1.59819064E+02   
1.75271554E+02   
1.74023105E+02   
1.80622324E+02   
1.54375675E+02   
1.57503601E+02   
1.59341968E+02   
1.63122825E+02   
1.82665733E+02   
1.73431186E+02   
1.72188238E+02   
1.87342368E+02   
1.74049010E+02   
1.73778256E+02   
1.61824165E+02   
1.76860472E+02   
1.47694439E+02   
1.61595519E+02   
1.57558312E+02   
1.72377075E+02   
1.75742649E+02   
1.83763853E+02   
1.60482496E+02   
1.63028406E+02   
1.81318964E+02   
1.67082116E+02   
1.86831966E+02   
1.57557512E+02   
1.95748150E+02   
1.88267654E+02   
1.91129026E+02   
1.80652430E+02   
1.60586417E+02   
1.63492498E+02   
1.78339468E+02   
1.76958992E+02   
1.67814663E+02   
1.82870174E+02   
1.89182737E+02   
1.72709842E+02   
1.91828666E+02   
1.84745349E+02   
1.91032507E+02   
1.90995699E+02   
1.64083417E+02   
1.79277255E+02   
1.78454191E+02   
1.68655231E+02   
1.91353171E+02   
1.88554311E+02   
1.77196939E+02   
2.02034807E+02   
1.84640228E+02   
1.43718444E+02   
1.60380376E+02   
1.66280056E+02   
1.65774755E+02   
1.80539108E+02   
1.77036807E+02   
1.98795559E+02   
1.86278056E+02   
1.85772555E+02   
1.89301060E+02   
1.82800160E+02   
2.01901080E+02   
1.64616823E+02   
1.68829166E+02   
1.74521504E+02   
1.71742949E+02   
1.57142328E+02   
1.93000500E+02   
1.83581216E+02   
1.75124825E+02   
1.96825365E+02   
2.00777155E+02   
1.99671634E+02   
2.11953391E+02   
2.07392278E+02   
1.76507902E+02   
1.91603821E+02   
1.95278756E+02   
1.92159632E+02   
1.84114623E+02   
1.78039208E+02   
1.90047309E+02   
2.07211242E+02   
1.92313363E+02   
2.02231946E+02   
2.00480496E+02   
2.02226145E+02   
1.81555511E+02   
1.95501800E+02   
1.96618024E+02   
2.33763153E+02   
2.09761552E+02   
2.09600120E+02   
2.02648030E+02   
1.92822765E+02   
2.01882977E+02   
1.94413583E+02   
1.92440688E+02   
1.80617323E+02   
1.99680036E+02   
1.99179036E+02   
1.91679236E+02   
1.90628526E+02   
1.95687638E+02   
2.05240148E+02   
1.90813863E+02   
1.96785557E+02   
2.22918984E+02   
2.26055911E+02   
1.73570114E+02   
1.91095619E+02   
2.17630526E+02   
2.20281756E+02   
2.05668734E+02   
2.08609122E+02   
2.09659132E+02   
2.00186337E+02   
2.16394179E+02   
1.77182537E+02   
1.91256051E+02   
2.26485397E+02   
1.90479796E+02   
2.02430286E+02   
2.12780556E+02   
2.08391178E+02   
2.10430686E+02   
1.97505701E+02   
2.05383977E+02   
2.06618624E+02   
2.03969394E+02   
2.29871274E+02   
2.22836867E+02   
2.12076315E+02   
2.21012503E+02   
2.10309962E+02   
2.12665633E+02   
2.03059212E+02   
2.06562513E+02   
1.93624725E+02   
1.82891278E+02   
1.83219844E+02   
2.10702841E+02   
2.23323865E+02   
2.09405081E+02   
2.17706041E+02   
2.20110822E+02   
2.06010602E+02   
2.09395079E+02   
1.98092418E+02   
2.06676635E+02   
1.96366073E+02   
2.31340368E+02   
2.09693039E+02   
2.28383177E+02   
2.22415383E+02   
1.92048210E+02   
2.12034107E+02   
2.10693039E+02   
2.21713843E+02   
2.33380176E+02   
2.20707842E+02   
2.08694239E+02   
2.23053611E+02   
2.29736947E+02   
2.31697740E+02   
2.26699040E+02   
2.42775155E+02   
2.35621024E+02   
2.00733447E+02   
2.37726545E+02   
2.52113323E+02   
2.16349370E+02   
2.38064113E+02   
2.48428686E+02   
2.41632727E+02   
2.29353871E+02   
2.22739748E+02   
2.28809262E+02   
2.42028706E+02   
2.40652130E+02   
2.11568614E+02   
2.21094619E+02   
2.17775455E+02   
2.39104621E+02   
2.41816763E+02   
2.07089818E+02   
2.39370274E+02   
2.13424285E+02   
2.31325265E+02   
2.44227546E+02   
2.48405681E+02   
2.24610922E+02   
2.15004701E+02   
2.32487097E+02   
2.23195939E+02   
2.45622625E+02   
2.25048410E+02   
2.57048410E+02   
2.52541608E+02   
2.38361172E+02   
2.40975395E+02   
2.19642729E+02   
2.28141328E+02   
2.28308362E+02   
2.34628926E+02   
2.38787758E+02   
2.33934587E+02   
2.30906381E+02   
2.47795759E+02   
2.39435887E+02   
2.64852470E+02   
2.40053011E+02   
2.44488998E+02   
2.37543309E+02   
2.65401580E+02   
2.43558212E+02   
2.45458692E+02   
2.86543209E+02   
2.80085117E+02   
2.58456391E+02   
2.45991398E+02   
2.49727746E+02   
2.61053911E+02   
2.48892278E+02   
2.50283557E+02   
2.60290758E+02   
2.67506101E+02   
2.46417584E+02   
2.39436487E+02   
2.63555511E+02   
2.48322264E+02   
2.81267153E+02   
2.61136827E+02   
2.80067714E+02   
2.73696739E+02   
2.76631926E+02   
2.33035107E+02   
2.41949890E+02   
2.40900680E+02   
2.67354771E+02   
2.56166133E+02   
2.47639928E+02   
2.67753651E+02   
2.57758852E+02   
2.50332366E+02   
2.39344769E+02   
2.44957091E+02   
2.43068814E+02   
2.40647530E+02   
2.54348770E+02   
2.71193339E+02   
2.74650830E+02   
2.10044809E+02   
2.86449090E+02   
2.63261552E+02   
2.92043909E+02   
2.49892378E+02   
2.51994599E+02   
2.80059212E+02   
2.66404481E+02   
2.49667734E+02   
2.52198440E+02   
2.82922484E+02   
2.77269154E+02   
2.76424985E+02   
2.51377676E+02   
2.53693039E+02   
2.64693739E+02   
2.54310662E+02   
2.60050410E+02   
2.67430286E+02   
2.42995899E+02   
2.65437087E+02   
2.58763253E+02   
2.71605321E+02   
2.75622224E+02   
2.68067013E+02   
2.74624325E+02   
2.63481596E+02   
2.73344269E+02   
2.60328966E+02   
2.53042108E+02   
2.80073415E+02   
2.85233947E+02   
2.75706441E+02   
2.44505601E+02   
2.60901080E+02   
2.70797159E+02   
2.79803561E+02   
2.60589618E+02   
2.72159732E+02   
2.93306861E+02   
2.84379976E+02   
2.74655431E+02   
2.83984497E+02   
2.46028506E+02   
2.78698940E+02   
2.89675035E+02   
2.96003301E+02   
2.80049610E+02   
2.65990898E+02   
2.49734547E+02   
2.87468194E+02   
2.86540808E+02   
2.72882677E+02   
2.88781256E+02   
2.75782056E+02   
2.59440088E+02   
2.54785957E+02   
2.80939688E+02   
2.73607321E+02   
2.72328066E+02   
3.03248250E+02   
3.03332767E+02   
3.18043509E+02   
2.94912082E+02   
2.66526405E+02   
2.71129826E+02   
2.93153131E+02   
3.04444689E+02   
2.67172334E+02   
2.85471594E+02   
2.92177135E+02   
2.79858272E+02   
2.51458792E+02   
2.72448990E+02   
2.84521804E+02   
2.78862573E+02   
2.87104321E+02   
2.86831466E+02   
2.82711142E+02   
2.93266553E+02   
2.70451490E+02   
2.84731846E+02   
2.99157031E+02   
2.94953891E+02   
2.83682737E+02   
2.77863973E+02   
2.77461792E+02   
2.71056411E+02   
2.97970394E+02   
2.98840668E+02   
2.76318364E+02   
3.06202941E+02   
3.44964443E+02   
3.49869974E+02   
3.49869974E+02   
3.49869974E+02   
3.49869974E+02   
3.73715413E+02   
4.36853071E+02   
3.95056211E+02   
4.18618924E+02   
4.66347670E+02   
4.19283057E+02   
4.28497700E+02   
4.40160032E+02   
4.47243149E+02   
4.33685537E+02   
4.27335967E+02   
4.31060412E+02   
4.09347369E+02   
4.25831666E+02   
4.16090218E+02   
4.66780656E+02   
4.58130426E+02   
4.39829866E+02   
4.56340168E+02   
4.54083217E+02   
4.60599720E+02   
4.25837868E+02   
4.41573915E+02   
4.30334367E+02   
4.68125225E+02   
4.40788258E+02   
4.48656331E+02   
4.59339968E+02   
4.75912082E+02   
4.53309962E+02   
4.46096419E+02   
4.40033407E+02   
5.10182036E+02   
4.52245149E+02   
4.46168634E+02   
5.08178236E+02   
4.55314563E+02   
5.07279956E+02   
4.98530406E+02   
4.59075515E+02   
4.57509402E+02   
4.42006501E+02   
4.19161232E+02   
4.67847269E+02   
4.51129426E+02   
5.18414383E+02   
4.86079116E+02   
4.86100420E+02   
4.88955791E+02   
4.42597520E+02   
4.69696539E+02   
4.59915083E+02   
4.74919084E+02   
4.83057712E+02   
4.39329966E+02   
4.79623725E+02   
4.83921084E+02   
4.94143329E+02   
4.89752150E+02   
4.37569114E+02   
4.65591218E+02   
4.75031806E+02   
4.80513803E+02   
4.65859672E+02   
5.31135527E+02   
5.32496099E+02   
4.85413683E+02   
5.03485497E+02   
5.13111122E+02   
4.61762452E+02   
4.96906081E+02   
4.57968194E+02   
4.84124325E+02   
4.90098020E+02   
4.84912382E+02   
5.12693639E+02   
5.05420584E+02   
5.12365473E+02   
4.97842869E+02   
4.79067814E+02   
5.13582216E+02   
5.45707341E+02   
5.50129926E+02   
5.78269154E+02   
5.43592118E+02   
6.10642028E+02   
5.70029906E+02   
5.71218644E+02   
5.65784257E+02   
5.29885177E+02   
5.37677035E+02   
5.32425185E+02   
5.86751850E+02   
5.43282456E+02   
5.13582917E+02   
5.15787157E+02   
5.36479496E+02   
5.53454191E+02   
5.26713043E+02   
5.62855171E+02   
5.63980196E+02   
5.49326765E+02   
5.22080816E+02   
5.17128326E+02   
5.21102120E+02   
5.41493799E+02   
5.19172535E+02   
5.34680136E+02   
5.64825965E+02   
5.08888078E+02   
5.34680536E+02   
5.16894879E+02   
5.18532707E+02   
5.06286357E+02   
5.47985797E+02   
5.12961492E+02   
5.22244849E+02   
5.49530006E+02   
5.13253551E+02   
5.57183537E+02   
4.93340168E+02   
5.18980296E+02   
5.32056311E+02   
5.98415583E+02   
5.43520504E+02   
5.65428286E+02   
5.31069414E+02   
5.54415583E+02   
5.45691338E+02   
5.48870774E+02   
5.44106421E+02   
5.48468494E+02   
5.46905281E+02   
5.21149430E+02   
5.55663533E+02   
5.51485697E+02   
5.61261952E+02   
5.42977796E+02   
5.23362472E+02   
5.13876975E+02   
5.43487497E+02   
5.46728546E+02   
5.75507001E+02   
5.16508202E+02   
5.18698740E+02   
5.36324165E+02   
5.40098220E+02   
5.15883577E+02   
5.38142428E+02   
5.50121524E+02   
5.74336967E+02   
5.01262653E+02   
5.26231546E+02   
5.47377175E+02   
5.26822865E+02   
5.22319464E+02   
5.68454191E+02   
5.12137728E+02   
5.47894779E+02   
5.60145629E+02   
5.16592418E+02   
5.21264853E+02   
5.10414083E+02   
4.92525405E+02   
5.09124725E+02   
4.82035807E+02   
4.75631826E+02   
4.97949690E+02   
4.79909682E+02   
4.66374475E+02   
4.59662633E+02   
4.71961592E+02   
4.70109822E+02   
4.54405581E+02   
4.35525205E+02   
4.30082016E+02   
4.36467694E+02   
4.45783257E+02   
4.64346669E+02   
4.15915983E+02   
4.39155931E+02   
4.16485197E+02   
4.26313363E+02   
4.18739848E+02   
4.36732647E+02   
4.20428986E+02   
4.19801660E+02   
4.53624925E+02   
3.81999100E+02   
4.00712943E+02   
4.18272955E+02   
3.91446689E+02   
4.38920384E+02   
4.26988898E+02   
3.90600720E+02   
4.11081616E+02   
4.08724145E+02   
4.02904081E+02   
4.39193139E+02   
4.24813063E+02   
4.03179436E+02   
3.78033807E+02   
3.89897680E+02   
3.76666933E+02   
3.78588318E+02   
4.09566913E+02   
3.86505001E+02   
3.95604221E+02   
3.96862973E+02   
3.91553011E+02   
3.75594219E+02   
3.89037207E+02   
4.17559012E+02   
4.16466593E+02   
3.96399480E+02   
3.84194439E+02   
3.62589818E+02   
3.85439088E+02   
3.87674535E+02   
3.73658632E+02   
3.60269154E+02   
3.97603721E+02   
3.86130026E+02   
3.99088018E+02   
3.70402681E+02   
4.10410682E+02   
3.62587818E+02   
4.05249550E+02   
3.86900880E+02   
3.53744149E+02   
3.97901680E+02   
3.95932486E+02   
3.55995199E+02   
3.65950090E+02   
3.54833667E+02   
3.21183937E+02   
4.01338768E+02   
3.44608622E+02   
3.51559012E+02   
3.61033707E+02   
3.22655231E+02   
3.50562713E+02   
3.75272755E+02   
3.57876075E+02   
3.50350670E+02   
3.58365973E+02   
3.38046309E+02   
3.14967994E+02   
3.25536307E+02   
3.89343669E+02   
4.56695309E+02   
5.54310862E+02   
5.54310862E+02   
5.54310862E+02   
5.54310862E+02   
5.54310862E+02   
7.18891088E+02   
7.45604321E+02   
6.91922384E+02   
6.56057411E+02   
7.15078316E+02   
7.27617524E+02   
7.18387177E+02   
6.68595419E+02   
6.91615923E+02   
6.66530706E+02   
6.41864573E+02   
6.82657431E+02   
7.27087918E+02   
7.00255251E+02   
7.05222444E+02   
6.61964293E+02   
6.83905881E+02   
6.79172334E+02   
6.69921084E+02   
6.92374475E+02   
6.96291558E+02   
7.52729746E+02   
6.97559112E+02   
7.06364773E+02   
6.76438988E+02   
6.96918984E+02   
7.32576615E+02   
6.72596719E+02   
6.83132827E+02   
7.08417183E+02   
7.52711142E+02   
6.92711942E+02   
6.56678036E+02   
6.60173735E+02   
7.44778356E+02   
7.07911382E+02   
6.50505101E+02   
7.13810362E+02   
7.13887077E+02   
6.57128926E+02   
7.21360472E+02   
6.80376375E+02   
6.48340568E+02   
7.08313663E+02   
6.74907081E+02   
7.32008102E+02   
6.75870974E+02   
6.93060212E+02   
6.92976895E+02   
7.34078216E+02   
6.89760752E+02   
7.35706441E+02   
6.92509502E+02   
7.27335267E+02   
6.77736347E+02   
7.27692238E+02   
6.66428386E+02   
6.96434487E+02   
7.14876575E+02   
6.99107321E+02   
6.67703141E+02   
6.55259952E+02   
6.72428486E+02   
7.08483197E+02   
7.16764353E+02   
6.76583417E+02   
6.72151930E+02   
6.95061312E+02   
7.03733647E+02   
6.43497099E+02   
6.84770754E+02   
7.23028306E+02   
7.25370874E+02   
7.27668934E+02   
6.96136627E+02   
6.88134627E+02   
7.21762653E+02   
6.57491398E+02   
6.97905781E+02   
7.00151430E+02   
7.61439688E+02   
7.56967994E+02   
8.21038008E+02   
9.16595819E+02   
8.62845569E+02   
8.07673035E+02   
8.20401080E+02   
8.41360772E+02   
8.09763253E+02   
7.73546109E+02   
8.15187538E+02   
7.79650430E+02   
7.76218544E+02   
7.75450590E+02   
7.42082016E+02   
7.14978796E+02   
7.05105021E+02   
7.35281656E+02   
6.89796259E+02   
7.34956691E+02   
7.02757752E+02   
6.66118424E+02   
6.90426785E+02   
7.01822765E+02   
6.99026105E+02   
6.90154131E+02   
7.20001900E+02   
6.62948990E+02   
7.02118924E+02   
5.97363673E+02   
6.73693039E+02   
6.40785757E+02   
6.56589518E+02   
6.32448290E+02   
6.02603221E+02   
6.14959892E+02   
6.46474495E+02   
6.12313963E+02   
6.22617123E+02   
6.08448790E+02   
6.26155131E+02   
6.46780156E+02   
5.89623425E+02   
5.69059612E+02   
6.27911282E+02   
5.81231946E+02   
6.11022505E+02   
5.95972294E+02   
5.64354671E+02   
5.10066913E+02   
5.02997299E+02   
4.96849370E+02   
4.88370674E+02   
4.85878176E+02   
4.82415783E+02   
4.66894579E+02   
4.81006101E+02   
4.60786257E+02   
4.51692338E+02   
4.60100820E+02   
4.73615223E+02   
4.39953291E+02   
4.31852971E+02   
4.33303061E+02   
4.19183537E+02   
4.29505701E+02   
3.76326465E+02   
3.93385077E+02   
3.92890978E+02   
4.07512102E+02   
3.89411282E+02   
3.57777355E+02   
3.39481196E+02   
3.97447890E+02   
3.54680836E+02   
3.58050610E+02   
3.26471094E+02   
3.29405881E+02   
3.00447089E+02   
2.60968394E+02   
3.15333767E+02   
2.98417884E+02   
2.79508802E+02   
3.03893479E+02   
2.95131826E+02   
2.61122224E+02   
2.62317764E+02   
2.65579116E+02   
2.38399280E+02   
2.18180136E+02   
2.08868974E+02   
2.12510602E+02   
2.08177235E+02   
2.16928686E+02   
2.06981896E+02   
1.93820264E+02   
1.68370074E+02   
2.00268954E+02   
1.91292358E+02   
1.68368674E+02   
1.85284957E+02   
1.50599620E+02   
1.70618424E+02   
1.56866973E+02   
1.76057411E+02   
1.55923485E+02   
1.54308362E+02   
1.58954891E+02   
1.58068914E+02   
1.61792659E+02   
1.22684237E+02   
1.41004701E+02   
1.37950090E+02   
1.33571014E+02   
1.19334067E+02   
1.22100720E+02   
9.94814963E+01   
1.17337968E+02   
9.52330466E+01   
9.69432887E+01   
1.21673935E+02   
1.03694839E+02   
9.26137227E+01   
9.29456891E+01   
1.17434687E+02   
9.26045209E+01   
9.34534907E+01   
7.86644329E+01   
9.87263453E+01   
8.99452891E+01   
7.58741748E+01   
9.87351470E+01   
9.42277455E+01   
7.88777756E+01   
6.30543109E+01   
6.58054611E+01   
7.83979796E+01   
8.10843169E+01   
7.98134627E+01   
5.76883377E+01   
7.77463493E+01   
8.63516703E+01   
6.83370674E+01   
5.20763153E+01   
5.95546109E+01   
5.75309062E+01   
5.64311862E+01   
4.86527305E+01   
5.13271654E+01   
3.77551510E+01   
3.81346269E+01   
5.29460892E+01   
5.56992398E+01   
6.72111422E+01   
3.34215843E+01   
1.16906981E+02   
3.39256851E+01   
3.02476495E+01   
2.59468894E+01   
2.21250250E+01   
1.84169834E+01   
1.10615123E+01   
1.77132426E+01   
1.82923585E+01   
1.40028006E+01   
1.90028006E+01   
1.97212442E+01   
1.51725345E+01   
5.39217844E+00   
1.46701340E+01   
8.80563113E+00   
8.60172034E+00   
8.60172034E+00   
8.60172034E+00   
8.60172034E+00   
4.52837568E+00   
0.00000000E+00   
0.00000000E+00   
9.48489698E-01   
5.15103021E-02   
0.00000000E+00   
0.00000000E+00   
1.00000000E+00   
0.00000000E+00   
0.00000000E+00   
0.00000000E+00   
0.00000000E+00   
0.00000000E+00   
9.52490498E-01   
4.75095019E-02   
0.00000000E+00   
5.00000000E+00   
0.00000000E+00   
0.00000000E+00   
0.00000000E+00   
0.00000000E+00   
0.00000000E+00   
0.00000000E+00   
1.00000000E+00   
0.00000000E+00   
0.00000000E+00   
0.00000000E+00   
1.95809162E+00   
4.19083817E-02   
0.00000000E+00   
0.00000000E+00   
0.00000000E+00   
0.00000000E+00   
0.00000000E+00   
9.60892178E-01   
3.91078216E-02   
0.00000000E+00   
9.62092418E-01   
1.00040008E+00   
3.75075015E-02   
0.00000000E+00   
0.00000000E+00   
0.00000000E+00   
0.00000000E+00   
0.00000000E+00   
0.00000000E+00   
0.00000000E+00   
0.00000000E+00   
1.00000000E+00   
0.00000000E+00   
0.00000000E+00   
0.00000000E+00   
0.00000000E+00   
0.00000000E+00   
0.00000000E+00   
0.00000000E+00   
0.00000000E+00   
0.00000000E+00   
0.00000000E+00   
0.00000000E+00   
0.00000000E+00   
1.00000000E+00   
9.72094419E-01   
1.00040008E+00   
2.75055011E-02   
0.00000000E+00   
0.00000000E+00   
9.74094819E-01   
2.59051810E-02   
1.00000000E+00   
0.00000000E+00   
0.00000000E+00   
0.00000000E+00   
9.76495299E-01   
2.35047009E-02   
0.00000000E+00   
0.00000000E+00   
0.00000000E+00   
0.00000000E+00   
0.00000000E+00   
0.00000000E+00   
0.00000000E+00   
0.00000000E+00   
0.00000000E+00   
0.00000000E+00   
1.00000000E+00   
0.00000000E+00   
0.00000000E+00   
0.00000000E+00   
0.00000000E+00   
0.00000000E+00   
0.00000000E+00   
0.00000000E+00   
0.00000000E+00   
0.00000000E+00   
0.00000000E+00   
0.00000000E+00   
0.00000000E+00   
0.00000000E+00   
0.00000000E+00   
0.00000000E+00   
0.00000000E+00   
0.00000000E+00   
0.00000000E+00   
0.00000000E+00   
0.00000000E+00   
0.00000000E+00   
0.00000000E+00   
0.00000000E+00   
9.90898180E-01   
9.10182036E-03   
0.00000000E+00   
1.00000000E+00   
0.00000000E+00   
0.00000000E+00   
0.00000000E+00   
0.00000000E+00   
0.00000000E+00   
0.00000000E+00   
0.00000000E+00   
0.00000000E+00   
0.00000000E+00   
0.00000000E+00   
0.00000000E+00   
0.00000000E+00   
0.00000000E+00   
0.00000000E+00   
1.00000000E+00   
0.00000000E+00   
0.00000000E+00   
0.00000000E+00   
0.00000000E+00   
0.00000000E+00   
0.00000000E+00   
0.00000000E+00   
0.00000000E+00   
0.00000000E+00   
0.00000000E+00   
0.00000000E+00   
0.00000000E+00   
0.00000000E+00   
0.00000000E+00   
0.00000000E+00   
0.00000000E+00   
0.00000000E+00   
0.00000000E+00   
0.00000000E+00   
0.00000000E+00   
0.00000000E+00   
6.90138028E-03   
1.00040008E+00   
9.92698540E-01   
8.10162032E-03   
9.91898380E-01   
1.00000000E+00   
0.00000000E+00   
0.00000000E+00   
1.01020204E-02   
9.89897980E-01   
0.00000000E+00   
0.00000000E+00   
1.00000000E+00   
0.00000000E+00   
0.00000000E+00   
0.00000000E+00   
0.00000000E+00   
0.00000000E+00   
0.00000000E+00   
0.00000000E+00   
0.00000000E+00   
0.00000000E+00   
0.00000000E+00   
1.61032206E-02   
9.83896779E-01   
0.00000000E+00   
0.00000000E+00   
0.00000000E+00   
0.00000000E+00   
0.00000000E+00   
1.01890378E+00   
9.81096219E-01   
0.00000000E+00   
0.00000000E+00   
0.00000000E+00   
0.00000000E+00   
0.00000000E+00   
0.00000000E+00   
0.00000000E+00   
0.00000000E+00   
0.00000000E+00   
0.00000000E+00   
0.00000000E+00   
0.00000000E+00   
0.00000000E+00   
0.00000000E+00   
0.00000000E+00   
0.00000000E+00   
0.00000000E+00   
2.65053011E-02   
9.73494699E-01   
0.00000000E+00   
0.00000000E+00   
0.00000000E+00   
0.00000000E+00   
0.00000000E+00   
0.00000000E+00   
0.00000000E+00   
0.00000000E+00   
0.00000000E+00   
0.00000000E+00   
0.00000000E+00   
0.00000000E+00   
0.00000000E+00   
1.03250650E+00   
9.67493499E-01   
0.00000000E+00   
0.00000000E+00   
0.00000000E+00   
0.00000000E+00   
0.00000000E+00   
0.00000000E+00   
0.00000000E+00   
7.22144429E-02   
1.92778556E+00   
3.69073815E-02   
9.63092619E-01   
0.00000000E+00   
0.00000000E+00   
0.00000000E+00   
0.00000000E+00   
0.00000000E+00   
0.00000000E+00   
0.00000000E+00   
0.00000000E+00   
0.00000000E+00   
0.00000000E+00   
0.00000000E+00   
0.00000000E+00   
0.00000000E+00   
0.00000000E+00   
0.00000000E+00   
0.00000000E+00   
0.00000000E+00   
0.00000000E+00   
0.00000000E+00   
0.00000000E+00   
0.00000000E+00   
0.00000000E+00   
0.00000000E+00   
0.00000000E+00   
0.00000000E+00   
0.00000000E+00   
0.00000000E+00   
0.00000000E+00   
0.00000000E+00   
0.00000000E+00   
0.00000000E+00   
0.00000000E+00   
0.00000000E+00   
0.00000000E+00   
0.00000000E+00   
0.00000000E+00   
0.00000000E+00   
0.00000000E+00   
0.00000000E+00   
1.00000000E+00   
0.00000000E+00   
0.00000000E+00   
0.00000000E+00   
0.00000000E+00   
0.00000000E+00   
0.00000000E+00   
0.00000000E+00   
0.00000000E+00   
0.00000000E+00   
0.00000000E+00   
0.00000000E+00   
0.00000000E+00   
0.00000000E+00   
0.00000000E+00   
0.00000000E+00   
0.00000000E+00   
0.00000000E+00   
0.00000000E+00   
0.00000000E+00   
0.00000000E+00   
0.00000000E+00   
0.00000000E+00   
0.00000000E+00   
0.00000000E+00   
0.00000000E+00   
0.00000000E+00   
0.00000000E+00   
0.00000000E+00   
0.00000000E+00   
0.00000000E+00   
0.00000000E+00   
0.00000000E+00   
0.00000000E+00   
0.00000000E+00   
0.00000000E+00   
0.00000000E+00   
0.00000000E+00   
0.00000000E+00   
0.00000000E+00   
0.00000000E+00   
0.00000000E+00   
0.00000000E+00   
0.00000000E+00   
1.00000000E+00   
0.00000000E+00   
0.00000000E+00   
0.00000000E+00   
0.00000000E+00   
0.00000000E+00   
0.00000000E+00   
0.00000000E+00   
0.00000000E+00   
0.00000000E+00   
0.00000000E+00   
0.00000000E+00   
0.00000000E+00   
0.00000000E+00   
0.00000000E+00   
0.00000000E+00   
0.00000000E+00   
0.00000000E+00   
0.00000000E+00   
0.00000000E+00   
0.00000000E+00   
0.00000000E+00   
0.00000000E+00   
0.00000000E+00   
0.00000000E+00   
0.00000000E+00   
0.00000000E+00   
0.00000000E+00   
0.00000000E+00   
0.00000000E+00   
0.00000000E+00   
0.00000000E+00   
8.37167433E-02   
9.16283257E-01   
0.00000000E+00   
0.00000000E+00   
0.00000000E+00   
0.00000000E+00   
1.00000000E+00   
0.00000000E+00   
0.00000000E+00   
8.73174635E-02   
9.12682537E-01   
0.00000000E+00   
0.00000000E+00   
0.00000000E+00   
0.00000000E+00   
0.00000000E+00   
0.00000000E+00   
0.00000000E+00   
0.00000000E+00   
0.00000000E+00   
0.00000000E+00   
0.00000000E+00   
0.00000000E+00   
0.00000000E+00   
0.00000000E+00   
0.00000000E+00   
0.00000000E+00   
0.00000000E+00   
0.00000000E+00   
0.00000000E+00   
0.00000000E+00   
0.00000000E+00   
0.00000000E+00   
0.00000000E+00   
9.73194639E-02   
9.02680536E-01   
0.00000000E+00   
0.00000000E+00   
0.00000000E+00   
0.00000000E+00   
0.00000000E+00   
0.00000000E+00   
0.00000000E+00   
0.00000000E+00   
0.00000000E+00   
0.00000000E+00   
0.00000000E+00   
0.00000000E+00   
0.00000000E+00   
0.00000000E+00   
0.00000000E+00   
0.00000000E+00   
0.00000000E+00   
0.00000000E+00   
0.00000000E+00   
0.00000000E+00   
0.00000000E+00   
0.00000000E+00   
0.00000000E+00   
0.00000000E+00   
0.00000000E+00   
0.00000000E+00   
0.00000000E+00   
0.00000000E+00   
1.09321864E-01   
8.90678136E-01   
0.00000000E+00   
0.00000000E+00   
0.00000000E+00   
0.00000000E+00   
0.00000000E+00   
0.00000000E+00   
0.00000000E+00   
0.00000000E+00   
0.00000000E+00   
0.00000000E+00   
1.14122825E-01   
8.85877175E-01   
0.00000000E+00   
0.00000000E+00   
0.00000000E+00   
0.00000000E+00   
0.00000000E+00   
0.00000000E+00   
0.00000000E+00   
0.00000000E+00   
1.00000000E+00   
0.00000000E+00   
1.18923785E-01   
8.81076215E-01   
1.19723945E-01   
8.80276055E-01   
0.00000000E+00   
0.00000000E+00   
0.00000000E+00   
0.00000000E+00   
0.00000000E+00   
0.00000000E+00   
0.00000000E+00   
0.00000000E+00   
0.00000000E+00   
0.00000000E+00   
0.00000000E+00   
0.00000000E+00   
0.00000000E+00   
0.00000000E+00   
0.00000000E+00   
1.26525305E-01   
8.73474695E-01   
0.00000000E+00   
0.00000000E+00   
0.00000000E+00   
0.00000000E+00   
0.00000000E+00   
0.00000000E+00   
0.00000000E+00   
0.00000000E+00   
0.00000000E+00   
1.30926185E-01   
3.00040008E+00   
8.68673735E-01   
2.00000000E+00   
0.00000000E+00   
0.00000000E+00   
0.00000000E+00   
0.00000000E+00   
0.00000000E+00   
0.00000000E+00   
0.00000000E+00   
0.00000000E+00   
0.00000000E+00   
0.00000000E+00   
0.00000000E+00   
0.00000000E+00   
0.00000000E+00   
0.00000000E+00   
0.00000000E+00   
3.00000000E+00   
0.00000000E+00   
0.00000000E+00   
0.00000000E+00   
0.00000000E+00   
0.00000000E+00   
0.00000000E+00   
0.00000000E+00   
0.00000000E+00   
0.00000000E+00   
0.00000000E+00   
1.42928586E-01   
8.57071414E-01   
0.00000000E+00   
0.00000000E+00   
0.00000000E+00   
0.00000000E+00   
0.00000000E+00   
0.00000000E+00   
0.00000000E+00   
0.00000000E+00   
0.00000000E+00   
0.00000000E+00   
0.00000000E+00   
0.00000000E+00   
0.00000000E+00   
0.00000000E+00   
0.00000000E+00   
0.00000000E+00   
0.00000000E+00   
0.00000000E+00   
0.00000000E+00   
0.00000000E+00   
0.00000000E+00   
0.00000000E+00   
0.00000000E+00   
0.00000000E+00   
0.00000000E+00   
0.00000000E+00   
0.00000000E+00   
0.00000000E+00   
0.00000000E+00   
0.00000000E+00   
0.00000000E+00   
0.00000000E+00   
0.00000000E+00   
0.00000000E+00   
0.00000000E+00   
0.00000000E+00   
0.00000000E+00   
0.00000000E+00   
0.00000000E+00   
0.00000000E+00   
0.00000000E+00   
0.00000000E+00   
0.00000000E+00   
0.00000000E+00   
0.00000000E+00   
1.00000000E+00   
0.00000000E+00   
0.00000000E+00   
0.00000000E+00   
0.00000000E+00   
0.00000000E+00   
0.00000000E+00   
0.00000000E+00   
0.00000000E+00   
0.00000000E+00   
0.00000000E+00   
0.00000000E+00   
0.00000000E+00   
0.00000000E+00   
0.00000000E+00   
0.00000000E+00   
0.00000000E+00   
0.00000000E+00   
0.00000000E+00   
0.00000000E+00   
0.00000000E+00   
0.00000000E+00   
0.00000000E+00   
0.00000000E+00   
0.00000000E+00   
0.00000000E+00   
0.00000000E+00   
1.00000000E+00   
0.00000000E+00   
0.00000000E+00   
0.00000000E+00   
1.00000000E+00   
0.00000000E+00   
0.00000000E+00   
0.00000000E+00   
0.00000000E+00   
0.00000000E+00   
0.00000000E+00   
0.00000000E+00   
0.00000000E+00   
0.00000000E+00   
0.00000000E+00   
0.00000000E+00   
0.00000000E+00   
1.79335867E-01   
8.20664133E-01   
0.00000000E+00   
0.00000000E+00   
0.00000000E+00   
0.00000000E+00   
0.00000000E+00   
0.00000000E+00   
0.00000000E+00   
0.00000000E+00   
0.00000000E+00   
0.00000000E+00   
0.00000000E+00   
0.00000000E+00   
0.00000000E+00   
0.00000000E+00   
0.00000000E+00   
0.00000000E+00   
0.00000000E+00   
0.00000000E+00   
0.00000000E+00   
0.00000000E+00   
0.00000000E+00   
0.00000000E+00   
0.00000000E+00   
0.00000000E+00   
0.00000000E+00   
0.00000000E+00   
0.00000000E+00   
0.00000000E+00   
0.00000000E+00   
0.00000000E+00   
0.00000000E+00   
0.00000000E+00   
0.00000000E+00   
0.00000000E+00   
0.00000000E+00   
0.00000000E+00   
0.00000000E+00   
0.00000000E+00   
0.00000000E+00   
0.00000000E+00   
0.00000000E+00   
0.00000000E+00   
0.00000000E+00   
0.00000000E+00   
0.00000000E+00   
0.00000000E+00   
0.00000000E+00   
0.00000000E+00   
0.00000000E+00   
0.00000000E+00   
0.00000000E+00   
0.00000000E+00   
0.00000000E+00   
0.00000000E+00   
0.00000000E+00   
0.00000000E+00   
0.00000000E+00   
0.00000000E+00   
0.00000000E+00   
0.00000000E+00   
0.00000000E+00   
0.00000000E+00   
0.00000000E+00   
0.00000000E+00   
0.00000000E+00   
0.00000000E+00   
0.00000000E+00   
0.00000000E+00   
0.00000000E+00   
0.00000000E+00   
0.00000000E+00   
0.00000000E+00   
0.00000000E+00   
0.00000000E+00   
0.00000000E+00   
0.00000000E+00   
0.00000000E+00   
0.00000000E+00   
0.00000000E+00   
0.00000000E+00   
0.00000000E+00   
0.00000000E+00   
0.00000000E+00   
0.00000000E+00   
0.00000000E+00   
0.00000000E+00   
0.00000000E+00   
0.00000000E+00   
0.00000000E+00   
0.00000000E+00   
0.00000000E+00   
0.00000000E+00   
0.00000000E+00   
0.00000000E+00   
0.00000000E+00   
0.00000000E+00   
0.00000000E+00   
0.00000000E+00   
0.00000000E+00   
0.00000000E+00   
0.00000000E+00   
0.00000000E+00   
0.00000000E+00   
0.00000000E+00   
0.00000000E+00   
0.00000000E+00   
0.00000000E+00   
0.00000000E+00   
0.00000000E+00   
0.00000000E+00   
0.00000000E+00   
0.00000000E+00   
0.00000000E+00   
0.00000000E+00   
0.00000000E+00   
0.00000000E+00   
0.00000000E+00   
0.00000000E+00   
0.00000000E+00   
0.00000000E+00   
0.00000000E+00   
0.00000000E+00   
0.00000000E+00   
0.00000000E+00   
0.00000000E+00   
0.00000000E+00   
0.00000000E+00   
0.00000000E+00   
0.00000000E+00   
0.00000000E+00   
0.00000000E+00   
0.00000000E+00   
0.00000000E+00   
0.00000000E+00   
0.00000000E+00   
4.68293659E-01   
1.53170634E+00   
0.00000000E+00   
0.00000000E+00   
0.00000000E+00   
0.00000000E+00   
0.00000000E+00   
0.00000000E+00   
0.00000000E+00   
0.00000000E+00   
0.00000000E+00   
0.00000000E+00   
0.00000000E+00   
0.00000000E+00   
0.00000000E+00   
0.00000000E+00   
7.21644329E-01   
2.27835567E+00   
0.00000000E+00   
0.00000000E+00   
0.00000000E+00   
0.00000000E+00   
0.00000000E+00   
0.00000000E+00   
0.00000000E+00   
0.00000000E+00   
0.00000000E+00   
0.00000000E+00   
0.00000000E+00   
0.00000000E+00   
0.00000000E+00   
0.00000000E+00   
0.00000000E+00   
0.00000000E+00   
0.00000000E+00   
0.00000000E+00   
0.00000000E+00   
0.00000000E+00   
0.00000000E+00   
0.00000000E+00   
0.00000000E+00   
0.00000000E+00   
0.00000000E+00   
0.00000000E+00   
0.00000000E+00   
0.00000000E+00   
0.00000000E+00   
0.00000000E+00   
0.00000000E+00   
0.00000000E+00   
0.00000000E+00   
0.00000000E+00   
0.00000000E+00   
0.00000000E+00   
0.00000000E+00   
0.00000000E+00   
0.00000000E+00   
0.00000000E+00   
0.00000000E+00   
0.00000000E+00   
0.00000000E+00   
0.00000000E+00   
0.00000000E+00   
0.00000000E+00   
0.00000000E+00   
0.00000000E+00   
0.00000000E+00   
0.00000000E+00   
0.00000000E+00   
0.00000000E+00   
0.00000000E+00   
0.00000000E+00   
0.00000000E+00   
0.00000000E+00   
0.00000000E+00   
0.00000000E+00   
0.00000000E+00   
0.00000000E+00   
0.00000000E+00   
0.00000000E+00   
0.00000000E+00   
0.00000000E+00   
0.00000000E+00   
0.00000000E+00   
0.00000000E+00   
0.00000000E+00   
0.00000000E+00   
0.00000000E+00   
0.00000000E+00   
0.00000000E+00   
0.00000000E+00   
0.00000000E+00   
0.00000000E+00   
0.00000000E+00   
0.00000000E+00   
0.00000000E+00   
0.00000000E+00   
0.00000000E+00   
0.00000000E+00   
0.00000000E+00   
0.00000000E+00   
0.00000000E+00   
0.00000000E+00   
0.00000000E+00   
0.00000000E+00   
0.00000000E+00   
0.00000000E+00   
0.00000000E+00   
0.00000000E+00   
0.00000000E+00   
0.00000000E+00   
0.00000000E+00   
0.00000000E+00   
0.00000000E+00   
0.00000000E+00   
0.00000000E+00   
0.00000000E+00   
0.00000000E+00   
0.00000000E+00   
0.00000000E+00   
0.00000000E+00   
0.00000000E+00   
0.00000000E+00   
0.00000000E+00   
0.00000000E+00   
0.00000000E+00   
0.00000000E+00   
0.00000000E+00   
0.00000000E+00   
0.00000000E+00   
0.00000000E+00   
0.00000000E+00   
0.00000000E+00   
0.00000000E+00   
0.00000000E+00   
0.00000000E+00   
0.00000000E+00   
0.00000000E+00   
0.00000000E+00   
0.00000000E+00   
0.00000000E+00   
0.00000000E+00   
0.00000000E+00   
0.00000000E+00   
0.00000000E+00   
0.00000000E+00   
0.00000000E+00   
0.00000000E+00   
0.00000000E+00   
0.00000000E+00   
0.00000000E+00   
0.00000000E+00   
0.00000000E+00   
0.00000000E+00   
0.00000000E+00   
0.00000000E+00   
0.00000000E+00   
0.00000000E+00   
0.00000000E+00   
0.00000000E+00   
0.00000000E+00   
0.00000000E+00   
0.00000000E+00   
0.00000000E+00   
0.00000000E+00   
0.00000000E+00   
0.00000000E+00   
0.00000000E+00   
0.00000000E+00   
0.00000000E+00   
0.00000000E+00   
0.00000000E+00   
0.00000000E+00   
0.00000000E+00   
0.00000000E+00   
0.00000000E+00   
0.00000000E+00   
0.00000000E+00   
0.00000000E+00   
0.00000000E+00   
0.00000000E+00   
0.00000000E+00   
0.00000000E+00   
0.00000000E+00   
0.00000000E+00   
0.00000000E+00   
0.00000000E+00   
0.00000000E+00   
0.00000000E+00   
0.00000000E+00   
0.00000000E+00   
0.00000000E+00   
0.00000000E+00   
0.00000000E+00   
0.00000000E+00   
0.00000000E+00   
0.00000000E+00   
0.00000000E+00   
0.00000000E+00   
0.00000000E+00   
0.00000000E+00   
0.00000000E+00   
0.00000000E+00   
0.00000000E+00   
0.00000000E+00   
0.00000000E+00   
0.00000000E+00   
0.00000000E+00   
0.00000000E+00   
0.00000000E+00   
0.00000000E+00   
0.00000000E+00   
0.00000000E+00   
0.00000000E+00   
0.00000000E+00   
0.00000000E+00   
0.00000000E+00   
0.00000000E+00   
0.00000000E+00   
0.00000000E+00   
0.00000000E+00   
0.00000000E+00   
0.00000000E+00   
0.00000000E+00   
0.00000000E+00   
0.00000000E+00   
0.00000000E+00   
0.00000000E+00   
0.00000000E+00   
0.00000000E+00   
0.00000000E+00   
0.00000000E+00   
0.00000000E+00   
0.00000000E+00   
0.00000000E+00   
0.00000000E+00   
0.00000000E+00   
0.00000000E+00   
0.00000000E+00   
0.00000000E+00   
0.00000000E+00   
0.00000000E+00   
0.00000000E+00   
0.00000000E+00   
0.00000000E+00   
0.00000000E+00   
0.00000000E+00   
0.00000000E+00   
0.00000000E+00   
0.00000000E+00   
0.00000000E+00   
0.00000000E+00   
0.00000000E+00   
0.00000000E+00   
0.00000000E+00   
0.00000000E+00   
0.00000000E+00   
0.00000000E+00   
0.00000000E+00   
0.00000000E+00   
0.00000000E+00   
0.00000000E+00   
0.00000000E+00   
0.00000000E+00   
0.00000000E+00   
0.00000000E+00   
0.00000000E+00   
0.00000000E+00   
0.00000000E+00   
0.00000000E+00   
0.00000000E+00   
0.00000000E+00   
0.00000000E+00   
0.00000000E+00   
0.00000000E+00   
0.00000000E+00   
0.00000000E+00   
0.00000000E+00   
0.00000000E+00   
0.00000000E+00   
0.00000000E+00   
0.00000000E+00   
0.00000000E+00   
0.00000000E+00   
0.00000000E+00   
0.00000000E+00   
0.00000000E+00   
0.00000000E+00   
0.00000000E+00   
0.00000000E+00   
0.00000000E+00   
0.00000000E+00   
0.00000000E+00   
0.00000000E+00   
0.00000000E+00   
0.00000000E+00   
0.00000000E+00   
0.00000000E+00   
0.00000000E+00   
0.00000000E+00   
0.00000000E+00   
0.00000000E+00   
0.00000000E+00   
0.00000000E+00   
0.00000000E+00   
0.00000000E+00   
0.00000000E+00   
0.00000000E+00   
0.00000000E+00   
0.00000000E+00   
0.00000000E+00   
0.00000000E+00   
0.00000000E+00   
0.00000000E+00   
0.00000000E+00   
0.00000000E+00   
0.00000000E+00   
0.00000000E+00   
0.00000000E+00   
0.00000000E+00   
0.00000000E+00   
0.00000000E+00   
0.00000000E+00   
0.00000000E+00   
0.00000000E+00   
0.00000000E+00   
0.00000000E+00   
0.00000000E+00   
0.00000000E+00   
0.00000000E+00   
0.00000000E+00   
0.00000000E+00   
0.00000000E+00   
0.00000000E+00   
0.00000000E+00   
0.00000000E+00   
0.00000000E+00   
0.00000000E+00   
0.00000000E+00   
0.00000000E+00   
0.00000000E+00   
0.00000000E+00   
0.00000000E+00   
0.00000000E+00   
0.00000000E+00   
0.00000000E+00   
0.00000000E+00   
0.00000000E+00   
0.00000000E+00   
0.00000000E+00   
0.00000000E+00   
0.00000000E+00   
0.00000000E+00   
0.00000000E+00   
0.00000000E+00   
0.00000000E+00   
0.00000000E+00   
0.00000000E+00   
0.00000000E+00   
0.00000000E+00   
0.00000000E+00   
0.00000000E+00   
0.00000000E+00   
0.00000000E+00   
0.00000000E+00   
0.00000000E+00   
0.00000000E+00   
0.00000000E+00   
0.00000000E+00   
0.00000000E+00   
0.00000000E+00   
0.00000000E+00   
0.00000000E+00   
0.00000000E+00   
0.00000000E+00   
0.00000000E+00   
0.00000000E+00   
0.00000000E+00   
0.00000000E+00   
0.00000000E+00   
0.00000000E+00   
0.00000000E+00   
0.00000000E+00   
0.00000000E+00   
0.00000000E+00   
0.00000000E+00   
0.00000000E+00   
0.00000000E+00   
0.00000000E+00   
0.00000000E+00   
0.00000000E+00   
0.00000000E+00   
0.00000000E+00   
0.00000000E+00   
0.00000000E+00   
0.00000000E+00   
0.00000000E+00   
0.00000000E+00   
0.00000000E+00   
0.00000000E+00   
0.00000000E+00   
0.00000000E+00   
0.00000000E+00   
0.00000000E+00   
0.00000000E+00   
0.00000000E+00   
0.00000000E+00   
0.00000000E+00   
0.00000000E+00   
0.00000000E+00   
0.00000000E+00   
0.00000000E+00   
0.00000000E+00   
0.00000000E+00   
0.00000000E+00   
0.00000000E+00   
0.00000000E+00   
0.00000000E+00   
0.00000000E+00   
0.00000000E+00   
0.00000000E+00   
0.00000000E+00   
0.00000000E+00   
0.00000000E+00   
0.00000000E+00   
0.00000000E+00   
0.00000000E+00   
0.00000000E+00   
0.00000000E+00   
0.00000000E+00   
0.00000000E+00   
0.00000000E+00   
0.00000000E+00   
0.00000000E+00   
0.00000000E+00   
0.00000000E+00   
0.00000000E+00   
0.00000000E+00   
0.00000000E+00   
0.00000000E+00   
0.00000000E+00   
0.00000000E+00   
0.00000000E+00   
0.00000000E+00   
0.00000000E+00   
0.00000000E+00   
0.00000000E+00   
0.00000000E+00   
0.00000000E+00   
0.00000000E+00   
0.00000000E+00   
0.00000000E+00   
0.00000000E+00   
0.00000000E+00   
0.00000000E+00   
0.00000000E+00   
0.00000000E+00   
0.00000000E+00   
0.00000000E+00   
0.00000000E+00   
0.00000000E+00   
0.00000000E+00   
0.00000000E+00   
0.00000000E+00   
0.00000000E+00   
0.00000000E+00   
0.00000000E+00   
0.00000000E+00   
0.00000000E+00   
0.00000000E+00   
0.00000000E+00   
0.00000000E+00   
0.00000000E+00   
0.00000000E+00   
0.00000000E+00   
0.00000000E+00   
0.00000000E+00   
0.00000000E+00   
0.00000000E+00   
0.00000000E+00   
0.00000000E+00   
0.00000000E+00   
0.00000000E+00   
0.00000000E+00   
0.00000000E+00   
0.00000000E+00   
0.00000000E+00   
0.00000000E+00   
0.00000000E+00   
0.00000000E+00   
0.00000000E+00   
0.00000000E+00   
0.00000000E+00   
0.00000000E+00   
0.00000000E+00   
0.00000000E+00   
0.00000000E+00   
0.00000000E+00   
0.00000000E+00   
0.00000000E+00   
0.00000000E+00   
0.00000000E+00   
0.00000000E+00   
0.00000000E+00   
0.00000000E+00   
0.00000000E+00   
0.00000000E+00   
0.00000000E+00   
0.00000000E+00   
0.00000000E+00   
0.00000000E+00   
0.00000000E+00   
0.00000000E+00   
0.00000000E+00   
0.00000000E+00   
0.00000000E+00   
0.00000000E+00   
0.00000000E+00   
0.00000000E+00   
0.00000000E+00   
0.00000000E+00   
0.00000000E+00   
0.00000000E+00   
0.00000000E+00   
0.00000000E+00   
0.00000000E+00   
0.00000000E+00   
0.00000000E+00   
0.00000000E+00   
0.00000000E+00   
0.00000000E+00   
0.00000000E+00   
0.00000000E+00   
0.00000000E+00   
0.00000000E+00   
0.00000000E+00   
0.00000000E+00   
0.00000000E+00   
0.00000000E+00   
0.00000000E+00   
0.00000000E+00   
0.00000000E+00   
0.00000000E+00   
0.00000000E+00   
0.00000000E+00   
0.00000000E+00   
0.00000000E+00   
0.00000000E+00   
0.00000000E+00   
0.00000000E+00   
0.00000000E+00   
0.00000000E+00   
0.00000000E+00   
0.00000000E+00   
0.00000000E+00   
0.00000000E+00   
0.00000000E+00   
0.00000000E+00   
0.00000000E+00   
0.00000000E+00   
0.00000000E+00   
0.00000000E+00   
0.00000000E+00   
0.00000000E+00   
0.00000000E+00   
0.00000000E+00   
0.00000000E+00   
0.00000000E+00   
0.00000000E+00   
0.00000000E+00   
0.00000000E+00   
0.00000000E+00   
0.00000000E+00   
0.00000000E+00   
0.00000000E+00   
0.00000000E+00   
0.00000000E+00   
0.00000000E+00   
0.00000000E+00   
0.00000000E+00   
0.00000000E+00   
0.00000000E+00   
0.00000000E+00   
0.00000000E+00   
0.00000000E+00   
0.00000000E+00   
0.00000000E+00   
0.00000000E+00   
0.00000000E+00   
0.00000000E+00   
0.00000000E+00   
0.00000000E+00   
0.00000000E+00   
0.00000000E+00   
0.00000000E+00   
0.00000000E+00   
0.00000000E+00   
0.00000000E+00   
0.00000000E+00   
0.00000000E+00   
0.00000000E+00   
0.00000000E+00   
0.00000000E+00   
0.00000000E+00   
0.00000000E+00   
0.00000000E+00   
0.00000000E+00   
0.00000000E+00   
0.00000000E+00   
0.00000000E+00   
0.00000000E+00   
0.00000000E+00   
0.00000000E+00   
0.00000000E+00   
0.00000000E+00   
0.00000000E+00   
0.00000000E+00   
0.00000000E+00   
0.00000000E+00   
0.00000000E+00   
0.00000000E+00   
0.00000000E+00   
0.00000000E+00   
0.00000000E+00   
0.00000000E+00   
0.00000000E+00   
0.00000000E+00   
0.00000000E+00   
0.00000000E+00   
0.00000000E+00   
0.00000000E+00   
0.00000000E+00   
0.00000000E+00   
0.00000000E+00   
0.00000000E+00   
0.00000000E+00   
0.00000000E+00   
0.00000000E+00   
0.00000000E+00   
0.00000000E+00   
0.00000000E+00   
0.00000000E+00   
0.00000000E+00   
0.00000000E+00   
0.00000000E+00   
0.00000000E+00   
0.00000000E+00   
0.00000000E+00   
0.00000000E+00   
0.00000000E+00   
0.00000000E+00   
0.00000000E+00   
0.00000000E+00   
0.00000000E+00   
0.00000000E+00   
0.00000000E+00   
0.00000000E+00   
0.00000000E+00   
0.00000000E+00   
0.00000000E+00   
0.00000000E+00   
0.00000000E+00   
0.00000000E+00   
0.00000000E+00   
0.00000000E+00   
0.00000000E+00   
!IDEND=

