!FILE=Disk 
!KIND=Spectrum 
!LABORATORY=Oslo Cyclotron Laboratory (OCL) 
!EXPERIMENT= oslo_method_python 
!COMMENT=Made by OMpy 
!TIME=DATE:08-Sep-20 09:57:49   
!CALIBRATION EkeV=6, 0.000000E+00, 2.000400E+00, 0.000000E+00 
!PRECISION=16 
!DIMENSION=1,0:4999 
!CHANNEL=(0:4999) 
2.57540608E+02   
4.46601020E+02   
4.79601420E+02   
5.07130826E+02   
5.48590618E+02   
5.67631826E+02   
5.72720244E+02   
6.42125625E+02   
6.61724245E+02   
6.80572615E+02   
7.25264853E+02   
7.00207642E+02   
7.58098820E+02   
7.23758252E+02   
7.95489698E+02   
7.98841568E+02   
9.03643329E+02   
9.21565413E+02   
9.70055111E+02   
1.01636967E+03   
1.06268224E+03   
1.07434327E+03   
1.15625625E+03   
1.26942769E+03   
1.41906941E+03   
1.47386987E+03   
1.57650990E+03   
1.70703881E+03   
1.82316003E+03   
1.94326555E+03   
2.09465643E+03   
2.18718444E+03   
2.31449470E+03   
2.36032316E+03   
2.46889688E+03   
2.50489658E+03   
2.60425135E+03   
2.76992929E+03   
2.86998480E+03   
3.00930996E+03   
3.03648010E+03   
3.07017103E+03   
3.13284437E+03   
3.20544009E+03   
3.30724945E+03   
3.31356791E+03   
3.31345449E+03   
3.33371094E+03   
3.34440208E+03   
3.42147499E+03   
3.35014923E+03   
3.44288978E+03   
3.51509092E+03   
3.61951830E+03   
3.56328556E+03   
3.66107662E+03   
3.62952701E+03   
3.65402050E+03   
3.56627826E+03   
3.58718044E+03   
3.62160762E+03   
3.43312873E+03   
3.60320184E+03   
3.54342028E+03   
3.56302711E+03   
3.47931126E+03   
3.42464713E+03   
3.53447930E+03   
3.43281516E+03   
3.48923545E+03   
3.48634887E+03   
3.51693879E+03   
3.45483927E+03   
3.44891708E+03   
3.25515423E+03   
3.37705301E+03   
3.45674375E+03   
3.36723635E+03   
3.29612312E+03   
3.31076065E+03   
3.34417423E+03   
3.36907842E+03   
3.24626205E+03   
3.30811992E+03   
3.26232907E+03   
3.41120534E+03   
3.47897339E+03   
3.47797980E+03   
3.39208282E+03   
3.43449820E+03   
3.42091918E+03   
3.41540888E+03   
3.43110642E+03   
3.34462472E+03   
3.37663383E+03   
3.29469804E+03   
3.28249170E+03   
3.20844489E+03   
3.10232386E+03   
3.10609942E+03   
3.16814403E+03   
3.09651510E+03   
3.06113543E+03   
3.00501070E+03   
3.00248100E+03   
2.92542088E+03   
2.87354291E+03   
2.84741848E+03   
2.77367754E+03   
2.78761362E+03   
2.74922605E+03   
2.72255201E+03   
2.79478496E+03   
2.74016783E+03   
2.61915953E+03   
2.67262202E+03   
2.61578076E+03   
2.57271664E+03   
2.55164713E+03   
2.49060682E+03   
2.44883157E+03   
2.47192338E+03   
2.42606291E+03   
2.44155951E+03   
2.48278016E+03   
2.49634777E+03   
2.59226355E+03   
2.52271704E+03   
2.51020514E+03   
2.50702480E+03   
2.46402871E+03   
2.46261412E+03   
2.46615273E+03   
2.41545499E+03   
2.29427706E+03   
2.31195789E+03   
2.30761012E+03   
2.22045819E+03   
2.23555401E+03   
2.26534537E+03   
2.25634907E+03   
2.25802220E+03   
2.20663573E+03   
2.26311952E+03   
2.23227195E+03   
2.15729656E+03   
2.20516333E+03   
2.11560832E+03   
2.06403051E+03   
2.10405211E+03   
2.10833947E+03   
2.12221954E+03   
2.10890428E+03   
2.10544019E+03   
2.04732426E+03   
2.04093409E+03   
1.95885747E+03   
2.00214923E+03   
2.00920214E+03   
1.94481046E+03   
1.96477375E+03   
1.91782026E+03   
1.92014113E+03   
1.82102030E+03   
1.80696119E+03   
1.80185617E+03   
1.82825085E+03   
1.79038698E+03   
1.76327465E+03   
1.77178816E+03   
1.71204061E+03   
1.69178116E+03   
1.63527335E+03   
1.58061792E+03   
1.61299490E+03   
1.62459572E+03   
1.58018094E+03   
1.54405201E+03   
1.53128816E+03   
1.50988298E+03   
1.52842308E+03   
1.48114213E+03   
1.49185397E+03   
1.46812893E+03   
1.46025535E+03   
1.38798090E+03   
1.36270424E+03   
1.38825395E+03   
1.43916873E+03   
1.40941268E+03   
1.32956821E+03   
1.36584347E+03   
1.32553621E+03   
1.29978526E+03   
1.34243559E+03   
1.34071984E+03   
1.27955751E+03   
1.31188518E+03   
1.28887748E+03   
1.20511532E+03   
1.29276555E+03   
1.26180166E+03   
1.26680056E+03   
1.17987908E+03   
1.24011522E+03   
1.22732947E+03   
1.24603051E+03   
1.16508522E+03   
1.26298650E+03   
1.21716793E+03   
1.20501880E+03   
1.15008282E+03   
1.23757011E+03   
1.21591498E+03   
1.17688028E+03   
1.14962402E+03   
1.14364113E+03   
1.17518344E+03   
1.17949570E+03   
1.16858452E+03   
1.16341188E+03   
1.11757001E+03   
1.10923015E+03   
1.09276015E+03   
1.10455841E+03   
1.15038608E+03   
1.13010252E+03   
1.06898710E+03   
1.04839648E+03   
1.06472294E+03   
1.06357431E+03   
1.06000530E+03   
1.01510372E+03   
1.03619214E+03   
1.03451490E+03   
1.04534207E+03   
1.02486157E+03   
9.82345069E+02   
1.07320644E+03   
1.06386467E+03   
9.60826865E+02   
9.70155431E+02   
9.82671034E+02   
1.00932577E+03   
9.43963293E+02   
9.72643129E+02   
9.65342268E+02   
9.57624725E+02   
9.16609722E+02   
8.80769754E+02   
9.20983297E+02   
9.53584517E+02   
9.60224445E+02   
7.54943899E+02   
6.94338868E+02   
6.94338868E+02   
6.94338868E+02   
6.94338868E+02   
6.21868044E+02   
4.55109922E+02   
4.14425285E+02   
3.87389378E+02   
3.96288058E+02   
3.79133027E+02   
4.17476995E+02   
3.91445089E+02   
4.26999200E+02   
4.01409982E+02   
3.94475395E+02   
4.10690238E+02   
4.22392378E+02   
3.98947389E+02   
4.01089118E+02   
4.26949490E+02   
4.00252651E+02   
3.82610322E+02   
3.58515303E+02   
4.13515303E+02   
3.97576415E+02   
4.03637928E+02   
4.12078016E+02   
3.95753751E+02   
4.13724145E+02   
3.78689038E+02   
3.57730446E+02   
4.04193139E+02   
3.74158232E+02   
3.57766853E+02   
3.72377175E+02   
3.66535307E+02   
3.77154731E+02   
3.84292759E+02   
3.76007401E+02   
3.93597119E+02   
3.86755651E+02   
3.88816263E+02   
3.91882476E+02   
3.77511302E+02   
3.52689438E+02   
3.59086717E+02   
3.56294559E+02   
3.15555611E+02   
3.54513503E+02   
3.23258952E+02   
3.19604021E+02   
3.56912883E+02   
3.51072815E+02   
3.32005101E+02   
3.31165733E+02   
3.23680836E+02   
3.56809162E+02   
3.44715243E+02   
3.26935487E+02   
3.41572715E+02   
3.39549310E+02   
3.19930086E+02   
3.24604721E+02   
3.05427185E+02   
3.20910282E+02   
3.12129426E+02   
3.15019604E+02   
3.24236947E+02   
3.10295859E+02   
3.15549910E+02   
3.12508102E+02   
3.14238048E+02   
3.01100620E+02   
3.27882677E+02   
3.27337768E+02   
3.15851470E+02   
3.18750050E+02   
2.87941588E+02   
2.91855371E+02   
3.03593319E+02   
3.04919984E+02   
2.92739348E+02   
2.73908782E+02   
2.88436087E+02   
2.88218444E+02   
2.80422184E+02   
3.15234247E+02   
3.23607722E+02   
2.96241948E+02   
2.68772254E+02   
2.96707542E+02   
3.09334867E+02   
2.91227445E+02   
3.01530006E+02   
2.93665333E+02   
2.82496299E+02   
2.50212643E+02   
2.85020404E+02   
2.72928986E+02   
2.69316863E+02   
2.58029106E+02   
2.50182637E+02   
2.61044809E+02   
2.63550010E+02   
2.52053211E+02   
2.46913783E+02   
2.67495499E+02   
2.50916683E+02   
2.32686637E+02   
2.44177736E+02   
2.46989498E+02   
2.66421084E+02   
2.27279156E+02   
2.42342569E+02   
2.38580316E+02   
2.75868974E+02   
2.17787357E+02   
2.46498500E+02   
2.15825865E+02   
2.09938188E+02   
2.17246049E+02   
2.17438288E+02   
2.06989498E+02   
2.25012503E+02   
2.17882276E+02   
2.14347269E+02   
1.97999800E+02   
2.02436387E+02   
2.27309162E+02   
2.34154331E+02   
2.04437888E+02   
2.20349270E+02   
2.11170334E+02   
2.00122324E+02   
2.01697339E+02   
2.21702240E+02   
1.88922184E+02   
1.95575015E+02   
2.26986197E+02   
1.93870074E+02   
1.93697439E+02   
1.89723545E+02   
2.00356471E+02   
1.78200340E+02   
2.00220244E+02   
2.24699440E+02   
1.96456991E+02   
1.91319864E+02   
1.95393879E+02   
1.66130626E+02   
1.77927686E+02   
1.90699840E+02   
1.86435887E+02   
1.64357672E+02   
1.95666733E+02   
2.06985397E+02   
1.81773555E+02   
1.74338068E+02   
1.76713643E+02   
1.84363973E+02   
1.89365473E+02   
1.83714743E+02   
1.77703141E+02   
1.88698240E+02   
1.91712442E+02   
1.77685637E+02   
1.80363773E+02   
1.72368874E+02   
1.66039508E+02   
1.82413983E+02   
1.81342068E+02   
1.84663833E+02   
1.72151030E+02   
1.65570914E+02   
1.70088418E+02   
1.62302160E+02   
1.62375275E+02   
1.94484297E+02   
1.73636227E+02   
1.81402380E+02   
1.73689538E+02   
1.75271354E+02   
1.66681936E+02   
1.54980196E+02   
1.68861272E+02   
1.58491398E+02   
1.51846169E+02   
1.64122525E+02   
1.60557912E+02   
1.78902080E+02   
1.72615723E+02   
1.61574615E+02   
1.59958992E+02   
1.63967193E+02   
1.71563413E+02   
1.55914283E+02   
1.63430386E+02   
1.30460392E+02   
1.59645129E+02   
1.37076715E+02   
1.62351770E+02   
1.52528606E+02   
1.53394079E+02   
1.62078716E+02   
1.63030806E+02   
1.61604521E+02   
1.67194039E+02   
1.46708942E+02   
1.44410982E+02   
1.54179236E+02   
1.66432186E+02   
1.66803161E+02   
1.42540108E+02   
1.56404081E+02   
1.79343369E+02   
1.52093919E+02   
1.53849270E+02   
1.50507101E+02   
1.53537107E+02   
1.25444189E+02   
1.38333767E+02   
1.22881776E+02   
1.47358672E+02   
1.48975395E+02   
1.51631426E+02   
1.56570814E+02   
1.34413383E+02   
1.39027906E+02   
1.32247149E+02   
1.38649830E+02   
1.30557211E+02   
1.34024405E+02   
1.47168934E+02   
1.59340968E+02   
1.28604021E+02   
1.47375375E+02   
1.37202641E+02   
1.36027606E+02   
1.21177936E+02   
1.53154231E+02   
1.60333367E+02   
1.35841368E+02   
1.35727045E+02   
1.46145129E+02   
1.24316963E+02   
1.41425285E+02   
1.35127125E+02   
1.43530806E+02   
1.49235847E+02   
1.65733447E+02   
1.36995599E+02   
1.38451290E+02   
1.40110722E+02   
1.33838568E+02   
1.50028006E+02   
1.30174235E+02   
1.27445389E+02   
1.51578316E+02   
1.45324165E+02   
1.29966893E+02   
1.30503101E+02   
1.31853871E+02   
1.27191738E+02   
1.13901680E+02   
1.36510902E+02   
1.34408782E+02   
1.21935787E+02   
1.27939588E+02   
1.19948590E+02   
1.16189838E+02   
1.20735847E+02   
1.06185437E+02   
1.16050310E+02   
1.55220144E+02   
1.30803961E+02   
1.26719544E+02   
1.27164733E+02   
1.20764853E+02   
1.29154431E+02   
1.19607021E+02   
1.11741348E+02   
1.34878676E+02   
1.21882476E+02   
1.30449990E+02   
1.31169534E+02   
1.20297660E+02   
1.26211042E+02   
1.17581016E+02   
1.41216943E+02   
1.32663033E+02   
1.14612422E+02   
1.29025205E+02   
1.32899780E+02   
1.11960192E+02   
1.14143429E+02   
1.11058512E+02   
1.22581916E+02   
1.17110622E+02   
1.29816763E+02   
1.20516203E+02   
1.13530206E+02   
1.22189938E+02   
1.22411182E+02   
1.02022404E+02   
1.09575515E+02   
1.27573915E+02   
1.20366273E+02   
1.15399980E+02   
1.14921384E+02   
1.27904481E+02   
1.21141128E+02   
1.14296559E+02   
1.19295759E+02   
1.30927686E+02   
1.33206541E+02   
1.09298860E+02   
1.20654931E+02   
1.18022004E+02   
1.06480096E+02   
1.07834467E+02   
1.07452991E+02   
1.05241448E+02   
1.37484897E+02   
1.05713943E+02   
9.57518504E+01   
1.06680036E+02   
1.15219544E+02   
9.98260652E+01   
1.01891478E+02   
9.85531106E+01   
1.13889978E+02   
1.04351170E+02   
1.05551110E+02   
1.22575215E+02   
1.07934887E+02   
1.06756251E+02   
9.82845569E+01   
1.28646529E+02   
1.06501800E+02   
1.12175435E+02   
1.20020004E+02   
1.08234747E+02   
1.07146329E+02   
1.10069414E+02   
1.00192839E+02   
1.18155931E+02   
1.01697540E+02   
1.18456191E+02   
1.07207041E+02   
1.03537107E+02   
1.08986597E+02   
9.35673135E+01   
1.10386077E+02   
1.03678536E+02   
9.05299060E+01   
1.02198340E+02   
1.23138128E+02   
1.25115223E+02   
1.13748450E+02   
9.55343069E+01   
1.16786857E+02   
9.82919584E+01   
1.20514503E+02   
1.08504301E+02   
1.10297359E+02   
1.07272955E+02   
1.13754651E+02   
9.35483097E+01   
9.07620524E+01   
1.10763853E+02   
9.60230046E+01   
9.55193039E+01   
1.12278156E+02   
1.28277556E+02   
1.15777055E+02   
1.03244549E+02   
1.13302961E+02   
1.08498700E+02   
1.05515103E+02   
1.12280756E+02   
9.59753951E+01   
1.08313563E+02   
1.17058412E+02   
9.44738948E+01   
9.29767954E+01   
9.48432687E+01   
1.07703641E+02   
9.82879576E+01   
1.01776255E+02   
9.27174435E+01   
9.33217644E+01   
1.01810862E+02   
1.05952390E+02   
1.01536507E+02   
1.10892078E+02   
1.01626625E+02   
9.98606721E+01   
9.89793959E+01   
1.04586717E+02   
1.00123925E+02   
1.01255751E+02   
9.01152230E+01   
1.00732446E+02   
8.58103621E+01   
9.05184037E+01   
1.07131226E+02   
1.03673835E+02   
1.01551010E+02   
1.06195439E+02   
9.42541508E+01   
1.01848470E+02   
9.89561912E+01   
9.85529106E+01   
1.02486297E+02   
9.79728946E+01   
1.01209142E+02   
9.71085217E+01   
9.64743949E+01   
1.02333067E+02   
1.02944689E+02   
9.94753951E+01   
1.08030506E+02   
9.18386677E+01   
7.89297860E+01   
8.28985797E+01   
1.06247750E+02   
1.00108222E+02   
9.19762953E+01   
9.14269854E+01   
8.40184037E+01   
1.11400080E+02   
1.11153531E+02   
9.60509102E+01   
8.12441488E+01   
1.01243349E+02   
9.48976795E+01   
9.99016803E+01   
9.94690938E+01   
9.42510502E+01   
8.97950590E+01   
8.00180036E+01   
9.37962593E+01   
6.82318464E+01   
8.82468494E+01   
1.00473795E+02   
7.33225645E+01   
9.42787558E+01   
1.01556611E+02   
8.85805161E+01   
9.62377475E+01   
8.52369474E+01   
9.49296859E+01   
9.60204041E+01   
9.38881776E+01   
8.58849770E+01   
8.94494899E+01   
9.35849170E+01   
8.65098020E+01   
1.03375175E+02   
1.00235747E+02   
9.90208042E+01   
7.93719744E+01   
8.38697740E+01   
1.09117123E+02   
9.39368874E+01   
7.78389678E+01   
8.62605521E+01   
9.48070614E+01   
8.33391678E+01   
9.66457291E+01   
9.42816563E+01   
8.60184037E+01   
1.04715643E+02   
9.93211642E+01   
7.46867373E+01   
8.17256451E+01   
8.37202440E+01   
7.65263053E+01   
7.25025005E+01   
8.81882376E+01   
6.64589918E+01   
9.36926385E+01   
8.48696739E+01   
9.16328266E+01   
7.86531306E+01   
8.33804761E+01   
8.92018404E+01   
9.16284257E+01   
9.60172034E+01   
8.70299060E+01   
8.36002200E+01   
8.80093019E+01   
8.24293859E+01   
8.38162633E+01   
8.14213843E+01   
8.54143829E+01   
8.32170434E+01   
9.36189238E+01   
9.88300660E+01   
8.90155031E+01   
9.16152230E+01   
9.20083017E+01   
8.86362272E+01   
8.99744949E+01   
7.22282456E+01   
6.98005601E+01   
9.80570114E+01   
7.33624725E+01   
9.71148230E+01   
9.71888378E+01   
7.59605921E+01   
8.98527706E+01   
7.85976195E+01   
7.96305261E+01   
8.85948190E+01   
8.26317263E+01   
8.48250650E+01   
9.24431886E+01   
8.25459092E+01   
8.93003601E+01   
8.50188038E+01   
8.94495899E+01   
8.57240448E+01   
6.75832166E+01   
7.45808162E+01   
8.09444889E+01   
9.05816163E+01   
8.70172034E+01   
8.66996399E+01   
7.37078416E+01   
7.16441288E+01   
8.79027806E+01   
8.39462893E+01   
9.23121624E+01   
8.59075815E+01   
8.26489298E+01   
8.38342669E+01   
7.82017403E+01   
8.73838768E+01   
7.58425685E+01   
8.94632927E+01   
7.57448490E+01   
7.59247850E+01   
6.33673735E+01   
6.93019604E+01   
9.19351870E+01   
9.01197239E+01   
8.07377475E+01   
8.07345469E+01   
8.40884177E+01   
6.36180236E+01   
8.91674335E+01   
9.67762553E+01   
8.74974995E+01   
7.51913383E+01   
8.04291858E+01   
8.24238848E+01   
9.07354471E+01   
8.45944189E+01   
8.01909382E+01   
7.98866773E+01   
9.32766553E+01   
8.45780156E+01   
8.89015803E+01   
7.86448290E+01   
8.42918584E+01   
8.37041408E+01   
9.16169234E+01   
6.89526905E+01   
8.99655931E+01   
8.49959992E+01   
9.15284057E+01   
8.65260052E+01   
7.15236047E+01   
5.76897379E+01   
8.15096019E+01   
8.96797359E+01   
7.30160032E+01   
8.18474695E+01   
7.26833367E+01   
6.03478696E+01   
7.25168034E+01   
8.01885377E+01   
9.05224045E+01   
8.21829366E+01   
8.61973395E+01   
9.23298660E+01   
8.01801360E+01   
7.83422685E+01   
8.82029406E+01   
8.46933387E+01   
7.36357271E+01   
7.46917383E+01   
5.88542709E+01   
7.16577315E+01   
8.15728146E+01   
9.24967994E+01   
7.92197439E+01   
7.91773355E+01   
8.18715743E+01   
7.52713543E+01   
8.50688138E+01   
8.02202440E+01   
8.43441688E+01   
7.90188038E+01   
7.77994599E+01   
8.82381476E+01   
6.80381076E+01   
7.95488098E+01   
7.03238648E+01   
8.78598720E+01   
8.67845569E+01   
7.87109422E+01   
7.38535707E+01   
7.05560112E+01   
9.04285857E+01   
7.97527506E+01   
8.02577516E+01   
9.07145429E+01   
6.92214443E+01   
6.81641328E+01   
7.19119824E+01   
8.61286257E+01   
9.33619724E+01   
6.62062412E+01   
8.38297660E+01   
7.69043809E+01   
7.17209442E+01   
7.06326265E+01   
8.35724145E+01   
8.95519104E+01   
7.19116823E+01   
7.58320664E+01   
7.40325065E+01   
8.44487898E+01   
9.22844569E+01   
8.95876175E+01   
7.83099620E+01   
8.13027606E+01   
7.77300460E+01   
9.95951190E+01   
7.77211442E+01   
6.51569314E+01   
7.25789158E+01   
5.85920184E+01   
6.44351870E+01   
8.66163233E+01   
7.98782757E+01   
8.21294259E+01   
6.45689138E+01   
8.53225645E+01   
7.39792959E+01   
8.47165433E+01   
7.49389878E+01   
7.40164033E+01   
7.48331666E+01   
7.56068214E+01   
7.72858572E+01   
6.46890378E+01   
7.30124025E+01   
6.48782757E+01   
7.50767153E+01   
7.57489498E+01   
6.57505501E+01   
7.40774155E+01   
7.86176235E+01   
6.78834767E+01   
7.84902981E+01   
6.84099820E+01   
7.97991598E+01   
7.28834767E+01   
8.19761952E+01   
8.37585517E+01   
6.73072615E+01   
6.66284257E+01   
6.86558312E+01   
6.52686537E+01   
7.27391478E+01   
8.90010002E+01   
7.12970594E+01   
7.21295259E+01   
7.80094019E+01   
8.35197039E+01   
7.50162032E+01   
7.67645529E+01   
7.08902781E+01   
7.57673535E+01   
9.21523305E+01   
7.91247249E+01   
7.42598520E+01   
6.68918784E+01   
7.60406081E+01   
8.42602521E+01   
6.98632727E+01   
8.72908582E+01   
5.84578916E+01   
8.49762953E+01   
9.00184037E+01   
7.07319464E+01   
7.41345269E+01   
7.34880976E+01   
7.46608322E+01   
6.31884377E+01   
6.21281256E+01   
6.50786157E+01   
6.68978796E+01   
5.55188038E+01   
7.46253251E+01   
6.17035407E+01   
7.99808962E+01   
7.90152030E+01   
7.23563713E+01   
8.14473895E+01   
8.30160032E+01   
6.83662733E+01   
7.28899780E+01   
6.47917584E+01   
8.67914583E+01   
6.71262252E+01   
5.96829366E+01   
6.54455891E+01   
7.56921384E+01   
5.35602120E+01   
8.71402280E+01   
8.50148030E+01   
7.76904381E+01   
7.14163833E+01   
7.78302661E+01   
8.36252250E+01   
6.65769154E+01   
6.01169234E+01   
7.83188638E+01   
7.51753351E+01   
7.08025605E+01   
6.90132026E+01   
9.25555111E+01   
7.84708942E+01   
8.28766753E+01   
7.31497299E+01   
6.40132026E+01   
5.81365273E+01   
7.17881576E+01   
6.61149230E+01   
7.06095219E+01   
8.25122024E+01   
7.16175235E+01   
7.19146829E+01   
8.19154831E+01   
7.11141228E+01   
6.64088818E+01   
7.46019204E+01   
5.89130826E+01   
7.32594519E+01   
7.32122424E+01   
7.98862773E+01   
6.28217644E+01   
7.41533307E+01   
7.49715943E+01   
5.79635927E+01   
7.84980996E+01   
6.67697540E+01   
1.00139228E+02   
6.33545709E+01   
5.92903581E+01   
6.40852170E+01   
8.01853371E+01   
1.02559412E+02   
7.82984597E+01   
8.82870574E+01   
7.23796759E+01   
7.65567113E+01   
7.42958592E+01   
6.57313463E+01   
8.08357672E+01   
8.83947790E+01   
6.82508502E+01   
7.06607321E+01   
7.49258852E+01   
7.41005201E+01   
6.72727546E+01   
8.00647129E+01   
8.08449690E+01   
7.44437888E+01   
7.13548710E+01   
7.17600520E+01   
8.28465693E+01   
7.65179036E+01   
5.90965193E+01   
5.94273855E+01   
6.25157031E+01   
7.51099220E+01   
7.57530506E+01   
6.36645329E+01   
6.06871374E+01   
8.55631126E+01   
7.19008802E+01   
6.84137828E+01   
7.08545709E+01   
5.78561712E+01   
6.61140228E+01   
6.80718144E+01   
7.44802961E+01   
7.67023405E+01   
5.81670334E+01   
6.90889178E+01   
7.31747349E+01   
4.74549910E+01   
7.19543909E+01   
7.00144029E+01   
5.77595519E+01   
6.10845169E+01   
6.91991398E+01   
7.83545709E+01   
7.18929786E+01   
7.04330866E+01   
6.46654331E+01   
7.65108022E+01   
7.17303461E+01   
7.10100020E+01   
8.08833767E+01   
6.98593719E+01   
6.90829166E+01   
7.58048610E+01   
8.16694339E+01   
6.64955991E+01   
7.76726345E+01   
6.70829166E+01   
7.75436087E+01   
6.62220444E+01   
5.89438888E+01   
6.34818964E+01   
7.41454291E+01   
6.62091418E+01   
6.38172635E+01   
6.87551510E+01   
6.55918184E+01   
8.22466493E+01   
7.08893779E+01   
7.33942789E+01   
6.39518904E+01   
7.15117023E+01   
8.18390678E+01   
6.95710142E+01   
7.71374275E+01   
8.45307061E+01   
6.71000200E+01   
6.87719544E+01   
6.91903381E+01   
6.50112022E+01   
7.68994799E+01   
7.54255851E+01   
7.53045609E+01   
7.31859372E+01   
7.33298660E+01   
6.58087618E+01   
7.94508902E+01   
6.65174035E+01   
7.29017804E+01   
7.08484697E+01   
9.35783157E+01   
5.87751550E+01   
6.88508702E+01   
6.58532707E+01   
6.12260452E+01   
6.03803761E+01   
6.74367874E+01   
7.21178236E+01   
6.61675335E+01   
8.45542108E+01   
7.80160032E+01   
6.62665533E+01   
6.90140028E+01   
6.34577916E+01   
6.76191238E+01   
7.30621124E+01   
5.33980796E+01   
7.17237447E+01   
6.17285457E+01   
6.72962593E+01   
5.80589118E+01   
8.08275655E+01   
7.08764753E+01   
7.13772755E+01   
7.56523305E+01   
7.67922585E+01   
6.35020004E+01   
6.19249850E+01   
6.24029806E+01   
6.54517904E+01   
6.24823965E+01   
6.27998600E+01   
6.09706941E+01   
7.87649530E+01   
7.14651930E+01   
7.94841968E+01   
6.33769754E+01   
6.98535707E+01   
7.68567714E+01   
7.30934187E+01   
6.50533107E+01   
5.13954791E+01   
6.75202040E+01   
6.52394479E+01   
6.02715543E+01   
8.74992999E+01   
5.23770754E+01   
6.38334667E+01   
6.52611522E+01   
6.89762953E+01   
7.30116023E+01   
6.78069614E+01   
7.20477095E+01   
6.98137628E+01   
5.94437888E+01   
8.65557111E+01   
5.04658932E+01   
8.04717944E+01   
7.90489098E+01   
7.80481096E+01   
6.52913583E+01   
5.50433087E+01   
6.49830966E+01   
5.90132026E+01   
6.90421084E+01   
5.61553311E+01   
9.23362673E+01   
6.44359872E+01   
8.77686537E+01   
8.28834767E+01   
7.02850570E+01   
7.40160032E+01   
8.49388878E+01   
7.43208642E+01   
5.81120224E+01   
8.74471894E+01   
7.35503101E+01   
6.08452691E+01   
7.20606121E+01   
4.93338668E+01   
6.67150430E+01   
6.11233247E+01   
6.47937588E+01   
7.00574115E+01   
6.50976195E+01   
7.87663533E+01   
6.23388678E+01   
7.26955391E+01   
5.53839768E+01   
7.17449490E+01   
7.60707141E+01   
8.28691738E+01   
6.21057211E+01   
5.82401480E+01   
6.87564513E+01   
7.11645329E+01   
6.79962993E+01   
7.59499900E+01   
6.01062212E+01   
8.17884577E+01   
8.29599920E+01   
5.92170434E+01   
6.59865973E+01   
8.49881976E+01   
7.01188238E+01   
6.89623925E+01   
7.69050810E+01   
7.70527105E+01   
7.80955191E+01   
6.19917984E+01   
7.80354071E+01   
6.80035007E+01   
5.70625125E+01   
7.39561912E+01   
6.71034207E+01   
7.29508902E+01   
7.09483897E+01   
7.00472094E+01   
8.60002000E+01   
7.39672935E+01   
6.11419284E+01   
6.79436887E+01   
7.30494099E+01   
7.09491898E+01   
6.61107221E+01   
6.09649930E+01   
6.59975995E+01   
6.70230046E+01   
6.30313063E+01   
6.39953991E+01   
6.00377075E+01   
5.70095019E+01   
8.79830966E+01   
7.40344069E+01   
8.10113023E+01   
8.60082016E+01   
6.50229046E+01   
7.20136027E+01   
7.50168034E+01   
7.20178036E+01   
7.80089018E+01   
7.39915983E+01   
5.20487097E+01   
9.00056011E+01   
7.90148030E+01   
7.60008002E+01   
7.30561112E+01   
8.29745949E+01   
6.40512102E+01   
6.69300860E+01   
6.70375075E+01   
6.10533107E+01   
6.30211042E+01   
6.99749950E+01   
6.30270054E+01   
7.09760952E+01   
6.91143229E+01   
6.79088818E+01   
5.90464093E+01   
6.20496099E+01   
6.79292859E+01   
6.31003201E+01   
8.59220844E+01   
6.21931386E+01   
8.49180836E+01   
7.59223845E+01   
6.21421284E+01   
7.88925785E+01   
5.20624125E+01   
7.91442288E+01   
8.49361872E+01   
6.70843169E+01   
8.89166833E+01   
7.20875175E+01   
6.77592519E+01   
4.73502701E+01   
8.29384877E+01   
7.10812162E+01   
8.38004601E+01   
6.60979196E+01   
6.81019204E+01   
9.19447890E+01   
7.43442689E+01   
9.06105221E+01   
6.69558912E+01   
7.02070414E+01   
7.87373475E+01   
6.21931386E+01   
6.80761152E+01   
6.49307862E+01   
6.97770554E+01   
4.31187237E+01   
5.84572915E+01   
8.48375675E+01   
7.39928986E+01   
7.37335467E+01   
7.42020404E+01   
7.69653931E+01   
7.21861372E+01   
8.10411082E+01   
7.67613523E+01   
7.32196439E+01   
7.00419084E+01   
8.55353071E+01   
4.96593319E+01   
7.97158432E+01   
7.20140028E+01   
6.99573915E+01   
7.08122625E+01   
6.11850370E+01   
6.10718144E+01   
6.33425685E+01   
8.57149430E+01   
6.49832967E+01   
6.62002400E+01   
7.68269654E+01   
5.18221644E+01   
7.41404281E+01   
6.10128026E+01   
6.60790158E+01   
6.74491898E+01   
8.04084817E+01   
7.23546709E+01   
7.71891378E+01   
8.45261052E+01   
7.03670734E+01   
8.18723745E+01   
7.28328666E+01   
7.95263053E+01   
8.56098220E+01   
7.30886177E+01   
7.19385877E+01   
8.10519104E+01   
6.82075415E+01   
6.58986797E+01   
8.08172635E+01   
6.69728946E+01   
5.89317864E+01   
8.00523105E+01   
7.73819764E+01   
7.28495699E+01   
6.50140028E+01   
7.41409282E+01   
7.58443689E+01   
7.02722545E+01   
7.98854771E+01   
6.42244449E+01   
5.42039408E+01   
8.48842769E+01   
7.76112222E+01   
6.68315663E+01   
6.17365473E+01   
5.44726945E+01   
6.56675335E+01   
8.23596719E+01   
6.99185837E+01   
7.61565313E+01   
8.02072414E+01   
7.02591518E+01   
8.47229446E+01   
6.83617724E+01   
6.76187237E+01   
7.43166633E+01   
7.97636527E+01   
6.42196439E+01   
7.84501900E+01   
7.41162232E+01   
6.72224445E+01   
6.78039608E+01   
7.11725345E+01   
6.41214243E+01   
7.38534707E+01   
6.30140028E+01   
8.20140028E+01   
7.06833367E+01   
6.65675135E+01   
5.07352470E+01   
7.27883577E+01   
6.82955591E+01   
6.30711142E+01   
6.88418684E+01   
6.08394679E+01   
6.73035607E+01   
7.18965793E+01   
6.32496499E+01   
7.61338268E+01   
8.26561312E+01   
7.04353871E+01   
7.64088818E+01   
6.50120024E+01   
6.64425885E+01   
6.79528906E+01   
6.87651530E+01   
7.37653531E+01   
7.47020404E+01   
6.74439888E+01   
6.33315663E+01   
7.23355671E+01   
8.10160032E+01   
8.11695339E+01   
6.21245249E+01   
8.65562112E+01   
6.78874775E+01   
6.57418484E+01   
6.88177636E+01   
8.10847169E+01   
8.76101220E+01   
7.88785757E+01   
8.55334067E+01   
4.76336267E+01   
7.78761752E+01   
6.94338868E+01   
7.03136627E+01   
6.95785157E+01   
8.33048610E+01   
6.75841168E+01   
6.32960592E+01   
6.58665733E+01   
5.39376875E+01   
5.30336067E+01   
6.68685737E+01   
8.00148030E+01   
7.36432286E+01   
8.38633727E+01   
7.02889578E+01   
8.54329866E+01   
5.76308262E+01   
5.46952390E+01   
7.31627325E+01   
7.61697339E+01   
7.11686337E+01   
6.57027405E+01   
5.72477495E+01   
7.23842769E+01   
6.85646129E+01   
8.06160232E+01   
6.61304261E+01   
7.78124625E+01   
5.66569314E+01   
6.65011002E+01   
7.40168034E+01   
7.25253051E+01   
7.72613523E+01   
6.78501700E+01   
7.49316863E+01   
6.80979196E+01   
7.46861372E+01   
9.50905181E+01   
6.45900180E+01   
6.86074215E+01   
6.83564713E+01   
7.38441688E+01   
6.55836167E+01   
6.44467894E+01   
7.55796159E+01   
7.05885177E+01   
8.26137227E+01   
6.48373675E+01   
5.51906381E+01   
6.96575315E+01   
6.89228846E+01   
6.53716743E+01   
6.98329666E+01   
8.00128026E+01   
7.27417483E+01   
8.17414483E+01   
6.81986397E+01   
7.35695139E+01   
7.65544109E+01   
6.33641728E+01   
5.82937588E+01   
7.12630526E+01   
7.27657532E+01   
6.95408082E+01   
7.51075215E+01   
6.56814363E+01   
7.27829566E+01   
7.30556111E+01   
8.11754351E+01   
8.25628126E+01   
6.91359272E+01   
5.80871174E+01   
7.47194439E+01   
7.69144829E+01   
6.62022404E+01   
7.73161632E+01   
7.99196839E+01   
7.11115223E+01   
6.49172835E+01   
7.04188838E+01   
8.22190438E+01   
8.50168034E+01   
8.03237648E+01   
7.88880776E+01   
6.41886377E+01   
7.38385677E+01   
6.23900780E+01   
7.93241648E+01   
6.48501700E+01   
8.76463293E+01   
8.64903981E+01   
7.20160032E+01   
7.84211842E+01   
7.40772154E+01   
6.14424885E+01   
7.24027806E+01   
6.76571314E+01   
5.94703941E+01   
6.40757151E+01   
7.11446289E+01   
6.94667934E+01   
7.61223245E+01   
7.62263453E+01   
8.77992599E+01   
7.23461692E+01   
7.30140028E+01   
6.43424685E+01   
5.17978596E+01   
6.86907381E+01   
7.97724545E+01   
6.58070614E+01   
7.43569714E+01   
9.27588518E+01   
7.53561712E+01   
6.22434487E+01   
6.02450490E+01   
8.32899580E+01   
8.20417083E+01   
6.80124025E+01   
6.38952791E+01   
6.47769554E+01   
7.18366673E+01   
7.59490898E+01   
7.07912583E+01   
8.67781556E+01   
8.42546509E+01   
8.08171634E+01   
6.38920784E+01   
6.16156231E+01   
8.14984997E+01   
6.88003601E+01   
7.25966193E+01   
7.71605321E+01   
6.78548710E+01   
8.74193839E+01   
7.81265253E+01   
8.75227045E+01   
7.67735547E+01   
6.96364273E+01   
6.65133027E+01   
6.00142028E+01   
5.85169034E+01   
6.93831766E+01   
6.81395279E+01   
6.65047009E+01   
7.17767554E+01   
6.47581516E+01   
7.19114823E+01   
8.18872775E+01   
7.66282256E+01   
8.41077215E+01   
7.31809362E+01   
7.73635727E+01   
7.30132026E+01   
6.91443289E+01   
7.22244449E+01   
6.28027606E+01   
7.94105821E+01   
6.33511702E+01   
8.11459292E+01   
7.62831566E+01   
8.95557111E+01   
9.59469894E+01   
7.62878576E+01   
8.92084417E+01   
7.93391678E+01   
6.65585117E+01   
7.40621124E+01   
7.96972394E+01   
6.78784757E+01   
7.63275655E+01   
6.58062613E+01   
9.16351270E+01   
6.99854971E+01   
6.62085417E+01   
7.22910582E+01   
6.42721544E+01   
6.90518104E+01   
6.51217243E+01   
8.04522905E+01   
6.52982597E+01   
8.35837167E+01   
8.75906181E+01   
7.34463893E+01   
7.24432887E+01   
8.42936587E+01   
6.87233447E+01   
6.23093619E+01   
9.28823765E+01   
7.74358872E+01   
7.85595119E+01   
6.80538108E+01   
6.61384277E+01   
7.07476495E+01   
6.91332266E+01   
8.34234847E+01   
7.36747349E+01   
8.86842368E+01   
8.32719544E+01   
7.83557712E+01   
8.15686137E+01   
9.34162833E+01   
7.97137427E+01   
6.79730946E+01   
7.61120224E+01   
8.45919184E+01   
8.58331666E+01   
7.23857772E+01   
9.41020204E+01   
8.13941788E+01   
8.48701740E+01   
7.25522104E+01   
7.33214643E+01   
7.97987598E+01   
9.95387077E+01   
8.35478096E+01   
7.13250650E+01   
7.23266653E+01   
7.18580716E+01   
6.68000600E+01   
8.03383677E+01   
6.97468494E+01   
6.35890178E+01   
5.71691338E+01   
6.36021204E+01   
8.30148030E+01   
6.52151430E+01   
7.00128026E+01   
5.98164633E+01   
7.54034807E+01   
7.19799960E+01   
7.34705941E+01   
7.26661332E+01   
7.65774155E+01   
6.80124025E+01   
5.88112623E+01   
8.81807361E+01   
8.17025405E+01   
7.11787357E+01   
6.65190038E+01   
8.38408682E+01   
7.80152030E+01   
7.30112022E+01   
8.76857371E+01   
7.08500700E+01   
9.40112022E+01   
7.63498700E+01   
8.45298060E+01   
8.31747349E+01   
7.71707341E+01   
6.83534707E+01   
7.96557311E+01   
8.02263453E+01   
7.38220644E+01   
7.13834767E+01   
8.13314663E+01   
7.41563313E+01   
7.35310062E+01   
8.14241848E+01   
5.72599520E+01   
8.20144029E+01   
7.02755551E+01   
9.22762553E+01   
8.01903381E+01   
7.18916783E+01   
8.77892579E+01   
7.10708142E+01   
8.20779156E+01   
6.21340268E+01   
7.46637327E+01   
7.62599520E+01   
8.11730346E+01   
7.19752951E+01   
7.91967393E+01   
1.00047910E+02   
7.11935387E+01   
7.25749150E+01   
7.59128826E+01   
8.95554111E+01   
8.28332667E+01   
8.42847570E+01   
7.21071214E+01   
8.31088218E+01   
7.44790958E+01   
7.80059012E+01   
7.75477095E+01   
6.67485497E+01   
8.36734347E+01   
8.59095819E+01   
8.63115623E+01   
8.32039408E+01   
8.77875575E+01   
7.93183637E+01   
7.83902781E+01   
7.93333667E+01   
6.05137027E+01   
6.65143029E+01   
7.80723145E+01   
6.65782156E+01   
7.03914783E+01   
7.12035407E+01   
6.53942789E+01   
8.17765553E+01   
8.54445889E+01   
7.49712943E+01   
6.32514503E+01   
8.13998800E+01   
6.58627726E+01   
7.62071414E+01   
7.77187437E+01   
8.56656331E+01   
8.46600320E+01   
7.37921584E+01   
8.70164033E+01   
6.92358472E+01   
7.60371074E+01   
6.76006201E+01   
7.55664133E+01   
8.50518104E+01   
8.26066213E+01   
8.34483897E+01   
7.15947189E+01   
7.22210442E+01   
7.40128026E+01   
7.52119424E+01   
6.16118224E+01   
6.80144029E+01   
7.76171234E+01   
7.66050210E+01   
6.94244849E+01   
7.86125225E+01   
7.78128626E+01   
5.60027005E+01   
7.44315863E+01   
7.84214843E+01   
7.04407882E+01   
8.81833367E+01   
7.37891578E+01   
6.92649530E+01   
7.51966393E+01   
7.91934387E+01   
6.78080616E+01   
7.74579916E+01   
7.66029206E+01   
6.73941788E+01   
8.73350670E+01   
8.95255051E+01   
7.87244449E+01   
9.15163033E+01   
8.93889778E+01   
7.37102420E+01   
6.35798160E+01   
8.39658932E+01   
8.60156031E+01   
8.34935987E+01   
9.10761152E+01   
9.09009802E+01   
7.48312663E+01   
5.82015403E+01   
7.79506901E+01   
8.50821164E+01   
7.32303461E+01   
7.04446889E+01   
7.68709742E+01   
7.27347469E+01   
6.82924585E+01   
6.93657732E+01   
6.96085217E+01   
8.00172034E+01   
8.42343469E+01   
8.03649730E+01   
7.76702340E+01   
8.51442288E+01   
7.50160032E+01   
7.34819964E+01   
7.32086417E+01   
8.58969794E+01   
8.13746749E+01   
7.53384677E+01   
8.31221244E+01   
9.23537708E+01   
9.07952591E+01   
9.64614923E+01   
8.31219244E+01   
6.45744149E+01   
8.34622925E+01   
7.34638928E+01   
8.68115623E+01   
9.55705141E+01   
9.17940588E+01   
8.94399880E+01   
8.64678936E+01   
8.00168034E+01   
8.58307662E+01   
8.88399680E+01   
7.91521304E+01   
7.64207842E+01   
7.61553311E+01   
7.63293659E+01   
7.76184237E+01   
8.34103821E+01   
7.29341868E+01   
7.74035807E+01   
8.70129026E+01   
7.91692338E+01   
8.99413883E+01   
9.59445889E+01   
7.88771754E+01   
8.98321664E+01   
8.10144029E+01   
8.03137628E+01   
6.41187237E+01   
8.47824565E+01   
7.44858972E+01   
8.27226445E+01   
8.38363673E+01   
6.43128626E+01   
8.06696339E+01   
9.03077616E+01   
8.38625725E+01   
8.94085817E+01   
7.59238848E+01   
6.69706941E+01   
8.93507702E+01   
9.54319864E+01   
7.29295859E+01   
8.11759352E+01   
8.21358272E+01   
9.44596919E+01   
8.98472695E+01   
8.21879376E+01   
9.28078616E+01   
8.27120424E+01   
8.67466493E+01   
9.30744149E+01   
8.35551110E+01   
7.49897980E+01   
7.20382076E+01   
7.99089818E+01   
8.81384277E+01   
8.21867373E+01   
7.50840168E+01   
8.15055011E+01   
7.52733547E+01   
7.67196439E+01   
7.65037007E+01   
8.40454091E+01   
8.62643529E+01   
8.65139028E+01   
8.35291058E+01   
6.40134027E+01   
5.72599520E+01   
6.40160032E+01   
8.65093019E+01   
7.35243049E+01   
8.30106021E+01   
8.95425085E+01   
9.47402480E+01   
7.62463493E+01   
8.10758152E+01   
8.99781956E+01   
7.57620524E+01   
9.09981996E+01   
7.55425085E+01   
7.50164033E+01   
7.97386477E+01   
8.89012803E+01   
1.02434687E+02   
8.64774955E+01   
7.80442088E+01   
8.52445489E+01   
7.17898580E+01   
8.44670934E+01   
8.45323065E+01   
8.02747550E+01   
7.77946589E+01   
7.22373475E+01   
8.00988198E+01   
8.16724345E+01   
8.51048210E+01   
8.68801760E+01   
7.18476695E+01   
8.04920984E+01   
7.42787558E+01   
8.01743349E+01   
7.87033407E+01   
9.44912983E+01   
8.14322865E+01   
8.47512503E+01   
9.54625925E+01   
8.16308262E+01   
8.33576715E+01   
7.48122625E+01   
7.66149230E+01   
8.08795759E+01   
7.42242448E+01   
8.45543109E+01   
7.97508502E+01   
8.75563113E+01   
8.99429886E+01   
9.74788958E+01   
8.05571114E+01   
9.13958792E+01   
8.19108822E+01   
8.17645529E+01   
7.87291458E+01   
8.95615123E+01   
9.32054411E+01   
8.10131026E+01   
8.44708942E+01   
7.34692939E+01   
7.77551510E+01   
9.64708942E+01   
8.36227245E+01   
7.30391078E+01   
8.97412482E+01   
7.87404481E+01   
9.04632927E+01   
7.91222244E+01   
7.27396479E+01   
9.41266253E+01   
8.47400480E+01   
9.41310262E+01   
8.94616923E+01   
9.75060012E+01   
7.91330266E+01   
7.45360072E+01   
9.17771554E+01   
7.57360472E+01   
9.37033407E+01   
9.03003601E+01   
9.95079016E+01   
7.44245849E+01   
7.81458292E+01   
7.69984997E+01   
7.81836367E+01   
9.91387277E+01   
8.00386077E+01   
7.97225445E+01   
8.87312462E+01   
7.38737748E+01   
7.94458892E+01   
8.65874175E+01   
1.00024505E+02   
8.11484297E+01   
8.04537908E+01   
6.88504701E+01   
8.30321064E+01   
7.70377075E+01   
9.52842569E+01   
8.87541508E+01   
8.82794559E+01   
7.89842969E+01   
6.86308262E+01   
1.02182236E+02   
9.90192038E+01   
1.04055911E+02   
7.30124025E+01   
7.15486097E+01   
7.64598920E+01   
8.82578516E+01   
8.11349270E+01   
7.85438088E+01   
7.71293259E+01   
7.04881976E+01   
8.21522304E+01   
9.11321264E+01   
9.45370074E+01   
8.29843969E+01   
8.44548910E+01   
9.77428486E+01   
8.15871174E+01   
7.52098420E+01   
8.61093219E+01   
1.01627526E+02   
7.81189238E+01   
7.70164033E+01   
7.79174835E+01   
7.26191238E+01   
8.45126025E+01   
8.91429286E+01   
1.05607522E+02   
8.86940388E+01   
8.55018004E+01   
7.61357271E+01   
9.28021604E+01   
8.85742148E+01   
7.94553911E+01   
8.76243249E+01   
8.50156031E+01   
8.01545309E+01   
7.57124425E+01   
7.19543909E+01   
7.68545709E+01   
8.44805961E+01   
8.42446489E+01   
8.32478496E+01   
8.70925185E+01   
7.70164033E+01   
8.74705941E+01   
7.79430886E+01   
9.66355271E+01   
8.52578516E+01   
9.07749550E+01   
9.74391878E+01   
1.02905181E+02   
8.75766153E+01   
8.53333667E+01   
7.97042408E+01   
8.97056411E+01   
9.63912783E+01   
9.02734547E+01   
8.95910182E+01   
8.80964193E+01   
7.43275655E+01   
8.50618124E+01   
9.09670934E+01   
1.00591318E+02   
8.48656731E+01   
8.07497499E+01   
8.14626925E+01   
1.04252951E+02   
8.36082216E+01   
8.18435687E+01   
9.67890578E+01   
9.39790958E+01   
9.22622525E+01   
7.70144029E+01   
8.61843369E+01   
8.21291258E+01   
8.20160032E+01   
7.95917183E+01   
8.64073815E+01   
8.81123225E+01   
9.12757552E+01   
9.85170034E+01   
9.70513103E+01   
1.03751450E+02   
8.06944389E+01   
8.60433087E+01   
9.10409082E+01   
8.86683337E+01   
8.47326465E+01   
7.26482296E+01   
9.26892378E+01   
8.33435687E+01   
9.33121624E+01   
8.67057411E+01   
8.70587117E+01   
8.22931586E+01   
9.64165833E+01   
8.56622324E+01   
8.49698940E+01   
9.43665733E+01   
8.46872374E+01   
8.76864373E+01   
9.66733347E+01   
1.02353171E+02   
9.53624725E+01   
8.96799360E+01   
8.53533707E+01   
9.96795359E+01   
7.20183037E+01   
8.03554711E+01   
8.93421684E+01   
8.46804361E+01   
9.16954391E+01   
8.26812362E+01   
1.00027506E+02   
9.53785757E+01   
1.02620124E+02   
7.77602521E+01   
9.92995599E+01   
8.87110422E+01   
9.60367073E+01   
9.37182436E+01   
9.26028206E+01   
9.09960992E+01   
8.40606121E+01   
9.53360672E+01   
8.43838768E+01   
1.05071014E+02   
9.63639728E+01   
9.19370874E+01   
9.13320664E+01   
7.76126225E+01   
8.62949590E+01   
8.04895979E+01   
7.86046209E+01   
8.30507101E+01   
8.36341268E+01   
8.82422484E+01   
1.03826465E+02   
8.71772354E+01   
9.55491098E+01   
9.87119424E+01   
8.56257251E+01   
9.63317664E+01   
1.02141628E+02   
9.80663133E+01   
7.79311862E+01   
7.39590918E+01   
8.68704741E+01   
9.74607922E+01   
9.27179436E+01   
9.07195439E+01   
8.87211442E+01   
9.46656331E+01   
8.06065213E+01   
8.85477095E+01   
9.64342869E+01   
9.61898380E+01   
8.23096619E+01   
8.15985197E+01   
9.72780556E+01   
9.90208042E+01   
1.08884977E+02   
8.63747750E+01   
9.72297459E+01   
9.80935187E+01   
7.68725745E+01   
9.20895179E+01   
9.23000600E+01   
9.05274055E+01   
9.35046009E+01   
8.36117223E+01   
8.33799760E+01   
7.79751950E+01   
8.78186637E+01   
8.82109422E+01   
8.94610922E+01   
9.16544309E+01   
8.36397279E+01   
1.07931686E+02   
8.88397680E+01   
1.01924285E+02   
1.02380576E+02   
8.90156031E+01   
9.00281056E+01   
1.04480696E+02   
1.06559312E+02   
1.00458192E+02   
9.46119224E+01   
9.56889378E+01   
1.02055311E+02   
8.99774955E+01   
7.55360072E+01   
9.93386677E+01   
9.97559512E+01   
9.13883777E+01   
7.96500300E+01   
9.19092819E+01   
9.08328666E+01   
1.10023205E+02   
9.93114623E+01   
1.01418184E+02   
8.63883777E+01   
8.47615523E+01   
1.05609222E+02   
1.09172334E+02   
1.00007001E+02   
1.03647630E+02   
9.73955791E+01   
1.04145929E+02   
1.12396579E+02   
8.75223045E+01   
9.68858772E+01   
9.01463293E+01   
9.55255051E+01   
9.76428286E+01   
9.74886977E+01   
9.60386077E+01   
9.66396279E+01   
8.32600520E+01   
7.73959792E+01   
1.04674235E+02   
1.10640028E+02   
9.76392278E+01   
9.72576515E+01   
1.00736047E+02   
1.24156031E+02   
1.00128826E+02   
9.72879576E+01   
9.07831566E+01   
1.12382877E+02   
1.19270354E+02   
8.26340268E+01   
8.93238648E+01   
1.03865673E+02   
1.01100220E+02   
1.08780656E+02   
8.49474895E+01   
9.50877175E+01   
1.03404381E+02   
9.92769554E+01   
1.06759052E+02   
9.42420484E+01   
1.01182336E+02   
1.10962292E+02   
9.61286257E+01   
9.17434487E+01   
1.02478896E+02   
1.03559512E+02   
1.08317764E+02   
1.04155931E+02   
9.67165433E+01   
1.01102621E+02   
9.51193239E+01   
1.08452490E+02   
1.08842468E+02   
9.44143829E+01   
1.10657331E+02   
1.05596319E+02   
1.06230846E+02   
1.06156931E+02   
1.05091118E+02   
1.01830866E+02   
8.93777756E+01   
1.03467093E+02   
9.06051210E+01   
1.05403481E+02   
1.15438588E+02   
1.03594119E+02   
9.90346069E+01   
1.06417584E+02   
1.08617123E+02   
9.66207241E+01   
7.84143829E+01   
1.04033907E+02   
1.05413783E+02   
1.06422384E+02   
8.92172434E+01   
9.80323065E+01   
1.01216843E+02   
9.45707141E+01   
8.94545909E+01   
9.05957191E+01   
8.78040608E+01   
9.90638128E+01   
1.12097720E+02   
1.19159032E+02   
1.13239148E+02   
1.03616023E+02   
1.02801660E+02   
9.65418084E+01   
1.03092218E+02   
9.14682937E+01   
1.01980896E+02   
1.01612022E+02   
1.07746949E+02   
9.17034407E+01   
1.06380876E+02   
1.08891878E+02   
9.82543509E+01   
1.03612022E+02   
9.72575515E+01   
1.02316163E+02   
9.94327866E+01   
1.05974195E+02   
1.18959692E+02   
1.09474195E+02   
1.00089118E+02   
1.15021204E+02   
1.02458592E+02   
9.88471694E+01   
1.07082517E+02   
1.12192438E+02   
1.28941688E+02   
1.02021604E+02   
9.32669534E+01   
9.89410882E+01   
1.03348870E+02   
1.06111122E+02   
1.05252150E+02   
1.03371074E+02   
9.94403881E+01   
1.01601220E+02   
1.03600420E+02   
9.35502100E+01   
8.73329666E+01   
9.66586317E+01   
1.18759652E+02   
1.31179636E+02   
1.05218544E+02   
9.43677736E+01   
1.04554311E+02   
9.71379276E+01   
1.07537007E+02   
1.00927786E+02   
1.03319664E+02   
8.80397079E+01   
1.00813663E+02   
1.10040508E+02   
1.01315263E+02   
1.00020804E+02   
1.11593219E+02   
1.05876375E+02   
1.02165733E+02   
1.02876675E+02   
1.08016903E+02   
1.01455091E+02   
1.02021604E+02   
9.00089018E+01   
1.05465093E+02   
1.08572515E+02   
1.04903081E+02   
1.19182336E+02   
1.04348270E+02   
1.25671034E+02   
9.87220444E+01   
9.65868174E+01   
9.73219644E+01   
9.98492699E+01   
1.09801860E+02   
1.18764353E+02   
1.12798160E+02   
1.07072314E+02   
1.17404881E+02   
1.09767954E+02   
1.07022404E+02   
1.02396879E+02   
8.93339668E+01   
1.09459592E+02   
1.04899180E+02   
1.13704841E+02   
9.77024405E+01   
1.21180136E+02   
9.38598720E+01   
9.92239448E+01   
1.01698440E+02   
1.17228746E+02   
1.12558712E+02   
1.06044509E+02   
1.15350770E+02   
1.11705341E+02   
1.02800860E+02   
1.00896579E+02   
1.19691638E+02   
9.85757151E+01   
1.12135927E+02   
1.14240048E+02   
1.12344869E+02   
9.34647930E+01   
1.08231646E+02   
8.49362873E+01   
1.07154731E+02   
1.18440488E+02   
1.12227646E+02   
1.10444189E+02   
1.23595019E+02   
1.04817964E+02   
1.18321064E+02   
1.21072515E+02   
1.10825565E+02   
1.26791858E+02   
1.23095019E+02   
1.00925185E+02   
1.22545909E+02   
9.10646129E+01   
1.02815063E+02   
9.24872975E+01   
1.00651130E+02   
9.62960592E+01   
9.92035407E+01   
1.20216243E+02   
1.09740548E+02   
1.17287658E+02   
1.09128726E+02   
1.20370474E+02   
1.26507902E+02   
1.33314363E+02   
1.20494599E+02   
1.01769554E+02   
1.11691938E+02   
1.17565613E+02   
1.17645629E+02   
1.22263253E+02   
1.15862372E+02   
1.18855871E+02   
1.15188938E+02   
1.18023105E+02   
1.15249750E+02   
9.79447890E+01   
1.10111522E+02   
1.22098820E+02   
1.17997700E+02   
1.00411182E+02   
1.08593119E+02   
1.09053311E+02   
1.04136327E+02   
1.17695639E+02   
1.09953591E+02   
1.00892078E+02   
1.10219144E+02   
1.06554411E+02   
1.10697139E+02   
1.25153231E+02   
1.02402881E+02   
9.59258852E+01   
1.10865273E+02   
1.00491598E+02   
1.08142428E+02   
1.02724745E+02   
1.18437187E+02   
1.25314063E+02   
1.07664033E+02   
1.03627926E+02   
1.10829266E+02   
1.30786657E+02   
1.21826865E+02   
1.11714143E+02   
1.14763053E+02   
1.16438488E+02   
1.12598020E+02   
9.99715943E+01   
1.17119624E+02   
9.00684137E+01   
1.12925185E+02   
1.28405181E+02   
1.06728446E+02   
9.74075815E+01   
1.09587618E+02   
1.08020404E+02   
1.04765953E+02   
1.10670834E+02   
1.32338768E+02   
1.27066013E+02   
1.13221244E+02   
1.14944389E+02   
1.08504001E+02   
1.20244049E+02   
1.13694339E+02   
1.21508002E+02   
1.18543209E+02   
1.14126425E+02   
9.76380276E+01   
9.76324265E+01   
9.84083817E+01   
1.08322765E+02   
1.17570014E+02   
1.10168434E+02   
9.80484097E+01   
1.07369974E+02   
1.14378776E+02   
1.26669234E+02   
1.15098420E+02   
1.22757552E+02   
1.21704441E+02   
1.11912382E+02   
1.28028406E+02   
1.24194839E+02   
1.04042008E+02   
1.02098020E+02   
1.16306361E+02   
1.15712042E+02   
1.00510402E+02   
1.12495199E+02   
1.18345569E+02   
1.28680836E+02   
1.24432787E+02   
1.26609622E+02   
1.15491198E+02   
1.00034407E+02   
1.18548410E+02   
1.24457992E+02   
1.55990398E+02   
1.31052811E+02   
1.16033607E+02   
1.20070414E+02   
1.26522805E+02   
1.10010002E+02   
1.09487197E+02   
1.21050410E+02   
1.33003201E+02   
1.35531206E+02   
1.44532807E+02   
1.37022404E+02   
1.39028006E+02   
1.27520804E+02   
1.06019604E+02   
1.20022805E+02   
1.42042809E+02   
1.34529206E+02   
1.27032807E+02   
1.31002400E+02   
1.27017604E+02   
1.31536007E+02   
1.25007602E+02   
1.11994799E+02   
1.29651230E+02   
1.26447189E+02   
1.18013203E+02   
1.27530806E+02   
1.29011202E+02   
1.08531206E+02   
1.13501600E+02   
1.22023205E+02   
1.08006401E+02   
1.19110422E+02   
1.34063213E+02   
1.21364773E+02   
1.22121224E+02   
1.38556411E+02   
1.46602020E+02   
1.36939588E+02   
1.35049210E+02   
1.22762753E+02   
1.14092418E+02   
1.31071614E+02   
1.31180436E+02   
1.26135627E+02   
1.21749950E+02   
1.25050810E+02   
1.39082016E+02   
1.25417984E+02   
1.13240048E+02   
1.17511202E+02   
1.14895579E+02   
1.48326065E+02   
1.13789958E+02   
1.24201240E+02   
1.39705141E+02   
1.33426885E+02   
1.36880376E+02   
1.25104421E+02   
1.41588018E+02   
1.29230346E+02   
1.24667233E+02   
1.33381576E+02   
1.36194039E+02   
1.23811562E+02   
1.22155631E+02   
1.34682837E+02   
1.30141128E+02   
1.28055711E+02   
1.35511902E+02   
1.22974395E+02   
1.16460892E+02   
1.30929586E+02   
1.35249950E+02   
1.33497199E+02   
1.15178436E+02   
1.32077616E+02   
1.47293659E+02   
1.25811962E+02   
1.31609222E+02   
1.24635527E+02   
1.17078816E+02   
1.16195639E+02   
1.27083617E+02   
1.27970094E+02   
1.26551910E+02   
1.26964793E+02   
1.39086417E+02   
1.23588718E+02   
1.24867674E+02   
1.31536507E+02   
1.42109522E+02   
1.29025605E+02   
1.48158432E+02   
1.48363273E+02   
1.34021104E+02   
1.19300460E+02   
1.18889178E+02   
1.27097219E+02   
1.41098820E+02   
1.25068514E+02   
1.41597520E+02   
1.42124725E+02   
1.55008902E+02   
1.25278256E+02   
1.18788458E+02   
1.46717243E+02   
1.23488398E+02   
1.37409182E+02   
1.19867173E+02   
1.15104021E+02   
1.18484397E+02   
1.27401980E+02   
1.37481996E+02   
1.29106021E+02   
1.49489798E+02   
1.46015003E+02   
1.33708142E+02   
1.43140728E+02   
1.36307962E+02   
1.39096119E+02   
1.35218344E+02   
1.34212743E+02   
1.17023605E+02   
1.34114823E+02   
1.40576515E+02   
1.36854071E+02   
1.63751150E+02   
1.29199140E+02   
1.35217243E+02   
1.31288358E+02   
1.34155731E+02   
1.41092318E+02   
1.37929586E+02   
1.42027205E+02   
1.45727345E+02   
1.48675835E+02   
1.19330866E+02   
1.55579616E+02   
1.40373975E+02   
1.41787658E+02   
1.65315763E+02   
1.35004101E+02   
1.41322164E+02   
1.42369174E+02   
1.43690838E+02   
1.44356471E+02   
1.38155431E+02   
1.44584317E+02   
1.26579416E+02   
1.34246249E+02   
1.40250450E+02   
1.42469594E+02   
1.44712543E+02   
1.52897079E+02   
1.24142428E+02   
1.52611322E+02   
1.54795959E+02   
1.52621724E+02   
1.43400980E+02   
1.35426185E+02   
1.52471594E+02   
1.44741048E+02   
1.08659132E+02   
1.59379476E+02   
1.48916583E+02   
1.44775955E+02   
1.42214943E+02   
1.65039808E+02   
1.47326165E+02   
1.55051410E+02   
1.50647129E+02   
1.41336767E+02   
1.46812563E+02   
1.22935187E+02   
1.27380176E+02   
1.52425685E+02   
1.59762352E+02   
1.55565713E+02   
1.40787457E+02   
1.32506601E+02   
1.31231146E+02   
1.49186737E+02   
1.49444089E+02   
1.39917383E+02   
1.50724945E+02   
1.39331766E+02   
1.33292358E+02   
1.55603221E+02   
1.54744649E+02   
1.38739948E+02   
1.43164333E+02   
1.37179736E+02   
1.26747650E+02   
1.38161132E+02   
1.45915383E+02   
1.52139028E+02   
1.54326465E+02   
1.62630526E+02   
1.62729546E+02   
1.43726345E+02   
1.58452390E+02   
1.40796559E+02   
1.51260252E+02   
1.46959792E+02   
1.47409082E+02   
1.40765253E+02   
1.60243049E+02   
1.52977796E+02   
1.49395079E+02   
1.43729046E+02   
1.38650230E+02   
1.47449590E+02   
1.62842168E+02   
1.70452390E+02   
1.63377475E+02   
1.53601820E+02   
1.59704341E+02   
1.62117924E+02   
1.73113923E+02   
1.63118124E+02   
1.59876975E+02   
1.55246749E+02   
1.50366873E+02   
1.61055011E+02   
1.50758252E+02   
1.60788058E+02   
1.52095919E+02   
1.60359572E+02   
1.52696439E+02   
1.36732146E+02   
1.62973295E+02   
1.72500300E+02   
1.61993599E+02   
1.69426485E+02   
1.37952190E+02   
1.39618024E+02   
1.50982096E+02   
1.60124625E+02   
1.63527005E+02   
1.56398480E+02   
1.76216843E+02   
1.40290258E+02   
1.42843169E+02   
1.47435187E+02   
1.50028406E+02   
1.57678636E+02   
1.57110822E+02   
1.59414483E+02   
1.64483397E+02   
1.56626825E+02   
1.51398980E+02   
1.72437988E+02   
1.48298360E+02   
1.72160932E+02   
1.68016203E+02   
1.69079516E+02   
1.67239448E+02   
1.58408082E+02   
1.63239448E+02   
1.55832967E+02   
1.49633027E+02   
1.77839368E+02   
1.64827465E+02   
1.71846169E+02   
1.69189938E+02   
1.54268354E+02   
1.51034007E+02   
1.74446889E+02   
1.83864573E+02   
1.72394579E+02   
1.65803461E+02   
1.59983397E+02   
1.71132026E+02   
1.70796259E+02   
1.59426785E+02   
1.72458092E+02   
1.69854471E+02   
1.72319664E+02   
1.62535507E+02   
1.83546709E+02   
1.74690538E+02   
1.52907181E+02   
1.70165533E+02   
1.69375475E+02   
1.72521004E+02   
1.50319764E+02   
1.59305761E+02   
1.86479696E+02   
1.69644029E+02   
1.53138628E+02   
1.58442789E+02   
1.67812763E+02   
1.51546709E+02   
1.53801560E+02   
1.60010302E+02   
1.75876475E+02   
1.68878876E+02   
1.87883377E+02   
1.64415983E+02   
1.82415183E+02   
1.74359272E+02   
1.43001400E+02   
1.95224545E+02   
1.88243749E+02   
1.75269254E+02   
1.69691938E+02   
1.88851370E+02   
1.80654831E+02   
1.59036007E+02   
1.63455791E+02   
1.73820464E+02   
1.78727646E+02   
1.54170334E+02   
1.79276055E+02   
1.55435387E+02   
1.77213043E+02   
1.76531706E+02   
1.75563313E+02   
1.72295459E+02   
1.57906881E+02   
1.75913883E+02   
1.69410582E+02   
1.73533107E+02   
1.91783957E+02   
1.71546709E+02   
1.71895679E+02   
1.79436387E+02   
1.76531106E+02   
1.93900280E+02   
1.83224945E+02   
1.88361572E+02   
1.89636227E+02   
1.86889078E+02   
1.59885077E+02   
1.80551310E+02   
1.83337067E+02   
1.75990198E+02   
1.86139928E+02   
1.77032406E+02   
1.93993199E+02   
1.93968894E+02   
1.76564913E+02   
1.80734247E+02   
1.86870674E+02   
1.55820164E+02   
1.69060012E+02   
1.99960592E+02   
1.69859872E+02   
1.82483397E+02   
1.69856671E+02   
2.03672635E+02   
1.68665533E+02   
1.73501300E+02   
1.80487898E+02   
1.82208642E+02   
1.62842268E+02   
1.79280756E+02   
2.02454791E+02   
1.87676835E+02   
1.80317664E+02   
1.80589418E+02   
1.68797459E+02   
1.73751150E+02   
1.77732346E+02   
1.74827465E+02   
1.93314463E+02   
1.86185037E+02   
1.87039608E+02   
2.13395979E+02   
1.95919784E+02   
2.20602921E+02   
2.02829366E+02   
1.87740448E+02   
1.85292859E+02   
2.23495899E+02   
1.65586017E+02   
1.91846369E+02   
2.00569814E+02   
2.19813563E+02   
2.14030306E+02   
1.97985297E+02   
1.85362272E+02   
1.81123225E+02   
1.91587017E+02   
1.79441688E+02   
2.04740548E+02   
2.25135027E+02   
1.78176535E+02   
1.88505201E+02   
1.93431086E+02   
2.11391078E+02   
1.94767153E+02   
1.89833667E+02   
2.19538408E+02   
2.15122224E+02   
1.86499700E+02   
2.00182036E+02   
1.88933987E+02   
2.27116623E+02   
2.13143729E+02   
1.91792959E+02   
1.84816063E+02   
1.95294659E+02   
1.88985797E+02   
2.10410282E+02   
1.98481196E+02   
2.16894579E+02   
1.97132026E+02   
1.98336167E+02   
2.06700040E+02   
1.79436087E+02   
2.09627225E+02   
2.04364073E+02   
1.98057512E+02   
1.96096819E+02   
1.88323165E+02   
2.02389478E+02   
2.14998000E+02   
2.06407682E+02   
1.94024205E+02   
1.86042408E+02   
1.97058912E+02   
2.01377876E+02   
1.91021704E+02   
2.18713043E+02   
2.16706941E+02   
2.23375975E+02   
2.01039008E+02   
2.10383977E+02   
2.02351770E+02   
2.19063313E+02   
2.07354471E+02   
2.08731146E+02   
2.02650130E+02   
1.87044909E+02   
2.07058612E+02   
2.25088418E+02   
1.96673335E+02   
2.10711642E+02   
2.39137027E+02   
2.09685437E+02   
2.16934587E+02   
2.14562212E+02   
2.18292759E+02   
2.18674635E+02   
2.01019504E+02   
2.06520404E+02   
2.16315163E+02   
2.26181636E+02   
2.17937688E+02   
2.47900280E+02   
1.93839668E+02   
2.30337067E+02   
2.03912783E+02   
2.08107822E+02   
1.99077315E+02   
2.30722044E+02   
2.09005901E+02   
2.11722044E+02   
2.41803061E+02   
2.42891278E+02   
2.47242448E+02   
2.34046809E+02   
2.24867173E+02   
2.23318664E+02   
2.26954591E+02   
2.31998300E+02   
2.47995899E+02   
2.29462593E+02   
2.51202741E+02   
2.36258952E+02   
2.38841068E+02   
2.14289558E+02   
2.25067914E+02   
2.24990298E+02   
2.53852270E+02   
2.25868474E+02   
2.49606021E+02   
2.22172234E+02   
2.58258552E+02   
2.36852270E+02   
2.30965293E+02   
2.23667133E+02   
2.50251550E+02   
1.99867574E+02   
2.51824065E+02   
2.20690238E+02   
2.36783957E+02   
2.49468194E+02   
2.25659932E+02   
2.37505401E+02   
2.34895079E+02   
2.44048010E+02   
2.18787958E+02   
2.42225945E+02   
2.40657932E+02   
2.48520204E+02   
2.61476595E+02   
2.52271454E+02   
2.34523705E+02   
2.23259452E+02   
2.72980396E+02   
2.46510202E+02   
2.59733147E+02   
2.35233047E+02   
2.31364373E+02   
2.39923085E+02   
2.51057211E+02   
2.31144529E+02   
2.37247449E+02   
2.24846169E+02   
2.63140928E+02   
2.66379976E+02   
2.70249050E+02   
2.53331566E+02   
2.33405681E+02   
2.45476495E+02   
2.44815263E+02   
2.66019204E+02   
2.37051610E+02   
2.40756051E+02   
2.63871374E+02   
2.65180236E+02   
2.32987497E+02   
2.50759552E+02   
2.42984097E+02   
2.54131926E+02   
2.50962492E+02   
2.53492398E+02   
2.63098520E+02   
2.64011102E+02   
2.41092919E+02   
2.52052010E+02   
2.40180936E+02   
2.67313463E+02   
2.70082517E+02   
2.75739548E+02   
2.59232346E+02   
2.67070114E+02   
2.46760852E+02   
2.61748750E+02   
2.53201040E+02   
2.46631626E+02   
2.60606421E+02   
2.66626725E+02   
2.64769554E+02   
2.69342368E+02   
2.39751950E+02   
2.49058312E+02   
2.66915783E+02   
2.61754551E+02   
2.34484497E+02   
2.77941288E+02   
2.59750150E+02   
2.55309262E+02   
2.32021304E+02   
2.48891078E+02   
2.47677335E+02   
2.84724445E+02   
2.75777756E+02   
2.58974095E+02   
2.89657832E+02   
2.64170634E+02   
2.36002501E+02   
2.64051210E+02   
2.46883877E+02   
2.52555611E+02   
2.51758452E+02   
2.55966993E+02   
2.90435387E+02   
2.84226945E+02   
2.65954191E+02   
2.82759352E+02   
2.72707341E+02   
2.83606721E+02   
2.87793559E+02   
2.66141928E+02   
2.77966693E+02   
2.84232246E+02   
2.59419084E+02   
2.74979896E+02   
3.09364973E+02   
2.80085517E+02   
2.67078916E+02   
2.52946889E+02   
2.43019504E+02   
2.68165933E+02   
2.70559012E+02   
2.72936487E+02   
2.58270654E+02   
2.66782857E+02   
2.76516503E+02   
2.46719144E+02   
2.90519604E+02   
2.52373475E+02   
2.75063113E+02   
2.77113023E+02   
2.68138528E+02   
2.66319564E+02   
2.72471094E+02   
2.92948790E+02   
3.03481396E+02   
2.77215943E+02   
2.85483897E+02   
2.77989698E+02   
3.02177335E+02   
2.77192639E+02   
2.71793259E+02   
2.71533707E+02   
2.93715643E+02   
2.84654331E+02   
2.62018204E+02   
2.94021404E+02   
3.05991198E+02   
2.75124825E+02   
2.83663733E+02   
3.13309262E+02   
2.99309062E+02   
2.76513503E+02   
2.89125425E+02   
2.71193739E+02   
2.69567113E+02   
2.82113023E+02   
2.96999000E+02   
2.77071814E+02   
2.89026005E+02   
2.94272955E+02   
2.82809262E+02   
3.17791258E+02   
3.01081616E+02   
2.86069014E+02   
2.94312362E+02   
2.95063813E+02   
3.11807461E+02   
2.68310762E+02   
2.83560312E+02   
3.03561712E+02   
2.59772054E+02   
2.97859472E+02   
2.83774255E+02   
2.93768854E+02   
2.78330966E+02   
2.65560512E+02   
2.89069414E+02   
2.87810462E+02   
3.11882476E+02   
3.58951640E+02   
3.64672935E+02   
3.64672935E+02   
3.64672935E+02   
3.64672935E+02   
3.81853461E+02   
4.11469794E+02   
4.49635527E+02   
4.10382677E+02   
4.61767554E+02   
4.11189938E+02   
4.51509402E+02   
4.38331566E+02   
4.42490298E+02   
4.72816763E+02   
4.53378176E+02   
4.55051810E+02   
4.53338868E+02   
4.61279256E+02   
4.39893579E+02   
4.12406481E+02   
4.49557912E+02   
4.51313663E+02   
4.60944089E+02   
4.49383377E+02   
4.36677836E+02   
4.36485997E+02   
4.35093719E+02   
4.35703641E+02   
4.76961992E+02   
4.19582016E+02   
4.33874875E+02   
4.58561512E+02   
4.44879376E+02   
4.81091218E+02   
4.65091218E+02   
4.28168234E+02   
4.27239048E+02   
4.43395779E+02   
4.77725445E+02   
4.55156731E+02   
4.40117123E+02   
4.52521204E+02   
5.03619324E+02   
5.00237347E+02   
4.86230546E+02   
4.60272855E+02   
4.59505601E+02   
5.09540408E+02   
4.47900680E+02   
4.58565413E+02   
4.63645129E+02   
4.80344669E+02   
4.98946489E+02   
4.57165933E+02   
4.43534707E+02   
4.73187237E+02   
4.71875175E+02   
4.68980996E+02   
5.13235947E+02   
5.12534107E+02   
4.75972895E+02   
4.87775955E+02   
5.08540308E+02   
5.05562813E+02   
5.22444989E+02   
4.54134727E+02   
4.83945889E+02   
4.59986497E+02   
5.27259652E+02   
5.19014203E+02   
4.72448190E+02   
4.85099620E+02   
5.24531506E+02   
4.84314363E+02   
5.04592418E+02   
5.24953791E+02   
4.79749850E+02   
5.17306761E+02   
5.17462192E+02   
5.14607221E+02   
5.21527506E+02   
4.96649330E+02   
4.97215843E+02   
4.93919284E+02   
5.02931286E+02   
5.32943289E+02   
5.30165633E+02   
5.62745849E+02   
5.85343069E+02   
5.93631726E+02   
5.78238548E+02   
5.70495999E+02   
6.06745649E+02   
5.52516903E+02   
5.35146129E+02   
5.65560112E+02   
5.42863073E+02   
5.61224845E+02   
5.40702541E+02   
5.44525205E+02   
5.17412683E+02   
5.58857471E+02   
5.34109622E+02   
5.54260052E+02   
5.65864973E+02   
5.64798360E+02   
5.52028506E+02   
5.17009802E+02   
5.34711442E+02   
5.00955791E+02   
5.10441388E+02   
5.77313563E+02   
5.55911682E+02   
5.39706141E+02   
5.55928386E+02   
5.32892478E+02   
5.17662332E+02   
5.70982096E+02   
5.38459892E+02   
5.56768154E+02   
5.90802060E+02   
5.24512503E+02   
5.58851870E+02   
5.58485197E+02   
5.78381676E+02   
5.38766653E+02   
5.52135927E+02   
5.74230846E+02   
5.65827165E+02   
5.78918884E+02   
5.44377776E+02   
5.72309162E+02   
5.61337467E+02   
5.40808362E+02   
5.41552110E+02   
5.27578516E+02   
4.88627425E+02   
5.84978996E+02   
5.50441988E+02   
5.23219144E+02   
5.71532306E+02   
5.63787558E+02   
5.24910682E+02   
5.41362873E+02   
5.96926285E+02   
5.64915483E+02   
5.67499700E+02   
5.60299960E+02   
5.62629326E+02   
5.44449290E+02   
5.43555411E+02   
5.56138528E+02   
5.36601220E+02   
5.26978696E+02   
5.98076615E+02   
5.47210842E+02   
5.45035107E+02   
5.36007001E+02   
5.53930886E+02   
5.39909182E+02   
5.22581616E+02   
4.98421784E+02   
5.46998900E+02   
5.40500100E+02   
5.34535107E+02   
5.33702841E+02   
5.67609722E+02   
5.97756151E+02   
4.81504101E+02   
5.07692639E+02   
4.89322965E+02   
5.04342268E+02   
4.78387678E+02   
4.83028506E+02   
4.27245649E+02   
4.70446089E+02   
4.84459592E+02   
4.38439088E+02   
5.14843169E+02   
4.27433187E+02   
4.70549510E+02   
3.94810162E+02   
4.51440588E+02   
4.73407481E+02   
4.30752951E+02   
4.61608222E+02   
4.13353171E+02   
4.54535807E+02   
4.23277556E+02   
4.34933687E+02   
4.38542609E+02   
4.64302761E+02   
4.40748550E+02   
4.51404681E+02   
4.32267153E+02   
4.24417884E+02   
4.46583817E+02   
3.94582216E+02   
4.21255551E+02   
3.96213543E+02   
4.24121624E+02   
4.36469494E+02   
4.06536207E+02   
3.92500600E+02   
4.00691038E+02   
4.01596919E+02   
4.19578316E+02   
4.38277956E+02   
3.93450990E+02   
4.06306361E+02   
4.11458592E+02   
3.98669834E+02   
4.01281156E+02   
4.36285157E+02   
4.20039608E+02   
4.05288758E+02   
4.18926085E+02   
3.94033107E+02   
3.67657031E+02   
4.61678736E+02   
4.17164633E+02   
3.85486197E+02   
4.00892579E+02   
3.78325465E+02   
3.98906181E+02   
3.66416083E+02   
4.04053511E+02   
3.89705941E+02   
3.75229546E+02   
3.73931786E+02   
3.74677636E+02   
3.91941788E+02   
3.67814763E+02   
3.34254951E+02   
3.51192939E+02   
3.48674935E+02   
3.28077015E+02   
3.56913883E+02   
3.54771754E+02   
3.82685537E+02   
4.11565313E+02   
3.75557311E+02   
3.24436887E+02   
3.60047610E+02   
3.51989898E+02   
3.87485097E+02   
3.33683237E+02   
3.74712843E+02   
3.61589818E+02   
3.47904981E+02   
3.46503401E+02   
3.33377275E+02   
3.55024105E+02   
3.34089718E+02   
4.21013313E+02   
5.22704541E+02   
5.22704541E+02   
5.22704541E+02   
5.22704541E+02   
5.22704541E+02   
6.74717974E+02   
7.04131226E+02   
7.16114323E+02   
6.97264653E+02   
6.72814763E+02   
7.07701140E+02   
7.14611422E+02   
7.25970794E+02   
6.62404181E+02   
6.75151730E+02   
6.96678936E+02   
6.94963593E+02   
6.47680536E+02   
7.28306761E+02   
6.70529506E+02   
6.54085017E+02   
7.19317964E+02   
7.51807962E+02   
6.98557612E+02   
6.96001800E+02   
6.75743349E+02   
7.36022404E+02   
7.18584017E+02   
8.02472094E+02   
6.88611122E+02   
7.26478896E+02   
7.29932386E+02   
7.33199140E+02   
7.05594119E+02   
7.31104221E+02   
7.30853171E+02   
6.34560712E+02   
7.19297560E+02   
6.68931086E+02   
6.90695239E+02   
7.09898780E+02   
6.66893979E+02   
6.56385477E+02   
6.55756251E+02   
7.17131026E+02   
7.15023305E+02   
6.93382877E+02   
6.41627125E+02   
7.15899980E+02   
7.00616723E+02   
6.56766253E+02   
6.80481196E+02   
6.89033907E+02   
7.06798060E+02   
7.04623725E+02   
6.41224145E+02   
6.80569814E+02   
7.10460292E+02   
6.81535307E+02   
6.90660332E+02   
7.05069914E+02   
7.06206941E+02   
7.37770554E+02   
7.18978496E+02   
6.65765553E+02   
7.11953791E+02   
7.11827866E+02   
7.09983997E+02   
7.47721244E+02   
6.82099120E+02   
7.19309662E+02   
7.27230246E+02   
7.09084717E+02   
7.21551910E+02   
6.91069914E+02   
6.97703641E+02   
7.28779256E+02   
7.36706041E+02   
6.97255951E+02   
6.86255151E+02   
7.29039908E+02   
6.88336367E+02   
7.01714143E+02   
7.47279356E+02   
7.37457491E+02   
7.12818264E+02   
7.33626725E+02   
8.38588618E+02   
8.70292458E+02   
9.34606721E+02   
8.55989698E+02   
8.04039908E+02   
7.92111722E+02   
8.13310662E+02   
8.39422184E+02   
7.91998600E+02   
7.76862573E+02   
7.61491898E+02   
7.50638128E+02   
7.56359772E+02   
7.65230346E+02   
7.82363073E+02   
7.29113323E+02   
6.97206841E+02   
7.44354971E+02   
7.54466193E+02   
7.43462192E+02   
6.98039308E+02   
7.17237548E+02   
7.10345469E+02   
7.04017303E+02   
7.08282757E+02   
6.54376975E+02   
6.95011802E+02   
6.73019304E+02   
6.63333367E+02   
6.22321064E+02   
6.63345969E+02   
6.37718244E+02   
6.58226045E+02   
6.19599120E+02   
6.82636227E+02   
6.03212442E+02   
5.96896079E+02   
6.51548810E+02   
5.62303561E+02   
6.19605121E+02   
6.36782957E+02   
5.83219444E+02   
6.14567413E+02   
5.59211842E+02   
5.64744149E+02   
5.56560812E+02   
5.65646329E+02   
5.30443589E+02   
5.21165433E+02   
5.18742749E+02   
4.70449290E+02   
4.88083117E+02   
4.71544509E+02   
5.00533107E+02   
4.53086517E+02   
4.45294859E+02   
4.83547109E+02   
4.70115023E+02   
4.57580516E+02   
4.72838268E+02   
4.65756751E+02   
4.32265453E+02   
4.28416083E+02   
3.99405481E+02   
4.42453691E+02   
4.32223045E+02   
4.25941588E+02   
4.16061812E+02   
3.86245049E+02   
3.74769454E+02   
3.64074415E+02   
3.54949090E+02   
3.96725045E+02   
3.68178836E+02   
3.58523005E+02   
3.15788158E+02   
3.34359872E+02   
3.04773055E+02   
3.20681836E+02   
3.03446089E+02   
3.02279856E+02   
2.77022204E+02   
2.79297259E+02   
3.05006401E+02   
2.68429586E+02   
2.53942989E+02   
2.42227445E+02   
2.21117924E+02   
2.22898980E+02   
2.18900580E+02   
2.16052811E+02   
2.38610122E+02   
1.97324065E+02   
1.89035607E+02   
2.05699640E+02   
1.88231746E+02   
1.93801060E+02   
1.74170234E+02   
1.86863073E+02   
1.72335967E+02   
1.60369974E+02   
1.54623325E+02   
1.81883177E+02   
1.40778856E+02   
1.52364073E+02   
1.65372074E+02   
1.21066113E+02   
1.39762352E+02   
1.42794859E+02   
1.15446889E+02   
1.26342769E+02   
1.35957692E+02   
1.25516703E+02   
1.18714643E+02   
1.07207341E+02   
1.08143029E+02   
1.32419084E+02   
1.06884377E+02   
9.85089018E+01   
9.42009402E+01   
1.02018804E+02   
1.13185637E+02   
1.14497299E+02   
9.06083217E+01   
1.02492398E+02   
7.70053011E+01   
8.66689338E+01   
8.21306261E+01   
8.76753351E+01   
9.00180036E+01   
9.06825365E+01   
7.44644929E+01   
7.36785357E+01   
7.74652931E+01   
8.13422685E+01   
6.49061812E+01   
7.39612923E+01   
7.41745349E+01   
7.44883977E+01   
5.36442288E+01   
7.40132026E+01   
5.13737748E+01   
4.78059612E+01   
5.34683937E+01   
4.67065413E+01   
4.51605321E+01   
3.82571514E+01   
3.30567113E+01   
3.70559112E+01   
4.49584917E+01   
4.58155631E+01   
7.57260452E+01   
3.56213243E+01   
1.15175835E+02   
3.88824765E+01   
2.69596919E+01   
2.80515103E+01   
2.00507101E+01   
2.59157832E+01   
2.40060012E+01   
1.83572715E+01   
1.88287658E+01   
8.34926985E+00   
1.47449490E+01   
2.94958992E+01   
1.75532106E+01   
1.30862172E+01   
8.08461692E+00   
1.11364673E+01   
1.12022404E+01   
1.12022404E+01   
1.12022404E+01   
1.12022404E+01   
5.81900380E+00   
0.00000000E+00   
0.00000000E+00   
0.00000000E+00   
0.00000000E+00   
0.00000000E+00   
1.92738548E+00   
7.26145229E-02   
0.00000000E+00   
0.00000000E+00   
0.00000000E+00   
0.00000000E+00   
0.00000000E+00   
0.00000000E+00   
0.00000000E+00   
0.00000000E+00   
6.00000000E+00   
0.00000000E+00   
0.00000000E+00   
0.00000000E+00   
0.00000000E+00   
0.00000000E+00   
0.00000000E+00   
0.00000000E+00   
0.00000000E+00   
0.00000000E+00   
0.00000000E+00   
0.00000000E+00   
0.00000000E+00   
0.00000000E+00   
0.00000000E+00   
2.00000000E+00   
0.00000000E+00   
0.00000000E+00   
1.00000000E+00   
0.00000000E+00   
1.00000000E+00   
1.00000000E+00   
0.00000000E+00   
0.00000000E+00   
0.00000000E+00   
0.00000000E+00   
0.00000000E+00   
0.00000000E+00   
0.00000000E+00   
0.00000000E+00   
0.00000000E+00   
0.00000000E+00   
0.00000000E+00   
0.00000000E+00   
0.00000000E+00   
0.00000000E+00   
0.00000000E+00   
0.00000000E+00   
0.00000000E+00   
1.00000000E+00   
0.00000000E+00   
9.84096819E-01   
1.59031806E-02   
0.00000000E+00   
0.00000000E+00   
9.85697139E-01   
1.00040008E+00   
1.39027806E-02   
0.00000000E+00   
0.00000000E+00   
9.87697540E-01   
1.00040008E+00   
1.19023805E-02   
0.00000000E+00   
0.00000000E+00   
0.00000000E+00   
0.00000000E+00   
0.00000000E+00   
0.00000000E+00   
9.91298260E-01   
8.70174035E-03   
0.00000000E+00   
0.00000000E+00   
0.00000000E+00   
0.00000000E+00   
0.00000000E+00   
0.00000000E+00   
0.00000000E+00   
0.00000000E+00   
0.00000000E+00   
0.00000000E+00   
0.00000000E+00   
0.00000000E+00   
0.00000000E+00   
0.00000000E+00   
0.00000000E+00   
0.00000000E+00   
0.00000000E+00   
0.00000000E+00   
0.00000000E+00   
0.00000000E+00   
0.00000000E+00   
0.00000000E+00   
0.00000000E+00   
0.00000000E+00   
0.00000000E+00   
0.00000000E+00   
0.00000000E+00   
0.00000000E+00   
0.00000000E+00   
0.00000000E+00   
0.00000000E+00   
0.00000000E+00   
0.00000000E+00   
0.00000000E+00   
0.00000000E+00   
0.00000000E+00   
0.00000000E+00   
0.00000000E+00   
0.00000000E+00   
0.00000000E+00   
0.00000000E+00   
0.00000000E+00   
0.00000000E+00   
0.00000000E+00   
0.00000000E+00   
0.00000000E+00   
0.00000000E+00   
0.00000000E+00   
0.00000000E+00   
1.17023405E-02   
9.88297660E-01   
0.00000000E+00   
0.00000000E+00   
0.00000000E+00   
0.00000000E+00   
0.00000000E+00   
0.00000000E+00   
0.00000000E+00   
1.00000000E+00   
0.00000000E+00   
0.00000000E+00   
0.00000000E+00   
0.00000000E+00   
0.00000000E+00   
0.00000000E+00   
0.00000000E+00   
0.00000000E+00   
0.00000000E+00   
0.00000000E+00   
0.00000000E+00   
0.00000000E+00   
2.05041008E-02   
9.79495899E-01   
2.13042609E-02   
9.78695739E-01   
1.02210442E+00   
9.77895579E-01   
0.00000000E+00   
0.00000000E+00   
0.00000000E+00   
0.00000000E+00   
0.00000000E+00   
0.00000000E+00   
0.00000000E+00   
0.00000000E+00   
0.00000000E+00   
0.00000000E+00   
0.00000000E+00   
0.00000000E+00   
0.00000000E+00   
0.00000000E+00   
0.00000000E+00   
0.00000000E+00   
0.00000000E+00   
0.00000000E+00   
0.00000000E+00   
0.00000000E+00   
0.00000000E+00   
0.00000000E+00   
0.00000000E+00   
0.00000000E+00   
0.00000000E+00   
0.00000000E+00   
0.00000000E+00   
0.00000000E+00   
0.00000000E+00   
0.00000000E+00   
3.49069814E-02   
9.65093019E-01   
0.00000000E+00   
0.00000000E+00   
0.00000000E+00   
0.00000000E+00   
0.00000000E+00   
0.00000000E+00   
0.00000000E+00   
0.00000000E+00   
0.00000000E+00   
0.00000000E+00   
1.00000000E+00   
0.00000000E+00   
0.00000000E+00   
0.00000000E+00   
4.13082617E-02   
9.58691738E-01   
0.00000000E+00   
0.00000000E+00   
0.00000000E+00   
0.00000000E+00   
0.00000000E+00   
0.00000000E+00   
0.00000000E+00   
0.00000000E+00   
4.53090618E-02   
9.54690938E-01   
0.00000000E+00   
0.00000000E+00   
0.00000000E+00   
0.00000000E+00   
2.00000000E+00   
0.00000000E+00   
0.00000000E+00   
0.00000000E+00   
0.00000000E+00   
0.00000000E+00   
0.00000000E+00   
0.00000000E+00   
0.00000000E+00   
0.00000000E+00   
0.00000000E+00   
0.00000000E+00   
0.00000000E+00   
0.00000000E+00   
0.00000000E+00   
0.00000000E+00   
0.00000000E+00   
0.00000000E+00   
0.00000000E+00   
0.00000000E+00   
0.00000000E+00   
0.00000000E+00   
0.00000000E+00   
1.00000000E+00   
0.00000000E+00   
0.00000000E+00   
0.00000000E+00   
0.00000000E+00   
0.00000000E+00   
0.00000000E+00   
0.00000000E+00   
0.00000000E+00   
0.00000000E+00   
0.00000000E+00   
0.00000000E+00   
6.17123425E-02   
9.38287658E-01   
0.00000000E+00   
0.00000000E+00   
0.00000000E+00   
0.00000000E+00   
0.00000000E+00   
0.00000000E+00   
0.00000000E+00   
0.00000000E+00   
0.00000000E+00   
6.61132226E-02   
9.33886777E-01   
0.00000000E+00   
0.00000000E+00   
0.00000000E+00   
0.00000000E+00   
0.00000000E+00   
0.00000000E+00   
0.00000000E+00   
0.00000000E+00   
7.01140228E-02   
9.29885977E-01   
0.00000000E+00   
0.00000000E+00   
1.00000000E+00   
0.00000000E+00   
0.00000000E+00   
0.00000000E+00   
0.00000000E+00   
0.00000000E+00   
0.00000000E+00   
0.00000000E+00   
0.00000000E+00   
0.00000000E+00   
1.00000000E+00   
0.00000000E+00   
0.00000000E+00   
7.69153831E-02   
9.23084617E-01   
0.00000000E+00   
0.00000000E+00   
0.00000000E+00   
0.00000000E+00   
0.00000000E+00   
0.00000000E+00   
0.00000000E+00   
1.00000000E+00   
0.00000000E+00   
0.00000000E+00   
0.00000000E+00   
0.00000000E+00   
0.00000000E+00   
0.00000000E+00   
0.00000000E+00   
0.00000000E+00   
8.41168234E-02   
9.15883177E-01   
8.49169834E-02   
9.15083017E-01   
0.00000000E+00   
0.00000000E+00   
0.00000000E+00   
0.00000000E+00   
0.00000000E+00   
0.00000000E+00   
0.00000000E+00   
8.85177035E-02   
9.11482296E-01   
0.00000000E+00   
0.00000000E+00   
0.00000000E+00   
0.00000000E+00   
0.00000000E+00   
0.00000000E+00   
0.00000000E+00   
0.00000000E+00   
0.00000000E+00   
0.00000000E+00   
0.00000000E+00   
0.00000000E+00   
0.00000000E+00   
0.00000000E+00   
0.00000000E+00   
0.00000000E+00   
0.00000000E+00   
1.00000000E+00   
0.00000000E+00   
0.00000000E+00   
0.00000000E+00   
0.00000000E+00   
0.00000000E+00   
0.00000000E+00   
0.00000000E+00   
0.00000000E+00   
0.00000000E+00   
0.00000000E+00   
1.00520104E-01   
8.99479896E-01   
0.00000000E+00   
0.00000000E+00   
0.00000000E+00   
0.00000000E+00   
0.00000000E+00   
0.00000000E+00   
1.03720744E-01   
1.00040008E+00   
8.95879176E-01   
0.00000000E+00   
0.00000000E+00   
0.00000000E+00   
0.00000000E+00   
0.00000000E+00   
1.06921384E-01   
8.93078616E-01   
0.00000000E+00   
0.00000000E+00   
0.00000000E+00   
0.00000000E+00   
0.00000000E+00   
0.00000000E+00   
0.00000000E+00   
0.00000000E+00   
0.00000000E+00   
0.00000000E+00   
0.00000000E+00   
0.00000000E+00   
0.00000000E+00   
0.00000000E+00   
0.00000000E+00   
0.00000000E+00   
0.00000000E+00   
0.00000000E+00   
0.00000000E+00   
0.00000000E+00   
0.00000000E+00   
0.00000000E+00   
0.00000000E+00   
0.00000000E+00   
0.00000000E+00   
0.00000000E+00   
0.00000000E+00   
0.00000000E+00   
1.00000000E+00   
0.00000000E+00   
0.00000000E+00   
0.00000000E+00   
1.20524105E-01   
8.79475895E-01   
0.00000000E+00   
0.00000000E+00   
0.00000000E+00   
0.00000000E+00   
1.00000000E+00   
0.00000000E+00   
0.00000000E+00   
0.00000000E+00   
0.00000000E+00   
1.00000000E+00   
0.00000000E+00   
0.00000000E+00   
0.00000000E+00   
0.00000000E+00   
0.00000000E+00   
0.00000000E+00   
0.00000000E+00   
0.00000000E+00   
0.00000000E+00   
0.00000000E+00   
0.00000000E+00   
0.00000000E+00   
0.00000000E+00   
0.00000000E+00   
1.30926185E-01   
8.69073815E-01   
0.00000000E+00   
0.00000000E+00   
0.00000000E+00   
0.00000000E+00   
0.00000000E+00   
0.00000000E+00   
0.00000000E+00   
0.00000000E+00   
0.00000000E+00   
0.00000000E+00   
0.00000000E+00   
0.00000000E+00   
0.00000000E+00   
0.00000000E+00   
0.00000000E+00   
0.00000000E+00   
0.00000000E+00   
0.00000000E+00   
0.00000000E+00   
0.00000000E+00   
0.00000000E+00   
0.00000000E+00   
0.00000000E+00   
0.00000000E+00   
0.00000000E+00   
0.00000000E+00   
0.00000000E+00   
0.00000000E+00   
0.00000000E+00   
0.00000000E+00   
0.00000000E+00   
0.00000000E+00   
0.00000000E+00   
0.00000000E+00   
0.00000000E+00   
0.00000000E+00   
1.00000000E+00   
0.00000000E+00   
0.00000000E+00   
0.00000000E+00   
0.00000000E+00   
0.00000000E+00   
0.00000000E+00   
0.00000000E+00   
0.00000000E+00   
0.00000000E+00   
1.50130026E-01   
8.49869974E-01   
0.00000000E+00   
0.00000000E+00   
0.00000000E+00   
0.00000000E+00   
1.00000000E+00   
0.00000000E+00   
0.00000000E+00   
0.00000000E+00   
0.00000000E+00   
0.00000000E+00   
0.00000000E+00   
0.00000000E+00   
1.00000000E+00   
0.00000000E+00   
0.00000000E+00   
0.00000000E+00   
0.00000000E+00   
1.57731546E-01   
8.42268454E-01   
0.00000000E+00   
0.00000000E+00   
0.00000000E+00   
0.00000000E+00   
0.00000000E+00   
0.00000000E+00   
0.00000000E+00   
1.61332266E-01   
8.38667734E-01   
0.00000000E+00   
0.00000000E+00   
0.00000000E+00   
0.00000000E+00   
0.00000000E+00   
0.00000000E+00   
0.00000000E+00   
0.00000000E+00   
1.65333067E-01   
8.34666933E-01   
0.00000000E+00   
0.00000000E+00   
0.00000000E+00   
0.00000000E+00   
0.00000000E+00   
0.00000000E+00   
0.00000000E+00   
0.00000000E+00   
0.00000000E+00   
0.00000000E+00   
0.00000000E+00   
0.00000000E+00   
0.00000000E+00   
0.00000000E+00   
1.00000000E+00   
0.00000000E+00   
0.00000000E+00   
0.00000000E+00   
0.00000000E+00   
0.00000000E+00   
0.00000000E+00   
0.00000000E+00   
0.00000000E+00   
0.00000000E+00   
0.00000000E+00   
0.00000000E+00   
0.00000000E+00   
0.00000000E+00   
0.00000000E+00   
0.00000000E+00   
0.00000000E+00   
0.00000000E+00   
0.00000000E+00   
0.00000000E+00   
0.00000000E+00   
0.00000000E+00   
0.00000000E+00   
0.00000000E+00   
0.00000000E+00   
0.00000000E+00   
0.00000000E+00   
1.82536507E-01   
8.17463493E-01   
0.00000000E+00   
0.00000000E+00   
0.00000000E+00   
0.00000000E+00   
0.00000000E+00   
0.00000000E+00   
0.00000000E+00   
0.00000000E+00   
0.00000000E+00   
0.00000000E+00   
0.00000000E+00   
0.00000000E+00   
0.00000000E+00   
0.00000000E+00   
0.00000000E+00   
0.00000000E+00   
0.00000000E+00   
0.00000000E+00   
0.00000000E+00   
0.00000000E+00   
0.00000000E+00   
0.00000000E+00   
0.00000000E+00   
0.00000000E+00   
0.00000000E+00   
0.00000000E+00   
0.00000000E+00   
0.00000000E+00   
0.00000000E+00   
0.00000000E+00   
0.00000000E+00   
0.00000000E+00   
0.00000000E+00   
0.00000000E+00   
0.00000000E+00   
0.00000000E+00   
0.00000000E+00   
0.00000000E+00   
0.00000000E+00   
0.00000000E+00   
0.00000000E+00   
0.00000000E+00   
0.00000000E+00   
0.00000000E+00   
0.00000000E+00   
0.00000000E+00   
0.00000000E+00   
0.00000000E+00   
0.00000000E+00   
0.00000000E+00   
0.00000000E+00   
0.00000000E+00   
0.00000000E+00   
0.00000000E+00   
0.00000000E+00   
0.00000000E+00   
0.00000000E+00   
0.00000000E+00   
0.00000000E+00   
0.00000000E+00   
0.00000000E+00   
0.00000000E+00   
0.00000000E+00   
0.00000000E+00   
0.00000000E+00   
0.00000000E+00   
0.00000000E+00   
0.00000000E+00   
0.00000000E+00   
0.00000000E+00   
0.00000000E+00   
0.00000000E+00   
0.00000000E+00   
0.00000000E+00   
0.00000000E+00   
0.00000000E+00   
0.00000000E+00   
0.00000000E+00   
0.00000000E+00   
0.00000000E+00   
0.00000000E+00   
0.00000000E+00   
0.00000000E+00   
0.00000000E+00   
0.00000000E+00   
0.00000000E+00   
0.00000000E+00   
0.00000000E+00   
0.00000000E+00   
0.00000000E+00   
0.00000000E+00   
0.00000000E+00   
0.00000000E+00   
0.00000000E+00   
0.00000000E+00   
0.00000000E+00   
0.00000000E+00   
0.00000000E+00   
0.00000000E+00   
0.00000000E+00   
0.00000000E+00   
0.00000000E+00   
0.00000000E+00   
0.00000000E+00   
0.00000000E+00   
0.00000000E+00   
0.00000000E+00   
0.00000000E+00   
0.00000000E+00   
0.00000000E+00   
0.00000000E+00   
0.00000000E+00   
0.00000000E+00   
0.00000000E+00   
0.00000000E+00   
0.00000000E+00   
0.00000000E+00   
0.00000000E+00   
0.00000000E+00   
0.00000000E+00   
0.00000000E+00   
0.00000000E+00   
0.00000000E+00   
0.00000000E+00   
0.00000000E+00   
0.00000000E+00   
0.00000000E+00   
0.00000000E+00   
0.00000000E+00   
0.00000000E+00   
0.00000000E+00   
0.00000000E+00   
0.00000000E+00   
0.00000000E+00   
0.00000000E+00   
0.00000000E+00   
0.00000000E+00   
0.00000000E+00   
0.00000000E+00   
0.00000000E+00   
0.00000000E+00   
0.00000000E+00   
0.00000000E+00   
0.00000000E+00   
0.00000000E+00   
0.00000000E+00   
0.00000000E+00   
0.00000000E+00   
0.00000000E+00   
0.00000000E+00   
0.00000000E+00   
0.00000000E+00   
0.00000000E+00   
0.00000000E+00   
0.00000000E+00   
0.00000000E+00   
0.00000000E+00   
0.00000000E+00   
0.00000000E+00   
0.00000000E+00   
0.00000000E+00   
0.00000000E+00   
7.44448890E-01   
2.25555111E+00   
0.00000000E+00   
0.00000000E+00   
0.00000000E+00   
1.00000000E+00   
0.00000000E+00   
0.00000000E+00   
0.00000000E+00   
0.00000000E+00   
0.00000000E+00   
0.00000000E+00   
0.00000000E+00   
0.00000000E+00   
0.00000000E+00   
0.00000000E+00   
5.09101820E-01   
1.49089818E+00   
0.00000000E+00   
0.00000000E+00   
0.00000000E+00   
0.00000000E+00   
0.00000000E+00   
0.00000000E+00   
0.00000000E+00   
0.00000000E+00   
0.00000000E+00   
0.00000000E+00   
0.00000000E+00   
0.00000000E+00   
0.00000000E+00   
0.00000000E+00   
0.00000000E+00   
0.00000000E+00   
0.00000000E+00   
0.00000000E+00   
0.00000000E+00   
0.00000000E+00   
0.00000000E+00   
0.00000000E+00   
0.00000000E+00   
0.00000000E+00   
0.00000000E+00   
0.00000000E+00   
0.00000000E+00   
0.00000000E+00   
0.00000000E+00   
0.00000000E+00   
0.00000000E+00   
0.00000000E+00   
0.00000000E+00   
0.00000000E+00   
0.00000000E+00   
0.00000000E+00   
0.00000000E+00   
0.00000000E+00   
0.00000000E+00   
0.00000000E+00   
0.00000000E+00   
0.00000000E+00   
0.00000000E+00   
0.00000000E+00   
0.00000000E+00   
0.00000000E+00   
0.00000000E+00   
0.00000000E+00   
0.00000000E+00   
0.00000000E+00   
0.00000000E+00   
0.00000000E+00   
0.00000000E+00   
0.00000000E+00   
0.00000000E+00   
0.00000000E+00   
0.00000000E+00   
0.00000000E+00   
0.00000000E+00   
0.00000000E+00   
0.00000000E+00   
0.00000000E+00   
0.00000000E+00   
0.00000000E+00   
0.00000000E+00   
0.00000000E+00   
0.00000000E+00   
0.00000000E+00   
0.00000000E+00   
0.00000000E+00   
0.00000000E+00   
0.00000000E+00   
0.00000000E+00   
0.00000000E+00   
0.00000000E+00   
0.00000000E+00   
0.00000000E+00   
0.00000000E+00   
0.00000000E+00   
0.00000000E+00   
0.00000000E+00   
0.00000000E+00   
0.00000000E+00   
0.00000000E+00   
0.00000000E+00   
0.00000000E+00   
0.00000000E+00   
0.00000000E+00   
0.00000000E+00   
0.00000000E+00   
0.00000000E+00   
0.00000000E+00   
0.00000000E+00   
0.00000000E+00   
0.00000000E+00   
0.00000000E+00   
0.00000000E+00   
0.00000000E+00   
0.00000000E+00   
0.00000000E+00   
0.00000000E+00   
0.00000000E+00   
0.00000000E+00   
0.00000000E+00   
0.00000000E+00   
0.00000000E+00   
0.00000000E+00   
0.00000000E+00   
0.00000000E+00   
0.00000000E+00   
0.00000000E+00   
0.00000000E+00   
0.00000000E+00   
0.00000000E+00   
0.00000000E+00   
0.00000000E+00   
0.00000000E+00   
0.00000000E+00   
0.00000000E+00   
0.00000000E+00   
0.00000000E+00   
0.00000000E+00   
0.00000000E+00   
0.00000000E+00   
0.00000000E+00   
0.00000000E+00   
0.00000000E+00   
0.00000000E+00   
0.00000000E+00   
0.00000000E+00   
0.00000000E+00   
0.00000000E+00   
0.00000000E+00   
0.00000000E+00   
0.00000000E+00   
0.00000000E+00   
0.00000000E+00   
0.00000000E+00   
0.00000000E+00   
0.00000000E+00   
0.00000000E+00   
0.00000000E+00   
0.00000000E+00   
0.00000000E+00   
0.00000000E+00   
0.00000000E+00   
0.00000000E+00   
0.00000000E+00   
0.00000000E+00   
0.00000000E+00   
0.00000000E+00   
0.00000000E+00   
0.00000000E+00   
0.00000000E+00   
0.00000000E+00   
0.00000000E+00   
0.00000000E+00   
0.00000000E+00   
0.00000000E+00   
0.00000000E+00   
0.00000000E+00   
0.00000000E+00   
0.00000000E+00   
0.00000000E+00   
0.00000000E+00   
0.00000000E+00   
0.00000000E+00   
0.00000000E+00   
0.00000000E+00   
0.00000000E+00   
0.00000000E+00   
0.00000000E+00   
0.00000000E+00   
0.00000000E+00   
0.00000000E+00   
0.00000000E+00   
0.00000000E+00   
0.00000000E+00   
0.00000000E+00   
0.00000000E+00   
0.00000000E+00   
0.00000000E+00   
0.00000000E+00   
0.00000000E+00   
0.00000000E+00   
0.00000000E+00   
0.00000000E+00   
0.00000000E+00   
0.00000000E+00   
0.00000000E+00   
0.00000000E+00   
0.00000000E+00   
0.00000000E+00   
0.00000000E+00   
0.00000000E+00   
0.00000000E+00   
0.00000000E+00   
0.00000000E+00   
0.00000000E+00   
0.00000000E+00   
0.00000000E+00   
0.00000000E+00   
0.00000000E+00   
0.00000000E+00   
0.00000000E+00   
0.00000000E+00   
0.00000000E+00   
0.00000000E+00   
0.00000000E+00   
0.00000000E+00   
0.00000000E+00   
0.00000000E+00   
0.00000000E+00   
0.00000000E+00   
0.00000000E+00   
0.00000000E+00   
0.00000000E+00   
0.00000000E+00   
0.00000000E+00   
0.00000000E+00   
0.00000000E+00   
0.00000000E+00   
0.00000000E+00   
0.00000000E+00   
0.00000000E+00   
0.00000000E+00   
0.00000000E+00   
0.00000000E+00   
0.00000000E+00   
0.00000000E+00   
0.00000000E+00   
0.00000000E+00   
0.00000000E+00   
0.00000000E+00   
0.00000000E+00   
0.00000000E+00   
0.00000000E+00   
0.00000000E+00   
0.00000000E+00   
0.00000000E+00   
0.00000000E+00   
0.00000000E+00   
0.00000000E+00   
0.00000000E+00   
0.00000000E+00   
0.00000000E+00   
0.00000000E+00   
0.00000000E+00   
0.00000000E+00   
0.00000000E+00   
0.00000000E+00   
0.00000000E+00   
0.00000000E+00   
0.00000000E+00   
0.00000000E+00   
0.00000000E+00   
0.00000000E+00   
0.00000000E+00   
0.00000000E+00   
0.00000000E+00   
0.00000000E+00   
0.00000000E+00   
0.00000000E+00   
0.00000000E+00   
0.00000000E+00   
0.00000000E+00   
0.00000000E+00   
0.00000000E+00   
0.00000000E+00   
0.00000000E+00   
0.00000000E+00   
0.00000000E+00   
0.00000000E+00   
0.00000000E+00   
0.00000000E+00   
0.00000000E+00   
0.00000000E+00   
0.00000000E+00   
0.00000000E+00   
0.00000000E+00   
0.00000000E+00   
0.00000000E+00   
0.00000000E+00   
0.00000000E+00   
0.00000000E+00   
0.00000000E+00   
0.00000000E+00   
0.00000000E+00   
0.00000000E+00   
0.00000000E+00   
0.00000000E+00   
0.00000000E+00   
0.00000000E+00   
0.00000000E+00   
0.00000000E+00   
0.00000000E+00   
0.00000000E+00   
0.00000000E+00   
0.00000000E+00   
0.00000000E+00   
0.00000000E+00   
0.00000000E+00   
0.00000000E+00   
0.00000000E+00   
0.00000000E+00   
0.00000000E+00   
0.00000000E+00   
0.00000000E+00   
0.00000000E+00   
0.00000000E+00   
0.00000000E+00   
0.00000000E+00   
0.00000000E+00   
0.00000000E+00   
0.00000000E+00   
0.00000000E+00   
0.00000000E+00   
0.00000000E+00   
0.00000000E+00   
0.00000000E+00   
0.00000000E+00   
0.00000000E+00   
0.00000000E+00   
0.00000000E+00   
0.00000000E+00   
0.00000000E+00   
0.00000000E+00   
0.00000000E+00   
0.00000000E+00   
0.00000000E+00   
0.00000000E+00   
0.00000000E+00   
0.00000000E+00   
0.00000000E+00   
0.00000000E+00   
0.00000000E+00   
0.00000000E+00   
0.00000000E+00   
0.00000000E+00   
0.00000000E+00   
0.00000000E+00   
0.00000000E+00   
0.00000000E+00   
0.00000000E+00   
0.00000000E+00   
0.00000000E+00   
0.00000000E+00   
0.00000000E+00   
0.00000000E+00   
0.00000000E+00   
0.00000000E+00   
0.00000000E+00   
0.00000000E+00   
0.00000000E+00   
0.00000000E+00   
0.00000000E+00   
0.00000000E+00   
0.00000000E+00   
0.00000000E+00   
0.00000000E+00   
0.00000000E+00   
0.00000000E+00   
0.00000000E+00   
0.00000000E+00   
0.00000000E+00   
0.00000000E+00   
0.00000000E+00   
0.00000000E+00   
0.00000000E+00   
0.00000000E+00   
0.00000000E+00   
0.00000000E+00   
0.00000000E+00   
0.00000000E+00   
0.00000000E+00   
0.00000000E+00   
0.00000000E+00   
0.00000000E+00   
0.00000000E+00   
0.00000000E+00   
0.00000000E+00   
0.00000000E+00   
0.00000000E+00   
0.00000000E+00   
0.00000000E+00   
0.00000000E+00   
0.00000000E+00   
0.00000000E+00   
0.00000000E+00   
0.00000000E+00   
0.00000000E+00   
0.00000000E+00   
0.00000000E+00   
0.00000000E+00   
0.00000000E+00   
0.00000000E+00   
0.00000000E+00   
0.00000000E+00   
0.00000000E+00   
0.00000000E+00   
0.00000000E+00   
0.00000000E+00   
0.00000000E+00   
0.00000000E+00   
0.00000000E+00   
0.00000000E+00   
0.00000000E+00   
0.00000000E+00   
0.00000000E+00   
0.00000000E+00   
0.00000000E+00   
0.00000000E+00   
0.00000000E+00   
0.00000000E+00   
0.00000000E+00   
0.00000000E+00   
0.00000000E+00   
0.00000000E+00   
0.00000000E+00   
0.00000000E+00   
0.00000000E+00   
0.00000000E+00   
0.00000000E+00   
0.00000000E+00   
0.00000000E+00   
0.00000000E+00   
0.00000000E+00   
0.00000000E+00   
0.00000000E+00   
0.00000000E+00   
0.00000000E+00   
0.00000000E+00   
0.00000000E+00   
0.00000000E+00   
0.00000000E+00   
0.00000000E+00   
0.00000000E+00   
0.00000000E+00   
0.00000000E+00   
0.00000000E+00   
0.00000000E+00   
0.00000000E+00   
0.00000000E+00   
0.00000000E+00   
0.00000000E+00   
0.00000000E+00   
0.00000000E+00   
0.00000000E+00   
0.00000000E+00   
0.00000000E+00   
0.00000000E+00   
0.00000000E+00   
0.00000000E+00   
0.00000000E+00   
0.00000000E+00   
0.00000000E+00   
0.00000000E+00   
0.00000000E+00   
0.00000000E+00   
0.00000000E+00   
0.00000000E+00   
0.00000000E+00   
0.00000000E+00   
0.00000000E+00   
0.00000000E+00   
0.00000000E+00   
0.00000000E+00   
0.00000000E+00   
0.00000000E+00   
0.00000000E+00   
0.00000000E+00   
0.00000000E+00   
0.00000000E+00   
0.00000000E+00   
0.00000000E+00   
0.00000000E+00   
0.00000000E+00   
0.00000000E+00   
0.00000000E+00   
0.00000000E+00   
0.00000000E+00   
0.00000000E+00   
0.00000000E+00   
0.00000000E+00   
0.00000000E+00   
0.00000000E+00   
0.00000000E+00   
0.00000000E+00   
0.00000000E+00   
0.00000000E+00   
0.00000000E+00   
0.00000000E+00   
0.00000000E+00   
0.00000000E+00   
0.00000000E+00   
0.00000000E+00   
0.00000000E+00   
0.00000000E+00   
0.00000000E+00   
0.00000000E+00   
0.00000000E+00   
0.00000000E+00   
0.00000000E+00   
0.00000000E+00   
0.00000000E+00   
0.00000000E+00   
0.00000000E+00   
0.00000000E+00   
0.00000000E+00   
0.00000000E+00   
0.00000000E+00   
0.00000000E+00   
0.00000000E+00   
0.00000000E+00   
0.00000000E+00   
0.00000000E+00   
0.00000000E+00   
0.00000000E+00   
0.00000000E+00   
0.00000000E+00   
0.00000000E+00   
0.00000000E+00   
0.00000000E+00   
0.00000000E+00   
0.00000000E+00   
0.00000000E+00   
0.00000000E+00   
0.00000000E+00   
0.00000000E+00   
0.00000000E+00   
0.00000000E+00   
0.00000000E+00   
0.00000000E+00   
0.00000000E+00   
0.00000000E+00   
0.00000000E+00   
0.00000000E+00   
0.00000000E+00   
0.00000000E+00   
0.00000000E+00   
0.00000000E+00   
0.00000000E+00   
0.00000000E+00   
0.00000000E+00   
0.00000000E+00   
0.00000000E+00   
0.00000000E+00   
0.00000000E+00   
0.00000000E+00   
0.00000000E+00   
0.00000000E+00   
0.00000000E+00   
0.00000000E+00   
0.00000000E+00   
0.00000000E+00   
0.00000000E+00   
0.00000000E+00   
0.00000000E+00   
0.00000000E+00   
0.00000000E+00   
0.00000000E+00   
0.00000000E+00   
0.00000000E+00   
0.00000000E+00   
0.00000000E+00   
0.00000000E+00   
0.00000000E+00   
0.00000000E+00   
0.00000000E+00   
0.00000000E+00   
0.00000000E+00   
0.00000000E+00   
0.00000000E+00   
0.00000000E+00   
0.00000000E+00   
0.00000000E+00   
0.00000000E+00   
0.00000000E+00   
0.00000000E+00   
0.00000000E+00   
0.00000000E+00   
0.00000000E+00   
0.00000000E+00   
0.00000000E+00   
0.00000000E+00   
0.00000000E+00   
0.00000000E+00   
0.00000000E+00   
0.00000000E+00   
0.00000000E+00   
0.00000000E+00   
0.00000000E+00   
0.00000000E+00   
0.00000000E+00   
0.00000000E+00   
0.00000000E+00   
0.00000000E+00   
0.00000000E+00   
0.00000000E+00   
0.00000000E+00   
0.00000000E+00   
0.00000000E+00   
0.00000000E+00   
0.00000000E+00   
0.00000000E+00   
0.00000000E+00   
0.00000000E+00   
0.00000000E+00   
0.00000000E+00   
0.00000000E+00   
0.00000000E+00   
0.00000000E+00   
0.00000000E+00   
!IDEND=

