!FILE=Disk 
!KIND=Spectrum 
!LABORATORY=Oslo Cyclotron Laboratory (OCL) 
!EXPERIMENT= oslo_method_python 
!COMMENT=Made by OMpy 
!TIME=DATE:08-Sep-20 09:57:54   
!CALIBRATION EkeV=6, 0.000000E+00, 2.000400E+00, 0.000000E+00 
!PRECISION=16 
!DIMENSION=1,0:4999 
!CHANNEL=(0:4999) 
2.49535407E+02   
4.29096019E+02   
4.51608622E+02   
5.31146429E+02   
5.90677035E+02   
6.11609822E+02   
6.12179636E+02   
6.43065213E+02   
6.87333267E+02   
7.20734647E+02   
7.61131226E+02   
7.32649430E+02   
7.66518604E+02   
7.79080316E+02   
8.41669434E+02   
8.77581816E+02   
9.05190338E+02   
9.42962392E+02   
1.00479376E+03   
1.07769624E+03   
1.07290678E+03   
1.13694299E+03   
1.22207071E+03   
1.26213793E+03   
1.40787658E+03   
1.54821184E+03   
1.68192338E+03   
1.72963323E+03   
1.96369004E+03   
2.03962132E+03   
2.22817323E+03   
2.35106191E+03   
2.38855451E+03   
2.46119444E+03   
2.66269574E+03   
2.70095809E+03   
2.79526885E+03   
2.85214323E+03   
3.00474345E+03   
3.11489098E+03   
3.13360982E+03   
3.30520674E+03   
3.39213033E+03   
3.37430196E+03   
3.41344999E+03   
3.45478966E+03   
3.56107421E+03   
3.58604041E+03   
3.72335007E+03   
3.64073505E+03   
3.66692218E+03   
3.64921864E+03   
3.71154011E+03   
3.77965513E+03   
3.74957742E+03   
3.76572895E+03   
3.73447820E+03   
3.79733067E+03   
3.73555341E+03   
3.75695859E+03   
3.74547560E+03   
3.72410442E+03   
3.70894409E+03   
3.76235677E+03   
3.74583847E+03   
3.76588368E+03   
3.74833667E+03   
3.69243769E+03   
3.67263683E+03   
3.70098250E+03   
3.62691688E+03   
3.68595499E+03   
3.67921624E+03   
3.55364703E+03   
3.64949400E+03   
3.54748770E+03   
3.53201220E+03   
3.45891688E+03   
3.59705591E+03   
3.52383817E+03   
3.58645489E+03   
3.57651370E+03   
3.48297590E+03   
3.50703931E+03   
3.44482807E+03   
3.54352891E+03   
3.57082366E+03   
3.58463633E+03   
3.58603701E+03   
3.66096929E+03   
3.68604301E+03   
3.62582186E+03   
3.59546039E+03   
3.56361882E+03   
3.50326495E+03   
3.40811522E+03   
3.35781606E+03   
3.36935347E+03   
3.34100600E+03   
3.28715913E+03   
3.20627035E+03   
3.32609202E+03   
3.19434117E+03   
3.22064983E+03   
3.16901390E+03   
3.14171864E+03   
3.09069374E+03   
2.98303411E+03   
3.01403661E+03   
2.92778116E+03   
2.86246339E+03   
2.86193219E+03   
2.77356221E+03   
2.75664373E+03   
2.71401180E+03   
2.68313823E+03   
2.78018904E+03   
2.71614923E+03   
2.65394009E+03   
2.61952130E+03   
2.58361222E+03   
2.63060392E+03   
2.65183787E+03   
2.69221704E+03   
2.58529136E+03   
2.55547339E+03   
2.64926515E+03   
2.66458362E+03   
2.62411562E+03   
2.65824405E+03   
2.55423705E+03   
2.55530206E+03   
2.54192488E+03   
2.54464793E+03   
2.47166523E+03   
2.44641628E+03   
2.40469394E+03   
2.45751110E+03   
2.40049150E+03   
2.37114343E+03   
2.33848060E+03   
2.39875715E+03   
2.37613783E+03   
2.36695199E+03   
2.27079626E+03   
2.30514623E+03   
2.24271544E+03   
2.20082286E+03   
2.29336707E+03   
2.22501800E+03   
2.19200290E+03   
2.15755491E+03   
2.14145829E+03   
2.13549870E+03   
2.18549210E+03   
2.12623355E+03   
2.10211232E+03   
2.06389698E+03   
2.03110812E+03   
2.09291168E+03   
2.01313953E+03   
1.99637227E+03   
2.01892448E+03   
1.98418314E+03   
1.96802470E+03   
1.92031106E+03   
1.90335437E+03   
1.88906391E+03   
1.84823955E+03   
1.81222985E+03   
1.79596649E+03   
1.73309332E+03   
1.74108452E+03   
1.75552040E+03   
1.72296199E+03   
1.68001620E+03   
1.63543479E+03   
1.59636007E+03   
1.53817213E+03   
1.60461122E+03   
1.56298260E+03   
1.50562883E+03   
1.54544739E+03   
1.52416363E+03   
1.50470244E+03   
1.51846399E+03   
1.45139718E+03   
1.47117413E+03   
1.47358732E+03   
1.45177285E+03   
1.47653031E+03   
1.42059492E+03   
1.47017273E+03   
1.42681716E+03   
1.44143489E+03   
1.40970184E+03   
1.37217904E+03   
1.38058882E+03   
1.31442689E+03   
1.32573125E+03   
1.32618884E+03   
1.35498340E+03   
1.31110482E+03   
1.27280056E+03   
1.29364063E+03   
1.26538378E+03   
1.27132617E+03   
1.27059992E+03   
1.26784127E+03   
1.24484227E+03   
1.26394119E+03   
1.29211102E+03   
1.28647339E+03   
1.24191428E+03   
1.22777345E+03   
1.23874155E+03   
1.26396499E+03   
1.22180756E+03   
1.24726235E+03   
1.22389038E+03   
1.22153401E+03   
1.22854771E+03   
1.13978986E+03   
1.14220714E+03   
1.13294479E+03   
1.20631896E+03   
1.18261932E+03   
1.10086157E+03   
1.09017473E+03   
1.12730146E+03   
1.12151680E+03   
1.09091448E+03   
1.12934337E+03   
1.07805501E+03   
1.13165693E+03   
1.11937257E+03   
1.02273015E+03   
1.02628526E+03   
1.07526465E+03   
1.13027155E+03   
1.08107471E+03   
1.00101040E+03   
1.03972535E+03   
1.05361582E+03   
9.99724045E+02   
9.94139028E+02   
9.89578216E+02   
1.03782577E+03   
9.68025005E+02   
9.91587518E+02   
9.96598220E+02   
1.00021874E+03   
9.79546609E+02   
7.60921414E+02   
7.20744149E+02   
7.20744149E+02   
7.20744149E+02   
7.20744149E+02   
6.34877385E+02   
4.42256651E+02   
4.26500900E+02   
4.19085617E+02   
4.48690638E+02   
4.29507702E+02   
4.54540008E+02   
4.31117023E+02   
4.18146229E+02   
4.33403381E+02   
4.38194339E+02   
4.24654331E+02   
4.08311362E+02   
4.33334267E+02   
4.00125225E+02   
4.04908682E+02   
4.08399480E+02   
4.36984197E+02   
4.24852370E+02   
4.03479396E+02   
4.17304061E+02   
4.33022905E+02   
4.12733347E+02   
3.93750950E+02   
3.99403181E+02   
4.29113123E+02   
4.05082416E+02   
4.13381976E+02   
4.02251250E+02   
4.04928586E+02   
4.05459892E+02   
4.01153031E+02   
3.77238648E+02   
3.86463793E+02   
3.73462993E+02   
3.84322064E+02   
3.96811462E+02   
3.68450190E+02   
4.00311262E+02   
3.85550910E+02   
3.77792959E+02   
4.04203041E+02   
3.64550110E+02   
3.78827666E+02   
3.94186737E+02   
3.39119524E+02   
3.53662032E+02   
3.60158132E+02   
3.50942288E+02   
3.47500000E+02   
3.22923285E+02   
3.55308262E+02   
3.55577115E+02   
3.38579916E+02   
3.27814763E+02   
3.61575115E+02   
3.38442388E+02   
3.22051610E+02   
3.32425185E+02   
3.39061212E+02   
3.28648530E+02   
3.36451290E+02   
3.37853171E+02   
3.51121624E+02   
3.19150730E+02   
3.32547910E+02   
3.26362272E+02   
3.36630726E+02   
3.22307161E+02   
3.25062813E+02   
3.29691338E+02   
3.23484197E+02   
2.96864073E+02   
3.14415883E+02   
2.84996199E+02   
3.17758052E+02   
3.25103521E+02   
3.11115423E+02   
2.95521104E+02   
3.47743849E+02   
3.22351570E+02   
3.03257752E+02   
3.18419284E+02   
3.55436187E+02   
3.16976195E+02   
3.12507802E+02   
3.30268454E+02   
3.20475695E+02   
3.04386277E+02   
3.05678536E+02   
3.02752250E+02   
2.99940988E+02   
2.87654131E+02   
2.53646129E+02   
2.56663833E+02   
2.43640128E+02   
2.55468694E+02   
2.66769954E+02   
2.47555211E+02   
2.58625325E+02   
2.65980296E+02   
2.60135727E+02   
2.65548410E+02   
2.69319664E+02   
2.81790758E+02   
2.47210342E+02   
2.50920984E+02   
2.62850370E+02   
2.86359372E+02   
2.62347369E+02   
2.56521104E+02   
2.45446389E+02   
2.37931786E+02   
2.56179736E+02   
2.30909882E+02   
2.45550510E+02   
2.47737748E+02   
2.15747550E+02   
2.63745949E+02   
2.43952591E+02   
2.52608822E+02   
2.25496699E+02   
2.18257451E+02   
2.42832266E+02   
2.41029106E+02   
2.13909682E+02   
2.43284657E+02   
2.03232947E+02   
2.03040408E+02   
2.08145129E+02   
2.11388878E+02   
2.22015503E+02   
2.18861972E+02   
2.30862973E+02   
2.19480496E+02   
2.14611022E+02   
2.09535607E+02   
2.04753251E+02   
2.15580516E+02   
2.06845269E+02   
2.02360872E+02   
2.26600120E+02   
2.05883177E+02   
1.96093119E+02   
2.05611722E+02   
1.99088718E+02   
2.08318164E+02   
2.13420084E+02   
1.94111022E+02   
1.99607021E+02   
2.10714343E+02   
2.23334067E+02   
1.98746749E+02   
1.84381876E+02   
2.15694039E+02   
1.83718144E+02   
1.86372575E+02   
1.90712042E+02   
2.08364073E+02   
1.91374175E+02   
1.88357672E+02   
1.87700240E+02   
1.93724545E+02   
1.91358772E+02   
1.91684137E+02   
1.77066413E+02   
1.95406181E+02   
1.84286557E+02   
1.98833967E+02   
1.89348770E+02   
1.83314563E+02   
1.94771854E+02   
2.04009802E+02   
1.90731346E+02   
1.86292959E+02   
1.86976295E+02   
1.63621424E+02   
1.63165433E+02   
1.85940788E+02   
1.64081816E+02   
1.72437487E+02   
1.70740548E+02   
1.76247750E+02   
1.77153231E+02   
1.65851770E+02   
1.65644029E+02   
1.54874575E+02   
1.73253251E+02   
1.61103421E+02   
1.60885577E+02   
1.71464693E+02   
1.61953391E+02   
1.59750950E+02   
1.52628426E+02   
1.67245149E+02   
1.75717043E+02   
1.57944989E+02   
1.64127025E+02   
1.81065913E+02   
1.70711442E+02   
1.59014103E+02   
1.73830366E+02   
1.48241948E+02   
1.54298360E+02   
1.50814363E+02   
1.61198940E+02   
1.73378676E+02   
1.69374775E+02   
1.64974095E+02   
1.78025405E+02   
1.68727646E+02   
1.58281856E+02   
1.55966893E+02   
1.54653131E+02   
1.45517303E+02   
1.68020104E+02   
1.46241248E+02   
1.48198340E+02   
1.68839968E+02   
1.60360672E+02   
1.45029606E+02   
1.55639828E+02   
1.36727145E+02   
1.51877676E+02   
1.39478196E+02   
1.59746449E+02   
1.52239148E+02   
1.39027606E+02   
1.49890078E+02   
1.43214743E+02   
1.28805361E+02   
1.37329366E+02   
1.39417283E+02   
1.31902080E+02   
1.45452090E+02   
1.41697039E+02   
1.42446889E+02   
1.53594719E+02   
1.36649930E+02   
1.45135527E+02   
1.21228246E+02   
1.42420884E+02   
1.32428886E+02   
1.35522805E+02   
1.54147930E+02   
1.49123125E+02   
1.33608322E+02   
1.45834567E+02   
1.39053611E+02   
1.42734247E+02   
1.38293759E+02   
1.30469594E+02   
1.43218744E+02   
1.23165433E+02   
1.32089518E+02   
1.36487297E+02   
1.31026805E+02   
1.30970494E+02   
1.27256551E+02   
1.27661832E+02   
1.32633227E+02   
1.27443289E+02   
1.04988298E+02   
1.30525305E+02   
1.29317363E+02   
1.50120424E+02   
1.30610322E+02   
1.16955091E+02   
1.24656531E+02   
1.25943489E+02   
1.50581616E+02   
1.29026405E+02   
1.29040708E+02   
1.28448890E+02   
1.09893979E+02   
1.20862372E+02   
1.26886077E+02   
1.34597620E+02   
1.28881976E+02   
1.42459792E+02   
1.38735347E+02   
1.33309762E+02   
1.11011502E+02   
1.17188838E+02   
1.33328666E+02   
1.30463693E+02   
1.32876075E+02   
1.41000700E+02   
1.25588318E+02   
1.28934287E+02   
1.29834767E+02   
1.25826765E+02   
1.20104621E+02   
1.42071314E+02   
1.18329766E+02   
1.31400780E+02   
1.32755851E+02   
1.25187538E+02   
1.27138228E+02   
1.27858072E+02   
1.17026005E+02   
1.23302160E+02   
1.39198340E+02   
1.42447189E+02   
1.30806061E+02   
1.24023605E+02   
1.20556211E+02   
1.20122224E+02   
1.22212442E+02   
1.10476495E+02   
1.23658532E+02   
1.15748650E+02   
1.00195239E+02   
1.14404981E+02   
1.28399080E+02   
1.14814963E+02   
1.16590218E+02   
1.26373975E+02   
1.22831266E+02   
1.06828866E+02   
1.10798160E+02   
1.16170834E+02   
1.14951390E+02   
1.07697540E+02   
9.94860972E+01   
1.14555611E+02   
1.15816763E+02   
1.02158532E+02   
9.90216043E+01   
1.31901980E+02   
1.13347570E+02   
1.22117123E+02   
1.06664733E+02   
1.02130026E+02   
1.09968194E+02   
9.44347870E+01   
1.05870574E+02   
1.13974195E+02   
1.04329566E+02   
1.15237948E+02   
1.11634827E+02   
9.84497900E+01   
1.27825365E+02   
1.19621924E+02   
1.02060212E+02   
1.28471494E+02   
1.12541508E+02   
1.16704641E+02   
1.07432386E+02   
1.16991798E+02   
1.01073615E+02   
1.17894979E+02   
9.63507702E+01   
1.13042208E+02   
1.04254351E+02   
9.82567514E+01   
1.08513303E+02   
9.22911582E+01   
1.08473495E+02   
1.06796659E+02   
1.07760452E+02   
1.25277355E+02   
1.08276555E+02   
1.08537908E+02   
1.25514703E+02   
8.95349070E+01   
9.97614523E+01   
1.08272555E+02   
1.07776855E+02   
1.20519304E+02   
1.03029006E+02   
1.00250750E+02   
1.22551110E+02   
1.03004001E+02   
1.08491498E+02   
1.06538708E+02   
1.08297359E+02   
1.09794459E+02   
1.00686837E+02   
9.17928586E+01   
1.05307762E+02   
8.64404881E+01   
9.95293059E+01   
9.79909982E+01   
1.05586517E+02   
9.55051010E+01   
1.02019204E+02   
9.56124225E+01   
8.68740748E+01   
1.00330166E+02   
9.67412482E+01   
1.02817664E+02   
1.23342168E+02   
1.04459292E+02   
1.03454491E+02   
1.01871474E+02   
1.03689038E+02   
9.98304661E+01   
9.76826365E+01   
7.69139828E+01   
8.50152030E+01   
9.58344669E+01   
9.67737548E+01   
1.01907181E+02   
1.06846469E+02   
8.41832366E+01   
1.04268054E+02   
8.64882977E+01   
1.07120124E+02   
1.07289258E+02   
1.11115723E+02   
1.00251350E+02   
9.56410282E+01   
8.96279256E+01   
1.11168534E+02   
9.61766353E+01   
9.84085817E+01   
1.09319864E+02   
1.10890178E+02   
1.01086117E+02   
9.90789158E+01   
9.42465493E+01   
9.83347670E+01   
9.64277856E+01   
1.06064513E+02   
9.12838568E+01   
8.71098220E+01   
1.00532807E+02   
9.19498900E+01   
7.73403681E+01   
7.49145829E+01   
7.83423685E+01   
9.75548110E+01   
8.79137828E+01   
9.00188038E+01   
1.02573715E+02   
1.06020304E+02   
9.77971594E+01   
9.00121024E+01   
9.09116823E+01   
1.02474595E+02   
9.70212042E+01   
1.05339668E+02   
1.00922084E+02   
9.45534107E+01   
8.77663533E+01   
8.39240848E+01   
1.02750650E+02   
1.02544209E+02   
1.06321664E+02   
1.02985997E+02   
9.98070614E+01   
9.84754951E+01   
8.05246049E+01   
8.78649730E+01   
8.92329466E+01   
9.58765753E+01   
1.03014403E+02   
9.43763753E+01   
9.33140628E+01   
8.39963993E+01   
1.02257351E+02   
9.55026005E+01   
8.50743149E+01   
1.01640528E+02   
9.53903781E+01   
8.15956191E+01   
9.01774355E+01   
8.79020804E+01   
8.48802761E+01   
9.46460292E+01   
1.01394779E+02   
8.50204041E+01   
8.73983797E+01   
8.36771354E+01   
1.05366073E+02   
9.14952991E+01   
9.09593919E+01   
8.68688738E+01   
8.50172034E+01   
7.94262853E+01   
9.81584317E+01   
9.26706341E+01   
1.04780056E+02   
1.10818264E+02   
9.42368474E+01   
9.46149230E+01   
9.78182637E+01   
9.52217443E+01   
9.12303461E+01   
8.24112823E+01   
1.12017403E+02   
9.44183837E+01   
8.20127025E+01   
8.06108222E+01   
7.74171834E+01   
8.56270254E+01   
1.08050710E+02   
9.01935387E+01   
8.30031006E+01   
9.62302460E+01   
8.33909782E+01   
7.94279856E+01   
6.41884377E+01   
8.70646129E+01   
8.10180036E+01   
9.82414483E+01   
8.31507301E+01   
8.36951390E+01   
6.61070214E+01   
8.22807562E+01   
8.47115423E+01   
9.17476495E+01   
9.44443889E+01   
7.14564913E+01   
8.79637928E+01   
9.22089418E+01   
1.01551810E+02   
9.19996999E+01   
8.89368874E+01   
1.06453991E+02   
8.85259052E+01   
7.89562913E+01   
7.99522905E+01   
8.60879176E+01   
9.59546909E+01   
8.59506901E+01   
8.43894779E+01   
8.78318664E+01   
8.07230446E+01   
7.67884577E+01   
9.99095819E+01   
7.84053811E+01   
7.41782356E+01   
8.31132226E+01   
8.67354471E+01   
8.80160032E+01   
9.31986397E+01   
9.43826765E+01   
6.63616723E+01   
8.68572715E+01   
9.08386677E+01   
7.85355071E+01   
7.56549310E+01   
9.35829166E+01   
8.72673535E+01   
9.05897179E+01   
8.77289458E+01   
7.36617323E+01   
8.50788158E+01   
7.53097620E+01   
8.80778156E+01   
8.11296259E+01   
8.10680136E+01   
7.54887978E+01   
7.93166633E+01   
9.44491898E+01   
9.27149430E+01   
8.07117423E+01   
8.90168034E+01   
7.63618724E+01   
7.33602721E+01   
7.43586717E+01   
8.05004001E+01   
7.18702741E+01   
7.27189438E+01   
7.92666533E+01   
8.12065413E+01   
7.92009402E+01   
8.33234647E+01   
8.26797359E+01   
8.96813363E+01   
8.21925385E+01   
7.18482697E+01   
8.95152030E+01   
8.30180036E+01   
8.91857371E+01   
7.75108022E+01   
9.21809362E+01   
7.98502701E+01   
9.56865373E+01   
7.95240048E+01   
7.03274655E+01   
6.80144029E+01   
7.11997399E+01   
7.01541308E+01   
7.83922785E+01   
7.97237447E+01   
8.24727946E+01   
9.16953391E+01   
7.88206641E+01   
8.57349470E+01   
7.96165233E+01   
8.07678536E+01   
7.94678936E+01   
7.80172034E+01   
8.18078616E+01   
7.40152030E+01   
8.25432086E+01   
7.97025405E+01   
8.80172034E+01   
8.82365473E+01   
8.67322464E+01   
8.43934787E+01   
8.05657131E+01   
9.80035007E+01   
8.71680336E+01   
8.61746349E+01   
9.10168034E+01   
6.86285257E+01   
8.94898980E+01   
8.89319864E+01   
8.76237247E+01   
8.72585517E+01   
7.44134827E+01   
7.99756951E+01   
8.71128226E+01   
8.04651930E+01   
7.63134627E+01   
7.82693539E+01   
8.45704141E+01   
9.33877776E+01   
8.70898180E+01   
7.78999800E+01   
7.21605321E+01   
7.07458492E+01   
9.30886177E+01   
7.86222244E+01   
8.58521704E+01   
8.04527906E+01   
6.44737948E+01   
8.48391678E+01   
8.70249050E+01   
7.14426885E+01   
9.08746749E+01   
6.93007602E+01   
8.93088618E+01   
8.75782156E+01   
8.10362072E+01   
7.09933987E+01   
8.08579716E+01   
7.77321464E+01   
8.61967393E+01   
8.65757151E+01   
6.51282256E+01   
8.35201040E+01   
8.75402080E+01   
7.29804961E+01   
8.91297259E+01   
7.75282056E+01   
8.05637127E+01   
9.31102220E+01   
7.84646929E+01   
7.48790758E+01   
8.52052410E+01   
8.70755151E+01   
8.13612723E+01   
8.96787357E+01   
7.78865773E+01   
7.82802561E+01   
7.44834967E+01   
7.80152030E+01   
7.36200240E+01   
7.51983397E+01   
6.95365073E+01   
7.68364673E+01   
7.03570714E+01   
6.94508902E+01   
7.48830766E+01   
7.68524705E+01   
6.79160832E+01   
7.92448490E+01   
9.27387477E+01   
7.84205841E+01   
9.12540508E+01   
8.80058012E+01   
7.76608322E+01   
7.67645529E+01   
7.48914783E+01   
7.16418284E+01   
7.67661532E+01   
8.47677536E+01   
8.83981796E+01   
7.82386477E+01   
7.21511302E+01   
6.91369274E+01   
7.52812563E+01   
9.83122625E+01   
6.49043809E+01   
8.62279456E+01   
7.47057411E+01   
6.34121824E+01   
7.97753551E+01   
8.23735747E+01   
7.80630126E+01   
7.36102220E+01   
7.45431086E+01   
7.90172034E+01   
5.85424085E+01   
7.09596919E+01   
6.31808362E+01   
7.39664933E+01   
5.62139428E+01   
6.95463093E+01   
6.94002801E+01   
8.85567113E+01   
8.93587718E+01   
8.56740348E+01   
7.34696939E+01   
5.92406481E+01   
7.85639128E+01   
8.07913583E+01   
6.26867373E+01   
7.71253251E+01   
6.40136027E+01   
8.15662132E+01   
7.53508702E+01   
6.56723345E+01   
7.10116023E+01   
9.11599320E+01   
7.11036207E+01   
6.67981596E+01   
7.41229246E+01   
8.03708742E+01   
9.67341468E+01   
6.89393879E+01   
5.96515303E+01   
8.34837968E+01   
6.16463293E+01   
6.23824765E+01   
7.15370074E+01   
7.42835567E+01   
7.06375275E+01   
6.86696339E+01   
8.00180036E+01   
8.28381676E+01   
7.01169234E+01   
7.52178436E+01   
8.03043609E+01   
8.06127225E+01   
8.42242448E+01   
6.42122424E+01   
6.38141628E+01   
8.04172835E+01   
6.45102020E+01   
8.11121224E+01   
7.88357672E+01   
7.53111622E+01   
6.75034007E+01   
7.71117223E+01   
5.92074415E+01   
7.72446489E+01   
6.57825565E+01   
6.90604121E+01   
8.35430086E+01   
7.75867173E+01   
7.59583917E+01   
6.64508902E+01   
7.00156031E+01   
7.41085217E+01   
8.42750550E+01   
7.18474695E+01   
7.06568314E+01   
7.30120024E+01   
7.71028206E+01   
7.48306661E+01   
5.81025205E+01   
5.83708742E+01   
6.37599520E+01   
6.60160032E+01   
6.09896979E+01   
6.67779556E+01   
6.98066613E+01   
7.12755551E+01   
7.13170634E+01   
7.92751550E+01   
7.43588718E+01   
7.72413483E+01   
7.43576715E+01   
7.18449690E+01   
6.34523905E+01   
8.07470494E+01   
6.53496699E+01   
6.93466693E+01   
7.24309862E+01   
8.25193039E+01   
6.31664333E+01   
8.32951590E+01   
8.62635527E+01   
6.89893979E+01   
8.06110222E+01   
6.94161832E+01   
8.16947389E+01   
7.42531506E+01   
7.13826765E+01   
6.48023605E+01   
6.39350870E+01   
6.59358872E+01   
6.24778956E+01   
6.65501100E+01   
6.87844569E+01   
8.27868574E+01   
7.49406881E+01   
8.10921184E+01   
6.84658932E+01   
7.72688538E+01   
8.09438888E+01   
6.68292659E+01   
6.21606321E+01   
6.80132026E+01   
6.57956591E+01   
7.06538308E+01   
7.35184037E+01   
5.80120024E+01   
8.22279456E+01   
7.28713743E+01   
5.89947990E+01   
7.21950390E+01   
6.21270254E+01   
7.96333267E+01   
6.99787958E+01   
8.22183437E+01   
6.20128026E+01   
6.23493699E+01   
7.50071014E+01   
7.65489098E+01   
7.76830366E+01   
8.54898980E+01   
9.62800560E+01   
8.30172034E+01   
8.78236647E+01   
6.95954191E+01   
7.51422284E+01   
8.88873775E+01   
7.20777155E+01   
7.19518904E+01   
6.81390278E+01   
7.09522905E+01   
8.12173435E+01   
6.79941988E+01   
7.20132026E+01   
8.29311862E+01   
8.17966593E+01   
5.75490098E+01   
7.61868374E+01   
7.31342268E+01   
7.60745149E+01   
7.49582917E+01   
7.99590918E+01   
6.84720944E+01   
8.21659332E+01   
6.36368274E+01   
6.91266253E+01   
5.84015803E+01   
8.23526705E+01   
7.03434687E+01   
7.13386677E+01   
6.66356271E+01   
6.15475095E+01   
5.32220444E+01   
6.53261652E+01   
7.11182236E+01   
6.70649130E+01   
6.50128026E+01   
7.34018804E+01   
7.64721944E+01   
7.18636727E+01   
7.47169434E+01   
5.71024205E+01   
6.36664333E+01   
6.38660732E+01   
7.67241448E+01   
7.42060412E+01   
7.18243649E+01   
5.81559312E+01   
5.33860772E+01   
7.35497099E+01   
6.62433487E+01   
6.89221844E+01   
9.95645129E+01   
7.91511302E+01   
7.90605121E+01   
6.93656731E+01   
8.36663333E+01   
7.90160032E+01   
7.20160032E+01   
7.61844369E+01   
7.48058612E+01   
7.67272454E+01   
6.20010002E+01   
6.66450290E+01   
6.78126625E+01   
7.60152030E+01   
8.19758952E+01   
8.95876175E+01   
7.34820964E+01   
7.70152030E+01   
7.69397880E+01   
7.57921584E+01   
6.34981996E+01   
6.99036807E+01   
5.92310462E+01   
6.88334667E+01   
6.97315463E+01   
7.43313663E+01   
8.25995199E+01   
6.55300060E+01   
5.41809362E+01   
8.14108822E+01   
8.12808562E+01   
6.72419484E+01   
7.46584317E+01   
6.63013603E+01   
7.16367273E+01   
6.24807962E+01   
7.76451290E+01   
6.81063213E+01   
6.50445089E+01   
7.57213443E+01   
5.45676135E+01   
5.19822965E+01   
7.27582517E+01   
6.99316863E+01   
8.79067814E+01   
6.93135627E+01   
6.80397079E+01   
6.39344869E+01   
7.98854771E+01   
7.51931386E+01   
6.69882977E+01   
6.88420684E+01   
7.59922985E+01   
6.22064413E+01   
7.98504701E+01   
4.74515903E+01   
5.39187838E+01   
6.67451490E+01   
8.59066813E+01   
7.40811162E+01   
7.40160032E+01   
6.32005401E+01   
6.59520904E+01   
7.10924185E+01   
7.37610522E+01   
6.22251450E+01   
8.17907582E+01   
8.39813963E+01   
7.22308462E+01   
8.58578716E+01   
6.12538508E+01   
6.20281056E+01   
6.49306861E+01   
6.20289058E+01   
5.60434087E+01   
6.79374875E+01   
8.29269854E+01   
7.70446089E+01   
7.49744949E+01   
7.61365273E+01   
7.58970794E+01   
7.60793159E+01   
6.70874175E+01   
6.09655931E+01   
5.90592118E+01   
6.50342068E+01   
6.50116023E+01   
6.39004801E+01   
6.71033207E+01   
7.00124025E+01   
5.70569114E+01   
6.99593919E+01   
6.40128026E+01   
8.29896979E+01   
7.00067013E+01   
7.20213043E+01   
5.30660132E+01   
5.20596119E+01   
8.29106821E+01   
7.00250050E+01   
7.09890978E+01   
8.19660932E+01   
7.60610122E+01   
7.20567113E+01   
6.80017003E+01   
6.70186037E+01   
5.30345069E+01   
6.79726945E+01   
6.80118024E+01   
6.00342068E+01   
6.90032006E+01   
7.80116023E+01   
7.00157031E+01   
6.80150030E+01   
6.70121024E+01   
6.20147029E+01   
5.70095019E+01   
6.70128026E+01   
7.20128026E+01   
6.10398080E+01   
6.59795959E+01   
4.80260052E+01   
7.10292058E+01   
6.89850970E+01   
7.20453091E+01   
7.19999000E+01   
6.59919984E+01   
6.70773155E+01   
6.59474895E+01   
6.00727145E+01   
6.89094819E+01   
5.51300260E+01   
7.39373875E+01   
6.59708942E+01   
6.41583317E+01   
7.70172034E+01   
7.59316863E+01   
7.50136027E+01   
6.90033007E+01   
7.20667133E+01   
7.39929986E+01   
8.49338868E+01   
6.01306261E+01   
7.38556711E+01   
6.51628326E+01   
8.29889978E+01   
7.49738948E+01   
7.19853971E+01   
7.11554311E+01   
8.20164033E+01   
7.29559912E+01   
6.90613123E+01   
7.29046809E+01   
7.50295059E+01   
6.28799760E+01   
5.21130226E+01   
6.90478096E+01   
6.09777956E+01   
6.61958392E+01   
7.39419884E+01   
7.79196839E+01   
6.58181636E+01   
6.71883377E+01   
6.92970594E+01   
7.47492498E+01   
6.50554111E+01   
6.20140028E+01   
5.78168634E+01   
5.00996199E+01   
6.80120024E+01   
6.19657932E+01   
6.32932587E+01   
7.78725745E+01   
6.88434687E+01   
6.54307862E+01   
7.87916583E+01   
6.79884977E+01   
8.31690338E+01   
8.59896979E+01   
7.09354871E+01   
6.39059812E+01   
6.76552310E+01   
4.72308462E+01   
5.70957191E+01   
5.60981196E+01   
7.00132026E+01   
6.61017203E+01   
6.91340268E+01   
8.00766153E+01   
7.96176235E+01   
5.61982396E+01   
7.12345469E+01   
8.27934587E+01   
6.68201640E+01   
5.84367874E+01   
8.38512703E+01   
7.23163633E+01   
8.04758952E+01   
5.88404681E+01   
6.50447089E+01   
6.54316863E+01   
8.01217243E+01   
7.97650530E+01   
7.20862172E+01   
7.07941588E+01   
6.82717544E+01   
7.10898180E+01   
6.84848970E+01   
4.82398480E+01   
6.85930186E+01   
8.71971394E+01   
4.64445889E+01   
6.47350470E+01   
6.93340668E+01   
7.29740948E+01   
7.38910782E+01   
6.56396279E+01   
5.15544109E+01   
7.51840368E+01   
8.28882777E+01   
7.58858772E+01   
7.00575115E+01   
5.94874975E+01   
5.78957792E+01   
7.65258052E+01   
6.95996199E+01   
8.57441488E+01   
5.32467493E+01   
7.23233647E+01   
6.99652931E+01   
6.13413683E+01   
6.39668934E+01   
7.14930986E+01   
6.93416683E+01   
7.04994999E+01   
8.16235247E+01   
7.10627125E+01   
7.52132426E+01   
7.78139628E+01   
7.42164433E+01   
7.77596519E+01   
6.74980996E+01   
5.82687538E+01   
5.51681336E+01   
7.44340868E+01   
8.02811562E+01   
8.83754751E+01   
6.92823565E+01   
6.69061812E+01   
6.35216043E+01   
6.31757351E+01   
6.97332466E+01   
8.45136027E+01   
6.42384477E+01   
7.83550710E+01   
8.35032006E+01   
6.31286257E+01   
7.42460492E+01   
7.86078216E+01   
6.36022204E+01   
6.59561912E+01   
7.86597319E+01   
6.69544909E+01   
7.13505701E+01   
4.87381476E+01   
7.21588318E+01   
5.54393879E+01   
5.52592519E+01   
6.65770154E+01   
7.02612523E+01   
6.67062412E+01   
7.38893779E+01   
6.79516903E+01   
7.75297059E+01   
7.64359872E+01   
7.04938988E+01   
6.96185237E+01   
5.75365073E+01   
6.50124025E+01   
6.38122625E+01   
5.96823365E+01   
7.14750950E+01   
6.02157431E+01   
7.22864573E+01   
6.46332266E+01   
8.13963793E+01   
7.00148030E+01   
6.60847169E+01   
7.82261452E+01   
7.57335467E+01   
8.48725745E+01   
6.09424885E+01   
7.51574315E+01   
7.31590318E+01   
6.35789158E+01   
7.09632927E+01   
7.46212242E+01   
5.44147830E+01   
7.74573915E+01   
7.04578916E+01   
6.24391878E+01   
7.52644529E+01   
6.52564513E+01   
6.31642328E+01   
7.47028406E+01   
7.11702340E+01   
8.04741948E+01   
6.28581716E+01   
7.71698340E+01   
6.85650130E+01   
6.32256451E+01   
6.59332867E+01   
5.22521504E+01   
6.24151830E+01   
7.50156031E+01   
8.09610922E+01   
6.62549510E+01   
6.84211842E+01   
5.31081216E+01   
6.76709342E+01   
6.20098020E+01   
7.50150030E+01   
6.96837367E+01   
8.57744549E+01   
9.34095819E+01   
6.96074215E+01   
7.17840568E+01   
8.29320864E+01   
7.65860172E+01   
6.78421684E+01   
7.11890378E+01   
7.04029806E+01   
7.25403081E+01   
7.45736147E+01   
6.45455091E+01   
7.85700140E+01   
6.27450490E+01   
5.98216643E+01   
7.47515503E+01   
5.78247650E+01   
7.64716943E+01   
7.28329666E+01   
7.14636927E+01   
6.90128026E+01   
6.97346469E+01   
7.31290258E+01   
8.09228846E+01   
7.91099220E+01   
7.44129826E+01   
6.04831966E+01   
6.73920784E+01   
6.42490498E+01   
5.66814363E+01   
6.31091218E+01   
6.34000800E+01   
7.41119224E+01   
6.60400080E+01   
6.48153631E+01   
5.66986397E+01   
6.74208842E+01   
7.71011202E+01   
7.64180836E+01   
7.16123225E+01   
7.38145629E+01   
7.16187237E+01   
8.30056011E+01   
7.22006401E+01   
6.82326465E+01   
7.48888778E+01   
7.22154431E+01   
6.64544909E+01   
6.47741548E+01   
5.61155231E+01   
5.60120024E+01   
6.49072815E+01   
5.94320864E+01   
6.91187237E+01   
7.19543909E+01   
4.98170634E+01   
7.10559112E+01   
6.93341668E+01   
7.18741748E+01   
7.05855171E+01   
7.42322464E+01   
8.17989598E+01   
8.49064813E+01   
6.46723345E+01   
7.67977596E+01   
6.59135827E+01   
8.44556911E+01   
6.29032807E+01   
6.40140028E+01   
7.53570714E+01   
7.23230646E+01   
5.42636527E+01   
6.42253451E+01   
7.59225845E+01   
8.65619124E+01   
7.97019404E+01   
8.22975595E+01   
6.10124025E+01   
6.80521104E+01   
7.44796959E+01   
8.12033407E+01   
7.35479096E+01   
6.21303261E+01   
7.18362673E+01   
8.46626325E+01   
8.66602320E+01   
6.35391078E+01   
7.42036407E+01   
7.13430686E+01   
6.58502701E+01   
7.88932787E+01   
7.07717544E+01   
5.72236447E+01   
7.58011602E+01   
7.82070414E+01   
7.97963593E+01   
8.07701540E+01   
7.36454291E+01   
7.41489298E+01   
6.66304261E+01   
6.63857772E+01   
7.06398280E+01   
7.03881776E+01   
6.55161032E+01   
7.80156031E+01   
6.76366273E+01   
7.00144029E+01   
7.27601520E+01   
7.53961792E+01   
6.43517704E+01   
6.36778356E+01   
7.77573515E+01   
6.53052611E+01   
8.29817964E+01   
7.54045809E+01   
8.71037207E+01   
6.94053811E+01   
6.88832767E+01   
6.80140028E+01   
6.56736347E+01   
5.99573915E+01   
7.09418884E+01   
8.58824765E+01   
6.70152030E+01   
6.50063013E+01   
5.53524705E+01   
7.55730146E+01   
8.26426285E+01   
7.46371274E+01   
7.49281856E+01   
6.21487297E+01   
7.06964393E+01   
6.50549110E+01   
7.44245849E+01   
6.89097820E+01   
5.89465893E+01   
7.64895979E+01   
7.04024805E+01   
7.45733147E+01   
7.83171634E+01   
7.64357872E+01   
5.61865373E+01   
5.77164433E+01   
7.50035007E+01   
7.98671734E+01   
7.04523905E+01   
6.50136027E+01   
7.87292458E+01   
6.37285457E+01   
6.60073015E+01   
6.70326065E+01   
8.67281456E+01   
7.07106421E+01   
7.00132026E+01   
6.73265653E+01   
7.54071814E+01   
6.71862372E+01   
6.63971794E+01   
7.32241448E+01   
8.49402881E+01   
8.17591518E+01   
6.57161432E+01   
6.03110622E+01   
7.01631326E+01   
6.62148430E+01   
6.48654731E+01   
8.55095019E+01   
7.27684537E+01   
7.24693939E+01   
9.28889778E+01   
6.72290458E+01   
6.86936387E+01   
7.87117423E+01   
8.27142428E+01   
7.07044409E+01   
7.17809562E+01   
7.87029406E+01   
6.73218644E+01   
5.81011202E+01   
7.42626525E+01   
7.60804161E+01   
7.96054211E+01   
6.88979796E+01   
7.20720144E+01   
6.42251450E+01   
7.25461092E+01   
7.93207642E+01   
6.84897980E+01   
5.90136027E+01   
7.91735347E+01   
7.20140028E+01   
7.96569314E+01   
6.94374875E+01   
6.04013803E+01   
6.97221444E+01   
7.32027405E+01   
6.51751350E+01   
8.11335267E+01   
7.17285457E+01   
7.56517303E+01   
7.08800760E+01   
6.18000600E+01   
7.55434087E+01   
6.46697339E+01   
8.46909382E+01   
7.23498700E+01   
6.63470694E+01   
7.06801360E+01   
7.38460692E+01   
7.45246049E+01   
7.68384677E+01   
7.33514703E+01   
8.01691338E+01   
7.56737347E+01   
7.05610122E+01   
7.69959992E+01   
8.22107421E+01   
8.41091218E+01   
6.13546709E+01   
7.79036807E+01   
6.80871174E+01   
6.77373475E+01   
6.88020604E+01   
6.90936187E+01   
7.99723945E+01   
7.23622725E+01   
6.93638728E+01   
7.51903381E+01   
6.97868574E+01   
7.35962192E+01   
6.94873975E+01   
7.25454091E+01   
8.21935387E+01   
8.63066613E+01   
7.89048810E+01   
7.90555111E+01   
7.20852170E+01   
7.50447089E+01   
7.03698740E+01   
6.62711542E+01   
6.60144029E+01   
7.28336667E+01   
7.48253651E+01   
7.36580316E+01   
6.81044209E+01   
8.00209042E+01   
8.44713943E+01   
8.52713543E+01   
7.70313063E+01   
8.17525505E+01   
7.60690138E+01   
7.42730546E+01   
6.82320464E+01   
7.90152030E+01   
7.03167634E+01   
7.92229446E+01   
6.75722144E+01   
6.94517904E+01   
6.92624525E+01   
8.67012402E+01   
7.67673535E+01   
8.62606521E+01   
6.80683137E+01   
6.15806161E+01   
7.85830166E+01   
7.68723745E+01   
6.93008602E+01   
7.52965593E+01   
7.42047409E+01   
7.63571714E+01   
7.42853571E+01   
7.07837568E+01   
6.79114823E+01   
7.38591718E+01   
8.44664933E+01   
8.44600920E+01   
4.99852971E+01   
7.15747149E+01   
8.42569514E+01   
6.21888378E+01   
7.32302460E+01   
6.10303061E+01   
7.03490698E+01   
8.82675535E+01   
7.96070214E+01   
7.32127425E+01   
6.70085017E+01   
6.52202440E+01   
7.06161232E+01   
7.38141628E+01   
8.18173635E+01   
7.60139028E+01   
6.92110422E+01   
7.62386477E+01   
8.87893579E+01   
7.08116623E+01   
7.48519704E+01   
8.57689538E+01   
6.94375875E+01   
7.06077215E+01   
8.36278256E+01   
7.20160032E+01   
7.53748750E+01   
6.74515903E+01   
8.00156031E+01   
8.10790158E+01   
7.52982597E+01   
7.24623925E+01   
7.36378276E+01   
7.48481696E+01   
6.91846369E+01   
7.29726945E+01   
7.01778356E+01   
7.40605121E+01   
7.30148030E+01   
8.39078816E+01   
7.81217243E+01   
8.54370874E+01   
8.01117223E+01   
6.62836567E+01   
7.60761152E+01   
8.28036607E+01   
8.78028606E+01   
7.86666333E+01   
6.55088018E+01   
6.70148030E+01   
7.80869174E+01   
8.31674335E+01   
7.78645729E+01   
8.32884577E+01   
7.85272054E+01   
7.97151430E+01   
7.99674935E+01   
7.29711942E+01   
6.84085817E+01   
8.43605721E+01   
7.68893779E+01   
6.92074415E+01   
7.89463893E+01   
7.97944589E+01   
8.08953791E+01   
7.52496499E+01   
7.61181236E+01   
7.76790358E+01   
7.54594919E+01   
7.20164033E+01   
7.21254251E+01   
7.66759352E+01   
7.78007602E+01   
7.48226645E+01   
8.45164033E+01   
7.18087618E+01   
6.17888578E+01   
7.33668734E+01   
8.78862773E+01   
7.41457291E+01   
8.59636927E+01   
9.11597319E+01   
7.21521304E+01   
6.77369474E+01   
6.92958592E+01   
8.17289458E+01   
6.44495899E+01   
8.78706741E+01   
7.87864573E+01   
8.32463493E+01   
8.09393879E+01   
8.57065413E+01   
7.61717343E+01   
8.36243249E+01   
8.22459492E+01   
8.57379476E+01   
8.68237648E+01   
6.89473895E+01   
7.90790158E+01   
7.03566713E+01   
7.65477095E+01   
7.40164033E+01   
7.29585917E+01   
7.84787958E+01   
7.45026005E+01   
8.62316463E+01   
8.23332667E+01   
7.55054011E+01   
6.76286257E+01   
7.48238648E+01   
6.55361072E+01   
7.10128026E+01   
7.99291858E+01   
7.37760552E+01   
7.87752551E+01   
8.49411882E+01   
7.41600320E+01   
6.50120024E+01   
7.74314863E+01   
8.20466093E+01   
6.12571514E+01   
7.44736947E+01   
8.93123625E+01   
6.65023005E+01   
7.77030406E+01   
7.53483697E+01   
6.97296459E+01   
7.60876175E+01   
5.99613923E+01   
6.64928986E+01   
7.65367073E+01   
7.00034007E+01   
8.02835567E+01   
7.35013003E+01   
8.20160032E+01   
8.12697540E+01   
7.77554511E+01   
8.55165033E+01   
8.67724545E+01   
7.72637528E+01   
7.02703541E+01   
7.55149030E+01   
9.57710542E+01   
7.75059012E+01   
8.60340068E+01   
8.37326465E+01   
7.27474495E+01   
6.28144629E+01   
8.17316463E+01   
7.88288658E+01   
8.69815963E+01   
8.02303461E+01   
7.62691538E+01   
7.35259052E+01   
7.85021004E+01   
7.15545109E+01   
7.77306461E+01   
6.92417483E+01   
8.03029606E+01   
8.21154231E+01   
8.53974795E+01   
7.43101620E+01   
8.72759552E+01   
8.26772354E+01   
8.06700340E+01   
6.13993799E+01   
8.59701940E+01   
7.83671734E+01   
8.15885177E+01   
8.12968594E+01   
6.25375075E+01   
8.00654131E+01   
7.78592719E+01   
8.52253451E+01   
8.49011802E+01   
7.05423085E+01   
7.39302861E+01   
8.74246849E+01   
8.02177435E+01   
8.09442889E+01   
9.02842569E+01   
6.57460492E+01   
8.10261052E+01   
7.76790358E+01   
8.19686937E+01   
9.21836367E+01   
6.61299260E+01   
7.55154031E+01   
6.91267253E+01   
7.46357271E+01   
8.00990198E+01   
7.92041408E+01   
7.63870774E+01   
7.22774555E+01   
8.67464493E+01   
8.16546309E+01   
7.59237848E+01   
8.03825765E+01   
8.48386677E+01   
8.24692939E+01   
8.26434287E+01   
6.67400480E+01   
7.29125825E+01   
7.26006201E+01   
8.62947590E+01   
8.62512503E+01   
7.35092018E+01   
1.00242849E+02   
7.36821364E+01   
8.27384477E+01   
7.67376475E+01   
7.58534707E+01   
7.92216443E+01   
6.35731146E+01   
7.62568514E+01   
8.88941788E+01   
8.47344469E+01   
8.16074215E+01   
7.65771154E+01   
6.75082016E+01   
9.26508302E+01   
6.97324465E+01   
7.70001000E+01   
7.98575715E+01   
8.59035807E+01   
7.48623725E+01   
7.50227045E+01   
8.18748750E+01   
7.60150030E+01   
7.48672735E+01   
8.06082216E+01   
8.90018004E+01   
7.74283857E+01   
7.23321664E+01   
7.89023805E+01   
9.64239848E+01   
9.54167834E+01   
8.74633927E+01   
7.90176035E+01   
7.21465293E+01   
8.93071614E+01   
8.55610122E+01   
8.13472695E+01   
8.84340868E+01   
9.15089018E+01   
7.78182637E+01   
8.52586517E+01   
8.60701140E+01   
9.07240448E+01   
9.07232446E+01   
8.11853371E+01   
7.77829566E+01   
6.99010802E+01   
8.54953991E+01   
8.60540108E+01   
7.78714743E+01   
9.32358472E+01   
8.36115223E+01   
8.37192438E+01   
7.55250050E+01   
6.95086017E+01   
9.51193239E+01   
7.81213243E+01   
7.97096419E+01   
8.90180036E+01   
9.71157231E+01   
8.93063613E+01   
7.40288058E+01   
8.03387678E+01   
9.63003601E+01   
8.33207642E+01   
8.33215643E+01   
7.18582717E+01   
7.80912182E+01   
9.33243649E+01   
8.51537307E+01   
9.35303061E+01   
7.93771754E+01   
8.98190638E+01   
7.28517704E+01   
7.80957191E+01   
8.08577716E+01   
8.16323265E+01   
8.44020804E+01   
7.40085017E+01   
7.14959992E+01   
8.98371674E+01   
7.14175835E+01   
7.30168034E+01   
8.14649930E+01   
8.18793759E+01   
8.90837167E+01   
8.28853771E+01   
8.82662533E+01   
1.12770554E+02   
7.86439288E+01   
8.51402280E+01   
9.05846169E+01   
8.14489898E+01   
8.39598920E+01   
8.83327666E+01   
9.68667734E+01   
6.67521504E+01   
7.61724345E+01   
8.50677135E+01   
8.38664733E+01   
8.66535307E+01   
9.66551310E+01   
8.90669134E+01   
9.15176035E+01   
7.57401480E+01   
7.65244049E+01   
8.23788758E+01   
8.17774555E+01   
7.95773155E+01   
8.70176035E+01   
8.96599320E+01   
8.00890178E+01   
8.75917183E+01   
9.97297459E+01   
7.43086617E+01   
8.46960392E+01   
9.90481096E+01   
9.11019204E+01   
7.29332867E+01   
8.60947189E+01   
6.79649930E+01   
7.73186637E+01   
9.93218644E+01   
7.80823165E+01   
8.26695339E+01   
9.06711342E+01   
8.09829966E+01   
7.57886577E+01   
7.12811562E+01   
8.16888378E+01   
9.87130426E+01   
9.36848370E+01   
7.33540708E+01   
8.39864973E+01   
7.83475695E+01   
7.66795359E+01   
8.56864373E+01   
8.83536707E+01   
7.96844369E+01   
8.70113023E+01   
8.76883377E+01   
9.86838368E+01   
8.53481696E+01   
9.13441688E+01   
8.83788758E+01   
9.73359672E+01   
1.03676135E+02   
8.70010002E+01   
7.87326465E+01   
8.46638328E+01   
9.73670734E+01   
9.89818964E+01   
9.07062412E+01   
9.43416683E+01   
8.59686937E+01   
7.10140028E+01   
7.00514103E+01   
8.33563713E+01   
7.72938588E+01   
8.31028206E+01   
1.01041908E+02   
8.39701940E+01   
8.39394879E+01   
8.04372875E+01   
8.60742148E+01   
8.46473295E+01   
8.46748350E+01   
7.18584717E+01   
8.02768554E+01   
9.89529906E+01   
1.00125725E+02   
1.00493699E+02   
8.97083417E+01   
8.20563113E+01   
8.89780956E+01   
8.25870174E+01   
7.94900980E+01   
8.67143429E+01   
8.45806161E+01   
7.32725545E+01   
8.42044409E+01   
8.58730746E+01   
9.25658132E+01   
8.55676135E+01   
8.41226245E+01   
9.47227445E+01   
1.09911782E+02   
9.26109222E+01   
7.31982396E+01   
6.42501500E+01   
7.86032206E+01   
8.76636327E+01   
9.62469494E+01   
8.38497700E+01   
8.36632326E+01   
8.61486297E+01   
8.81087217E+01   
8.62193439E+01   
7.20300060E+01   
8.82245449E+01   
7.25885177E+01   
7.76580316E+01   
8.27427485E+01   
7.72876575E+01   
8.18090618E+01   
1.03890578E+02   
8.87842569E+01   
8.07367473E+01   
9.17742549E+01   
8.02609522E+01   
9.09340868E+01   
8.19316863E+01   
9.63405681E+01   
1.15675935E+02   
8.21174235E+01   
9.16532306E+01   
7.09252851E+01   
8.11986397E+01   
9.69321864E+01   
8.89260852E+01   
9.18281656E+01   
8.09200840E+01   
7.53093619E+01   
8.28209642E+01   
7.95497099E+01   
8.54838968E+01   
9.02816563E+01   
1.00487898E+02   
9.01757351E+01   
8.52780556E+01   
8.57065413E+01   
8.38447690E+01   
8.77129426E+01   
8.89801960E+01   
9.43911782E+01   
9.27108422E+01   
7.63581716E+01   
7.61335267E+01   
9.30398080E+01   
8.33705741E+01   
9.34069814E+01   
9.69935987E+01   
1.00778956E+02   
9.12766553E+01   
9.81407281E+01   
9.12672535E+01   
9.80214043E+01   
9.56440288E+01   
9.63959792E+01   
8.26290258E+01   
8.26566313E+01   
9.28864773E+01   
9.06400280E+01   
8.23959792E+01   
9.10180036E+01   
1.03947289E+02   
1.03847870E+02   
8.47389478E+01   
7.88752751E+01   
8.69190838E+01   
7.94924985E+01   
8.11603321E+01   
8.87807562E+01   
9.38704741E+01   
9.39924985E+01   
9.68720744E+01   
9.66368274E+01   
9.36360272E+01   
8.97883577E+01   
8.85553111E+01   
7.71744349E+01   
9.21747349E+01   
9.60192038E+01   
8.80873175E+01   
8.46304261E+01   
1.03952691E+02   
1.02631226E+02   
1.05510202E+02   
9.40801160E+01   
1.06464893E+02   
9.73534707E+01   
9.57999600E+01   
9.44616923E+01   
9.96777355E+01   
8.84083817E+01   
9.96268254E+01   
1.00975495E+02   
8.78436687E+01   
1.02018404E+02   
8.14111822E+01   
1.00480196E+02   
9.06418284E+01   
1.09328366E+02   
8.54978996E+01   
8.69352871E+01   
1.04205141E+02   
1.04603121E+02   
1.12478696E+02   
8.39986997E+01   
1.02844569E+02   
8.22071414E+01   
8.06313263E+01   
8.42083417E+01   
8.44058812E+01   
1.00202140E+02   
8.50396079E+01   
8.02097419E+01   
9.50202040E+01   
8.96145229E+01   
8.84264853E+01   
8.96133227E+01   
9.38132627E+01   
8.37910582E+01   
8.60711142E+01   
9.89798960E+01   
8.24664933E+01   
9.62148430E+01   
9.78291658E+01   
9.25519104E+01   
1.04111222E+02   
1.10704441E+02   
8.58813763E+01   
9.56132226E+01   
1.03644329E+02   
9.42068414E+01   
8.81693339E+01   
7.92016403E+01   
9.61357271E+01   
9.84303861E+01   
8.48467694E+01   
8.52419484E+01   
7.98826765E+01   
9.87884577E+01   
1.01427586E+02   
8.96068214E+01   
8.58954791E+01   
9.87273455E+01   
9.87246449E+01   
8.73089618E+01   
9.45574115E+01   
8.86498300E+01   
8.81209242E+01   
9.81907381E+01   
8.87363473E+01   
9.04820964E+01   
1.09608022E+02   
9.66981396E+01   
9.37634527E+01   
9.71085217E+01   
9.16861372E+01   
8.46921384E+01   
9.57708542E+01   
1.01096519E+02   
9.86725345E+01   
8.38539708E+01   
9.43404681E+01   
8.57918584E+01   
9.53392679E+01   
9.90622124E+01   
9.78145629E+01   
1.16651430E+02   
9.36501300E+01   
1.01285557E+02   
9.69088818E+01   
8.30188038E+01   
1.10441988E+02   
9.05956191E+01   
9.91708342E+01   
9.17155431E+01   
8.88956791E+01   
9.54427886E+01   
9.91668334E+01   
8.65731146E+01   
1.02872374E+02   
9.63132627E+01   
1.07863473E+02   
9.14568914E+01   
9.84438888E+01   
1.08310962E+02   
1.04733947E+02   
9.31706341E+01   
1.07433487E+02   
8.88672735E+01   
7.91671334E+01   
8.63250650E+01   
9.51588318E+01   
9.09992999E+01   
8.93135627E+01   
8.88301660E+01   
8.60730146E+01   
1.04720044E+02   
1.05752751E+02   
8.57180436E+01   
1.09190738E+02   
1.06325165E+02   
1.07799760E+02   
8.91951390E+01   
1.01635127E+02   
1.04585217E+02   
9.05269054E+01   
9.35808162E+01   
9.80793159E+01   
1.04517904E+02   
9.66475295E+01   
9.61420284E+01   
9.21404281E+01   
9.57763553E+01   
1.09699640E+02   
9.84952991E+01   
9.16599320E+01   
1.02841368E+02   
1.04635427E+02   
8.96699340E+01   
1.08001900E+02   
1.15252851E+02   
9.16018204E+01   
7.93378676E+01   
9.96835367E+01   
9.11337267E+01   
1.06020704E+02   
1.01350070E+02   
9.77908582E+01   
9.53686737E+01   
9.14504901E+01   
8.19119824E+01   
9.35720144E+01   
1.12732647E+02   
1.01617023E+02   
9.40519104E+01   
1.07020004E+02   
1.04469194E+02   
1.14919584E+02   
9.75712142E+01   
1.08020804E+02   
1.15471594E+02   
1.05314063E+02   
1.09470394E+02   
1.05759252E+02   
1.03898280E+02   
1.06191938E+02   
9.95869174E+01   
1.13473995E+02   
1.04658832E+02   
9.37476495E+01   
1.04110722E+02   
1.11931586E+02   
1.05099320E+02   
9.93847770E+01   
1.06863873E+02   
1.01826465E+02   
1.01392779E+02   
1.01904081E+02   
9.97288458E+01   
8.45584117E+01   
8.30988198E+01   
9.87707542E+01   
9.83159632E+01   
9.28800760E+01   
1.09145029E+02   
1.10495699E+02   
9.38651730E+01   
1.09713343E+02   
8.92546509E+01   
1.00474095E+02   
9.65715143E+01   
1.06854071E+02   
1.06509502E+02   
1.20528906E+02   
1.14663133E+02   
1.10769654E+02   
1.06393879E+02   
1.01974895E+02   
1.02022404E+02   
1.17551910E+02   
1.13158932E+02   
1.19889178E+02   
1.04008102E+02   
1.04971894E+02   
1.19338868E+02   
9.65819164E+01   
9.56405281E+01   
1.00590718E+02   
1.02022004E+02   
1.07673335E+02   
9.15459092E+01   
1.16077215E+02   
1.08376775E+02   
1.14100720E+02   
1.09996099E+02   
9.82376475E+01   
9.56951390E+01   
1.01968794E+02   
1.04594519E+02   
1.01334367E+02   
1.01440788E+02   
1.01819164E+02   
1.22447590E+02   
1.13353971E+02   
1.06355271E+02   
1.08740748E+02   
1.26297660E+02   
8.97208442E+01   
9.92735547E+01   
9.41064213E+01   
1.13763953E+02   
1.24544009E+02   
1.13624825E+02   
1.03940788E+02   
1.25061612E+02   
1.08387177E+02   
9.97312462E+01   
9.34647930E+01   
1.04949190E+02   
1.10786857E+02   
1.08189938E+02   
1.10675635E+02   
1.15602821E+02   
1.16826765E+02   
1.01757652E+02   
1.08713543E+02   
1.06232847E+02   
8.95632126E+01   
1.09878776E+02   
9.02132426E+01   
9.25304061E+01   
1.17375975E+02   
1.11533607E+02   
1.28924785E+02   
1.16000800E+02   
1.17092018E+02   
1.06576415E+02   
1.05655631E+02   
9.50552110E+01   
9.62735547E+01   
1.08698440E+02   
9.45072014E+01   
1.00898780E+02   
1.20973995E+02   
1.10130826E+02   
1.15482797E+02   
1.15473195E+02   
9.51132226E+01   
9.89699940E+01   
1.05987598E+02   
1.12044409E+02   
1.27954791E+02   
1.20080416E+02   
1.03038808E+02   
1.12488798E+02   
1.17082416E+02   
1.02509202E+02   
1.07516403E+02   
1.09469194E+02   
1.22058012E+02   
1.12026805E+02   
1.07519604E+02   
1.11020004E+02   
1.12521604E+02   
1.08524805E+02   
1.19026405E+02   
1.24020804E+02   
1.10512803E+02   
1.14025205E+02   
1.02505201E+02   
9.65052010E+01   
1.07533207E+02   
1.07040808E+02   
1.20013603E+02   
1.10481196E+02   
1.00065213E+02   
1.09547209E+02   
1.12461592E+02   
1.10054811E+02   
9.94251850E+01   
1.12178436E+02   
1.16952791E+02   
1.17619624E+02   
1.20977996E+02   
1.21922785E+02   
1.09089218E+02   
1.11475995E+02   
1.17625625E+02   
1.09514403E+02   
1.18576015E+02   
1.40069214E+02   
1.19803561E+02   
1.17228446E+02   
1.31370774E+02   
1.06120824E+02   
1.07409582E+02   
1.17824865E+02   
1.37867173E+02   
1.16371574E+02   
1.04449190E+02   
1.23593219E+02   
1.17112422E+02   
1.23476795E+02   
1.06990398E+02   
1.21669234E+02   
1.24474795E+02   
1.09575615E+02   
1.12813963E+02   
1.16128426E+02   
1.12246749E+02   
1.27062112E+02   
1.25393979E+02   
1.27545209E+02   
1.24905981E+02   
1.13982797E+02   
1.06648330E+02   
1.21651730E+02   
1.13944289E+02   
1.16148830E+02   
1.21288058E+02   
1.26409982E+02   
1.15638028E+02   
1.08405981E+02   
1.17738048E+02   
1.22074415E+02   
1.09728746E+02   
1.12021604E+02   
1.05328866E+02   
1.19350270E+02   
1.30753651E+02   
1.01234047E+02   
1.09169134E+02   
9.95452090E+01   
1.21106121E+02   
1.05685537E+02   
1.17194439E+02   
1.12377976E+02   
1.03314763E+02   
1.09609222E+02   
1.14672434E+02   
1.00837568E+02   
1.13551210E+02   
1.24741648E+02   
1.22427185E+02   
1.24086817E+02   
1.20022805E+02   
1.15155631E+02   
1.15822765E+02   
1.11964093E+02   
1.27889578E+02   
1.31560412E+02   
1.24096419E+02   
1.38633627E+02   
1.33955991E+02   
1.26272354E+02   
1.17803561E+02   
1.04022004E+02   
1.15097219E+02   
9.83327666E+01   
1.30174435E+02   
1.18483597E+02   
1.32482797E+02   
1.16338468E+02   
1.25304661E+02   
1.15285357E+02   
1.12994699E+02   
1.13349670E+02   
1.18023205E+02   
1.10939188E+02   
1.25904081E+02   
1.14597920E+02   
1.19256551E+02   
1.15613023E+02   
1.10740448E+02   
1.13933587E+02   
1.35283357E+02   
1.15485897E+02   
1.19477996E+02   
1.25661232E+02   
1.36766953E+02   
1.32281856E+02   
1.26666033E+02   
1.31596919E+02   
1.14646329E+02   
1.27478796E+02   
1.35868474E+02   
1.17200940E+02   
1.13560612E+02   
1.16476995E+02   
1.25623725E+02   
1.12777656E+02   
1.32474395E+02   
1.24886477E+02   
1.23611922E+02   
1.46786857E+02   
1.30287457E+02   
1.14446889E+02   
1.38346069E+02   
1.20378676E+02   
1.17239648E+02   
1.16578416E+02   
1.21244849E+02   
1.19469994E+02   
1.29585317E+02   
1.36247149E+02   
1.16890978E+02   
1.25835067E+02   
1.19240348E+02   
1.28700440E+02   
1.32144429E+02   
1.47940088E+02   
1.27202240E+02   
1.50621724E+02   
1.23709342E+02   
1.07262452E+02   
1.14657532E+02   
1.32366673E+02   
1.41166233E+02   
1.44453391E+02   
1.29343369E+02   
1.25338168E+02   
1.30153231E+02   
1.43827866E+02   
1.34099320E+02   
1.38818264E+02   
1.09846469E+02   
1.30067814E+02   
1.34415383E+02   
1.24891978E+02   
1.06722444E+02   
1.27024405E+02   
1.29994899E+02   
1.27027205E+02   
1.23643029E+02   
1.26979796E+02   
1.30321164E+02   
1.29995399E+02   
1.36044709E+02   
1.27319164E+02   
1.41887177E+02   
1.27310462E+02   
1.36887878E+02   
1.16310362E+02   
1.33748250E+02   
1.40313563E+02   
1.35010202E+02   
1.27195439E+02   
1.34278956E+02   
1.10875575E+02   
1.21894879E+02   
1.17473695E+02   
1.43982797E+02   
1.26739848E+02   
1.35847169E+02   
1.36927686E+02   
1.24638528E+02   
1.31141128E+02   
1.21223745E+02   
1.36248650E+02   
1.23965793E+02   
1.34241448E+02   
1.35976195E+02   
1.44871174E+02   
1.35009302E+02   
1.38147830E+02   
1.25123525E+02   
1.42025605E+02   
1.27209442E+02   
1.06751850E+02   
1.44027606E+02   
1.40610422E+02   
1.17862973E+02   
1.36356871E+02   
1.14024005E+02   
1.23205841E+02   
1.27011802E+02   
1.21195239E+02   
1.14340668E+02   
1.21092318E+02   
1.31643829E+02   
1.41306961E+02   
1.38680336E+02   
1.33501900E+02   
1.36493399E+02   
1.28438088E+02   
1.26209942E+02   
1.37656431E+02   
1.34993199E+02   
1.25900280E+02   
1.31618024E+02   
1.39028006E+02   
1.25889478E+02   
1.25475495E+02   
1.36311062E+02   
1.37251150E+02   
1.41434387E+02   
1.34840368E+02   
1.33994099E+02   
1.41028006E+02   
1.42216843E+02   
1.24675435E+02   
1.31834767E+02   
1.51171834E+02   
1.29453091E+02   
1.35026805E+02   
1.24994999E+02   
1.27655831E+02   
1.23015303E+02   
1.31245049E+02   
1.24829166E+02   
1.46402781E+02   
1.57635927E+02   
1.39839568E+02   
1.42822865E+02   
1.51228246E+02   
1.27225945E+02   
1.30033307E+02   
1.53817864E+02   
1.38628426E+02   
1.46846169E+02   
1.49015903E+02   
1.43837668E+02   
1.40200240E+02   
1.40193839E+02   
1.42759852E+02   
1.59382176E+02   
1.40820364E+02   
1.44846869E+02   
1.50395079E+02   
1.49422384E+02   
1.38242048E+02   
1.39993099E+02   
1.48672935E+02   
1.62677736E+02   
1.55598320E+02   
1.40680436E+02   
1.42161932E+02   
1.51762252E+02   
1.26046409E+02   
1.22565513E+02   
1.25690138E+02   
1.45638828E+02   
1.29746649E+02   
1.50757451E+02   
1.37642028E+02   
1.35127425E+02   
1.48319364E+02   
1.53256851E+02   
1.47504201E+02   
1.43556611E+02   
1.25422885E+02   
1.50255251E+02   
1.43413083E+02   
1.48102220E+02   
1.48191438E+02   
1.49479796E+02   
1.43730946E+02   
1.45030006E+02   
1.52884077E+02   
1.44939088E+02   
1.52266853E+02   
1.51076215E+02   
1.42266053E+02   
1.44607822E+02   
1.59031206E+02   
1.55927085E+02   
1.48786757E+02   
1.28920284E+02   
1.42758552E+02   
1.72834267E+02   
1.84960292E+02   
1.53393779E+02   
1.54045009E+02   
1.49542509E+02   
1.47143529E+02   
1.42032607E+02   
1.46154131E+02   
1.29896879E+02   
1.41049410E+02   
1.70275855E+02   
1.51778356E+02   
1.56149530E+02   
1.58912883E+02   
1.27263053E+02   
1.60372975E+02   
1.62344069E+02   
1.56920084E+02   
1.59070714E+02   
1.41026005E+02   
1.27547710E+02   
1.46705041E+02   
1.42137528E+02   
1.55504401E+02   
1.68347770E+02   
1.58297259E+02   
1.54806461E+02   
1.47228646E+02   
1.51400780E+02   
1.55650430E+02   
1.45251850E+02   
1.59765553E+02   
1.48776455E+02   
1.48672935E+02   
1.60381776E+02   
1.52577916E+02   
1.50031506E+02   
1.44570214E+02   
1.55679536E+02   
1.52480696E+02   
1.62500200E+02   
1.67977596E+02   
1.54945089E+02   
1.61341568E+02   
1.84112222E+02   
1.64231846E+02   
1.68877375E+02   
1.43775155E+02   
1.44311662E+02   
1.58955291E+02   
1.54169834E+02   
1.46676435E+02   
1.51244949E+02   
1.54386777E+02   
1.65690438E+02   
1.52369574E+02   
1.54319664E+02   
1.59030806E+02   
1.64550210E+02   
1.68679636E+02   
1.77973295E+02   
1.62682036E+02   
1.69210542E+02   
1.47079416E+02   
1.56280656E+02   
1.39329666E+02   
1.57277756E+02   
1.78684837E+02   
1.42342669E+02   
1.58179136E+02   
1.65927185E+02   
1.46234247E+02   
1.56472194E+02   
1.74060612E+02   
1.69951490E+02   
1.62205941E+02   
1.49422284E+02   
1.54459392E+02   
1.60643729E+02   
1.49874375E+02   
1.52077115E+02   
1.58866773E+02   
1.65891578E+02   
1.65411082E+02   
1.61503601E+02   
1.66186137E+02   
1.67347269E+02   
1.72006101E+02   
1.51774555E+02   
1.65426185E+02   
1.42688038E+02   
1.38347670E+02   
1.79075415E+02   
1.48221044E+02   
1.83436087E+02   
1.84580616E+02   
1.79858372E+02   
1.43707141E+02   
1.62246349E+02   
1.65051910E+02   
1.64113023E+02   
1.59680936E+02   
1.83347369E+02   
1.73978596E+02   
1.70736047E+02   
1.40727245E+02   
1.46723945E+02   
1.46661132E+02   
1.65378476E+02   
1.63025105E+02   
1.61698040E+02   
1.74037608E+02   
1.54690138E+02   
1.48370774E+02   
1.71051710E+02   
1.85679136E+02   
1.70687437E+02   
1.69375775E+02   
1.45013803E+02   
1.86130226E+02   
1.77677736E+02   
1.77975495E+02   
1.76470394E+02   
1.77324865E+02   
1.73677035E+02   
1.72345469E+02   
1.58669434E+02   
1.50031606E+02   
1.55663433E+02   
1.64902581E+02   
1.67552110E+02   
1.81781156E+02   
1.75959692E+02   
1.74033207E+02   
1.68849770E+02   
1.56863773E+02   
1.73709242E+02   
1.74418984E+02   
1.83679536E+02   
1.67746149E+02   
1.80784657E+02   
1.89578616E+02   
1.76951190E+02   
1.71507602E+02   
1.76595719E+02   
1.63795859E+02   
1.79758952E+02   
1.82212042E+02   
1.74454191E+02   
1.83947790E+02   
1.77487497E+02   
1.97353171E+02   
1.68619424E+02   
1.75248150E+02   
1.63874475E+02   
1.56293759E+02   
1.75718044E+02   
1.78626925E+02   
1.86724845E+02   
1.87667534E+02   
1.73920184E+02   
1.85662733E+02   
1.80912182E+02   
1.93848870E+02   
1.86721844E+02   
1.87724845E+02   
1.90347970E+02   
1.69793359E+02   
1.71279456E+02   
1.87726445E+02   
1.75108122E+02   
1.85347169E+02   
1.87669034E+02   
1.80873075E+02   
1.94030906E+02   
1.96424485E+02   
2.04197439E+02   
1.95337467E+02   
1.44615323E+02   
1.83481596E+02   
1.84486897E+02   
2.04292759E+02   
2.00176135E+02   
1.75301060E+02   
1.85171034E+02   
1.72415583E+02   
1.91666033E+02   
1.67279456E+02   
1.86616323E+02   
1.90642328E+02   
1.99736047E+02   
1.84844969E+02   
1.74832567E+02   
1.75037207E+02   
1.86337167E+02   
1.64530206E+02   
2.03363573E+02   
1.99332767E+02   
1.82025605E+02   
2.08038008E+02   
1.96120924E+02   
1.92195439E+02   
1.85171734E+02   
2.09625825E+02   
1.96188238E+02   
1.94812563E+02   
1.98331966E+02   
1.91678336E+02   
1.99338068E+02   
2.01035107E+02   
1.82268354E+02   
1.94637427E+02   
1.98869774E+02   
1.94397880E+02   
1.95270854E+02   
2.08082517E+02   
1.78583017E+02   
2.04494599E+02   
1.90877375E+02   
2.03939988E+02   
1.87299060E+02   
1.86797860E+02   
1.81547209E+02   
2.04599420E+02   
1.63802360E+02   
1.92159632E+02   
2.02049310E+02   
2.09293959E+02   
1.98492498E+02   
1.87035107E+02   
1.95898480E+02   
2.26047910E+02   
2.13602921E+02   
2.14049910E+02   
1.91302561E+02   
2.06201640E+02   
2.11775955E+02   
2.16154731E+02   
2.04322364E+02   
1.91295259E+02   
2.15686837E+02   
2.14012102E+02   
2.10410282E+02   
2.11027506E+02   
1.99325265E+02   
1.88283557E+02   
2.07276055E+02   
1.96088318E+02   
2.16485697E+02   
2.09097520E+02   
2.22658232E+02   
1.99373875E+02   
2.07257251E+02   
2.13210942E+02   
2.18420984E+02   
2.14283657E+02   
2.14418984E+02   
1.99590718E+02   
2.37766053E+02   
2.09054311E+02   
2.12206641E+02   
2.11490998E+02   
2.05138828E+02   
1.96857972E+02   
2.00136327E+02   
2.11857471E+02   
1.92583917E+02   
2.06791758E+02   
2.10938088E+02   
2.27502901E+02   
2.18200040E+02   
1.96578716E+02   
1.96964593E+02   
2.15041208E+02   
2.36950090E+02   
2.17540308E+02   
2.01495999E+02   
2.27577916E+02   
2.24309962E+02   
2.20043209E+02   
2.08980996E+02   
1.89635727E+02   
2.08453891E+02   
2.53872575E+02   
2.28313563E+02   
2.28320264E+02   
2.09304461E+02   
2.06777956E+02   
2.17630626E+02   
2.33618124E+02   
2.31351770E+02   
2.26296659E+02   
2.26397580E+02   
2.32130026E+02   
2.19264153E+02   
1.89572214E+02   
2.23926685E+02   
2.30084217E+02   
2.21664533E+02   
2.21010202E+02   
2.11407682E+02   
2.36793659E+02   
2.13929486E+02   
2.13069014E+02   
2.19458692E+02   
2.26303161E+02   
2.39475095E+02   
2.53657331E+02   
2.38483097E+02   
2.41541708E+02   
2.06867874E+02   
2.30789658E+02   
2.45021204E+02   
2.32055811E+02   
2.26792859E+02   
2.42529706E+02   
2.42533107E+02   
2.30810062E+02   
2.65549910E+02   
2.39303161E+02   
2.38304761E+02   
2.53548510E+02   
2.28279956E+02   
2.50305961E+02   
2.51327966E+02   
2.57281156E+02   
2.46779656E+02   
2.33293559E+02   
2.38495299E+02   
2.51843469E+02   
2.17519304E+02   
2.43856671E+02   
2.48643329E+02   
2.42920384E+02   
2.17510102E+02   
2.16531106E+02   
2.42556911E+02   
2.43859272E+02   
2.51986397E+02   
2.33237648E+02   
2.46058912E+02   
2.30737147E+02   
2.57699440E+02   
2.54729246E+02   
2.54964893E+02   
2.31644029E+02   
2.63826965E+02   
2.55307662E+02   
2.45854671E+02   
2.69813563E+02   
2.34520804E+02   
2.71016503E+02   
2.44606021E+02   
2.70685337E+02   
2.41299860E+02   
2.52219044E+02   
2.57166733E+02   
2.24351870E+02   
2.40616523E+02   
2.90557311E+02   
2.56391878E+02   
2.65819264E+02   
2.62983797E+02   
2.40607021E+02   
2.59103721E+02   
2.46053611E+02   
2.67129026E+02   
2.85593719E+02   
2.56123625E+02   
2.61977696E+02   
2.31034907E+02   
2.80192338E+02   
2.87408982E+02   
2.68055211E+02   
2.70106721E+02   
2.70686337E+02   
2.58325465E+02   
2.46369774E+02   
2.85882376E+02   
2.82768154E+02   
2.65894379E+02   
2.48885077E+02   
2.66050810E+02   
2.55377776E+02   
2.51932286E+02   
2.77265653E+02   
2.58412683E+02   
2.57929186E+02   
2.69276655E+02   
2.73829766E+02   
2.38484097E+02   
2.67526305E+02   
2.68928486E+02   
2.81155331E+02   
2.91772955E+02   
2.80573915E+02   
2.62465393E+02   
2.94425485E+02   
2.69216743E+02   
2.72726945E+02   
2.88527205E+02   
2.53618524E+02   
2.35954991E+02   
2.47748350E+02   
2.52457491E+02   
2.62131326E+02   
2.99673035E+02   
2.68074415E+02   
2.87692639E+02   
2.71985097E+02   
2.83202641E+02   
2.85239548E+02   
2.98686137E+02   
2.93037207E+02   
2.98814063E+02   
2.94611222E+02   
2.70396279E+02   
2.63467393E+02   
2.68898180E+02   
2.79894979E+02   
2.68196739E+02   
2.65165333E+02   
2.60721144E+02   
2.83631126E+02   
2.97978996E+02   
2.83024705E+02   
2.72764353E+02   
2.66465593E+02   
2.58915483E+02   
2.72114223E+02   
2.74378776E+02   
2.66261152E+02   
2.56402581E+02   
2.79708642E+02   
3.19772855E+02   
2.84948990E+02   
3.07616723E+02   
2.47533207E+02   
2.67810962E+02   
3.07256751E+02   
3.03643629E+02   
2.92666333E+02   
3.04641428E+02   
2.95259452E+02   
2.72261152E+02   
2.90657231E+02   
2.94260252E+02   
2.89058412E+02   
2.88256751E+02   
2.72464193E+02   
2.72219844E+02   
2.92912883E+02   
3.00257952E+02   
3.07024205E+02   
2.82056811E+02   
2.76207742E+02   
3.16466293E+02   
3.06133227E+02   
2.85419984E+02   
3.12699240E+02   
2.84188538E+02   
3.08407181E+02   
2.85510502E+02   
2.97862472E+02   
2.89945489E+02   
2.93741948E+02   
2.89716843E+02   
2.75346469E+02   
2.83294359E+02   
3.20772254E+02   
2.94954591E+02   
2.98785557E+02   
3.09060012E+02   
2.97261752E+02   
2.98978896E+02   
2.97751850E+02   
2.89873275E+02   
3.08259752E+02   
2.97930186E+02   
2.78505001E+02   
2.87516903E+02   
3.41278656E+02   
3.08504901E+02   
3.05877275E+02   
2.97821064E+02   
3.16999300E+02   
2.92731946E+02   
2.99609422E+02   
3.01689638E+02   
2.66069114E+02   
3.06424385E+02   
3.11702140E+02   
3.14426685E+02   
3.08343069E+02   
3.19066013E+02   
3.03374875E+02   
3.01831966E+02   
3.03710742E+02   
2.81161532E+02   
2.82877275E+02   
2.87925185E+02   
3.12414683E+02   
3.32408582E+02   
3.24357972E+02   
2.97236347E+02   
3.33060012E+02   
3.36755151E+02   
2.86762753E+02   
2.98836467E+02   
3.04320764E+02   
2.94319064E+02   
3.57094819E+02   
3.63272655E+02   
3.63272655E+02   
3.63272655E+02   
3.63272655E+02   
3.81010382E+02   
3.97349470E+02   
4.36323965E+02   
5.02034307E+02   
4.45091318E+02   
4.69826865E+02   
4.28186437E+02   
4.41587818E+02   
4.47387077E+02   
4.41593019E+02   
4.61916483E+02   
4.56429086E+02   
4.84765753E+02   
4.68254351E+02   
4.72921684E+02   
4.64431486E+02   
4.78599420E+02   
4.64601820E+02   
4.82079616E+02   
4.80112422E+02   
4.64649030E+02   
4.58844869E+02   
4.37092819E+02   
4.93206441E+02   
4.99656131E+02   
4.90743049E+02   
4.82444189E+02   
5.10971294E+02   
5.00017303E+02   
4.57101620E+02   
4.99692939E+02   
4.77938888E+02   
4.83839668E+02   
4.86934287E+02   
5.04842068E+02   
4.86147530E+02   
5.25062112E+02   
4.74794759E+02   
5.03001300E+02   
4.97317964E+02   
5.16546309E+02   
5.00422585E+02   
4.73323965E+02   
4.88712242E+02   
5.16491198E+02   
5.00855071E+02   
5.09666433E+02   
4.90763153E+02   
5.00034107E+02   
5.14191238E+02   
5.00231346E+02   
5.31150930E+02   
4.88834767E+02   
5.29645429E+02   
5.30651630E+02   
4.95892378E+02   
5.21867073E+02   
5.28917383E+02   
5.40148630E+02   
4.88163933E+02   
5.20627526E+02   
5.15249550E+02   
5.08297359E+02   
4.95637127E+02   
5.08663833E+02   
5.22505201E+02   
5.54961292E+02   
5.46250750E+02   
5.13696739E+02   
5.27797660E+02   
5.26541208E+02   
5.45104821E+02   
5.14385977E+02   
5.30277656E+02   
4.93759352E+02   
5.18990398E+02   
5.08229846E+02   
5.15644429E+02   
5.44478796E+02   
5.07760652E+02   
5.27954291E+02   
5.53891378E+02   
5.62587217E+02   
5.76458092E+02   
5.95467694E+02   
5.99300060E+02   
5.71961592E+02   
5.83153331E+02   
6.16173335E+02   
5.87381076E+02   
5.92821664E+02   
5.60763253E+02   
5.82592418E+02   
5.81503301E+02   
5.85845269E+02   
5.51586417E+02   
5.05550310E+02   
5.75743549E+02   
5.99059012E+02   
5.64775255E+02   
5.44442789E+02   
5.83402981E+02   
5.87501100E+02   
5.71804661E+02   
5.53519904E+02   
5.70280556E+02   
5.57659532E+02   
5.86056811E+02   
6.05756051E+02   
6.01201540E+02   
5.94298560E+02   
5.64843169E+02   
5.88251350E+02   
5.63844169E+02   
5.43260352E+02   
5.63603321E+02   
6.23245349E+02   
5.90736047E+02   
5.68488598E+02   
5.71250950E+02   
5.66734047E+02   
5.84275555E+02   
5.92978696E+02   
5.60436187E+02   
5.63167634E+02   
5.55631026E+02   
5.50796959E+02   
5.71972795E+02   
5.88192839E+02   
5.81400880E+02   
5.54264653E+02   
5.48469394E+02   
5.72402080E+02   
6.20114423E+02   
5.75879376E+02   
5.85538508E+02   
5.60726745E+02   
5.38523205E+02   
5.98208742E+02   
5.77654731E+02   
5.86427686E+02   
5.65824465E+02   
5.75932286E+02   
5.34504401E+02   
5.65584417E+02   
5.85812863E+02   
5.70335467E+02   
5.31895479E+02   
5.68651430E+02   
5.56334667E+02   
6.06221544E+02   
5.47885877E+02   
5.37100520E+02   
5.56213943E+02   
5.13103621E+02   
5.61230646E+02   
5.68237047E+02   
5.14493099E+02   
5.55777455E+02   
5.42876775E+02   
5.51828966E+02   
5.41573815E+02   
5.39279556E+02   
5.59716143E+02   
5.32495099E+02   
5.22895379E+02   
5.29792258E+02   
5.35568114E+02   
4.73076515E+02   
4.86645129E+02   
5.00140728E+02   
4.62832767E+02   
4.81735847E+02   
4.80831066E+02   
4.59584017E+02   
4.81790258E+02   
4.43519304E+02   
4.82171934E+02   
4.45892979E+02   
5.03591218E+02   
4.84217143E+02   
4.82755851E+02   
4.26285057E+02   
4.33948090E+02   
4.21422184E+02   
4.33349370E+02   
4.81568614E+02   
4.26705041E+02   
4.31450790E+02   
4.23124425E+02   
4.23178736E+02   
4.25851870E+02   
4.16917984E+02   
4.29756151E+02   
4.32713343E+02   
3.69828566E+02   
4.16782356E+02   
4.42793559E+02   
4.03929986E+02   
4.30070214E+02   
3.70554911E+02   
4.39357772E+02   
4.64371074E+02   
3.99873375E+02   
4.11453391E+02   
4.02924285E+02   
3.94596219E+02   
4.53314863E+02   
3.78342168E+02   
4.17435987E+02   
3.82799960E+02   
3.96380276E+02   
4.16904581E+02   
3.98562513E+02   
3.69021104E+02   
3.88395079E+02   
4.21469594E+02   
4.02026105E+02   
3.97238448E+02   
3.99501400E+02   
3.95911182E+02   
4.05832266E+02   
3.66974895E+02   
4.13007502E+02   
3.83833067E+02   
3.54755651E+02   
3.78419884E+02   
3.88498700E+02   
3.42638928E+02   
3.96398980E+02   
3.69738648E+02   
3.72943489E+02   
3.72037508E+02   
3.81342569E+02   
3.70331566E+02   
3.71455091E+02   
4.34998500E+02   
4.00549310E+02   
3.40272054E+02   
3.59689238E+02   
3.64341168E+02   
3.82647029E+02   
3.51698040E+02   
3.84593319E+02   
3.68843969E+02   
3.70704441E+02   
3.71653731E+02   
3.86911782E+02   
3.71513503E+02   
3.72350870E+02   
4.29399260E+02   
5.26905381E+02   
5.26905381E+02   
5.26905381E+02   
5.26905381E+02   
5.26905381E+02   
7.48429626E+02   
7.04660232E+02   
7.31530006E+02   
7.03752450E+02   
7.04007001E+02   
7.16675035E+02   
7.07802661E+02   
7.07827866E+02   
7.51066013E+02   
6.98622324E+02   
7.71564013E+02   
7.62150030E+02   
7.02259152E+02   
7.00200340E+02   
7.08020004E+02   
7.19249450E+02   
6.96834267E+02   
7.45460792E+02   
7.11994599E+02   
7.14181636E+02   
7.14607121E+02   
7.02080116E+02   
7.15882677E+02   
7.36744349E+02   
7.38677235E+02   
7.43554511E+02   
7.39087317E+02   
7.47987798E+02   
7.15476795E+02   
7.29601720E+02   
6.77219144E+02   
7.07120424E+02   
7.56625225E+02   
6.99934787E+02   
7.23304561E+02   
6.43107622E+02   
6.89168434E+02   
7.04898080E+02   
6.97555211E+02   
7.30217243E+02   
7.17986997E+02   
6.93875675E+02   
6.89294959E+02   
6.62653131E+02   
6.78827365E+02   
7.03680036E+02   
6.87693439E+02   
6.93185537E+02   
6.78580816E+02   
7.31167233E+02   
6.60144729E+02   
6.95826865E+02   
6.83189938E+02   
6.83333967E+02   
7.16608822E+02   
6.87369574E+02   
6.82365573E+02   
7.28433387E+02   
6.71330066E+02   
7.36647830E+02   
7.42954391E+02   
7.37059912E+02   
6.97147029E+02   
6.69829466E+02   
6.99007502E+02   
6.86479696E+02   
6.61261752E+02   
7.12044009E+02   
6.95015703E+02   
7.04642328E+02   
7.03384677E+02   
7.51049710E+02   
7.19026805E+02   
6.97061012E+02   
7.25101720E+02   
7.77973595E+02   
7.10577015E+02   
6.94290058E+02   
7.68011602E+02   
7.66812963E+02   
7.27815063E+02   
8.06910782E+02   
8.98537608E+02   
9.28401080E+02   
9.33361172E+02   
8.87704241E+02   
8.40383477E+02   
8.54819464E+02   
8.55100620E+02   
8.38327165E+02   
7.67645029E+02   
8.39306961E+02   
7.73181336E+02   
7.71799460E+02   
7.94714943E+02   
7.26370974E+02   
7.82880476E+02   
7.65994199E+02   
7.50171934E+02   
7.24381276E+02   
7.04768854E+02   
6.82053011E+02   
6.92497199E+02   
6.87854171E+02   
6.90377175E+02   
7.15981296E+02   
7.13541408E+02   
6.57607121E+02   
6.78082617E+02   
7.38481696E+02   
7.26342468E+02   
6.84311762E+02   
6.67832066E+02   
6.18385777E+02   
6.76129326E+02   
6.62616823E+02   
6.38823065E+02   
6.42045909E+02   
6.25805461E+02   
6.23548510E+02   
5.93284057E+02   
6.20363973E+02   
6.22528106E+02   
6.07141528E+02   
6.22892378E+02   
6.14500500E+02   
5.65429586E+02   
5.93147429E+02   
5.78725745E+02   
5.85068314E+02   
5.26022805E+02   
4.86343769E+02   
4.85759252E+02   
4.48318664E+02   
4.94990298E+02   
4.81172334E+02   
5.06939488E+02   
4.78295859E+02   
4.44014603E+02   
4.62229046E+02   
4.71005101E+02   
4.22625825E+02   
4.27960592E+02   
4.48876575E+02   
4.19035307E+02   
4.59178436E+02   
4.26202941E+02   
4.13936687E+02   
3.82499800E+02   
4.17846469E+02   
4.11092719E+02   
3.56316063E+02   
3.70104021E+02   
3.54018304E+02   
3.63080716E+02   
3.71039708E+02   
3.39106721E+02   
3.28185337E+02   
3.38027105E+02   
3.40150030E+02   
2.96052611E+02   
2.72183237E+02   
3.01969694E+02   
2.91084517E+02   
2.54128526E+02   
2.44042609E+02   
2.81018904E+02   
2.20082517E+02   
2.52039008E+02   
2.44055911E+02   
2.30051210E+02   
2.58042008E+02   
2.34049310E+02   
1.98036107E+02   
1.79043609E+02   
1.93042208E+02   
2.07045509E+02   
2.10024805E+02   
1.95998400E+02   
1.80095819E+02   
1.82011102E+02   
1.72963193E+02   
1.49008702E+02   
1.59112723E+02   
1.78980896E+02   
1.58035707E+02   
1.49042208E+02   
1.51976695E+02   
1.41054011E+02   
1.48877776E+02   
1.14159532E+02   
1.50051510E+02   
1.45875675E+02   
1.36200540E+02   
1.43887978E+02   
1.21977495E+02   
1.21012302E+02   
1.11152931E+02   
1.21953291E+02   
1.09013103E+02   
1.03842769E+02   
8.51225245E+01   
1.04839268E+02   
7.71648330E+01   
1.04122825E+02   
1.26916383E+02   
9.40059012E+01   
8.20756151E+01   
1.05078816E+02   
1.00962793E+02   
9.77300460E+01   
7.90289058E+01   
7.60297059E+01   
6.70470094E+01   
8.49640928E+01   
7.79789958E+01   
7.50305061E+01   
7.21218244E+01   
7.00156031E+01   
7.38643729E+01   
7.13791758E+01   
8.64682937E+01   
4.72500500E+01   
5.87675535E+01   
5.20506101E+01   
4.29243849E+01   
4.50297059E+01   
4.89420884E+01   
3.89396879E+01   
4.30518104E+01   
4.41466293E+01   
5.68432687E+01   
4.01510302E+01   
6.89352871E+01   
3.51072214E+01   
1.30857371E+02   
4.09296859E+01   
3.19794959E+01   
2.69786957E+01   
2.60586117E+01   
2.48144629E+01   
1.40859172E+01   
1.79477896E+01   
1.98036607E+01   
8.20274055E+00   
1.48859772E+01   
1.30610122E+01   
9.88197640E+00   
7.18383677E+00   
1.38486697E+01   
6.00120024E+00   
6.00120024E+00   
6.00120024E+00   
6.00120024E+00   
6.00120024E+00   
2.90128026E+00   
0.00000000E+00   
0.00000000E+00   
0.00000000E+00   
0.00000000E+00   
0.00000000E+00   
0.00000000E+00   
0.00000000E+00   
0.00000000E+00   
0.00000000E+00   
0.00000000E+00   
0.00000000E+00   
0.00000000E+00   
0.00000000E+00   
0.00000000E+00   
1.57231446E-01   
3.84276855E+00   
1.00000000E+00   
0.00000000E+00   
0.00000000E+00   
0.00000000E+00   
0.00000000E+00   
0.00000000E+00   
0.00000000E+00   
0.00000000E+00   
0.00000000E+00   
0.00000000E+00   
0.00000000E+00   
4.45089018E-02   
9.55491098E-01   
1.00000000E+00   
0.00000000E+00   
0.00000000E+00   
0.00000000E+00   
0.00000000E+00   
0.00000000E+00   
0.00000000E+00   
0.00000000E+00   
0.00000000E+00   
1.09781956E+00   
1.90218044E+00   
0.00000000E+00   
0.00000000E+00   
0.00000000E+00   
0.00000000E+00   
0.00000000E+00   
0.00000000E+00   
5.21104221E-02   
9.47889578E-01   
0.00000000E+00   
0.00000000E+00   
0.00000000E+00   
0.00000000E+00   
0.00000000E+00   
0.00000000E+00   
0.00000000E+00   
0.00000000E+00   
0.00000000E+00   
0.00000000E+00   
0.00000000E+00   
0.00000000E+00   
0.00000000E+00   
0.00000000E+00   
0.00000000E+00   
0.00000000E+00   
0.00000000E+00   
0.00000000E+00   
0.00000000E+00   
6.05121024E-02   
9.39487898E-01   
0.00000000E+00   
0.00000000E+00   
0.00000000E+00   
0.00000000E+00   
0.00000000E+00   
0.00000000E+00   
0.00000000E+00   
0.00000000E+00   
0.00000000E+00   
0.00000000E+00   
6.53130626E-02   
1.93468694E+00   
0.00000000E+00   
0.00000000E+00   
6.69133827E-02   
9.33086617E-01   
0.00000000E+00   
0.00000000E+00   
0.00000000E+00   
0.00000000E+00   
0.00000000E+00   
0.00000000E+00   
0.00000000E+00   
0.00000000E+00   
0.00000000E+00   
7.13142629E-02   
1.00040008E+00   
9.28285657E-01   
0.00000000E+00   
0.00000000E+00   
0.00000000E+00   
0.00000000E+00   
0.00000000E+00   
0.00000000E+00   
0.00000000E+00   
7.53150630E-02   
9.24684937E-01   
0.00000000E+00   
0.00000000E+00   
0.00000000E+00   
0.00000000E+00   
0.00000000E+00   
0.00000000E+00   
0.00000000E+00   
7.89157832E-02   
9.21084217E-01   
0.00000000E+00   
0.00000000E+00   
0.00000000E+00   
0.00000000E+00   
0.00000000E+00   
0.00000000E+00   
0.00000000E+00   
0.00000000E+00   
0.00000000E+00   
0.00000000E+00   
0.00000000E+00   
0.00000000E+00   
0.00000000E+00   
0.00000000E+00   
0.00000000E+00   
0.00000000E+00   
0.00000000E+00   
0.00000000E+00   
0.00000000E+00   
0.00000000E+00   
0.00000000E+00   
0.00000000E+00   
0.00000000E+00   
0.00000000E+00   
0.00000000E+00   
0.00000000E+00   
0.00000000E+00   
0.00000000E+00   
0.00000000E+00   
0.00000000E+00   
0.00000000E+00   
0.00000000E+00   
0.00000000E+00   
9.29185837E-02   
9.07081416E-01   
0.00000000E+00   
0.00000000E+00   
9.45189038E-02   
9.05481096E-01   
0.00000000E+00   
0.00000000E+00   
0.00000000E+00   
0.00000000E+00   
0.00000000E+00   
0.00000000E+00   
0.00000000E+00   
0.00000000E+00   
0.00000000E+00   
0.00000000E+00   
0.00000000E+00   
0.00000000E+00   
0.00000000E+00   
0.00000000E+00   
0.00000000E+00   
1.01320264E-01   
8.98679736E-01   
0.00000000E+00   
1.02520504E-01   
8.97479496E-01   
0.00000000E+00   
0.00000000E+00   
0.00000000E+00   
0.00000000E+00   
0.00000000E+00   
0.00000000E+00   
0.00000000E+00   
0.00000000E+00   
0.00000000E+00   
0.00000000E+00   
0.00000000E+00   
0.00000000E+00   
0.00000000E+00   
0.00000000E+00   
0.00000000E+00   
0.00000000E+00   
0.00000000E+00   
0.00000000E+00   
0.00000000E+00   
0.00000000E+00   
0.00000000E+00   
0.00000000E+00   
0.00000000E+00   
2.00000000E+00   
0.00000000E+00   
0.00000000E+00   
0.00000000E+00   
1.00000000E+00   
0.00000000E+00   
0.00000000E+00   
1.15323065E-01   
8.84676935E-01   
1.00000000E+00   
0.00000000E+00   
1.16923385E-01   
8.83076615E-01   
0.00000000E+00   
1.00000000E+00   
0.00000000E+00   
0.00000000E+00   
0.00000000E+00   
0.00000000E+00   
0.00000000E+00   
0.00000000E+00   
0.00000000E+00   
0.00000000E+00   
0.00000000E+00   
1.22124425E-01   
8.77875575E-01   
0.00000000E+00   
0.00000000E+00   
0.00000000E+00   
0.00000000E+00   
0.00000000E+00   
0.00000000E+00   
0.00000000E+00   
0.00000000E+00   
1.26125225E-01   
8.73874775E-01   
0.00000000E+00   
0.00000000E+00   
0.00000000E+00   
1.00000000E+00   
0.00000000E+00   
0.00000000E+00   
0.00000000E+00   
0.00000000E+00   
0.00000000E+00   
0.00000000E+00   
0.00000000E+00   
0.00000000E+00   
0.00000000E+00   
0.00000000E+00   
0.00000000E+00   
0.00000000E+00   
1.00000000E+00   
0.00000000E+00   
1.00000000E+00   
0.00000000E+00   
0.00000000E+00   
0.00000000E+00   
0.00000000E+00   
1.36127225E-01   
8.63872775E-01   
0.00000000E+00   
0.00000000E+00   
0.00000000E+00   
1.00000000E+00   
0.00000000E+00   
0.00000000E+00   
0.00000000E+00   
0.00000000E+00   
0.00000000E+00   
0.00000000E+00   
0.00000000E+00   
0.00000000E+00   
0.00000000E+00   
0.00000000E+00   
0.00000000E+00   
0.00000000E+00   
0.00000000E+00   
0.00000000E+00   
0.00000000E+00   
0.00000000E+00   
0.00000000E+00   
0.00000000E+00   
0.00000000E+00   
0.00000000E+00   
0.00000000E+00   
0.00000000E+00   
0.00000000E+00   
0.00000000E+00   
0.00000000E+00   
1.48529706E-01   
8.51470294E-01   
0.00000000E+00   
0.00000000E+00   
0.00000000E+00   
0.00000000E+00   
0.00000000E+00   
1.51330266E-01   
8.48669734E-01   
0.00000000E+00   
0.00000000E+00   
0.00000000E+00   
1.53330666E-01   
8.46669334E-01   
0.00000000E+00   
0.00000000E+00   
0.00000000E+00   
0.00000000E+00   
0.00000000E+00   
0.00000000E+00   
0.00000000E+00   
0.00000000E+00   
0.00000000E+00   
0.00000000E+00   
0.00000000E+00   
0.00000000E+00   
0.00000000E+00   
0.00000000E+00   
0.00000000E+00   
0.00000000E+00   
0.00000000E+00   
0.00000000E+00   
0.00000000E+00   
0.00000000E+00   
1.62132426E-01   
8.37867574E-01   
0.00000000E+00   
0.00000000E+00   
0.00000000E+00   
0.00000000E+00   
0.00000000E+00   
0.00000000E+00   
0.00000000E+00   
0.00000000E+00   
0.00000000E+00   
0.00000000E+00   
0.00000000E+00   
1.00000000E+00   
0.00000000E+00   
0.00000000E+00   
0.00000000E+00   
0.00000000E+00   
0.00000000E+00   
0.00000000E+00   
0.00000000E+00   
0.00000000E+00   
0.00000000E+00   
0.00000000E+00   
0.00000000E+00   
0.00000000E+00   
0.00000000E+00   
0.00000000E+00   
0.00000000E+00   
0.00000000E+00   
0.00000000E+00   
0.00000000E+00   
0.00000000E+00   
0.00000000E+00   
0.00000000E+00   
0.00000000E+00   
0.00000000E+00   
0.00000000E+00   
0.00000000E+00   
0.00000000E+00   
0.00000000E+00   
0.00000000E+00   
0.00000000E+00   
0.00000000E+00   
0.00000000E+00   
0.00000000E+00   
1.00000000E+00   
0.00000000E+00   
1.81336267E-01   
8.18663733E-01   
0.00000000E+00   
0.00000000E+00   
0.00000000E+00   
0.00000000E+00   
0.00000000E+00   
0.00000000E+00   
0.00000000E+00   
0.00000000E+00   
0.00000000E+00   
0.00000000E+00   
0.00000000E+00   
0.00000000E+00   
0.00000000E+00   
0.00000000E+00   
0.00000000E+00   
0.00000000E+00   
0.00000000E+00   
0.00000000E+00   
1.89337868E-01   
8.10662132E-01   
0.00000000E+00   
0.00000000E+00   
0.00000000E+00   
0.00000000E+00   
0.00000000E+00   
0.00000000E+00   
0.00000000E+00   
1.00000000E+00   
0.00000000E+00   
0.00000000E+00   
0.00000000E+00   
0.00000000E+00   
0.00000000E+00   
0.00000000E+00   
0.00000000E+00   
0.00000000E+00   
0.00000000E+00   
0.00000000E+00   
0.00000000E+00   
0.00000000E+00   
0.00000000E+00   
0.00000000E+00   
0.00000000E+00   
0.00000000E+00   
0.00000000E+00   
0.00000000E+00   
1.00000000E+00   
0.00000000E+00   
0.00000000E+00   
0.00000000E+00   
0.00000000E+00   
0.00000000E+00   
0.00000000E+00   
0.00000000E+00   
0.00000000E+00   
0.00000000E+00   
0.00000000E+00   
0.00000000E+00   
0.00000000E+00   
0.00000000E+00   
0.00000000E+00   
0.00000000E+00   
0.00000000E+00   
0.00000000E+00   
0.00000000E+00   
0.00000000E+00   
0.00000000E+00   
4.17883577E-01   
1.58211642E+00   
0.00000000E+00   
0.00000000E+00   
0.00000000E+00   
2.10942188E-01   
7.89057812E-01   
0.00000000E+00   
0.00000000E+00   
0.00000000E+00   
0.00000000E+00   
0.00000000E+00   
0.00000000E+00   
0.00000000E+00   
0.00000000E+00   
0.00000000E+00   
0.00000000E+00   
0.00000000E+00   
0.00000000E+00   
0.00000000E+00   
0.00000000E+00   
1.00000000E+00   
0.00000000E+00   
1.00000000E+00   
0.00000000E+00   
0.00000000E+00   
0.00000000E+00   
0.00000000E+00   
0.00000000E+00   
1.00000000E+00   
0.00000000E+00   
0.00000000E+00   
0.00000000E+00   
0.00000000E+00   
0.00000000E+00   
0.00000000E+00   
0.00000000E+00   
0.00000000E+00   
0.00000000E+00   
5.00000000E+00   
0.00000000E+00   
0.00000000E+00   
0.00000000E+00   
0.00000000E+00   
0.00000000E+00   
0.00000000E+00   
0.00000000E+00   
0.00000000E+00   
2.28145629E-01   
7.71854371E-01   
0.00000000E+00   
0.00000000E+00   
0.00000000E+00   
0.00000000E+00   
0.00000000E+00   
0.00000000E+00   
0.00000000E+00   
0.00000000E+00   
0.00000000E+00   
0.00000000E+00   
0.00000000E+00   
0.00000000E+00   
0.00000000E+00   
0.00000000E+00   
0.00000000E+00   
0.00000000E+00   
0.00000000E+00   
0.00000000E+00   
0.00000000E+00   
0.00000000E+00   
0.00000000E+00   
0.00000000E+00   
0.00000000E+00   
0.00000000E+00   
0.00000000E+00   
0.00000000E+00   
0.00000000E+00   
0.00000000E+00   
0.00000000E+00   
0.00000000E+00   
0.00000000E+00   
0.00000000E+00   
0.00000000E+00   
0.00000000E+00   
0.00000000E+00   
0.00000000E+00   
0.00000000E+00   
0.00000000E+00   
0.00000000E+00   
0.00000000E+00   
0.00000000E+00   
0.00000000E+00   
0.00000000E+00   
0.00000000E+00   
2.46549310E-01   
7.53450690E-01   
0.00000000E+00   
0.00000000E+00   
0.00000000E+00   
0.00000000E+00   
0.00000000E+00   
0.00000000E+00   
0.00000000E+00   
0.00000000E+00   
0.00000000E+00   
0.00000000E+00   
0.00000000E+00   
0.00000000E+00   
0.00000000E+00   
0.00000000E+00   
0.00000000E+00   
0.00000000E+00   
0.00000000E+00   
0.00000000E+00   
0.00000000E+00   
0.00000000E+00   
0.00000000E+00   
0.00000000E+00   
0.00000000E+00   
0.00000000E+00   
0.00000000E+00   
0.00000000E+00   
0.00000000E+00   
0.00000000E+00   
0.00000000E+00   
0.00000000E+00   
0.00000000E+00   
0.00000000E+00   
0.00000000E+00   
0.00000000E+00   
0.00000000E+00   
0.00000000E+00   
0.00000000E+00   
0.00000000E+00   
0.00000000E+00   
0.00000000E+00   
0.00000000E+00   
0.00000000E+00   
0.00000000E+00   
0.00000000E+00   
0.00000000E+00   
0.00000000E+00   
0.00000000E+00   
0.00000000E+00   
0.00000000E+00   
0.00000000E+00   
1.00000000E+00   
0.00000000E+00   
0.00000000E+00   
0.00000000E+00   
0.00000000E+00   
2.69353871E-01   
7.30646129E-01   
0.00000000E+00   
0.00000000E+00   
0.00000000E+00   
0.00000000E+00   
0.00000000E+00   
0.00000000E+00   
0.00000000E+00   
0.00000000E+00   
0.00000000E+00   
0.00000000E+00   
0.00000000E+00   
0.00000000E+00   
0.00000000E+00   
0.00000000E+00   
0.00000000E+00   
0.00000000E+00   
0.00000000E+00   
0.00000000E+00   
0.00000000E+00   
0.00000000E+00   
0.00000000E+00   
0.00000000E+00   
0.00000000E+00   
0.00000000E+00   
1.00000000E+00   
0.00000000E+00   
0.00000000E+00   
0.00000000E+00   
0.00000000E+00   
0.00000000E+00   
0.00000000E+00   
0.00000000E+00   
0.00000000E+00   
0.00000000E+00   
0.00000000E+00   
0.00000000E+00   
0.00000000E+00   
0.00000000E+00   
0.00000000E+00   
0.00000000E+00   
0.00000000E+00   
0.00000000E+00   
0.00000000E+00   
1.00000000E+00   
0.00000000E+00   
0.00000000E+00   
0.00000000E+00   
0.00000000E+00   
0.00000000E+00   
0.00000000E+00   
0.00000000E+00   
0.00000000E+00   
0.00000000E+00   
0.00000000E+00   
0.00000000E+00   
0.00000000E+00   
0.00000000E+00   
0.00000000E+00   
0.00000000E+00   
0.00000000E+00   
0.00000000E+00   
0.00000000E+00   
0.00000000E+00   
0.00000000E+00   
0.00000000E+00   
0.00000000E+00   
0.00000000E+00   
0.00000000E+00   
0.00000000E+00   
0.00000000E+00   
0.00000000E+00   
0.00000000E+00   
0.00000000E+00   
0.00000000E+00   
0.00000000E+00   
0.00000000E+00   
0.00000000E+00   
0.00000000E+00   
0.00000000E+00   
0.00000000E+00   
0.00000000E+00   
0.00000000E+00   
0.00000000E+00   
0.00000000E+00   
0.00000000E+00   
0.00000000E+00   
0.00000000E+00   
0.00000000E+00   
0.00000000E+00   
0.00000000E+00   
0.00000000E+00   
0.00000000E+00   
0.00000000E+00   
0.00000000E+00   
0.00000000E+00   
0.00000000E+00   
0.00000000E+00   
0.00000000E+00   
0.00000000E+00   
0.00000000E+00   
0.00000000E+00   
0.00000000E+00   
0.00000000E+00   
0.00000000E+00   
0.00000000E+00   
0.00000000E+00   
0.00000000E+00   
0.00000000E+00   
0.00000000E+00   
0.00000000E+00   
0.00000000E+00   
0.00000000E+00   
0.00000000E+00   
0.00000000E+00   
0.00000000E+00   
0.00000000E+00   
3.16563313E-01   
6.83436687E-01   
0.00000000E+00   
0.00000000E+00   
0.00000000E+00   
0.00000000E+00   
0.00000000E+00   
3.19363873E-01   
6.80636127E-01   
3.20164033E-01   
6.79835967E-01   
0.00000000E+00   
0.00000000E+00   
0.00000000E+00   
0.00000000E+00   
0.00000000E+00   
0.00000000E+00   
0.00000000E+00   
0.00000000E+00   
0.00000000E+00   
0.00000000E+00   
0.00000000E+00   
0.00000000E+00   
0.00000000E+00   
0.00000000E+00   
1.63282657E+00   
3.36717343E+00   
0.00000000E+00   
0.00000000E+00   
0.00000000E+00   
0.00000000E+00   
0.00000000E+00   
0.00000000E+00   
0.00000000E+00   
0.00000000E+00   
0.00000000E+00   
0.00000000E+00   
0.00000000E+00   
0.00000000E+00   
0.00000000E+00   
0.00000000E+00   
0.00000000E+00   
0.00000000E+00   
0.00000000E+00   
0.00000000E+00   
0.00000000E+00   
0.00000000E+00   
0.00000000E+00   
0.00000000E+00   
0.00000000E+00   
0.00000000E+00   
0.00000000E+00   
0.00000000E+00   
0.00000000E+00   
0.00000000E+00   
0.00000000E+00   
0.00000000E+00   
0.00000000E+00   
0.00000000E+00   
0.00000000E+00   
0.00000000E+00   
0.00000000E+00   
0.00000000E+00   
0.00000000E+00   
0.00000000E+00   
0.00000000E+00   
0.00000000E+00   
0.00000000E+00   
0.00000000E+00   
0.00000000E+00   
0.00000000E+00   
0.00000000E+00   
0.00000000E+00   
0.00000000E+00   
0.00000000E+00   
0.00000000E+00   
0.00000000E+00   
0.00000000E+00   
0.00000000E+00   
0.00000000E+00   
0.00000000E+00   
0.00000000E+00   
0.00000000E+00   
0.00000000E+00   
0.00000000E+00   
0.00000000E+00   
0.00000000E+00   
0.00000000E+00   
0.00000000E+00   
0.00000000E+00   
0.00000000E+00   
0.00000000E+00   
0.00000000E+00   
0.00000000E+00   
0.00000000E+00   
0.00000000E+00   
0.00000000E+00   
0.00000000E+00   
0.00000000E+00   
0.00000000E+00   
0.00000000E+00   
0.00000000E+00   
0.00000000E+00   
0.00000000E+00   
0.00000000E+00   
0.00000000E+00   
0.00000000E+00   
0.00000000E+00   
0.00000000E+00   
0.00000000E+00   
0.00000000E+00   
0.00000000E+00   
0.00000000E+00   
0.00000000E+00   
0.00000000E+00   
0.00000000E+00   
0.00000000E+00   
0.00000000E+00   
0.00000000E+00   
0.00000000E+00   
0.00000000E+00   
0.00000000E+00   
0.00000000E+00   
0.00000000E+00   
0.00000000E+00   
0.00000000E+00   
0.00000000E+00   
0.00000000E+00   
0.00000000E+00   
0.00000000E+00   
0.00000000E+00   
0.00000000E+00   
0.00000000E+00   
0.00000000E+00   
0.00000000E+00   
0.00000000E+00   
0.00000000E+00   
0.00000000E+00   
0.00000000E+00   
0.00000000E+00   
0.00000000E+00   
0.00000000E+00   
0.00000000E+00   
0.00000000E+00   
0.00000000E+00   
0.00000000E+00   
0.00000000E+00   
0.00000000E+00   
0.00000000E+00   
0.00000000E+00   
0.00000000E+00   
0.00000000E+00   
0.00000000E+00   
0.00000000E+00   
0.00000000E+00   
0.00000000E+00   
0.00000000E+00   
0.00000000E+00   
0.00000000E+00   
0.00000000E+00   
0.00000000E+00   
0.00000000E+00   
0.00000000E+00   
0.00000000E+00   
0.00000000E+00   
0.00000000E+00   
0.00000000E+00   
0.00000000E+00   
0.00000000E+00   
0.00000000E+00   
0.00000000E+00   
0.00000000E+00   
0.00000000E+00   
0.00000000E+00   
0.00000000E+00   
0.00000000E+00   
0.00000000E+00   
0.00000000E+00   
0.00000000E+00   
0.00000000E+00   
0.00000000E+00   
0.00000000E+00   
0.00000000E+00   
0.00000000E+00   
0.00000000E+00   
0.00000000E+00   
0.00000000E+00   
0.00000000E+00   
0.00000000E+00   
0.00000000E+00   
0.00000000E+00   
0.00000000E+00   
0.00000000E+00   
0.00000000E+00   
0.00000000E+00   
0.00000000E+00   
0.00000000E+00   
0.00000000E+00   
0.00000000E+00   
0.00000000E+00   
0.00000000E+00   
0.00000000E+00   
0.00000000E+00   
0.00000000E+00   
0.00000000E+00   
0.00000000E+00   
0.00000000E+00   
0.00000000E+00   
0.00000000E+00   
0.00000000E+00   
0.00000000E+00   
0.00000000E+00   
0.00000000E+00   
0.00000000E+00   
0.00000000E+00   
0.00000000E+00   
0.00000000E+00   
0.00000000E+00   
0.00000000E+00   
0.00000000E+00   
0.00000000E+00   
0.00000000E+00   
0.00000000E+00   
0.00000000E+00   
0.00000000E+00   
0.00000000E+00   
0.00000000E+00   
0.00000000E+00   
0.00000000E+00   
0.00000000E+00   
0.00000000E+00   
0.00000000E+00   
0.00000000E+00   
0.00000000E+00   
0.00000000E+00   
0.00000000E+00   
0.00000000E+00   
0.00000000E+00   
0.00000000E+00   
0.00000000E+00   
0.00000000E+00   
0.00000000E+00   
0.00000000E+00   
0.00000000E+00   
0.00000000E+00   
0.00000000E+00   
0.00000000E+00   
0.00000000E+00   
0.00000000E+00   
0.00000000E+00   
0.00000000E+00   
0.00000000E+00   
0.00000000E+00   
0.00000000E+00   
0.00000000E+00   
0.00000000E+00   
0.00000000E+00   
0.00000000E+00   
0.00000000E+00   
0.00000000E+00   
0.00000000E+00   
0.00000000E+00   
0.00000000E+00   
0.00000000E+00   
0.00000000E+00   
0.00000000E+00   
0.00000000E+00   
0.00000000E+00   
0.00000000E+00   
0.00000000E+00   
0.00000000E+00   
0.00000000E+00   
0.00000000E+00   
0.00000000E+00   
0.00000000E+00   
0.00000000E+00   
0.00000000E+00   
0.00000000E+00   
0.00000000E+00   
0.00000000E+00   
0.00000000E+00   
0.00000000E+00   
0.00000000E+00   
0.00000000E+00   
0.00000000E+00   
0.00000000E+00   
0.00000000E+00   
0.00000000E+00   
0.00000000E+00   
0.00000000E+00   
0.00000000E+00   
0.00000000E+00   
0.00000000E+00   
0.00000000E+00   
0.00000000E+00   
0.00000000E+00   
0.00000000E+00   
0.00000000E+00   
0.00000000E+00   
0.00000000E+00   
0.00000000E+00   
0.00000000E+00   
0.00000000E+00   
0.00000000E+00   
0.00000000E+00   
0.00000000E+00   
0.00000000E+00   
0.00000000E+00   
0.00000000E+00   
0.00000000E+00   
0.00000000E+00   
0.00000000E+00   
0.00000000E+00   
0.00000000E+00   
0.00000000E+00   
0.00000000E+00   
0.00000000E+00   
0.00000000E+00   
0.00000000E+00   
0.00000000E+00   
0.00000000E+00   
0.00000000E+00   
0.00000000E+00   
0.00000000E+00   
0.00000000E+00   
0.00000000E+00   
0.00000000E+00   
0.00000000E+00   
0.00000000E+00   
0.00000000E+00   
0.00000000E+00   
0.00000000E+00   
0.00000000E+00   
0.00000000E+00   
0.00000000E+00   
0.00000000E+00   
0.00000000E+00   
0.00000000E+00   
0.00000000E+00   
0.00000000E+00   
0.00000000E+00   
0.00000000E+00   
0.00000000E+00   
0.00000000E+00   
0.00000000E+00   
0.00000000E+00   
0.00000000E+00   
0.00000000E+00   
0.00000000E+00   
0.00000000E+00   
0.00000000E+00   
0.00000000E+00   
0.00000000E+00   
0.00000000E+00   
0.00000000E+00   
0.00000000E+00   
0.00000000E+00   
0.00000000E+00   
0.00000000E+00   
0.00000000E+00   
0.00000000E+00   
0.00000000E+00   
0.00000000E+00   
0.00000000E+00   
0.00000000E+00   
0.00000000E+00   
0.00000000E+00   
0.00000000E+00   
0.00000000E+00   
0.00000000E+00   
0.00000000E+00   
0.00000000E+00   
0.00000000E+00   
0.00000000E+00   
0.00000000E+00   
0.00000000E+00   
0.00000000E+00   
0.00000000E+00   
0.00000000E+00   
0.00000000E+00   
0.00000000E+00   
0.00000000E+00   
0.00000000E+00   
0.00000000E+00   
0.00000000E+00   
0.00000000E+00   
0.00000000E+00   
0.00000000E+00   
0.00000000E+00   
0.00000000E+00   
0.00000000E+00   
0.00000000E+00   
0.00000000E+00   
0.00000000E+00   
0.00000000E+00   
0.00000000E+00   
0.00000000E+00   
0.00000000E+00   
0.00000000E+00   
0.00000000E+00   
0.00000000E+00   
0.00000000E+00   
0.00000000E+00   
0.00000000E+00   
0.00000000E+00   
0.00000000E+00   
0.00000000E+00   
0.00000000E+00   
0.00000000E+00   
0.00000000E+00   
0.00000000E+00   
0.00000000E+00   
0.00000000E+00   
0.00000000E+00   
0.00000000E+00   
0.00000000E+00   
0.00000000E+00   
0.00000000E+00   
0.00000000E+00   
0.00000000E+00   
0.00000000E+00   
0.00000000E+00   
0.00000000E+00   
0.00000000E+00   
0.00000000E+00   
0.00000000E+00   
0.00000000E+00   
0.00000000E+00   
0.00000000E+00   
0.00000000E+00   
0.00000000E+00   
0.00000000E+00   
0.00000000E+00   
0.00000000E+00   
0.00000000E+00   
0.00000000E+00   
0.00000000E+00   
0.00000000E+00   
0.00000000E+00   
0.00000000E+00   
0.00000000E+00   
0.00000000E+00   
0.00000000E+00   
0.00000000E+00   
0.00000000E+00   
0.00000000E+00   
0.00000000E+00   
0.00000000E+00   
0.00000000E+00   
0.00000000E+00   
0.00000000E+00   
0.00000000E+00   
0.00000000E+00   
0.00000000E+00   
0.00000000E+00   
0.00000000E+00   
0.00000000E+00   
0.00000000E+00   
0.00000000E+00   
0.00000000E+00   
!IDEND=

