!FILE=Disk 
!KIND=Spectrum 
!LABORATORY=Oslo Cyclotron Laboratory (OCL) 
!EXPERIMENT= oslo_method_python 
!COMMENT=Made by OMpy 
!TIME=DATE:08-Sep-20 09:58:13   
!CALIBRATION EkeV=6, 0.000000E+00, 2.000400E+00, 0.000000E+00 
!PRECISION=16 
!DIMENSION=1,0:4999 
!CHANNEL=(0:4999) 
3.73551010E+02   
5.10094819E+02   
5.47664233E+02   
6.56698240E+02   
6.76138028E+02   
7.25641428E+02   
7.41153631E+02   
7.62719844E+02   
8.16270454E+02   
8.28619024E+02   
8.61331266E+02   
8.77748250E+02   
9.27105221E+02   
9.50470494E+02   
9.77567013E+02   
1.01011912E+03   
1.13581786E+03   
1.11209882E+03   
1.21364283E+03   
1.29512012E+03   
1.28348080E+03   
1.42322675E+03   
1.43305801E+03   
1.55814663E+03   
1.72725945E+03   
1.83172424E+03   
1.90717524E+03   
2.15594369E+03   
2.41485847E+03   
2.51218134E+03   
2.63689578E+03   
2.73872635E+03   
2.98467864E+03   
3.05227185E+03   
3.24139928E+03   
3.27826545E+03   
3.41087778E+03   
3.58247890E+03   
3.66104551E+03   
3.83111792E+03   
3.79640468E+03   
3.90448840E+03   
4.05078416E+03   
4.09216833E+03   
4.18440738E+03   
4.15889918E+03   
4.21141798E+03   
4.20375225E+03   
4.26382406E+03   
4.36384537E+03   
4.41548250E+03   
4.44663993E+03   
4.56713953E+03   
4.55684917E+03   
4.56287688E+03   
4.56163923E+03   
4.48168194E+03   
4.43965683E+03   
4.54519984E+03   
4.60106691E+03   
4.61467554E+03   
4.63850430E+03   
4.59637347E+03   
4.57357491E+03   
4.48775735E+03   
4.48026245E+03   
4.56636617E+03   
4.54068054E+03   
4.44046219E+03   
4.42824165E+03   
4.44094039E+03   
4.46095909E+03   
4.36946439E+03   
4.38217524E+03   
4.29451370E+03   
4.33277275E+03   
4.32243009E+03   
4.27328436E+03   
4.37645269E+03   
4.24842098E+03   
4.25482486E+03   
4.20683687E+03   
4.23265573E+03   
4.30298720E+03   
4.26282947E+03   
4.35188738E+03   
4.28642458E+03   
4.25501330E+03   
4.42015293E+03   
4.29466993E+03   
4.31600650E+03   
4.18661872E+03   
4.27481186E+03   
4.12734467E+03   
4.26564663E+03   
4.18206661E+03   
4.10122394E+03   
4.03866123E+03   
4.06149380E+03   
3.90046909E+03   
3.98414643E+03   
3.99336147E+03   
3.77274665E+03   
3.72237217E+03   
3.74104571E+03   
3.73925365E+03   
3.70850160E+03   
3.64029676E+03   
3.58192639E+03   
3.56799720E+03   
3.38481786E+03   
3.36037728E+03   
3.44739138E+03   
3.39886857E+03   
3.35556571E+03   
3.27687888E+03   
3.32459562E+03   
3.36225235E+03   
3.23639648E+03   
3.13443609E+03   
3.13329516E+03   
3.17776185E+03   
3.04785977E+03   
3.02212743E+03   
3.06373765E+03   
3.16987207E+03   
3.12039808E+03   
3.13789218E+03   
3.13841618E+03   
3.13454981E+03   
3.02819764E+03   
2.98869244E+03   
2.88401020E+03   
2.96674505E+03   
2.91191118E+03   
2.88543699E+03   
2.89123855E+03   
2.89994979E+03   
2.79748120E+03   
2.79633947E+03   
2.81992008E+03   
2.77939398E+03   
2.73303001E+03   
2.75793389E+03   
2.71511522E+03   
2.66564603E+03   
2.77227536E+03   
2.67748430E+03   
2.62954681E+03   
2.63484737E+03   
2.58968384E+03   
2.66268674E+03   
2.63692108E+03   
2.55054111E+03   
2.47869844E+03   
2.44779686E+03   
2.50318654E+03   
2.48091788E+03   
2.41314873E+03   
2.42036947E+03   
2.43281646E+03   
2.31117473E+03   
2.40018444E+03   
2.43397069E+03   
2.41586547E+03   
2.31328926E+03   
2.32297289E+03   
2.29864113E+03   
2.29626295E+03   
2.16785757E+03   
2.09757391E+03   
2.02536927E+03   
2.06315373E+03   
2.04611672E+03   
1.96519824E+03   
1.92711892E+03   
1.99780486E+03   
1.89283267E+03   
1.92838048E+03   
1.92482486E+03   
1.88250280E+03   
1.85843199E+03   
1.77387668E+03   
1.81723825E+03   
1.83722454E+03   
1.77576355E+03   
1.72404041E+03   
1.80432036E+03   
1.80633017E+03   
1.67450310E+03   
1.70651230E+03   
1.74225595E+03   
1.63987357E+03   
1.70061862E+03   
1.65300870E+03   
1.60306921E+03   
1.70941578E+03   
1.66630546E+03   
1.63909542E+03   
1.56574715E+03   
1.62536587E+03   
1.55197870E+03   
1.56954131E+03   
1.59284937E+03   
1.58108942E+03   
1.51828596E+03   
1.53538238E+03   
1.55404831E+03   
1.53264933E+03   
1.43695699E+03   
1.47137257E+03   
1.46492248E+03   
1.46224585E+03   
1.42565663E+03   
1.46624095E+03   
1.47801320E+03   
1.43443439E+03   
1.44083197E+03   
1.49105071E+03   
1.45304601E+03   
1.48182697E+03   
1.39998300E+03   
1.40163213E+03   
1.38181416E+03   
1.45233387E+03   
1.36570014E+03   
1.33104711E+03   
1.34831096E+03   
1.38424515E+03   
1.33630946E+03   
1.30529616E+03   
1.27799620E+03   
1.32254921E+03   
1.28368214E+03   
1.30385747E+03   
1.33003171E+03   
1.30806501E+03   
1.29266403E+03   
1.28456261E+03   
1.27582266E+03   
1.27853281E+03   
1.22154871E+03   
1.21781006E+03   
1.24848080E+03   
1.20881806E+03   
1.23245179E+03   
1.22809632E+03   
1.20342358E+03   
1.20501120E+03   
1.18965403E+03   
1.19544089E+03   
1.22301260E+03   
1.22125975E+03   
9.20719014E+02   
8.53570714E+02   
8.53570714E+02   
8.53570714E+02   
8.53570714E+02   
7.38498390E+02   
4.93228146E+02   
5.59274655E+02   
5.02198940E+02   
4.94331166E+02   
5.44574715E+02   
4.87776355E+02   
4.92852070E+02   
4.73486197E+02   
4.77485397E+02   
5.02595919E+02   
5.03235047E+02   
4.89486197E+02   
4.75050910E+02   
5.06843869E+02   
4.81387277E+02   
4.65900280E+02   
5.25476195E+02   
5.04905581E+02   
5.13424685E+02   
4.99711842E+02   
4.86487397E+02   
4.72752150E+02   
4.90508602E+02   
5.00001300E+02   
4.78654031E+02   
4.59439788E+02   
4.52967694E+02   
4.62085617E+02   
4.60001100E+02   
4.61632827E+02   
4.46233047E+02   
4.33021504E+02   
4.45287658E+02   
4.82422785E+02   
4.71087518E+02   
4.52883677E+02   
4.32055111E+02   
4.57891678E+02   
4.43662933E+02   
4.62377776E+02   
4.41232947E+02   
4.49230546E+02   
4.25813763E+02   
4.40187838E+02   
4.30811362E+02   
4.14161432E+02   
4.23609022E+02   
4.23485197E+02   
4.11200340E+02   
4.34995299E+02   
4.62031806E+02   
4.31750050E+02   
4.30697840E+02   
4.01461392E+02   
4.05710642E+02   
3.99208542E+02   
4.03953691E+02   
3.77443189E+02   
3.98246749E+02   
4.03813363E+02   
4.02455791E+02   
3.53659832E+02   
4.06249350E+02   
4.21453391E+02   
3.90229146E+02   
3.82299760E+02   
3.74440588E+02   
4.14466693E+02   
3.96829266E+02   
3.79963793E+02   
3.46131126E+02   
3.43341268E+02   
3.97118724E+02   
3.45247550E+02   
3.52497199E+02   
3.66348470E+02   
3.55662733E+02   
3.44533107E+02   
3.45055311E+02   
3.40813863E+02   
3.40705041E+02   
3.72702841E+02   
4.05712543E+02   
3.64793459E+02   
3.77619324E+02   
3.70795559E+02   
3.47643829E+02   
3.21363073E+02   
3.21038508E+02   
3.42875675E+02   
3.40075115E+02   
3.05261952E+02   
3.26937788E+02   
2.91854471E+02   
2.99547610E+02   
3.25524405E+02   
3.24531906E+02   
2.95410182E+02   
2.89630926E+02   
3.14212643E+02   
2.81545609E+02   
2.91057612E+02   
2.87123725E+02   
2.81411382E+02   
2.73801160E+02   
2.79185837E+02   
2.74473495E+02   
2.89643329E+02   
2.87117323E+02   
2.80531506E+02   
3.03048110E+02   
2.64109722E+02   
2.87025805E+02   
2.73623825E+02   
2.83849170E+02   
2.71616423E+02   
2.59254051E+02   
2.88203141E+02   
2.71055211E+02   
2.70495199E+02   
2.84570714E+02   
2.64664033E+02   
2.84669834E+02   
2.87589918E+02   
2.68926385E+02   
2.60624425E+02   
2.42470794E+02   
2.33047610E+02   
2.54768354E+02   
2.57435487E+02   
2.46627325E+02   
2.71858972E+02   
2.62517804E+02   
2.23507401E+02   
2.33247650E+02   
2.66444389E+02   
2.35704641E+02   
2.44729546E+02   
2.19023105E+02   
2.26452891E+02   
2.17785057E+02   
2.27224145E+02   
2.24708642E+02   
2.27777055E+02   
2.43288358E+02   
2.23843169E+02   
2.15649430E+02   
2.36033507E+02   
2.31394679E+02   
2.29660132E+02   
2.20438788E+02   
2.37387077E+02   
2.25725345E+02   
2.29004901E+02   
2.25382176E+02   
2.05072214E+02   
2.22020904E+02   
2.39382176E+02   
2.03375075E+02   
2.18715943E+02   
2.38730946E+02   
2.38692038E+02   
2.29062913E+02   
2.08653931E+02   
2.19757652E+02   
2.11338168E+02   
2.12040808E+02   
1.89675735E+02   
1.88721744E+02   
2.21110722E+02   
2.14608522E+02   
2.28120724E+02   
2.00608422E+02   
2.25093719E+02   
2.02447790E+02   
2.04567714E+02   
2.12407582E+02   
2.01665233E+02   
1.93786757E+02   
1.84364973E+02   
1.91281656E+02   
1.93007301E+02   
1.94597419E+02   
2.14845469E+02   
1.94338968E+02   
1.85880576E+02   
2.11581016E+02   
1.88965393E+02   
1.95615523E+02   
1.83774655E+02   
1.60674735E+02   
1.69754551E+02   
1.82632026E+02   
1.95886677E+02   
1.95268354E+02   
1.61308262E+02   
1.81949790E+02   
2.01040408E+02   
1.71160932E+02   
1.54085517E+02   
1.71617223E+02   
1.59455591E+02   
1.86351770E+02   
1.90201340E+02   
1.63016303E+02   
1.98947890E+02   
1.73409682E+02   
1.82038008E+02   
1.61671334E+02   
1.76404681E+02   
1.78477195E+02   
1.62651730E+02   
1.42457792E+02   
1.85607822E+02   
1.69479996E+02   
1.65104321E+02   
1.68992198E+02   
1.66123225E+02   
1.70374675E+02   
1.78185437E+02   
1.56045309E+02   
1.70571914E+02   
1.54877075E+02   
1.71266953E+02   
1.78806961E+02   
1.52708742E+02   
1.87576515E+02   
1.86124525E+02   
1.91424485E+02   
1.79730646E+02   
1.71381376E+02   
1.96171034E+02   
1.70857772E+02   
1.48973695E+02   
1.46332567E+02   
1.67195039E+02   
1.66562412E+02   
1.65221844E+02   
1.42042008E+02   
1.70814963E+02   
1.68139128E+02   
1.71430886E+02   
1.56735047E+02   
1.64836567E+02   
1.71944089E+02   
1.70614723E+02   
1.70947690E+02   
1.60197840E+02   
1.75932587E+02   
1.51532707E+02   
1.50326165E+02   
1.67410182E+02   
1.54172234E+02   
1.69441688E+02   
1.54218144E+02   
1.57729146E+02   
1.66506101E+02   
1.84155931E+02   
1.60845669E+02   
1.42787357E+02   
1.72984497E+02   
1.36909882E+02   
1.42777155E+02   
1.45483597E+02   
1.40377876E+02   
1.51546209E+02   
1.43968994E+02   
1.49899280E+02   
1.34163133E+02   
1.42762553E+02   
1.36486697E+02   
1.37297459E+02   
1.54152831E+02   
1.36465193E+02   
1.48168734E+02   
1.45454191E+02   
1.40319864E+02   
1.43026905E+02   
1.48312162E+02   
1.29880476E+02   
1.46899880E+02   
1.36881276E+02   
1.36445589E+02   
1.45177936E+02   
1.35484997E+02   
1.39595919E+02   
1.36721344E+02   
1.59591118E+02   
1.29837167E+02   
1.40865273E+02   
1.37259752E+02   
1.43547009E+02   
1.44628826E+02   
1.33027606E+02   
1.42913383E+02   
1.43194739E+02   
1.30308162E+02   
1.36080916E+02   
1.32025605E+02   
1.38919384E+02   
1.30474895E+02   
1.29303761E+02   
1.43752250E+02   
1.28928186E+02   
1.41971594E+02   
1.13925785E+02   
1.34465193E+02   
1.29856171E+02   
1.36112923E+02   
1.41844069E+02   
1.35746749E+02   
1.33857872E+02   
1.30727245E+02   
1.30936587E+02   
1.19210342E+02   
1.19781356E+02   
1.08074315E+02   
1.31520404E+02   
1.21447790E+02   
1.18023605E+02   
1.25537608E+02   
1.27635327E+02   
1.38293759E+02   
1.32759052E+02   
1.37627425E+02   
1.37094619E+02   
1.28559912E+02   
1.41374075E+02   
1.41356371E+02   
1.45616923E+02   
1.29461192E+02   
1.17538208E+02   
1.25189038E+02   
1.34605621E+02   
1.22280256E+02   
1.08923985E+02   
1.24641928E+02   
1.31316063E+02   
1.25680936E+02   
1.10282557E+02   
9.75825165E+01   
9.97594519E+01   
1.27685437E+02   
1.19505301E+02   
1.02316763E+02   
1.13440488E+02   
1.17314763E+02   
1.11766653E+02   
1.20080016E+02   
1.02303961E+02   
1.11457692E+02   
1.19301960E+02   
1.30701640E+02   
1.11791258E+02   
1.35734247E+02   
1.25586917E+02   
1.27246949E+02   
1.23519304E+02   
1.34532707E+02   
1.41995399E+02   
1.14578116E+02   
1.13756251E+02   
1.02549910E+02   
1.02003201E+02   
1.19270954E+02   
1.09283157E+02   
1.11270554E+02   
1.09271954E+02   
1.24765853E+02   
1.07020404E+02   
1.05779656E+02   
1.13792659E+02   
1.20252150E+02   
1.10528506E+02   
1.26297359E+02   
1.15733647E+02   
1.14301360E+02   
1.15288358E+02   
1.14025605E+02   
1.08182937E+02   
1.21356571E+02   
1.06681036E+02   
9.32355471E+01   
1.01587317E+02   
1.20565513E+02   
1.14359572E+02   
1.05686837E+02   
1.15988598E+02   
1.15503501E+02   
9.27424485E+01   
1.09137828E+02   
1.23106421E+02   
1.21378476E+02   
1.13172535E+02   
9.98256651E+01   
1.10544109E+02   
9.56854371E+01   
1.15407582E+02   
1.03287858E+02   
1.37757752E+02   
1.13495099E+02   
1.00607522E+02   
1.15789058E+02   
1.11549010E+02   
9.23151630E+01   
9.93175635E+01   
9.46574315E+01   
1.15984897E+02   
1.04120124E+02   
1.06554911E+02   
1.06860072E+02   
1.05340268E+02   
8.79441888E+01   
1.26474495E+02   
1.18946089E+02   
1.14258252E+02   
1.05092519E+02   
1.05791858E+02   
9.49610922E+01   
1.04396479E+02   
1.04197640E+02   
9.69473895E+01   
8.83780756E+01   
1.01022004E+02   
1.00022004E+02   
8.61880376E+01   
9.81134227E+01   
1.00313863E+02   
1.01247750E+02   
9.37169434E+01   
1.27517403E+02   
1.02504101E+02   
1.09244549E+02   
9.68043609E+01   
9.99019804E+01   
1.08578216E+02   
9.95769154E+01   
1.27693139E+02   
9.34309862E+01   
9.59243849E+01   
1.08935587E+02   
1.06341668E+02   
9.94594919E+01   
1.01392679E+02   
1.03177135E+02   
9.64901980E+01   
9.84554911E+01   
8.96712342E+01   
1.09499400E+02   
8.47531506E+01   
1.06072314E+02   
1.16373975E+02   
9.70991198E+01   
8.93008602E+01   
9.43144629E+01   
8.56580316E+01   
9.63731746E+01   
8.87355471E+01   
1.14268554E+02   
1.09192539E+02   
9.15322064E+01   
1.06231746E+02   
8.90763153E+01   
9.69160832E+01   
1.10750450E+02   
9.75457091E+01   
1.06921784E+02   
1.01069914E+02   
9.51553311E+01   
1.08550410E+02   
1.04398580E+02   
1.04434687E+02   
1.02396379E+02   
1.00123725E+02   
7.84266853E+01   
1.05859272E+02   
1.06874475E+02   
1.02813863E+02   
9.84294859E+01   
9.20188038E+01   
1.02773255E+02   
8.78755751E+01   
8.06276255E+01   
1.05581116E+02   
9.74389878E+01   
9.46034207E+01   
1.01222945E+02   
8.76382276E+01   
7.84221844E+01   
9.52025405E+01   
9.28209642E+01   
9.16180236E+01   
9.42169434E+01   
9.00225045E+01   
9.74308862E+01   
1.09616823E+02   
8.96031206E+01   
9.76499300E+01   
1.13022805E+02   
1.25860872E+02   
9.53808762E+01   
9.55883177E+01   
8.65819164E+01   
8.82109422E+01   
8.93193639E+01   
9.31001200E+01   
9.84648930E+01   
8.72446489E+01   
9.12125425E+01   
7.89818964E+01   
1.07672234E+02   
1.04294359E+02   
9.91716343E+01   
9.41668334E+01   
9.25431086E+01   
8.74451890E+01   
9.18783757E+01   
1.05693839E+02   
8.47224445E+01   
8.27152430E+01   
9.39452891E+01   
9.02720544E+01   
8.65790158E+01   
9.03934787E+01   
9.87130426E+01   
9.27661532E+01   
7.98773755E+01   
8.30893179E+01   
8.61276255E+01   
9.74619924E+01   
9.66485297E+01   
8.88338668E+01   
8.01180236E+01   
1.00552110E+02   
8.71140228E+01   
8.62878576E+01   
8.81997399E+01   
9.69295859E+01   
7.48293659E+01   
9.27522505E+01   
8.17393479E+01   
9.49387878E+01   
8.81989398E+01   
7.94506901E+01   
1.00123325E+02   
1.01236647E+02   
9.57993599E+01   
7.48406681E+01   
9.41337267E+01   
9.68449690E+01   
8.94855971E+01   
9.62578516E+01   
7.72465493E+01   
8.61913383E+01   
6.98414683E+01   
8.34939988E+01   
7.70600120E+01   
9.22018404E+01   
1.17678136E+02   
9.39226845E+01   
8.90860172E+01   
1.00985197E+02   
1.07989998E+02   
9.25588118E+01   
7.00400080E+01   
8.25040008E+01   
7.38458692E+01   
9.43386677E+01   
8.56933387E+01   
7.80272054E+01   
7.95092018E+01   
1.02176135E+02   
8.83474695E+01   
8.61853371E+01   
8.78514703E+01   
9.18522705E+01   
7.43390678E+01   
9.18558712E+01   
8.16757351E+01   
9.38754751E+01   
7.76609322E+01   
7.71793359E+01   
9.27085417E+01   
8.33442689E+01   
9.35052010E+01   
9.08814763E+01   
7.50921184E+01   
9.29462893E+01   
9.16629326E+01   
7.51781356E+01   
8.75760152E+01   
7.25349070E+01   
7.63746749E+01   
7.85368074E+01   
7.84903981E+01   
8.35904181E+01   
8.69130826E+01   
8.13799760E+01   
7.73862773E+01   
8.45460092E+01   
7.19535907E+01   
8.02357471E+01   
7.71717343E+01   
8.80864173E+01   
8.38638728E+01   
8.30977195E+01   
8.04771954E+01   
7.70948190E+01   
7.86289258E+01   
7.59307862E+01   
9.33397680E+01   
7.42314463E+01   
6.34683937E+01   
8.59001800E+01   
7.97714543E+01   
8.92661532E+01   
9.11685337E+01   
7.51677335E+01   
8.16562312E+01   
7.78253651E+01   
8.64611922E+01   
8.31292258E+01   
7.73126625E+01   
7.83110622E+01   
7.94559912E+01   
7.67458492E+01   
9.31187237E+01   
8.00357071E+01   
8.90156031E+01   
6.85937187E+01   
8.04285857E+01   
8.74495899E+01   
7.48771754E+01   
8.47289458E+01   
7.27305461E+01   
8.64478896E+01   
9.35928186E+01   
7.52804561E+01   
8.38988798E+01   
1.02613523E+02   
9.45451090E+01   
7.92731546E+01   
7.37333467E+01   
5.84295859E+01   
8.99639928E+01   
8.58160632E+01   
8.89133827E+01   
8.89796959E+01   
7.91940388E+01   
8.18371674E+01   
7.81517303E+01   
7.62367473E+01   
8.52523505E+01   
7.46914383E+01   
6.83421684E+01   
7.57604521E+01   
7.36104221E+01   
8.09461892E+01   
7.28135627E+01   
7.92786557E+01   
8.12951590E+01   
5.71256251E+01   
6.58802761E+01   
7.98810762E+01   
7.61429286E+01   
8.79299860E+01   
7.71481296E+01   
7.91127225E+01   
7.12125425E+01   
8.46002200E+01   
1.02146529E+02   
8.22734547E+01   
7.82718544E+01   
7.95241048E+01   
7.71413283E+01   
6.76450290E+01   
6.97609522E+01   
7.55119024E+01   
8.76406281E+01   
7.86380276E+01   
7.36416283E+01   
8.77779556E+01   
7.30192038E+01   
8.85275055E+01   
7.89811962E+01   
8.03807762E+01   
6.06480296E+01   
7.97717544E+01   
8.62896579E+01   
8.89328866E+01   
7.39431886E+01   
6.13739748E+01   
6.92522505E+01   
7.65371074E+01   
7.17255451E+01   
8.50670134E+01   
8.70734147E+01   
6.95436087E+01   
6.39485897E+01   
8.42621524E+01   
8.33643729E+01   
7.34361872E+01   
9.87861572E+01   
8.55579116E+01   
7.88208642E+01   
6.89293859E+01   
8.35583117E+01   
8.91281256E+01   
7.30144029E+01   
7.63392679E+01   
7.54743949E+01   
8.03357672E+01   
8.52402480E+01   
7.70168034E+01   
8.41273255E+01   
7.89062813E+01   
8.11265253E+01   
5.57655531E+01   
7.81583317E+01   
9.04741948E+01   
9.25594119E+01   
7.65554111E+01   
7.62294459E+01   
8.17309462E+01   
6.70427085E+01   
8.00561112E+01   
6.50720144E+01   
8.73788758E+01   
8.16492298E+01   
7.33771754E+01   
8.40761152E+01   
8.13279656E+01   
6.50156031E+01   
8.77068414E+01   
8.01193239E+01   
6.97312462E+01   
7.31998400E+01   
7.60300060E+01   
8.30036007E+01   
8.73183637E+01   
7.89154831E+01   
5.89134827E+01   
7.02110422E+01   
6.74072815E+01   
7.21233247E+01   
9.07380476E+01   
7.19959992E+01   
7.03772755E+01   
6.57492498E+01   
8.11457291E+01   
8.92102420E+01   
8.05915183E+01   
8.74428886E+01   
7.70172034E+01   
7.86788358E+01   
7.97320464E+01   
6.48590718E+01   
7.55454091E+01   
6.31069214E+01   
6.74761952E+01   
6.80904181E+01   
8.26487297E+01   
7.99303861E+01   
7.85586117E+01   
7.94720944E+01   
7.50990198E+01   
7.12950590E+01   
6.85519104E+01   
8.37687538E+01   
7.39928986E+01   
8.17504501E+01   
6.70686137E+01   
6.83126625E+01   
6.48835767E+01   
7.77126425E+01   
8.19302861E+01   
7.92739548E+01   
7.62715543E+01   
6.43540708E+01   
7.73366673E+01   
6.02683537E+01   
8.49310862E+01   
7.48483697E+01   
6.16795359E+01   
6.66002200E+01   
7.10969194E+01   
7.94423885E+01   
7.57732547E+01   
8.99374875E+01   
6.54680936E+01   
8.40502100E+01   
7.71758352E+01   
6.13639728E+01   
7.36672334E+01   
7.90941188E+01   
6.74057812E+01   
7.86246249E+01   
6.64017804E+01   
6.63977796E+01   
6.93990798E+01   
6.70905181E+01   
4.72254451E+01   
7.32000400E+01   
8.13917784E+01   
7.97916583E+01   
7.74975995E+01   
7.41249250E+01   
8.45733147E+01   
6.81614323E+01   
6.79422885E+01   
7.11594319E+01   
7.75124025E+01   
6.72295459E+01   
7.09466893E+01   
7.24394879E+01   
6.51542308E+01   
6.65252050E+01   
6.25012002E+01   
6.21510302E+01   
7.16698340E+01   
7.09462893E+01   
6.93533707E+01   
6.69454891E+01   
6.00132026E+01   
7.14122825E+01   
6.86802360E+01   
7.10128026E+01   
6.41434287E+01   
7.94277856E+01   
7.48220644E+01   
6.57861572E+01   
8.33111622E+01   
6.45229046E+01   
6.70761152E+01   
7.23876775E+01   
8.27062412E+01   
6.81913383E+01   
6.03177636E+01   
7.11564313E+01   
7.40148030E+01   
7.20749150E+01   
6.84323865E+01   
6.52405481E+01   
7.40757151E+01   
8.35483097E+01   
5.92399480E+01   
6.48957792E+01   
7.54961992E+01   
6.62432486E+01   
6.90705141E+01   
7.42380476E+01   
7.26220244E+01   
7.66276255E+01   
7.16765353E+01   
6.24488898E+01   
6.23602721E+01   
6.25515103E+01   
6.95839168E+01   
8.11194239E+01   
7.27502501E+01   
6.73795759E+01   
8.14431886E+01   
6.91703341E+01   
7.74733947E+01   
7.22034407E+01   
7.71182236E+01   
7.31663333E+01   
6.04597920E+01   
4.86482296E+01   
6.60855171E+01   
7.54855971E+01   
6.96394279E+01   
6.81086217E+01   
6.38724745E+01   
6.93864773E+01   
6.19189838E+01   
8.01435287E+01   
5.90617123E+01   
7.25164033E+01   
6.40593119E+01   
7.41467293E+01   
8.07072414E+01   
6.94057812E+01   
8.25833167E+01   
7.94414883E+01   
7.19702941E+01   
6.10962192E+01   
6.58880776E+01   
6.49313863E+01   
7.29329866E+01   
6.73356671E+01   
8.51777355E+01   
6.00420084E+01   
7.85038008E+01   
7.79377876E+01   
8.04439888E+01   
6.27757552E+01   
6.40882176E+01   
6.89758952E+01   
6.38306661E+01   
7.69429886E+01   
7.01945389E+01   
5.91552310E+01   
8.06982396E+01   
6.53610722E+01   
6.69437888E+01   
7.00465093E+01   
8.17459492E+01   
6.22130426E+01   
6.78181636E+01   
5.25293059E+01   
5.58506701E+01   
6.19172835E+01   
7.76106221E+01   
6.82311462E+01   
7.59846969E+01   
6.61934387E+01   
8.66318264E+01   
6.12781556E+01   
7.02994599E+01   
7.56450290E+01   
7.10710142E+01   
6.59874975E+01   
7.39075815E+01   
7.22288458E+01   
7.60397079E+01   
7.29360872E+01   
6.32421484E+01   
6.69111822E+01   
6.20614123E+01   
7.88187638E+01   
6.80622124E+01   
7.26877375E+01   
8.50654131E+01   
8.12438488E+01   
6.70590118E+01   
7.09054811E+01   
6.31864373E+01   
5.80755151E+01   
6.59910982E+01   
7.58310662E+01   
7.59367874E+01   
8.11137227E+01   
6.71286257E+01   
7.09202841E+01   
8.69061812E+01   
7.01942388E+01   
4.81862372E+01   
5.80261052E+01   
6.07942589E+01   
5.81750350E+01   
7.16802360E+01   
5.83856771E+01   
8.08150630E+01   
6.71010202E+01   
7.38705741E+01   
6.61115223E+01   
7.79329866E+01   
8.30797159E+01   
7.29756951E+01   
6.40870174E+01   
7.39183837E+01   
7.60717143E+01   
6.69586917E+01   
5.50572114E+01   
6.60035007E+01   
7.69751950E+01   
7.19969994E+01   
8.40164033E+01   
8.99908982E+01   
7.60014003E+01   
8.10646129E+01   
6.30379076E+01   
6.41045209E+01   
7.19055811E+01   
7.90465093E+01   
6.60425085E+01   
6.99695939E+01   
6.60250050E+01   
7.39963993E+01   
6.50488098E+01   
7.59942989E+01   
8.20082016E+01   
8.00011002E+01   
6.30451090E+01   
4.90321064E+01   
6.49908982E+01   
7.50075015E+01   
7.30250050E+01   
6.50110022E+01   
8.00116023E+01   
6.90152030E+01   
7.20179036E+01   
7.10043009E+01   
7.90225045E+01   
6.80072014E+01   
6.99947990E+01   
5.60019004E+01   
6.30150030E+01   
6.40376075E+01   
6.39971994E+01   
6.30456091E+01   
6.59767954E+01   
7.80112022E+01   
5.40552110E+01   
7.59966993E+01   
7.10132026E+01   
6.90869174E+01   
7.19962993E+01   
7.99713943E+01   
6.79902981E+01   
6.80460092E+01   
6.29534907E+01   
5.80662132E+01   
6.49759952E+01   
6.70421084E+01   
6.29105821E+01   
5.61487297E+01   
8.09148830E+01   
6.10572114E+01   
7.51199240E+01   
7.59794959E+01   
6.09262853E+01   
6.90779156E+01   
6.60144029E+01   
6.99587918E+01   
6.00271054E+01   
6.41308262E+01   
7.30466093E+01   
6.69551910E+01   
7.78724745E+01   
5.83054611E+01   
8.27185437E+01   
6.29435887E+01   
7.70279056E+01   
6.31182236E+01   
6.49582917E+01   
8.01055211E+01   
6.31286257E+01   
6.76653331E+01   
4.11485297E+01   
6.02556511E+01   
6.87476495E+01   
6.02226445E+01   
6.41876375E+01   
8.38216643E+01   
6.69705941E+01   
7.59008802E+01   
6.11048210E+01   
6.18024605E+01   
5.69625925E+01   
4.75686137E+01   
8.46482296E+01   
6.50881176E+01   
6.60395079E+01   
7.37553511E+01   
6.41682336E+01   
6.80395079E+01   
7.52300460E+01   
7.50714143E+01   
7.16823365E+01   
6.00407081E+01   
6.38405681E+01   
6.74469894E+01   
8.17508502E+01   
6.29529906E+01   
6.31635327E+01   
6.20754151E+01   
6.49836967E+01   
6.87938588E+01   
5.63306661E+01   
7.27894579E+01   
6.69800960E+01   
6.92772555E+01   
7.57810562E+01   
7.08771754E+01   
5.55944189E+01   
7.94973995E+01   
7.40822164E+01   
5.41193239E+01   
6.72294459E+01   
7.14717944E+01   
5.22673535E+01   
6.10132026E+01   
6.51632326E+01   
7.68631726E+01   
6.52813563E+01   
6.86289258E+01   
6.75595119E+01   
8.75040008E+01   
5.99724945E+01   
6.30926185E+01   
6.33384677E+01   
7.03582717E+01   
4.44661932E+01   
6.90559112E+01   
6.60990198E+01   
7.70152030E+01   
5.99289858E+01   
6.67968594E+01   
6.94075815E+01   
7.17058412E+01   
7.00132026E+01   
7.02387477E+01   
6.88786757E+01   
6.72794559E+01   
5.85633127E+01   
6.70124025E+01   
6.08239648E+01   
6.66759352E+01   
7.25373075E+01   
5.71573315E+01   
7.27213443E+01   
6.18638728E+01   
5.53070614E+01   
6.61621324E+01   
5.48123625E+01   
6.76712342E+01   
7.85572114E+01   
7.29105821E+01   
6.93761752E+01   
7.77017403E+01   
7.38023605E+01   
7.60116023E+01   
6.53326665E+01   
6.47444489E+01   
6.42835567E+01   
6.41781356E+01   
5.97947590E+01   
6.85132026E+01   
7.48494699E+01   
6.77907582E+01   
6.35607121E+01   
5.48678736E+01   
7.83270654E+01   
6.73598720E+01   
6.26649330E+01   
7.30124025E+01   
6.90715143E+01   
6.16674335E+01   
7.38788758E+01   
5.50952190E+01   
7.37739548E+01   
7.14651930E+01   
7.48885777E+01   
6.18156631E+01   
7.33305661E+01   
5.60116023E+01   
6.20214043E+01   
7.01288258E+01   
6.48845769E+01   
5.82045409E+01   
7.10128026E+01   
6.14685937E+01   
6.88190638E+01   
7.24098820E+01   
6.80831166E+01   
7.01499300E+01   
6.56160232E+01   
7.01379276E+01   
5.62141428E+01   
5.50116023E+01   
6.61490298E+01   
6.58741748E+01   
6.31506301E+01   
6.30124025E+01   
6.23639728E+01   
6.29436887E+01   
7.30184037E+01   
5.51526305E+01   
6.14394879E+01   
5.38070614E+01   
7.21434287E+01   
6.37187437E+01   
5.75242048E+01   
5.37906581E+01   
6.06057211E+01   
7.31925385E+01   
6.13855771E+01   
5.20875175E+01   
6.93919784E+01   
6.65565113E+01   
6.62421484E+01   
6.65505101E+01   
6.14758952E+01   
7.07794559E+01   
6.10120024E+01   
5.41694339E+01   
6.95381076E+01   
7.30104021E+01   
6.08095619E+01   
7.46931386E+01   
7.12549510E+01   
6.85273055E+01   
6.10116023E+01   
5.74211842E+01   
6.03428686E+01   
6.91806361E+01   
6.81822364E+01   
8.23464693E+01   
6.05962192E+01   
6.36861372E+01   
7.38287658E+01   
6.69454891E+01   
6.05860172E+01   
5.89256851E+01   
7.72196439E+01   
7.04964993E+01   
6.63628726E+01   
7.72656531E+01   
5.85355071E+01   
6.36286257E+01   
6.60132026E+01   
6.65676135E+01   
6.59063813E+01   
6.92059412E+01   
6.29212843E+01   
6.07369474E+01   
7.46499300E+01   
7.10128026E+01   
6.07481496E+01   
7.28158632E+01   
7.21035207E+01   
5.90355071E+01   
7.33322665E+01   
6.01354271E+01   
6.72018404E+01   
6.67298460E+01   
5.89176835E+01   
5.45855171E+01   
7.07821564E+01   
7.79584917E+01   
6.63365673E+01   
6.90108022E+01   
6.62058412E+01   
5.64032807E+01   
5.36199240E+01   
6.14923985E+01   
7.89360872E+01   
6.63077616E+01   
6.18089618E+01   
7.22150430E+01   
6.11079216E+01   
6.68309662E+01   
7.57997600E+01   
6.74400880E+01   
7.64839968E+01   
6.64236847E+01   
6.08393679E+01   
7.65000000E+01   
6.44567914E+01   
6.77398480E+01   
6.17454491E+01   
7.72254451E+01   
7.74883977E+01   
6.14376875E+01   
7.08460692E+01   
6.77582517E+01   
6.99068814E+01   
6.65835167E+01   
6.16595319E+01   
6.59060812E+01   
7.00140028E+01   
6.11231246E+01   
6.84667934E+01   
6.36826365E+01   
6.23421684E+01   
7.18981796E+01   
8.03489698E+01   
7.55707141E+01   
7.18959792E+01   
6.59097820E+01   
7.35780156E+01   
7.70164033E+01   
7.76758352E+01   
6.36481296E+01   
5.89249850E+01   
7.04724945E+01   
6.96337267E+01   
6.62811562E+01   
7.95511102E+01   
9.23152631E+01   
7.02442488E+01   
6.07143429E+01   
6.57789558E+01   
6.80698140E+01   
5.46016203E+01   
5.87243449E+01   
6.47761552E+01   
6.54916983E+01   
6.04561912E+01   
4.99351870E+01   
7.70164033E+01   
6.69262853E+01   
7.61065213E+01   
6.93094619E+01   
5.99893979E+01   
7.74003801E+01   
6.48888778E+01   
6.32468494E+01   
7.56438288E+01   
7.27711542E+01   
6.07565513E+01   
7.18898780E+01   
6.65145029E+01   
6.87621524E+01   
6.97605521E+01   
5.67589518E+01   
6.11387277E+01   
5.35019004E+01   
6.06734347E+01   
7.23739748E+01   
6.37561512E+01   
6.98205641E+01   
6.79821964E+01   
7.03655731E+01   
7.21009202E+01   
5.81020204E+01   
7.07055411E+01   
7.15389078E+01   
7.02782557E+01   
7.68242649E+01   
6.14806961E+01   
5.12762553E+01   
5.56131226E+01   
6.74173835E+01   
6.65392078E+01   
6.47429486E+01   
6.58223645E+01   
7.70140028E+01   
6.91499300E+01   
6.54690938E+01   
6.60557111E+01   
5.33812763E+01   
6.73636727E+01   
5.15609122E+01   
5.59473895E+01   
7.70164033E+01   
8.33468694E+01   
5.67092418E+01   
8.20136027E+01   
6.97506501E+01   
6.49950990E+01   
6.37184437E+01   
7.81563313E+01   
7.31571314E+01   
8.91579316E+01   
7.38741748E+01   
7.04421884E+01   
6.75881176E+01   
6.12959592E+01   
6.02919584E+01   
5.20247049E+01   
7.29984997E+01   
6.73026605E+01   
6.90124025E+01   
6.22807562E+01   
7.51842368E+01   
7.80734147E+01   
6.59210842E+01   
5.70463093E+01   
6.30136027E+01   
8.16085217E+01   
7.46117223E+01   
7.84653931E+01   
8.21184237E+01   
6.65123025E+01   
6.77652531E+01   
7.15023005E+01   
6.51310262E+01   
8.02555511E+01   
6.16225245E+01   
6.06257251E+01   
6.27913583E+01   
5.60920184E+01   
6.14736947E+01   
7.97825565E+01   
7.23234647E+01   
6.49288858E+01   
5.18564713E+01   
6.85709142E+01   
7.21719344E+01   
6.94486897E+01   
6.60692138E+01   
6.22698540E+01   
6.69079816E+01   
8.52759552E+01   
5.94258852E+01   
5.32822565E+01   
6.36505301E+01   
7.76537307E+01   
6.01759352E+01   
6.77657532E+01   
5.89771954E+01   
6.20128026E+01   
5.53366673E+01   
6.88252651E+01   
6.88292659E+01   
7.38968794E+01   
6.89935987E+01   
6.95394079E+01   
5.51615323E+01   
7.16961392E+01   
7.58088618E+01   
7.48816763E+01   
6.70056011E+01   
6.75114023E+01   
6.13462693E+01   
4.75166033E+01   
7.31727345E+01   
5.61867373E+01   
7.05090018E+01   
6.61939388E+01   
6.91551310E+01   
7.83330666E+01   
5.27089418E+01   
6.85246049E+01   
6.36245249E+01   
5.73782757E+01   
7.25562112E+01   
8.05002000E+01   
6.60148030E+01   
6.45330066E+01   
7.49383877E+01   
5.43994799E+01   
7.38404681E+01   
7.09679936E+01   
5.64094819E+01   
8.09639928E+01   
6.30656131E+01   
7.45982196E+01   
8.70207041E+01   
6.71324265E+01   
6.91307261E+01   
7.37897580E+01   
7.95949190E+01   
7.03018604E+01   
7.35498100E+01   
7.33730746E+01   
7.57588518E+01   
5.84729946E+01   
5.75526105E+01   
6.74705941E+01   
7.10984197E+01   
7.25586117E+01   
7.65610122E+01   
6.04693939E+01   
7.41015203E+01   
6.71818364E+01   
6.23951790E+01   
7.48304661E+01   
6.56453291E+01   
6.39047810E+01   
6.01216243E+01   
6.56421284E+01   
6.63842769E+01   
6.61995399E+01   
6.33870774E+01   
7.75758152E+01   
6.86411282E+01   
8.82624525E+01   
6.10715143E+01   
6.15774155E+01   
6.75255051E+01   
6.26365273E+01   
6.80148030E+01   
6.81568314E+01   
6.64449890E+01   
8.07223445E+01   
7.07350470E+01   
7.02873575E+01   
5.89728946E+01   
6.58204641E+01   
6.19784957E+01   
6.68212643E+01   
6.02083417E+01   
7.42091418E+01   
8.14835967E+01   
6.31565313E+01   
7.70144029E+01   
7.35819164E+01   
6.42505501E+01   
6.76205241E+01   
7.37874575E+01   
8.56094219E+01   
8.92365473E+01   
7.76094219E+01   
6.18294659E+01   
6.50069014E+01   
6.78136627E+01   
6.58122625E+01   
7.16174235E+01   
7.14116823E+01   
7.36235247E+01   
6.92037407E+01   
6.32159432E+01   
6.56097219E+01   
7.58245649E+01   
7.34371874E+01   
7.62392478E+01   
7.19415883E+01   
7.26037207E+01   
6.83973795E+01   
5.40618124E+01   
7.71922384E+01   
6.38662733E+01   
6.23339668E+01   
7.64246849E+01   
7.52191438E+01   
7.81255251E+01   
7.67310462E+01   
7.63889778E+01   
7.74302861E+01   
6.67587518E+01   
6.97352470E+01   
6.71269254E+01   
6.49058812E+01   
7.08056611E+01   
7.18605721E+01   
8.17483497E+01   
7.48032607E+01   
7.45284057E+01   
6.09266853E+01   
6.85893179E+01   
7.50825165E+01   
6.23749750E+01   
6.10865173E+01   
6.60120024E+01   
5.83028606E+01   
7.85833167E+01   
6.55817163E+01   
6.03637728E+01   
6.96125225E+01   
8.12792559E+01   
6.12728546E+01   
6.66253251E+01   
6.57047409E+01   
5.26999400E+01   
5.94205841E+01   
6.71121224E+01   
7.48961792E+01   
8.33569714E+01   
7.73678736E+01   
6.68965793E+01   
5.97920584E+01   
7.07912583E+01   
7.00139028E+01   
7.63481696E+01   
7.36763353E+01   
6.85657131E+01   
6.47880576E+01   
7.80498100E+01   
6.10971194E+01   
6.63381676E+01   
6.90124025E+01   
6.03345669E+01   
5.91429286E+01   
7.02399480E+01   
6.61493299E+01   
7.85605121E+01   
5.60515103E+01   
6.28363673E+01   
6.94702941E+01   
6.41593319E+01   
8.30974195E+01   
6.76343269E+01   
6.47757552E+01   
7.26319264E+01   
6.25517103E+01   
7.45602120E+01   
7.69300860E+01   
6.74080816E+01   
6.02234447E+01   
6.45453091E+01   
6.79449890E+01   
6.48839768E+01   
7.49064813E+01   
6.94814963E+01   
7.18939788E+01   
6.90738148E+01   
5.95987197E+01   
6.04300860E+01   
6.50144029E+01   
8.09115823E+01   
7.85425085E+01   
7.33993799E+01   
6.47274455E+01   
7.02523505E+01   
6.92531506E+01   
7.17330466E+01   
7.46161232E+01   
7.17799560E+01   
7.93729746E+01   
7.98818764E+01   
6.49101820E+01   
8.46291258E+01   
6.72225445E+01   
6.70128026E+01   
6.37970594E+01   
5.97930586E+01   
4.79603921E+01   
6.79441888E+01   
8.30378076E+01   
7.30346069E+01   
7.00314063E+01   
6.77012402E+01   
6.60764153E+01   
7.04660932E+01   
6.85343069E+01   
7.65295059E+01   
6.60124025E+01   
6.72739548E+01   
6.09995999E+01   
7.65111022E+01   
7.00118024E+01   
7.80152030E+01   
7.92683537E+01   
7.92605521E+01   
6.95167033E+01   
5.92481496E+01   
6.10186037E+01   
7.12741548E+01   
7.27836567E+01   
7.19667934E+01   
6.02927586E+01   
7.90460092E+01   
7.64914983E+01   
7.35247049E+01   
6.87196439E+01   
7.12901580E+01   
7.74548910E+01   
5.25739148E+01   
6.55279056E+01   
7.27866573E+01   
8.07286457E+01   
7.22723545E+01   
6.72731546E+01   
8.12389478E+01   
8.00506101E+01   
6.99009802E+01   
6.37906581E+01   
6.57930586E+01   
8.30132026E+01   
6.31851370E+01   
5.82414483E+01   
8.36130226E+01   
7.25379076E+01   
7.29629926E+01   
6.55913183E+01   
6.82241448E+01   
6.90136027E+01   
6.42205441E+01   
6.59246849E+01   
8.35471094E+01   
7.50965193E+01   
7.12153431E+01   
6.33437688E+01   
7.60140028E+01   
7.21439288E+01   
6.80814163E+01   
6.14243849E+01   
7.44062813E+01   
6.68639728E+01   
8.18948790E+01   
6.87440488E+01   
6.67432486E+01   
5.92831566E+01   
7.26377275E+01   
9.09136827E+01   
7.73890778E+01   
7.71123225E+01   
7.30132026E+01   
5.60129026E+01   
5.83745749E+01   
5.62843569E+01   
6.59288858E+01   
7.53857772E+01   
7.56645329E+01   
7.98171634E+01   
7.51885377E+01   
6.28418684E+01   
7.00807161E+01   
7.15032006E+01   
8.41246249E+01   
8.46298260E+01   
8.00699140E+01   
7.14045809E+01   
7.02935587E+01   
8.40611122E+01   
6.87328466E+01   
8.59313863E+01   
9.11765353E+01   
8.78586717E+01   
7.65191038E+01   
5.83898780E+01   
7.18881776E+01   
6.21908382E+01   
5.85759152E+01   
6.42585517E+01   
7.08980796E+01   
7.48400680E+01   
7.95978196E+01   
7.61700340E+01   
6.72948590E+01   
7.10179036E+01   
6.51544309E+01   
6.10145029E+01   
6.11598320E+01   
6.78758752E+01   
7.02773555E+01   
7.21779356E+01   
8.70148030E+01   
6.71272254E+01   
6.87698540E+01   
7.62786557E+01   
7.11734347E+01   
7.78862773E+01   
6.68533707E+01   
8.20148030E+01   
8.15979196E+01   
8.35558112E+01   
8.20136027E+01   
7.44280856E+01   
6.79443889E+01   
7.33747750E+01   
6.76011202E+01   
6.63083617E+01   
6.43615723E+01   
5.84865973E+01   
7.13083617E+01   
5.97172434E+01   
6.80128026E+01   
7.70901180E+01   
7.72326465E+01   
7.10132026E+01   
6.85030006E+01   
6.96283257E+01   
6.78958792E+01   
8.32222444E+01   
6.56183237E+01   
6.93115623E+01   
6.58141628E+01   
6.82098420E+01   
6.95294059E+01   
7.55102020E+01   
7.53179636E+01   
8.05282056E+01   
7.98714743E+01   
5.77084417E+01   
6.38325665E+01   
5.64056811E+01   
5.78389678E+01   
8.07961592E+01   
7.75394079E+01   
6.62655531E+01   
6.92358472E+01   
5.93372675E+01   
6.38493699E+01   
5.71613323E+01   
7.18610722E+01   
6.06271254E+01   
6.31705341E+01   
7.04709942E+01   
6.35395079E+01   
6.86530306E+01   
7.47056411E+01   
7.45323065E+01   
6.72550510E+01   
7.87689538E+01   
6.36351270E+01   
6.71965393E+01   
7.58290658E+01   
8.53255651E+01   
7.53263653E+01   
5.78949790E+01   
7.98182637E+01   
7.55850170E+01   
8.28118624E+01   
7.80124025E+01   
8.53279656E+01   
7.16447289E+01   
6.36972394E+01   
7.05970194E+01   
7.26495299E+01   
7.53335667E+01   
7.83804761E+01   
7.64237848E+01   
6.54634927E+01   
6.62445489E+01   
7.25697139E+01   
7.15369074E+01   
6.77384477E+01   
7.68115623E+01   
9.05845169E+01   
7.47321464E+01   
7.51191238E+01   
6.50461092E+01   
7.05941188E+01   
7.32773555E+01   
7.14880976E+01   
5.66884377E+01   
5.77414483E+01   
6.45045009E+01   
8.27655531E+01   
6.34086817E+01   
6.46177235E+01   
8.02977596E+01   
8.40357071E+01   
6.47246449E+01   
7.79773955E+01   
8.03262653E+01   
7.90011002E+01   
7.80720144E+01   
6.96207241E+01   
8.20293059E+01   
8.53568714E+01   
8.07123425E+01   
7.36427285E+01   
7.83747750E+01   
8.43235647E+01   
7.53585717E+01   
7.66869374E+01   
7.56837367E+01   
8.26780356E+01   
8.16840368E+01   
9.70191038E+01   
8.63465693E+01   
6.46816363E+01   
9.20105021E+01   
6.99946989E+01   
6.10191038E+01   
7.54033807E+01   
7.39787958E+01   
7.67010402E+01   
7.70172034E+01   
8.49893979E+01   
6.66160232E+01   
7.80911182E+01   
7.77114423E+01   
7.13384677E+01   
7.36768354E+01   
8.20375075E+01   
8.06545309E+01   
7.43336667E+01   
7.60152030E+01   
7.62794559E+01   
6.90120024E+01   
7.71818364E+01   
9.22148430E+01   
8.44799960E+01   
8.02989598E+01   
7.83942789E+01   
7.05707141E+01   
7.25982196E+01   
7.50483097E+01   
7.27426485E+01   
8.21712342E+01   
8.35519104E+01   
6.13212643E+01   
8.41856371E+01   
7.51480296E+01   
5.73172635E+01   
9.34082817E+01   
8.49672935E+01   
6.73144629E+01   
8.02124425E+01   
8.48642729E+01   
7.91709342E+01   
8.05059012E+01   
7.64745949E+01   
7.89604921E+01   
6.61391278E+01   
7.00691138E+01   
6.68373675E+01   
6.56616323E+01   
6.65370074E+01   
7.40120024E+01   
7.00763153E+01   
7.52752551E+01   
6.78178636E+01   
7.43867774E+01   
5.77111422E+01   
7.63020604E+01   
7.84430886E+01   
7.08713743E+01   
6.59400880E+01   
8.36716343E+01   
7.88118624E+01   
8.45833167E+01   
8.04226845E+01   
7.73340668E+01   
9.03795759E+01   
7.57218444E+01   
6.03715743E+01   
5.99880976E+01   
7.48433687E+01   
6.89256851E+01   
7.41882376E+01   
6.99193839E+01   
8.69264853E+01   
7.19240848E+01   
7.21160232E+01   
1.00466993E+02   
8.87479496E+01   
8.48036607E+01   
6.67692539E+01   
8.51849370E+01   
7.18141628E+01   
7.74184837E+01   
7.40766153E+01   
7.77976595E+01   
7.67568514E+01   
7.52748550E+01   
6.31191238E+01   
6.07519504E+01   
8.05632126E+01   
8.49824965E+01   
6.99443889E+01   
6.97084417E+01   
7.88420684E+01   
7.88766753E+01   
8.12740548E+01   
7.86630326E+01   
7.88948790E+01   
8.18582717E+01   
8.07859572E+01   
7.32772555E+01   
6.81313263E+01   
7.37649530E+01   
8.08904781E+01   
7.70082016E+01   
6.81529306E+01   
8.87565513E+01   
7.17691538E+01   
7.32604521E+01   
7.23927786E+01   
7.96638328E+01   
7.14424885E+01   
6.30434087E+01   
8.34948990E+01   
6.70514103E+01   
6.76344269E+01   
6.33951790E+01   
7.59700940E+01   
7.82963593E+01   
6.88680736E+01   
7.51599320E+01   
7.48656731E+01   
6.88445689E+01   
7.26467293E+01   
7.04669934E+01   
7.71679336E+01   
8.02464493E+01   
6.55486097E+01   
7.71683337E+01   
7.77323465E+01   
7.06115223E+01   
7.26945389E+01   
6.56256251E+01   
6.91130226E+01   
8.26276255E+01   
7.09081816E+01   
6.25671134E+01   
7.66244249E+01   
6.62340468E+01   
7.70320064E+01   
8.43350670E+01   
7.85779156E+01   
7.47987598E+01   
8.85835167E+01   
9.70990198E+01   
7.45462092E+01   
8.82689538E+01   
7.20156031E+01   
7.55899180E+01   
7.82894579E+01   
6.73786757E+01   
8.15939188E+01   
7.76453291E+01   
7.35963193E+01   
7.68276655E+01   
7.37709542E+01   
7.98127626E+01   
8.06510302E+01   
7.32204441E+01   
8.34026805E+01   
8.18382677E+01   
7.25888178E+01   
7.60319064E+01   
6.28127626E+01   
8.22142428E+01   
8.20176035E+01   
8.60137027E+01   
8.08238648E+01   
7.62073415E+01   
6.88492699E+01   
8.99747950E+01   
7.98199640E+01   
7.97897580E+01   
6.80478096E+01   
7.23602721E+01   
7.10980196E+01   
7.97801560E+01   
8.50670134E+01   
8.77187437E+01   
6.64777956E+01   
8.41440288E+01   
9.12277455E+01   
7.10846169E+01   
9.62774555E+01   
7.93082617E+01   
6.94227846E+01   
8.35553111E+01   
9.02926585E+01   
7.18826765E+01   
8.48383677E+01   
8.24530906E+01   
7.16559312E+01   
8.70144029E+01   
8.07796559E+01   
6.43090618E+01   
6.67792559E+01   
7.87768554E+01   
6.60799160E+01   
8.37752551E+01   
8.37029406E+01   
8.04259852E+01   
7.54267854E+01   
6.42579516E+01   
9.36629326E+01   
9.51081216E+01   
8.33516703E+01   
7.74323865E+01   
7.75988198E+01   
8.14331866E+01   
8.30160032E+01   
8.11079216E+01   
7.44113823E+01   
7.42711542E+01   
7.85952190E+01   
7.76943389E+01   
6.96529306E+01   
6.80622124E+01   
9.02811562E+01   
8.45972194E+01   
7.73765753E+01   
9.10393079E+01   
7.69152831E+01   
6.29337868E+01   
7.84383877E+01   
8.45591118E+01   
8.61395279E+01   
8.84973995E+01   
7.33136627E+01   
7.27151430E+01   
8.84222845E+01   
8.97384477E+01   
9.07235447E+01   
8.56102220E+01   
7.42947590E+01   
7.70050010E+01   
8.35930186E+01   
8.20158032E+01   
8.52973595E+01   
7.88731746E+01   
7.67347469E+01   
7.94340868E+01   
8.54757952E+01   
7.99833967E+01   
7.21301260E+01   
6.86266253E+01   
8.57455491E+01   
7.88241648E+01   
8.41787357E+01   
7.67491498E+01   
7.98843769E+01   
7.72796559E+01   
7.58416683E+01   
7.83654731E+01   
8.25820164E+01   
7.95812162E+01   
7.37076415E+01   
7.24523905E+01   
7.37044409E+01   
9.47034407E+01   
8.76982396E+01   
7.35740148E+01   
7.33998800E+01   
7.56984397E+01   
7.26960392E+01   
7.13335667E+01   
8.19782957E+01   
8.18144629E+01   
8.63106621E+01   
9.04884977E+01   
8.89240848E+01   
8.97662533E+01   
8.21497299E+01   
8.62319464E+01   
8.93410682E+01   
8.82550510E+01   
9.05691138E+01   
8.53515703E+01   
8.12376475E+01   
9.22447489E+01   
8.06669334E+01   
7.54603921E+01   
7.55034007E+01   
9.34444889E+01   
8.40953191E+01   
7.69103821E+01   
8.03248650E+01   
7.78079616E+01   
8.11587317E+01   
7.65676135E+01   
8.75668134E+01   
8.01156231E+01   
6.46632326E+01   
7.32703541E+01   
7.87584517E+01   
7.99183837E+01   
1.03539108E+02   
8.67552511E+01   
8.10172034E+01   
9.03884777E+01   
7.31060212E+01   
6.87395479E+01   
8.82895579E+01   
9.45624125E+01   
8.50172034E+01   
8.54731946E+01   
9.52123425E+01   
8.57981596E+01   
8.82991598E+01   
8.29303861E+01   
9.43059612E+01   
8.63508702E+01   
7.58032607E+01   
7.38998800E+01   
9.26139228E+01   
8.99620924E+01   
8.97948590E+01   
7.69363873E+01   
8.30111022E+01   
8.71744349E+01   
1.02405181E+02   
7.68477696E+01   
8.05814163E+01   
8.75369074E+01   
7.78703741E+01   
8.68735747E+01   
7.13752751E+01   
9.69166833E+01   
8.49269854E+01   
8.02019404E+01   
7.63451690E+01   
7.95508102E+01   
9.68839768E+01   
8.64855971E+01   
7.58752751E+01   
8.77782557E+01   
1.00150030E+02   
8.95213043E+01   
8.37691538E+01   
8.36708342E+01   
7.81968394E+01   
7.63663733E+01   
7.85456091E+01   
8.36703341E+01   
8.88332667E+01   
8.33763753E+01   
8.21288258E+01   
7.94351870E+01   
8.32860572E+01   
8.06443289E+01   
8.00137027E+01   
7.81279256E+01   
8.66440288E+01   
8.78175635E+01   
8.72632527E+01   
8.58231646E+01   
8.07308462E+01   
9.52595519E+01   
8.56788358E+01   
8.34043809E+01   
8.42384477E+01   
7.47983597E+01   
8.72728546E+01   
8.92015403E+01   
8.31012202E+01   
7.96580316E+01   
8.38191638E+01   
1.05653631E+02   
6.70540108E+01   
7.55708142E+01   
7.98703741E+01   
8.47112422E+01   
7.98411682E+01   
8.87819564E+01   
8.67688538E+01   
8.34367874E+01   
7.85968194E+01   
1.07047209E+02   
8.24715943E+01   
8.55316063E+01   
7.59047810E+01   
9.35608122E+01   
9.62564513E+01   
7.38579716E+01   
7.45536107E+01   
9.23351670E+01   
8.40676135E+01   
8.45308062E+01   
8.76164233E+01   
8.84635927E+01   
8.85476095E+01   
8.64299860E+01   
1.01584417E+02   
9.65260052E+01   
7.64915983E+01   
7.75420084E+01   
7.55700140E+01   
6.94347870E+01   
9.25932186E+01   
9.14435887E+01   
9.20664133E+01   
8.34983997E+01   
8.60476095E+01   
8.84707942E+01   
9.45220044E+01   
8.90412082E+01   
9.29715943E+01   
8.65612122E+01   
8.94723945E+01   
9.35516103E+01   
8.04931986E+01   
9.40292058E+01   
8.35352070E+01   
6.60064013E+01   
8.65076015E+01   
8.90196039E+01   
9.50180036E+01   
9.45172034E+01   
9.45164033E+01   
8.55124025E+01   
9.35060012E+01   
7.20284057E+01   
8.10276055E+01   
9.10180036E+01   
8.49819964E+01   
6.59979996E+01   
7.80388078E+01   
8.05196039E+01   
9.05412082E+01   
9.15116023E+01   
8.45108022E+01   
8.90036007E+01   
8.85632126E+01   
8.95544109E+01   
8.89291858E+01   
9.65556111E+01   
9.45428086E+01   
7.89483897E+01   
7.95616123E+01   
9.44887978E+01   
6.84463893E+01   
8.56696339E+01   
8.14223845E+01   
9.50608122E+01   
7.93899780E+01   
6.95492098E+01   
9.11384277E+01   
9.00440088E+01   
8.89927986E+01   
8.71544309E+01   
8.98263653E+01   
9.62760552E+01   
9.47575515E+01   
8.05016003E+01   
8.85944189E+01   
7.52463493E+01   
7.57248450E+01   
7.58823765E+01   
8.83920784E+01   
9.94343869E+01   
9.09483897E+01   
8.55740148E+01   
1.04907181E+02   
1.03094419E+02   
8.84211842E+01   
8.36572314E+01   
9.34995999E+01   
8.62907582E+01   
8.86212242E+01   
9.91900380E+01   
9.29323865E+01   
9.40188038E+01   
9.60188038E+01   
8.84955991E+01   
1.00112823E+02   
8.04959992E+01   
8.33487698E+01   
8.45416083E+01   
8.66432286E+01   
9.18143629E+01   
9.54320864E+01   
8.46527305E+01   
9.71776355E+01   
8.26383277E+01   
7.69276855E+01   
9.12436487E+01   
9.35683137E+01   
9.28908782E+01   
1.11317163E+02   
9.11964393E+01   
7.92511502E+01   
9.43216643E+01   
8.78983797E+01   
8.96136227E+01   
9.97683537E+01   
9.24219844E+01   
8.81464293E+01   
9.45512102E+01   
8.96203241E+01   
8.21525305E+01   
8.82155431E+01   
1.04827666E+02   
1.03743149E+02   
8.02015403E+01   
7.71572314E+01   
1.02376475E+02   
9.70204041E+01   
9.48731746E+01   
9.34815963E+01   
8.43303661E+01   
9.39403881E+01   
9.67076415E+01   
1.04250450E+02   
9.64807962E+01   
8.87027405E+01   
8.77164433E+01   
8.72355471E+01   
8.86380276E+01   
8.84288858E+01   
1.03604721E+02   
1.00978896E+02   
9.47667534E+01   
8.13903781E+01   
8.55608122E+01   
8.31052210E+01   
9.14747950E+01   
1.01840768E+02   
9.62856571E+01   
1.01926085E+02   
1.05659632E+02   
1.02563913E+02   
1.01937688E+02   
9.11810362E+01   
8.66580316E+01   
8.69223845E+01   
8.95648130E+01   
7.71140228E+01   
8.04691938E+01   
8.55668134E+01   
8.80180036E+01   
8.96680336E+01   
9.04142829E+01   
8.39716943E+01   
1.06286157E+02   
1.07301460E+02   
9.98824765E+01   
8.07633527E+01   
8.26206241E+01   
8.57860572E+01   
1.07022004E+02   
1.00359972E+02   
8.86943389E+01   
9.34568914E+01   
9.43590718E+01   
9.81280256E+01   
1.02129626E+02   
9.54696939E+01   
8.63398680E+01   
8.99172835E+01   
8.49043809E+01   
9.36707341E+01   
9.34836967E+01   
9.39019804E+01   
9.43411682E+01   
9.79348870E+01   
9.93403681E+01   
8.60963193E+01   
1.02867774E+02   
9.86753351E+01   
9.51767353E+01   
9.09658932E+01   
1.02832466E+02   
9.92736547E+01   
1.03012603E+02   
9.40901180E+01   
1.04457191E+02   
9.56343269E+01   
8.80184037E+01   
9.43227646E+01   
8.71077215E+01   
9.97567514E+01   
9.54527906E+01   
8.84519904E+01   
9.06151230E+01   
1.00854071E+02   
7.42257451E+01   
7.53997800E+01   
8.44284857E+01   
9.48485697E+01   
1.01592418E+02   
1.02753051E+02   
1.01870874E+02   
9.35959192E+01   
9.84486897E+01   
9.91597319E+01   
1.03450890E+02   
1.01159132E+02   
9.37376475E+01   
7.91418284E+01   
8.94725945E+01   
1.16002701E+02   
8.31459292E+01   
9.80634127E+01   
9.78711742E+01   
9.84451890E+01   
9.01724345E+01   
9.75627125E+01   
1.05786957E+02   
9.77873575E+01   
1.03059712E+02   
7.67071414E+01   
9.20665133E+01   
9.91263253E+01   
1.04072915E+02   
1.00543509E+02   
9.86589318E+01   
1.11763253E+02   
8.82452490E+01   
9.17326465E+01   
1.06438788E+02   
9.85279056E+01   
8.67648530E+01   
9.17734547E+01   
9.58473695E+01   
9.31011202E+01   
9.64413883E+01   
9.41904381E+01   
1.01513503E+02   
1.09286957E+02   
1.03509902E+02   
9.97470494E+01   
9.70176035E+01   
9.33648730E+01   
8.55425085E+01   
1.07671134E+02   
9.80799160E+01   
9.54295859E+01   
9.96722344E+01   
1.00719844E+02   
9.76323265E+01   
1.02636027E+02   
9.31988398E+01   
8.62463493E+01   
8.20176035E+01   
9.39337868E+01   
9.94295859E+01   
9.88363673E+01   
9.06491298E+01   
1.03357772E+02   
1.01835167E+02   
1.08051510E+02   
9.58307662E+01   
1.00587718E+02   
1.01688138E+02   
1.02163033E+02   
1.08000500E+02   
1.24583017E+02   
1.15687237E+02   
9.36442288E+01   
1.04784657E+02   
9.54227846E+01   
1.01618824E+02   
9.36196239E+01   
9.82274455E+01   
9.20161032E+01   
9.34199840E+01   
1.08220444E+02   
9.82138428E+01   
1.19035507E+02   
1.06218344E+02   
9.94199840E+01   
1.00009502E+02   
9.62393479E+01   
9.01805361E+01   
1.09260652E+02   
9.90019004E+01   
9.53713743E+01   
9.14589918E+01   
1.00019204E+02   
1.01258552E+02   
1.03961792E+02   
9.02308462E+01   
9.40188038E+01   
1.00483797E+02   
1.18376675E+02   
9.17638528E+01   
1.13276155E+02   
1.01758252E+02   
9.18448690E+01   
8.92857572E+01   
1.07291358E+02   
1.12919784E+02   
9.51875375E+01   
1.03686137E+02   
1.14467694E+02   
1.00574715E+02   
9.90212042E+01   
9.90212042E+01   
9.32757552E+01   
9.35394079E+01   
9.61783357E+01   
1.05934587E+02   
9.33334667E+01   
1.01098220E+02   
9.10199040E+01   
1.12789958E+02   
1.12582517E+02   
1.24861772E+02   
1.04150430E+02   
1.09107722E+02   
1.17639628E+02   
1.02403581E+02   
9.90710142E+01   
1.12972194E+02   
1.02119724E+02   
1.14303461E+02   
1.22641628E+02   
9.15383077E+01   
9.90200040E+01   
1.02020004E+02   
1.00862272E+02   
1.12157131E+02   
1.08286257E+02   
1.19108522E+02   
1.11427586E+02   
1.04654231E+02   
1.04512703E+02   
1.15275455E+02   
1.02647229E+02   
9.32636527E+01   
1.04146929E+02   
9.62716543E+01   
1.00421984E+02   
1.16007802E+02   
1.23553911E+02   
1.08118924E+02   
1.20591318E+02   
1.23052511E+02   
1.09053811E+02   
1.11763953E+02   
1.12202040E+02   
9.95385077E+01   
9.22334467E+01   
1.06271754E+02   
1.10392779E+02   
1.02071714E+02   
1.01138428E+02   
1.01533607E+02   
9.52551510E+01   
9.57848570E+01   
9.57519504E+01   
9.12126425E+01   
1.17190938E+02   
1.13735847E+02   
1.11929286E+02   
1.03203741E+02   
1.16024205E+02   
9.80219044E+01   
1.06658432E+02   
1.04659232E+02   
1.00745949E+02   
1.17574915E+02   
1.21855771E+02   
1.08860572E+02   
1.12550210E+02   
1.00784357E+02   
1.16107822E+02   
1.05879876E+02   
9.94262853E+01   
9.80759152E+01   
1.06170234E+02   
1.17874575E+02   
1.11093919E+02   
9.59456891E+01   
1.00304061E+02   
1.05101920E+02   
9.60000000E+01   
9.69508902E+01   
1.21179436E+02   
1.04501400E+02   
1.11770354E+02   
1.11608522E+02   
1.14964893E+02   
1.15378376E+02   
1.11310762E+02   
1.04555411E+02   
1.16912583E+02   
1.13482597E+02   
1.04372374E+02   
1.16021204E+02   
1.19471594E+02   
1.07123825E+02   
1.10722344E+02   
1.11930586E+02   
1.30328866E+02   
1.14158132E+02   
1.06065513E+02   
1.09161232E+02   
1.22801360E+02   
1.07180436E+02   
1.17559512E+02   
1.21023205E+02   
1.15058712E+02   
1.21229546E+02   
1.28748250E+02   
1.03495999E+02   
1.10019204E+02   
9.80192038E+01   
9.50192038E+01   
1.08964993E+02   
1.08047510E+02   
1.10045109E+02   
1.09313363E+02   
1.00998900E+02   
1.11362773E+02   
1.22022004E+02   
1.07626325E+02   
1.16417684E+02   
1.20989398E+02   
1.19716243E+02   
1.07022404E+02   
1.16359972E+02   
1.11999000E+02   
1.03045009E+02   
1.38658332E+02   
1.21026005E+02   
1.17368274E+02   
9.90519104E+01   
9.53488698E+01   
1.18334967E+02   
1.22703441E+02   
1.14684937E+02   
8.40178036E+01   
1.01361672E+02   
1.05685837E+02   
1.14366273E+02   
1.27025205E+02   
1.21661532E+02   
9.93503701E+01   
1.12081516E+02   
9.66370274E+01   
9.23729746E+01   
1.16010302E+02   
1.06336667E+02   
1.15721444E+02   
1.12399080E+02   
1.05249750E+02   
1.09401080E+02   
1.12041308E+02   
1.12980996E+02   
1.06998300E+02   
1.09763553E+02   
1.27722545E+02   
1.19622925E+02   
1.02238348E+02   
1.08945389E+02   
1.17528206E+02   
1.06020804E+02   
1.13147630E+02   
1.20315063E+02   
1.18633827E+02   
1.13414183E+02   
1.00877976E+02   
1.15453091E+02   
1.18740948E+02   
1.27343969E+02   
1.29425785E+02   
1.13748950E+02   
1.11808662E+02   
1.13519204E+02   
1.12933387E+02   
9.33407682E+01   
1.13242949E+02   
1.06635027E+02   
1.13088618E+02   
9.92842569E+01   
1.26969794E+02   
1.26503901E+02   
1.11120324E+02   
1.17250850E+02   
1.02388778E+02   
9.65063013E+01   
1.16199540E+02   
1.02647129E+02   
1.22148830E+02   
1.32965493E+02   
1.00817463E+02   
1.00462593E+02   
1.02263453E+02   
1.14915183E+02   
1.28092919E+02   
1.19095319E+02   
1.22952691E+02   
1.11259052E+02   
1.27788958E+02   
1.21639928E+02   
1.05021504E+02   
9.74821964E+01   
1.20406481E+02   
1.20038108E+02   
1.12003501E+02   
1.11770854E+02   
1.32862372E+02   
1.04476795E+02   
1.02668834E+02   
1.14285557E+02   
1.23596319E+02   
1.35878576E+02   
1.21874675E+02   
1.17842569E+02   
1.27837768E+02   
1.14912683E+02   
1.26231046E+02   
1.37423285E+02   
1.26424885E+02   
1.31626325E+02   
1.12620324E+02   
1.10422484E+02   
1.35357572E+02   
1.37911882E+02   
1.14987197E+02   
1.16341968E+02   
1.27726445E+02   
1.38836967E+02   
1.34840168E+02   
1.17915083E+02   
1.18503801E+02   
1.20204641E+02   
1.21317163E+02   
1.14961492E+02   
1.24142929E+02   
1.23255151E+02   
1.10262653E+02   
1.20560212E+02   
1.40564213E+02   
1.12407381E+02   
1.16354471E+02   
1.25031006E+02   
1.30191438E+02   
1.16155731E+02   
1.18797459E+02   
1.22891478E+02   
1.24467393E+02   
1.54356871E+02   
1.18240548E+02   
1.15597520E+02   
1.15007902E+02   
1.17597920E+02   
1.10177135E+02   
1.33000400E+02   
1.29175135E+02   
1.17311862E+02   
1.30734647E+02   
1.28174835E+02   
1.34026405E+02   
1.36014103E+02   
1.14426285E+02   
1.10434587E+02   
1.15796159E+02   
1.22260952E+02   
1.24226345E+02   
1.16997299E+02   
1.07148230E+02   
1.17372174E+02   
1.16428986E+02   
1.09185337E+02   
1.32703741E+02   
1.16419784E+02   
1.24840668E+02   
1.34749650E+02   
1.33194539E+02   
1.32972494E+02   
1.30749650E+02   
1.03732046E+02   
1.17598720E+02   
1.20614223E+02   
1.19194939E+02   
1.23445789E+02   
1.04951290E+02   
1.18043109E+02   
1.15390578E+02   
1.23189038E+02   
1.18024405E+02   
1.10478896E+02   
1.26569914E+02   
1.13471994E+02   
1.26947489E+02   
1.23738348E+02   
1.32607722E+02   
1.18167534E+02   
1.40593619E+02   
1.36452791E+02   
1.18484897E+02   
1.38992699E+02   
1.20323665E+02   
1.11415883E+02   
1.26828666E+02   
1.34620424E+02   
1.31962693E+02   
1.37692238E+02   
1.28962192E+02   
1.36010902E+02   
1.14491298E+02   
1.20110122E+02   
1.33440688E+02   
1.41612923E+02   
1.35553911E+02   
1.46131326E+02   
1.21183437E+02   
1.45713843E+02   
1.39455891E+02   
1.21907081E+02   
1.20331366E+02   
1.45851570E+02   
1.32414583E+02   
1.23003701E+02   
1.37373975E+02   
1.29327766E+02   
1.24358772E+02   
1.44409482E+02   
1.53579716E+02   
1.27377776E+02   
1.40452891E+02   
1.37541908E+02   
1.30103821E+02   
1.32463293E+02   
1.35771254E+02   
1.25344169E+02   
1.45710242E+02   
1.31281556E+02   
1.33979396E+02   
1.46285157E+02   
1.32550110E+02   
1.44776055E+02   
1.41562112E+02   
1.25527506E+02   
1.33016603E+02   
1.44782456E+02   
1.29009602E+02   
1.26283957E+02   
1.21521504E+02   
1.40529906E+02   
1.37520704E+02   
1.48786457E+02   
1.35754051E+02   
1.40526905E+02   
1.40300560E+02   
1.16499500E+02   
1.14764253E+02   
1.22298360E+02   
1.18795859E+02   
1.33554311E+02   
1.30236347E+02   
1.24026405E+02   
1.47782056E+02   
1.43807061E+02   
1.46054611E+02   
1.36434487E+02   
1.27539308E+02   
1.25206741E+02   
1.37602521E+02   
1.32093619E+02   
1.34752651E+02   
1.21435487E+02   
1.24341568E+02   
1.42067013E+02   
1.32267954E+02   
1.30658632E+02   
1.38113623E+02   
1.45881676E+02   
1.22789358E+02   
1.36259952E+02   
1.47330466E+02   
1.24582817E+02   
1.26970994E+02   
1.24967794E+02   
1.54666933E+02   
1.19496699E+02   
1.40617123E+02   
1.46371474E+02   
1.52450590E+02   
1.16663233E+02   
1.49823365E+02   
1.41202140E+02   
1.40727846E+02   
1.61550410E+02   
1.35582617E+02   
1.39729546E+02   
1.39717343E+02   
1.39410882E+02   
1.25256351E+02   
1.53041908E+02   
1.46031206E+02   
1.18834867E+02   
1.18967694E+02   
1.35430786E+02   
1.45256751E+02   
1.29208842E+02   
1.30982496E+02   
1.37895079E+02   
1.44802861E+02   
1.56224845E+02   
1.49582116E+02   
1.49303361E+02   
1.32147329E+02   
1.26112322E+02   
1.34593619E+02   
1.33571414E+02   
1.45698640E+02   
1.26696239E+02   
1.49474395E+02   
1.51923085E+02   
1.56590518E+02   
1.53254351E+02   
1.46236647E+02   
1.26908982E+02   
1.61271254E+02   
1.51154231E+02   
1.43094819E+02   
1.48188338E+02   
1.60121724E+02   
1.27682637E+02   
1.26588818E+02   
1.51567413E+02   
1.42064813E+02   
1.24213043E+02   
1.46907882E+02   
1.68324865E+02   
1.17614923E+02   
1.23306461E+02   
1.40526805E+02   
1.41949090E+02   
1.58318464E+02   
1.58835667E+02   
1.27854971E+02   
1.39813663E+02   
1.42852871E+02   
1.43199140E+02   
1.32026005E+02   
1.47450190E+02   
1.31762052E+02   
1.52932186E+02   
1.45286457E+02   
1.57029206E+02   
1.34695939E+02   
1.37738648E+02   
1.40313363E+02   
1.50161732E+02   
1.40443089E+02   
1.56790758E+02   
1.32649030E+02   
1.46030006E+02   
1.45235147E+02   
1.45186937E+02   
1.59280956E+02   
1.37844569E+02   
1.51620124E+02   
1.33231146E+02   
1.32838568E+02   
1.68383877E+02   
1.54850670E+02   
1.16657331E+02   
1.56011002E+02   
1.63613823E+02   
1.58641028E+02   
1.44224545E+02   
1.46029906E+02   
1.38817564E+02   
1.59247950E+02   
1.49833267E+02   
1.49407281E+02   
1.61841968E+02   
1.61043909E+02   
1.57015303E+02   
1.60262553E+02   
1.47992599E+02   
1.29638128E+02   
1.33615423E+02   
1.50639328E+02   
1.71920184E+02   
1.39557211E+02   
1.49030806E+02   
1.38223945E+02   
1.65103021E+02   
1.49304161E+02   
1.41300160E+02   
1.78775055E+02   
1.43051910E+02   
1.49035107E+02   
1.55262753E+02   
1.72042509E+02   
1.79314063E+02   
1.60682737E+02   
1.48217944E+02   
1.61347169E+02   
1.49334567E+02   
1.56904381E+02   
1.61534907E+02   
1.72541308E+02   
1.55019804E+02   
1.71685137E+02   
1.48677636E+02   
1.77252150E+02   
1.64589418E+02   
1.62324365E+02   
1.46295459E+02   
1.50950490E+02   
1.76298260E+02   
1.59849670E+02   
1.47944489E+02   
1.76757251E+02   
1.68125925E+02   
1.55477195E+02   
1.48112422E+02   
1.46402581E+02   
1.63610422E+02   
1.42243349E+02   
1.61471994E+02   
1.62969794E+02   
1.53780456E+02   
1.51166833E+02   
1.53139128E+02   
1.47143129E+02   
1.47267954E+02   
1.59030306E+02   
1.68210742E+02   
1.75209942E+02   
1.46711842E+02   
1.60627726E+02   
1.42028806E+02   
1.34942088E+02   
1.47074315E+02   
1.72858072E+02   
1.67095119E+02   
1.61002100E+02   
1.38513403E+02   
1.48545009E+02   
1.62173535E+02   
1.45372675E+02   
1.60645729E+02   
1.55075215E+02   
1.49048410E+02   
1.59675735E+02   
1.54525805E+02   
1.67538208E+02   
1.71032006E+02   
1.63032006E+02   
1.65034807E+02   
1.70195939E+02   
1.69528606E+02   
1.72211542E+02   
1.45506601E+02   
1.50375075E+02   
1.53359872E+02   
1.69728946E+02   
1.55182737E+02   
1.91214743E+02   
1.65665733E+02   
1.75775755E+02   
1.66311062E+02   
1.63356671E+02   
1.65678136E+02   
1.51319464E+02   
1.71616223E+02   
1.74307562E+02   
1.77519804E+02   
1.66315063E+02   
1.56194739E+02   
1.79241548E+02   
1.79987197E+02   
1.49772054E+02   
1.81667433E+02   
1.52864773E+02   
1.81894579E+02   
1.70473895E+02   
1.85444589E+02   
1.54370574E+02   
1.60721344E+02   
1.60341868E+02   
1.91481996E+02   
1.69735147E+02   
1.50877676E+02   
1.37716043E+02   
1.39179936E+02   
1.69655831E+02   
1.52726545E+02   
1.70970494E+02   
1.68580616E+02   
1.53487397E+02   
1.82981696E+02   
1.64336667E+02   
1.84484597E+02   
1.63376975E+02   
1.56031206E+02   
1.62509602E+02   
1.91742148E+02   
1.65809162E+02   
1.66063913E+02   
1.79150830E+02   
1.60301960E+02   
1.72494899E+02   
1.37777956E+02   
1.68704741E+02   
1.67743749E+02   
1.71188638E+02   
1.65599020E+02   
1.80170834E+02   
1.69893179E+02   
1.79032907E+02   
1.63892478E+02   
1.66744849E+02   
1.52457792E+02   
1.68019904E+02   
1.71792458E+02   
1.71862673E+02   
1.65193639E+02   
1.61872775E+02   
1.75694139E+02   
1.60037007E+02   
1.46028406E+02   
1.92476795E+02   
1.65517103E+02   
1.77954191E+02   
1.55028806E+02   
1.96756951E+02   
1.75125825E+02   
1.63068114E+02   
1.69461792E+02   
1.69192438E+02   
1.81090118E+02   
1.72497499E+02   
1.71103021E+02   
1.84235947E+02   
1.72163633E+02   
1.96990098E+02   
1.67889778E+02   
1.76300260E+02   
1.62609922E+02   
1.59639428E+02   
1.71163133E+02   
1.90083517E+02   
1.61945089E+02   
1.81744349E+02   
1.72614123E+02   
1.74801560E+02   
1.77749950E+02   
1.98482697E+02   
1.93439588E+02   
1.89149730E+02   
2.05029006E+02   
2.18783557E+02   
1.78816763E+02   
1.85656231E+02   
1.82284457E+02   
1.77035207E+02   
1.83283057E+02   
1.88922685E+02   
1.77131126E+02   
2.10122224E+02   
1.78982997E+02   
1.78891078E+02   
1.91184137E+02   
1.81158732E+02   
1.96950690E+02   
1.92762753E+02   
1.86117724E+02   
1.83600520E+02   
1.80873475E+02   
1.81105321E+02   
1.89151530E+02   
1.83263953E+02   
1.63389278E+02   
1.85688338E+02   
1.85105021E+02   
1.88925685E+02   
2.11999100E+02   
1.72165133E+02   
2.02768854E+02   
1.90269054E+02   
1.82267453E+02   
1.96126625E+02   
1.71425185E+02   
1.84996599E+02   
1.80490898E+02   
1.72049310E+02   
1.81139428E+02   
1.85041708E+02   
2.03145329E+02   
1.96259152E+02   
2.10058112E+02   
2.15136127E+02   
1.86587618E+02   
1.77238348E+02   
1.79837668E+02   
2.09846469E+02   
2.10394879E+02   
1.95625325E+02   
1.88606721E+02   
2.07076315E+02   
1.91465693E+02   
2.14403281E+02   
1.87463293E+02   
2.09039608E+02   
2.00934887E+02   
1.69813463E+02   
2.02019504E+02   
2.02251850E+02   
2.05384577E+02   
1.75579616E+02   
1.89088718E+02   
1.72651930E+02   
1.92616723E+02   
1.92054811E+02   
1.99852571E+02   
2.07427285E+02   
2.05639128E+02   
1.93746649E+02   
1.81631526E+02   
1.79236647E+02   
2.01956891E+02   
2.03022004E+02   
2.19210742E+02   
1.93769754E+02   
1.96749050E+02   
2.22402981E+02   
1.97637027E+02   
1.98514003E+02   
2.03227145E+02   
2.14663133E+02   
1.84307261E+02   
2.00437387E+02   
1.92788958E+02   
2.09733947E+02   
1.89341268E+02   
2.06375875E+02   
1.96147830E+02   
2.10758752E+02   
1.99774555E+02   
1.98131026E+02   
2.20682837E+02   
2.12043609E+02   
2.11117824E+02   
1.71464693E+02   
1.95145229E+02   
2.12270054E+02   
2.20923585E+02   
2.14865373E+02   
1.91870674E+02   
2.06604721E+02   
1.97597720E+02   
2.21662132E+02   
1.80753551E+02   
2.20311462E+02   
2.04996499E+02   
2.02701540E+02   
2.06201240E+02   
2.20380676E+02   
1.94952290E+02   
2.17289158E+02   
1.96884777E+02   
2.00616223E+02   
2.02795459E+02   
2.21986697E+02   
2.03418584E+02   
1.93762452E+02   
2.06077015E+02   
2.17689038E+02   
2.22601420E+02   
2.28831966E+02   
1.98980596E+02   
2.31711442E+02   
2.13042809E+02   
1.91968194E+02   
2.16657131E+02   
2.00418884E+02   
2.14216043E+02   
2.11784457E+02   
2.11888178E+02   
2.33544909E+02   
2.12790358E+02   
2.34082316E+02   
2.20959792E+02   
2.11038008E+02   
2.09801860E+02   
2.35334067E+02   
2.09906181E+02   
2.26895379E+02   
2.21470294E+02   
2.17113123E+02   
1.98760752E+02   
2.11742749E+02   
1.96387177E+02   
2.08761152E+02   
2.35458792E+02   
2.09482997E+02   
2.01836267E+02   
2.39488398E+02   
2.02721544E+02   
2.29113123E+02   
2.01438588E+02   
2.29510302E+02   
2.26992599E+02   
2.33112322E+02   
2.25240948E+02   
2.29560112E+02   
2.27595019E+02   
2.57076315E+02   
1.96528806E+02   
2.11718644E+02   
2.17358572E+02   
2.33172234E+02   
2.38801560E+02   
2.33599220E+02   
2.44831366E+02   
2.32717043E+02   
2.26348770E+02   
2.11999400E+02   
2.24213243E+02   
2.44046409E+02   
2.36687838E+02   
2.32520804E+02   
2.52067914E+02   
2.20966193E+02   
2.22499700E+02   
2.26972895E+02   
2.29329966E+02   
2.17936587E+02   
2.14931786E+02   
2.44729746E+02   
2.55835167E+02   
2.23401780E+02   
2.54652731E+02   
2.29851070E+02   
2.26995699E+02   
2.28519604E+02   
2.19668134E+02   
2.35061712E+02   
2.21814663E+02   
2.50027806E+02   
2.57188538E+02   
2.35011302E+02   
2.24435487E+02   
2.20006701E+02   
2.43559312E+02   
2.01934487E+02   
2.32028706E+02   
2.30568114E+02   
2.25047209E+02   
2.48187337E+02   
2.37443989E+02   
2.44188938E+02   
2.40323065E+02   
2.55686737E+02   
2.11810862E+02   
2.59246449E+02   
2.45875575E+02   
2.30792458E+02   
2.48658032E+02   
2.03989198E+02   
2.41279256E+02   
2.50922284E+02   
2.19422785E+02   
2.65264553E+02   
2.51338168E+02   
2.41131026E+02   
2.31610622E+02   
2.59567614E+02   
2.52579516E+02   
2.57208442E+02   
2.29779856E+02   
2.56945089E+02   
2.41481296E+02   
2.48261552E+02   
2.26489698E+02   
2.62737347E+02   
2.67741048E+02   
2.66051210E+02   
2.43402280E+02   
2.28220744E+02   
2.45496299E+02   
2.42458492E+02   
2.47979796E+02   
2.30815863E+02   
2.60494399E+02   
2.55251050E+02   
2.71799560E+02   
2.59625125E+02   
2.57019704E+02   
2.32634627E+02   
3.19407181E+02   
2.70380976E+02   
2.62752551E+02   
2.68226245E+02   
2.73331566E+02   
2.95229046E+02   
2.42531206E+02   
2.78554911E+02   
2.49436687E+02   
2.79544209E+02   
2.62401180E+02   
2.37598020E+02   
2.82152931E+02   
2.51486397E+02   
2.52126925E+02   
2.67051610E+02   
2.80501800E+02   
2.65671934E+02   
2.56726945E+02   
2.68010602E+02   
2.71435987E+02   
2.30422384E+02   
2.81333567E+02   
2.66119724E+02   
2.75055211E+02   
2.80014603E+02   
2.85876875E+02   
2.38781256E+02   
2.66509902E+02   
2.68018604E+02   
2.50184937E+02   
2.81874975E+02   
2.77303061E+02   
2.93710342E+02   
2.82227445E+02   
2.52333567E+02   
2.72795159E+02   
2.61319564E+02   
2.95777355E+02   
2.54365173E+02   
2.82819164E+02   
2.70040508E+02   
2.63000800E+02   
2.71069514E+02   
3.05967093E+02   
2.90948090E+02   
2.88252851E+02   
2.61251550E+02   
2.84738348E+02   
2.61295859E+02   
2.57000100E+02   
2.86113023E+02   
3.03861172E+02   
2.61241248E+02   
2.82059912E+02   
2.86951190E+02   
2.82150430E+02   
2.96930786E+02   
2.81007502E+02   
2.84127025E+02   
2.52144229E+02   
2.93891078E+02   
2.69165733E+02   
2.88910782E+02   
2.80215243E+02   
2.78039108E+02   
2.95943989E+02   
2.90137928E+02   
3.06993999E+02   
2.99080216E+02   
2.80057011E+02   
3.18066213E+02   
3.06075115E+02   
2.65065713E+02   
2.84052410E+02   
2.85051710E+02   
2.83061412E+02   
2.98057311E+02   
2.76056811E+02   
2.94068514E+02   
3.01028106E+02   
2.99075915E+02   
2.84107221E+02   
2.89056511E+02   
2.99073915E+02   
2.88983797E+02   
3.00957992E+02   
2.65258352E+02   
3.05036207E+02   
3.31994299E+02   
3.12035207E+02   
3.04050310E+02   
2.87030006E+02   
2.78199340E+02   
3.02960592E+02   
2.95049510E+02   
2.77162132E+02   
2.92976995E+02   
2.87075815E+02   
2.97058812E+02   
3.12262553E+02   
3.03804561E+02   
2.99025305E+02   
2.77001100E+02   
2.74358772E+02   
3.38111222E+02   
3.12392779E+02   
3.56539208E+02   
3.09995099E+02   
2.90217243E+02   
3.10117223E+02   
3.16993499E+02   
3.28294059E+02   
3.49770354E+02   
2.98152230E+02   
3.16188438E+02   
3.33953291E+02   
3.20898180E+02   
2.99194439E+02   
3.10166233E+02   
3.29064813E+02   
3.09919984E+02   
3.30450190E+02   
3.52502901E+02   
3.20038708E+02   
2.93550210E+02   
3.13987197E+02   
3.37778956E+02   
3.13997700E+02   
3.30421384E+02   
3.30306361E+02   
3.06113023E+02   
3.32958692E+02   
3.39206641E+02   
3.49325865E+02   
3.11438088E+02   
3.21775955E+02   
3.39722044E+02   
3.39249350E+02   
3.21336367E+02   
3.13011002E+02   
3.35740348E+02   
3.50257552E+02   
3.56294559E+02   
3.25145129E+02   
3.03092118E+02   
3.28121024E+02   
3.28177335E+02   
3.59329666E+02   
3.42689838E+02   
3.13184437E+02   
3.44946789E+02   
3.37041808E+02   
3.80718544E+02   
3.09125225E+02   
3.72154931E+02   
3.20865473E+02   
3.50162633E+02   
3.54246249E+02   
3.62242549E+02   
3.66167934E+02   
3.34203641E+02   
3.51689938E+02   
3.47377876E+02   
3.11209242E+02   
3.63712543E+02   
3.42535007E+02   
3.66107321E+02   
3.36443789E+02   
3.22109022E+02   
3.71887077E+02   
3.49073615E+02   
3.69842569E+02   
3.68460292E+02   
3.70013903E+02   
3.45620324E+02   
3.63190338E+02   
3.63139528E+02   
3.29880176E+02   
3.63235247E+02   
3.22904781E+02   
3.45143629E+02   
3.10826365E+02   
3.45484397E+02   
3.56868974E+02   
3.63332667E+02   
3.58337467E+02   
3.61452090E+02   
3.21755251E+02   
3.31976195E+02   
3.49254451E+02   
3.31785357E+02   
3.41227946E+02   
3.67527205E+02   
3.24143629E+02   
3.78125425E+02   
3.70772655E+02   
3.25128026E+02   
3.16020704E+02   
3.64019904E+02   
3.22820264E+02   
3.52417584E+02   
3.53877776E+02   
3.49803261E+02   
3.59963393E+02   
3.28634027E+02   
3.45704841E+02   
3.45171834E+02   
3.30861272E+02   
3.58954091E+02   
3.40032006E+02   
3.46693639E+02   
3.72251950E+02   
3.27667634E+02   
3.44676435E+02   
3.38350970E+02   
3.91140528E+02   
3.71369474E+02   
3.37322965E+02   
3.16553611E+02   
4.00082016E+02   
3.67699440E+02   
3.50060312E+02   
3.54543709E+02   
3.74601120E+02   
3.64251550E+02   
3.80554511E+02   
3.54624525E+02   
3.35737247E+02   
3.53217544E+02   
4.08678836E+02   
3.35641428E+02   
3.26811162E+02   
3.58638228E+02   
3.65759052E+02   
3.64627626E+02   
3.42711942E+02   
3.46171634E+02   
3.54484997E+02   
3.65241248E+02   
3.64612823E+02   
3.59532807E+02   
3.41208142E+02   
3.48870574E+02   
3.63399280E+02   
3.56151830E+02   
3.60598020E+02   
3.62318364E+02   
3.59825665E+02   
3.62210642E+02   
3.82212242E+02   
3.55250650E+02   
3.56308162E+02   
4.36487297E+02   
4.36487297E+02   
4.36487297E+02   
4.36487297E+02   
4.36487297E+02   
4.74678896E+02   
5.17000700E+02   
5.21043009E+02   
5.56628126E+02   
5.40878876E+02   
5.27224945E+02   
5.64751550E+02   
5.53144329E+02   
5.55273555E+02   
4.89330666E+02   
5.61651330E+02   
5.28254851E+02   
5.13867674E+02   
5.05661932E+02   
5.40950590E+02   
5.13764053E+02   
5.39480696E+02   
5.91517704E+02   
5.48507502E+02   
5.62022605E+02   
5.55290358E+02   
5.66628526E+02   
5.72277455E+02   
5.69375775E+02   
5.70130826E+02   
5.26682036E+02   
5.64187738E+02   
5.90597920E+02   
5.24378176E+02   
5.58760952E+02   
5.52974995E+02   
5.78433087E+02   
5.10626725E+02   
5.94770354E+02   
6.02555911E+02   
5.54105121E+02   
5.53059112E+02   
5.55136227E+02   
5.68797860E+02   
5.78848070E+02   
5.42712943E+02   
5.86243949E+02   
5.85277556E+02   
5.72476895E+02   
5.76566313E+02   
6.24487798E+02   
5.63669734E+02   
5.61289658E+02   
5.68392378E+02   
6.19967594E+02   
5.87010202E+02   
6.07373875E+02   
5.88398380E+02   
5.90306661E+02   
6.03930186E+02   
5.71694639E+02   
5.71114123E+02   
5.78652330E+02   
5.93589318E+02   
6.16217343E+02   
6.02993499E+02   
5.86064213E+02   
5.49351570E+02   
5.76369974E+02   
6.12038708E+02   
5.96206141E+02   
6.04810862E+02   
5.74935387E+02   
6.14820064E+02   
5.80828066E+02   
6.42327866E+02   
6.03558512E+02   
6.27152130E+02   
5.87218944E+02   
5.70117223E+02   
6.12999000E+02   
6.29991898E+02   
5.99390078E+02   
5.72378576E+02   
6.19916983E+02   
5.92656331E+02   
6.10540908E+02   
6.34301560E+02   
6.79018404E+02   
6.66961092E+02   
6.67304561E+02   
6.72669434E+02   
6.89427485E+02   
6.85463993E+02   
7.00381176E+02   
6.94029106E+02   
6.86356271E+02   
6.53956491E+02   
6.50805361E+02   
6.10095519E+02   
6.71923285E+02   
6.61792559E+02   
6.32352571E+02   
6.25352270E+02   
6.94604321E+02   
6.65831466E+02   
6.99197239E+02   
6.43858772E+02   
6.33891278E+02   
6.75794859E+02   
6.67804461E+02   
6.28740148E+02   
6.65015503E+02   
6.42853471E+02   
6.33961192E+02   
6.35460892E+02   
6.37778456E+02   
6.14187437E+02   
6.56315363E+02   
6.72914683E+02   
6.83526505E+02   
6.35031606E+02   
6.25799760E+02   
6.48609722E+02   
6.80974495E+02   
6.60770854E+02   
6.85433887E+02   
6.65074415E+02   
6.44690738E+02   
6.30350470E+02   
6.77268754E+02   
6.05550010E+02   
6.27940088E+02   
6.51896179E+02   
6.32364673E+02   
6.47132226E+02   
6.58507201E+02   
6.38991698E+02   
6.32395079E+02   
6.45662533E+02   
6.69063013E+02   
6.58925185E+02   
6.28815063E+02   
6.86325565E+02   
6.57844069E+02   
6.68030906E+02   
6.40579316E+02   
6.12385877E+02   
6.46647730E+02   
6.27781456E+02   
6.18392679E+02   
6.61212342E+02   
6.34230846E+02   
6.54498300E+02   
6.23464593E+02   
6.25397179E+02   
6.40853271E+02   
6.43125225E+02   
6.01137127E+02   
6.42288258E+02   
5.80846969E+02   
5.69281256E+02   
6.04158332E+02   
6.20227846E+02   
6.09438588E+02   
6.42694039E+02   
5.63917283E+02   
5.90819364E+02   
5.69595819E+02   
5.68574015E+02   
5.93842969E+02   
5.94915483E+02   
5.70206741E+02   
5.79620024E+02   
5.63456791E+02   
5.86864373E+02   
5.18134227E+02   
5.55564013E+02   
5.38802761E+02   
4.83102020E+02   
5.11245449E+02   
4.97961892E+02   
4.97655331E+02   
4.80815863E+02   
5.06265153E+02   
5.18943789E+02   
4.91536007E+02   
4.97704241E+02   
4.88374975E+02   
4.65879976E+02   
4.73213243E+02   
4.88217644E+02   
4.93660432E+02   
4.94028606E+02   
5.04245349E+02   
4.85012202E+02   
4.58299660E+02   
4.42937087E+02   
4.43740448E+02   
4.74131326E+02   
4.37878176E+02   
4.54924985E+02   
4.79577916E+02   
4.36004001E+02   
4.67636027E+02   
4.65492599E+02   
4.42618924E+02   
4.39856771E+02   
4.55014203E+02   
4.46680236E+02   
4.49384777E+02   
4.94182136E+02   
4.67378476E+02   
4.54506201E+02   
4.41470894E+02   
4.69588318E+02   
4.42900880E+02   
4.26341468E+02   
4.29715343E+02   
4.07547910E+02   
3.82163833E+02   
4.40063513E+02   
4.13485897E+02   
4.00961592E+02   
4.17691738E+02   
4.37515503E+02   
4.10470694E+02   
4.12462693E+02   
4.03291458E+02   
4.06609922E+02   
3.90933587E+02   
3.78305761E+02   
3.91186537E+02   
4.07426685E+02   
3.87410682E+02   
4.11598020E+02   
3.93921484E+02   
3.97064813E+02   
4.27585617E+02   
3.98913083E+02   
3.77589618E+02   
4.26892278E+02   
4.12746149E+02   
3.94731746E+02   
4.02096019E+02   
4.25936687E+02   
4.41405481E+02   
3.94686537E+02   
3.54010802E+02   
3.53135627E+02   
3.86363873E+02   
3.72953891E+02   
3.67790958E+02   
3.65216943E+02   
3.75248150E+02   
4.80596509E+02   
5.51510302E+02   
5.51510302E+02   
5.51510302E+02   
5.51510302E+02   
5.69406151E+02   
7.49729246E+02   
7.64506301E+02   
7.69564713E+02   
7.89277255E+02   
7.82670734E+02   
7.48789758E+02   
7.90075315E+02   
7.29446689E+02   
7.80836667E+02   
7.92868174E+02   
7.86485397E+02   
8.05855271E+02   
7.87158432E+02   
7.79755951E+02   
7.87410082E+02   
8.01797760E+02   
7.54706641E+02   
7.77877075E+02   
7.80085617E+02   
8.03091418E+02   
8.32837367E+02   
7.76133727E+02   
7.65467694E+02   
7.33661032E+02   
8.21582817E+02   
7.60256751E+02   
7.69783857E+02   
7.67942488E+02   
7.54037207E+02   
7.75406281E+02   
7.90717043E+02   
7.85342569E+02   
7.99962092E+02   
7.81604621E+02   
7.55536707E+02   
7.92212943E+02   
7.63880776E+02   
7.22209242E+02   
7.02430186E+02   
7.53281856E+02   
7.23141228E+02   
7.63975995E+02   
7.83537908E+02   
7.27456091E+02   
7.45945489E+02   
7.39270754E+02   
7.82367574E+02   
7.03511702E+02   
7.47624025E+02   
7.67530906E+02   
7.45089718E+02   
7.28549610E+02   
7.38265853E+02   
7.58409982E+02   
7.63122224E+02   
7.92828666E+02   
7.70518904E+02   
7.65547109E+02   
7.38158932E+02   
7.29772955E+02   
7.52121024E+02   
7.69356471E+02   
7.61547510E+02   
7.42947489E+02   
7.90180536E+02   
7.61537508E+02   
7.06777055E+02   
7.75138228E+02   
7.77864173E+02   
7.60388278E+02   
7.26537608E+02   
7.54127726E+02   
7.28614823E+02   
7.70173935E+02   
7.68365473E+02   
7.11298260E+02   
7.51733747E+02   
7.88886477E+02   
7.44504601E+02   
8.15615423E+02   
8.33083317E+02   
8.24956591E+02   
9.57835367E+02   
9.58770554E+02   
8.92888478E+02   
9.42345069E+02   
8.41180836E+02   
8.73086717E+02   
8.92117123E+02   
8.96440188E+02   
8.53558712E+02   
8.49866973E+02   
7.82589618E+02   
7.87167534E+02   
8.55083317E+02   
7.82236447E+02   
7.71890678E+02   
8.17889178E+02   
7.80512803E+02   
7.66940288E+02   
7.46110422E+02   
7.19315863E+02   
7.58715343E+02   
7.04867073E+02   
7.20199340E+02   
7.62243449E+02   
7.34922585E+02   
7.08484397E+02   
7.08448890E+02   
7.04447489E+02   
6.72026005E+02   
7.03089918E+02   
6.77172234E+02   
7.14127626E+02   
6.41976895E+02   
6.71705241E+02   
6.64026905E+02   
6.37023605E+02   
6.45243649E+02   
6.64241848E+02   
6.54101720E+02   
6.28924885E+02   
6.71610922E+02   
6.55052410E+02   
6.45021404E+02   
6.25024605E+02   
6.35738648E+02   
5.81952791E+02   
5.46284857E+02   
5.67941588E+02   
5.52930386E+02   
5.27463693E+02   
5.14770754E+02   
5.38174235E+02   
5.60998100E+02   
5.65691138E+02   
5.26723145E+02   
5.06718344E+02   
4.86099720E+02   
4.75946089E+02   
5.20401380E+02   
5.12622625E+02   
4.70432186E+02   
4.80637427E+02   
4.48277055E+02   
4.58091218E+02   
4.54896179E+02   
4.72135027E+02   
4.04847870E+02   
4.26202440E+02   
3.94078816E+02   
3.81314563E+02   
4.05315363E+02   
3.82187237E+02   
3.78787257E+02   
3.57719844E+02   
3.46106921E+02   
3.69737948E+02   
3.47167534E+02   
3.45682136E+02   
3.07349570E+02   
2.97593219E+02   
2.91098720E+02   
3.12304561E+02   
2.91486397E+02   
2.71401980E+02   
2.64469894E+02   
2.55150630E+02   
2.27596319E+02   
2.54806261E+02   
2.39832066E+02   
2.24340568E+02   
2.22682837E+02   
2.60807061E+02   
2.32947690E+02   
2.06511702E+02   
2.03864273E+02   
1.73219744E+02   
2.00316163E+02   
1.96545309E+02   
1.78285757E+02   
1.78056811E+02   
1.84524505E+02   
1.76026405E+02   
1.79327966E+02   
1.56009002E+02   
1.76790658E+02   
1.63784057E+02   
1.65780056E+02   
1.52023205E+02   
1.41787057E+02   
1.39030406E+02   
1.35526105E+02   
1.43988798E+02   
1.38046809E+02   
1.19319964E+02   
1.48240348E+02   
1.25214943E+02   
1.12039408E+02   
1.24082216E+02   
1.25261552E+02   
1.27514903E+02   
1.22769454E+02   
1.13459692E+02   
9.27086417E+01   
9.43043609E+01   
1.02597119E+02   
9.74094819E+01   
8.74324865E+01   
8.45319064E+01   
8.78676735E+01   
9.11619324E+01   
9.73155631E+01   
8.44956991E+01   
8.45379076E+01   
7.57100420E+01   
8.20148030E+01   
7.64418884E+01   
7.33251650E+01   
8.60144029E+01   
7.36976395E+01   
6.30124025E+01   
6.22199440E+01   
5.38048610E+01   
6.54824965E+01   
5.35423085E+01   
4.62781556E+01   
5.96820364E+01   
4.76118224E+01   
3.76767353E+01   
4.26050210E+01   
4.02753551E+01   
4.49576915E+01   
7.39840968E+01   
3.92753551E+01   
1.36084217E+02   
3.03108622E+01   
2.85447089E+01   
2.42757552E+01   
2.44636927E+01   
2.91053211E+01   
1.76325265E+01   
1.60993199E+01   
1.38192639E+01   
2.21839368E+01   
1.35483097E+01   
1.67286457E+01   
1.30020004E+01   
6.82566513E+00   
1.28758852E+01   
7.80156031E+00   
7.80156031E+00   
7.80156031E+00   
7.80156031E+00   
7.80156031E+00   
3.81987397E+00   
0.00000000E+00   
0.00000000E+00   
0.00000000E+00   
0.00000000E+00   
0.00000000E+00   
0.00000000E+00   
2.80156031E-01   
7.19843969E-01   
0.00000000E+00   
0.00000000E+00   
0.00000000E+00   
0.00000000E+00   
0.00000000E+00   
0.00000000E+00   
2.55021004E+00   
6.44978996E+00   
0.00000000E+00   
0.00000000E+00   
0.00000000E+00   
0.00000000E+00   
0.00000000E+00   
0.00000000E+00   
0.00000000E+00   
0.00000000E+00   
0.00000000E+00   
0.00000000E+00   
0.00000000E+00   
0.00000000E+00   
1.00000000E+00   
0.00000000E+00   
0.00000000E+00   
0.00000000E+00   
0.00000000E+00   
0.00000000E+00   
1.00000000E+00   
0.00000000E+00   
0.00000000E+00   
0.00000000E+00   
1.00000000E+00   
0.00000000E+00   
0.00000000E+00   
0.00000000E+00   
0.00000000E+00   
0.00000000E+00   
0.00000000E+00   
1.00000000E+00   
0.00000000E+00   
1.00000000E+00   
0.00000000E+00   
0.00000000E+00   
0.00000000E+00   
0.00000000E+00   
0.00000000E+00   
0.00000000E+00   
0.00000000E+00   
0.00000000E+00   
1.00000000E+00   
0.00000000E+00   
0.00000000E+00   
0.00000000E+00   
0.00000000E+00   
0.00000000E+00   
0.00000000E+00   
0.00000000E+00   
0.00000000E+00   
1.00000000E+00   
0.00000000E+00   
0.00000000E+00   
0.00000000E+00   
0.00000000E+00   
0.00000000E+00   
0.00000000E+00   
0.00000000E+00   
0.00000000E+00   
0.00000000E+00   
0.00000000E+00   
0.00000000E+00   
0.00000000E+00   
0.00000000E+00   
3.09361872E-01   
6.90638128E-01   
0.00000000E+00   
0.00000000E+00   
0.00000000E+00   
0.00000000E+00   
0.00000000E+00   
0.00000000E+00   
0.00000000E+00   
0.00000000E+00   
3.13362673E-01   
6.86637327E-01   
0.00000000E+00   
0.00000000E+00   
0.00000000E+00   
0.00000000E+00   
0.00000000E+00   
0.00000000E+00   
0.00000000E+00   
3.16963393E-01   
6.83036607E-01   
0.00000000E+00   
0.00000000E+00   
0.00000000E+00   
0.00000000E+00   
0.00000000E+00   
0.00000000E+00   
0.00000000E+00   
0.00000000E+00   
0.00000000E+00   
0.00000000E+00   
3.21764353E-01   
1.00040008E+00   
6.77835567E-01   
0.00000000E+00   
0.00000000E+00   
0.00000000E+00   
0.00000000E+00   
0.00000000E+00   
0.00000000E+00   
0.00000000E+00   
1.32576515E+00   
6.74234847E-01   
0.00000000E+00   
0.00000000E+00   
0.00000000E+00   
0.00000000E+00   
0.00000000E+00   
0.00000000E+00   
0.00000000E+00   
0.00000000E+00   
0.00000000E+00   
1.00000000E+00   
0.00000000E+00   
0.00000000E+00   
0.00000000E+00   
0.00000000E+00   
0.00000000E+00   
0.00000000E+00   
3.32966593E-01   
6.67033407E-01   
0.00000000E+00   
0.00000000E+00   
0.00000000E+00   
0.00000000E+00   
0.00000000E+00   
0.00000000E+00   
0.00000000E+00   
3.36567313E-01   
6.63432687E-01   
0.00000000E+00   
0.00000000E+00   
0.00000000E+00   
3.38567714E-01   
6.61432286E-01   
0.00000000E+00   
0.00000000E+00   
0.00000000E+00   
0.00000000E+00   
0.00000000E+00   
0.00000000E+00   
0.00000000E+00   
0.00000000E+00   
0.00000000E+00   
0.00000000E+00   
0.00000000E+00   
0.00000000E+00   
0.00000000E+00   
0.00000000E+00   
0.00000000E+00   
3.45369074E-01   
1.65463093E+00   
0.00000000E+00   
0.00000000E+00   
0.00000000E+00   
0.00000000E+00   
0.00000000E+00   
0.00000000E+00   
0.00000000E+00   
1.00000000E+00   
0.00000000E+00   
0.00000000E+00   
0.00000000E+00   
0.00000000E+00   
0.00000000E+00   
1.00000000E+00   
0.00000000E+00   
0.00000000E+00   
0.00000000E+00   
0.00000000E+00   
0.00000000E+00   
0.00000000E+00   
0.00000000E+00   
0.00000000E+00   
0.00000000E+00   
0.00000000E+00   
0.00000000E+00   
0.00000000E+00   
0.00000000E+00   
0.00000000E+00   
0.00000000E+00   
0.00000000E+00   
0.00000000E+00   
0.00000000E+00   
0.00000000E+00   
0.00000000E+00   
0.00000000E+00   
0.00000000E+00   
0.00000000E+00   
0.00000000E+00   
0.00000000E+00   
0.00000000E+00   
0.00000000E+00   
0.00000000E+00   
0.00000000E+00   
0.00000000E+00   
0.00000000E+00   
0.00000000E+00   
0.00000000E+00   
1.36497299E+00   
6.35027005E-01   
0.00000000E+00   
3.66173235E-01   
6.33826765E-01   
0.00000000E+00   
0.00000000E+00   
0.00000000E+00   
1.00000000E+00   
0.00000000E+00   
3.68973795E-01   
6.31026205E-01   
0.00000000E+00   
0.00000000E+00   
0.00000000E+00   
0.00000000E+00   
3.71374275E-01   
6.28625725E-01   
0.00000000E+00   
0.00000000E+00   
0.00000000E+00   
0.00000000E+00   
3.73774755E-01   
6.26225245E-01   
0.00000000E+00   
0.00000000E+00   
0.00000000E+00   
0.00000000E+00   
0.00000000E+00   
0.00000000E+00   
0.00000000E+00   
0.00000000E+00   
0.00000000E+00   
0.00000000E+00   
0.00000000E+00   
0.00000000E+00   
3.79375875E-01   
6.20624125E-01   
0.00000000E+00   
0.00000000E+00   
1.00000000E+00   
0.00000000E+00   
0.00000000E+00   
0.00000000E+00   
0.00000000E+00   
0.00000000E+00   
0.00000000E+00   
0.00000000E+00   
0.00000000E+00   
0.00000000E+00   
0.00000000E+00   
0.00000000E+00   
0.00000000E+00   
0.00000000E+00   
0.00000000E+00   
0.00000000E+00   
0.00000000E+00   
0.00000000E+00   
0.00000000E+00   
0.00000000E+00   
0.00000000E+00   
0.00000000E+00   
0.00000000E+00   
0.00000000E+00   
0.00000000E+00   
0.00000000E+00   
0.00000000E+00   
0.00000000E+00   
0.00000000E+00   
0.00000000E+00   
0.00000000E+00   
0.00000000E+00   
3.93778756E-01   
6.06221244E-01   
3.94578916E-01   
6.05421084E-01   
0.00000000E+00   
0.00000000E+00   
0.00000000E+00   
0.00000000E+00   
0.00000000E+00   
0.00000000E+00   
0.00000000E+00   
3.98179636E-01   
6.01820364E-01   
0.00000000E+00   
0.00000000E+00   
0.00000000E+00   
0.00000000E+00   
0.00000000E+00   
0.00000000E+00   
0.00000000E+00   
0.00000000E+00   
0.00000000E+00   
0.00000000E+00   
0.00000000E+00   
0.00000000E+00   
0.00000000E+00   
0.00000000E+00   
0.00000000E+00   
0.00000000E+00   
1.00000000E+00   
0.00000000E+00   
0.00000000E+00   
0.00000000E+00   
4.06981396E-01   
5.93018604E-01   
0.00000000E+00   
0.00000000E+00   
0.00000000E+00   
4.08981796E-01   
1.59101820E+00   
0.00000000E+00   
0.00000000E+00   
0.00000000E+00   
0.00000000E+00   
0.00000000E+00   
0.00000000E+00   
0.00000000E+00   
0.00000000E+00   
0.00000000E+00   
0.00000000E+00   
0.00000000E+00   
0.00000000E+00   
0.00000000E+00   
0.00000000E+00   
0.00000000E+00   
0.00000000E+00   
0.00000000E+00   
2.00000000E+00   
0.00000000E+00   
0.00000000E+00   
0.00000000E+00   
0.00000000E+00   
0.00000000E+00   
8.37967594E-01   
1.16203241E+00   
0.00000000E+00   
0.00000000E+00   
0.00000000E+00   
0.00000000E+00   
0.00000000E+00   
0.00000000E+00   
0.00000000E+00   
0.00000000E+00   
0.00000000E+00   
0.00000000E+00   
0.00000000E+00   
0.00000000E+00   
0.00000000E+00   
0.00000000E+00   
4.25385077E-01   
5.74614923E-01   
0.00000000E+00   
0.00000000E+00   
0.00000000E+00   
0.00000000E+00   
0.00000000E+00   
0.00000000E+00   
0.00000000E+00   
0.00000000E+00   
0.00000000E+00   
0.00000000E+00   
0.00000000E+00   
0.00000000E+00   
0.00000000E+00   
0.00000000E+00   
1.00000000E+00   
0.00000000E+00   
0.00000000E+00   
0.00000000E+00   
0.00000000E+00   
0.00000000E+00   
0.00000000E+00   
0.00000000E+00   
0.00000000E+00   
4.35387077E-01   
5.64612923E-01   
0.00000000E+00   
0.00000000E+00   
0.00000000E+00   
0.00000000E+00   
0.00000000E+00   
0.00000000E+00   
0.00000000E+00   
0.00000000E+00   
0.00000000E+00   
0.00000000E+00   
0.00000000E+00   
0.00000000E+00   
0.00000000E+00   
0.00000000E+00   
0.00000000E+00   
0.00000000E+00   
0.00000000E+00   
0.00000000E+00   
4.43388678E-01   
5.56611322E-01   
1.00000000E+00   
0.00000000E+00   
0.00000000E+00   
4.45389078E-01   
5.54610922E-01   
0.00000000E+00   
0.00000000E+00   
0.00000000E+00   
4.47389478E-01   
5.52610522E-01   
0.00000000E+00   
0.00000000E+00   
0.00000000E+00   
0.00000000E+00   
0.00000000E+00   
0.00000000E+00   
0.00000000E+00   
0.00000000E+00   
4.51390278E-01   
5.48609722E-01   
0.00000000E+00   
0.00000000E+00   
0.00000000E+00   
0.00000000E+00   
0.00000000E+00   
0.00000000E+00   
0.00000000E+00   
0.00000000E+00   
0.00000000E+00   
0.00000000E+00   
1.00000000E+00   
0.00000000E+00   
4.56991398E-01   
5.43008602E-01   
0.00000000E+00   
0.00000000E+00   
0.00000000E+00   
0.00000000E+00   
0.00000000E+00   
0.00000000E+00   
0.00000000E+00   
1.00000000E+00   
0.00000000E+00   
0.00000000E+00   
0.00000000E+00   
1.00000000E+00   
0.00000000E+00   
0.00000000E+00   
0.00000000E+00   
0.00000000E+00   
0.00000000E+00   
4.64592919E-01   
5.35407081E-01   
0.00000000E+00   
0.00000000E+00   
0.00000000E+00   
0.00000000E+00   
0.00000000E+00   
0.00000000E+00   
0.00000000E+00   
0.00000000E+00   
3.00000000E+00   
0.00000000E+00   
0.00000000E+00   
0.00000000E+00   
0.00000000E+00   
1.00000000E+00   
0.00000000E+00   
0.00000000E+00   
0.00000000E+00   
0.00000000E+00   
4.72594519E-01   
5.27405481E-01   
0.00000000E+00   
0.00000000E+00   
0.00000000E+00   
0.00000000E+00   
4.74994999E-01   
5.25005001E-01   
0.00000000E+00   
0.00000000E+00   
0.00000000E+00   
0.00000000E+00   
0.00000000E+00   
0.00000000E+00   
1.00000000E+00   
0.00000000E+00   
0.00000000E+00   
0.00000000E+00   
0.00000000E+00   
0.00000000E+00   
0.00000000E+00   
0.00000000E+00   
0.00000000E+00   
4.81796359E-01   
1.51820364E+00   
0.00000000E+00   
0.00000000E+00   
0.00000000E+00   
0.00000000E+00   
0.00000000E+00   
0.00000000E+00   
0.00000000E+00   
0.00000000E+00   
0.00000000E+00   
0.00000000E+00   
0.00000000E+00   
0.00000000E+00   
0.00000000E+00   
0.00000000E+00   
0.00000000E+00   
0.00000000E+00   
0.00000000E+00   
0.00000000E+00   
0.00000000E+00   
1.00000000E+00   
0.00000000E+00   
0.00000000E+00   
0.00000000E+00   
0.00000000E+00   
0.00000000E+00   
0.00000000E+00   
0.00000000E+00   
0.00000000E+00   
0.00000000E+00   
0.00000000E+00   
0.00000000E+00   
0.00000000E+00   
0.00000000E+00   
0.00000000E+00   
0.00000000E+00   
0.00000000E+00   
0.00000000E+00   
0.00000000E+00   
0.00000000E+00   
0.00000000E+00   
0.00000000E+00   
0.00000000E+00   
0.00000000E+00   
0.00000000E+00   
0.00000000E+00   
!IDEND=

