!FILE=Disk 
!KIND=Spectrum 
!LABORATORY=Oslo Cyclotron Laboratory (OCL) 
!EXPERIMENT= oslo_method_python 
!COMMENT=Made by OMpy 
!TIME=DATE:08-Sep-20 09:58:06   
!CALIBRATION EkeV=6, 0.000000E+00, 2.000400E+00, 0.000000E+00 
!PRECISION=16 
!DIMENSION=1,0:4999 
!CHANNEL=(0:4999) 
2.96542609E+02   
4.90618224E+02   
5.47624225E+02   
6.15156031E+02   
6.13653031E+02   
6.36167233E+02   
6.78672234E+02   
7.61700640E+02   
7.77334867E+02   
8.08944789E+02   
7.77821064E+02   
7.92623825E+02   
8.83866673E+02   
8.59940388E+02   
8.77473695E+02   
9.70591318E+02   
1.02203681E+03   
9.88408082E+02   
1.08717634E+03   
1.22096149E+03   
1.24729606E+03   
1.27503311E+03   
1.40011352E+03   
1.48708662E+03   
1.57560652E+03   
1.77905891E+03   
1.91796659E+03   
2.07247349E+03   
2.24816423E+03   
2.30080666E+03   
2.45506561E+03   
2.57875125E+03   
2.80435167E+03   
2.90645329E+03   
3.07131176E+03   
3.15433197E+03   
3.18419094E+03   
3.34439448E+03   
3.50989368E+03   
3.52434937E+03   
3.59437477E+03   
3.63304391E+03   
3.75263643E+03   
3.82696809E+03   
3.85048310E+03   
3.96952360E+03   
3.98545729E+03   
3.96324235E+03   
3.97656941E+03   
4.11758802E+03   
4.24865453E+03   
4.14689378E+03   
4.29017253E+03   
4.24037497E+03   
4.30270884E+03   
4.31086767E+03   
4.32748460E+03   
4.31364493E+03   
4.36766473E+03   
4.34395599E+03   
4.26830536E+03   
4.22542088E+03   
4.33826175E+03   
4.25610792E+03   
4.26118494E+03   
4.21163273E+03   
4.20457051E+03   
4.18733647E+03   
4.12587337E+03   
4.15212312E+03   
4.13699960E+03   
4.15005821E+03   
4.07521304E+03   
4.01604821E+03   
3.93939138E+03   
4.07483037E+03   
3.99114333E+03   
4.00990538E+03   
4.03916093E+03   
4.07525415E+03   
3.99565803E+03   
3.94558452E+03   
3.92037187E+03   
3.93112122E+03   
3.96586147E+03   
3.93691948E+03   
4.03373655E+03   
4.17807211E+03   
4.14789368E+03   
4.15983417E+03   
4.14047550E+03   
4.09488438E+03   
4.02977385E+03   
3.84014433E+03   
3.97258462E+03   
3.96468044E+03   
3.87761962E+03   
3.82747079E+03   
3.90253631E+03   
3.79681706E+03   
3.71279826E+03   
3.68940878E+03   
3.65034117E+03   
3.48255991E+03   
3.46891548E+03   
3.46058192E+03   
3.35108442E+03   
3.31748760E+03   
3.32557091E+03   
3.27949340E+03   
3.32102881E+03   
3.22760492E+03   
3.25121944E+03   
3.21228566E+03   
3.16925965E+03   
3.13817744E+03   
3.14560232E+03   
3.00113173E+03   
2.97708462E+03   
3.03724195E+03   
2.90728736E+03   
2.94969624E+03   
2.98917413E+03   
2.94972014E+03   
2.92002511E+03   
2.95726135E+03   
2.91993489E+03   
2.96151630E+03   
2.98078276E+03   
2.88310952E+03   
2.92352200E+03   
2.87182547E+03   
2.80117624E+03   
2.77363163E+03   
2.71422795E+03   
2.72949540E+03   
2.73449380E+03   
2.68134127E+03   
2.68384777E+03   
2.66541768E+03   
2.60563713E+03   
2.62546389E+03   
2.55403011E+03   
2.60065953E+03   
2.53157702E+03   
2.54361722E+03   
2.54698460E+03   
2.48862412E+03   
2.53584897E+03   
2.48774355E+03   
2.34867013E+03   
2.42614673E+03   
2.47388348E+03   
2.42639858E+03   
2.39074375E+03   
2.35083197E+03   
2.29959552E+03   
2.27384457E+03   
2.35921524E+03   
2.25272414E+03   
2.26677035E+03   
2.28815983E+03   
2.24339448E+03   
2.18144259E+03   
2.21625935E+03   
2.16608152E+03   
2.01474875E+03   
1.99976845E+03   
2.09436867E+03   
2.05414883E+03   
2.03823565E+03   
1.92260272E+03   
1.87191008E+03   
1.88376065E+03   
1.88473025E+03   
1.88795229E+03   
1.78272194E+03   
1.83418794E+03   
1.79723795E+03   
1.75834427E+03   
1.80140378E+03   
1.72241968E+03   
1.70508252E+03   
1.68188758E+03   
1.64053001E+03   
1.68841968E+03   
1.70169734E+03   
1.62620454E+03   
1.66571274E+03   
1.61570634E+03   
1.55508692E+03   
1.65190348E+03   
1.58597770E+03   
1.56252551E+03   
1.55498850E+03   
1.54531446E+03   
1.58232076E+03   
1.54957111E+03   
1.53288378E+03   
1.50995379E+03   
1.51816373E+03   
1.50889758E+03   
1.55854951E+03   
1.46208072E+03   
1.44206391E+03   
1.42022004E+03   
1.42950110E+03   
1.48017333E+03   
1.41595439E+03   
1.43761772E+03   
1.40104931E+03   
1.40130736E+03   
1.42395099E+03   
1.36254281E+03   
1.38906491E+03   
1.36669714E+03   
1.31681886E+03   
1.35887778E+03   
1.33970574E+03   
1.44060912E+03   
1.41552290E+03   
1.32848740E+03   
1.30866183E+03   
1.32843669E+03   
1.33457622E+03   
1.21216343E+03   
1.27008772E+03   
1.27062412E+03   
1.25954921E+03   
1.19027576E+03   
1.21066943E+03   
1.23209222E+03   
1.25605311E+03   
1.20102961E+03   
1.21709912E+03   
1.21430906E+03   
1.22848590E+03   
1.24397489E+03   
1.26315323E+03   
1.17775805E+03   
1.10033707E+03   
1.12126965E+03   
1.13412382E+03   
1.19477566E+03   
1.19594879E+03   
1.14188688E+03   
1.13099880E+03   
1.19319654E+03   
1.16228546E+03   
1.07861522E+03   
1.09282176E+03   
1.08000920E+03   
1.06620384E+03   
8.48270944E+02   
7.97959592E+02   
7.97959592E+02   
7.97959592E+02   
7.97959592E+02   
7.08713673E+02   
4.97176835E+02   
5.25981796E+02   
5.04281256E+02   
5.37532507E+02   
4.86162232E+02   
4.52745649E+02   
4.37760452E+02   
4.65883177E+02   
4.71204341E+02   
4.63024005E+02   
4.81097620E+02   
4.65324965E+02   
4.49263353E+02   
4.77486497E+02   
4.58753351E+02   
5.02391178E+02   
4.57433487E+02   
4.33481796E+02   
4.59536107E+02   
4.82539308E+02   
4.71437087E+02   
4.39957792E+02   
4.53665533E+02   
4.23542809E+02   
4.25403081E+02   
4.26833267E+02   
4.39842068E+02   
4.46787658E+02   
4.56467493E+02   
4.13629326E+02   
4.24921784E+02   
4.10703141E+02   
4.13963693E+02   
4.69391078E+02   
4.09541608E+02   
4.05257852E+02   
4.28472995E+02   
4.26946689E+02   
4.32425185E+02   
4.36407081E+02   
3.85832767E+02   
4.02817664E+02   
3.99461792E+02   
4.05492799E+02   
3.87235447E+02   
3.89543209E+02   
3.96345469E+02   
4.16245649E+02   
4.12090018E+02   
3.63659332E+02   
3.90053611E+02   
4.15308662E+02   
3.68350470E+02   
3.99326865E+02   
3.55693639E+02   
3.72101820E+02   
4.03075015E+02   
4.05815363E+02   
3.61347870E+02   
3.80984597E+02   
3.75922985E+02   
3.60144529E+02   
3.79959092E+02   
3.74219544E+02   
3.69817564E+02   
3.62445789E+02   
3.52252050E+02   
3.40375875E+02   
3.70394379E+02   
3.58127225E+02   
3.16799060E+02   
3.17329266E+02   
3.24902480E+02   
3.36925985E+02   
3.51535507E+02   
3.45039708E+02   
3.22582116E+02   
3.40850270E+02   
3.48068414E+02   
3.52787257E+02   
3.34528706E+02   
3.51253051E+02   
3.69614523E+02   
3.37699340E+02   
3.66814163E+02   
3.35230546E+02   
3.10855171E+02   
3.19892178E+02   
3.48677536E+02   
3.31087518E+02   
3.12224245E+02   
3.43701040E+02   
3.06654931E+02   
2.92493099E+02   
2.81338468E+02   
2.93758352E+02   
3.16199040E+02   
2.93566013E+02   
2.93416183E+02   
2.60760752E+02   
2.57706641E+02   
2.83718644E+02   
2.74391778E+02   
2.66154631E+02   
2.65601220E+02   
2.89014003E+02   
2.91682136E+02   
2.73711142E+02   
2.64932987E+02   
2.56463493E+02   
2.59882076E+02   
2.72241048E+02   
2.71274855E+02   
2.66808462E+02   
2.47660732E+02   
2.59439088E+02   
2.43301560E+02   
2.53756951E+02   
2.65750750E+02   
2.80474895E+02   
2.47199840E+02   
2.44436687E+02   
2.34044009E+02   
2.41451590E+02   
2.37892779E+02   
2.40825765E+02   
2.75239748E+02   
1.88789758E+02   
2.44510002E+02   
2.38909282E+02   
2.27700640E+02   
2.32701440E+02   
2.27328766E+02   
2.42047610E+02   
2.32417884E+02   
2.43335167E+02   
2.35756851E+02   
2.39315063E+02   
2.22049210E+02   
2.24520004E+02   
2.34000600E+02   
2.43306561E+02   
2.31745249E+02   
2.21029506E+02   
2.16740448E+02   
2.40649430E+02   
2.32401880E+02   
2.13170234E+02   
2.21297860E+02   
2.29689238E+02   
2.29056511E+02   
2.14375275E+02   
2.12401280E+02   
2.13033807E+02   
2.15060812E+02   
2.28692038E+02   
2.25390378E+02   
1.94041108E+02   
2.07040208E+02   
2.00700540E+02   
1.85725645E+02   
2.21698540E+02   
2.16709842E+02   
2.10746149E+02   
2.25328766E+02   
2.09738748E+02   
1.77256451E+02   
1.69760952E+02   
1.78024105E+02   
2.02736047E+02   
1.93054311E+02   
1.93678836E+02   
2.07764353E+02   
2.11407181E+02   
1.92228446E+02   
1.85013703E+02   
1.79753651E+02   
2.11759252E+02   
1.88039608E+02   
2.12039608E+02   
2.04687938E+02   
1.74362573E+02   
1.81361772E+02   
1.64882476E+02   
1.76483797E+02   
1.73647229E+02   
1.76390878E+02   
1.92178836E+02   
1.62138328E+02   
1.48750150E+02   
1.82709742E+02   
1.79474495E+02   
1.74085417E+02   
1.50461192E+02   
1.86890678E+02   
1.79036807E+02   
1.56215243E+02   
1.77416483E+02   
1.89016003E+02   
1.87069614E+02   
1.94469094E+02   
1.90510602E+02   
1.75455991E+02   
1.74664733E+02   
1.94742749E+02   
1.89068614E+02   
1.66349370E+02   
1.69228746E+02   
1.73215743E+02   
1.70411882E+02   
1.72660132E+02   
1.65971294E+02   
1.78232547E+02   
1.69635727E+02   
1.49410082E+02   
1.62860872E+02   
1.61795759E+02   
1.87489598E+02   
1.91583217E+02   
1.78813463E+02   
1.53881776E+02   
1.85645029E+02   
1.65645229E+02   
1.59424385E+02   
1.86888878E+02   
1.70037608E+02   
1.70624025E+02   
1.57642328E+02   
1.73725845E+02   
1.49249450E+02   
1.48204641E+02   
1.59816963E+02   
1.61550410E+02   
1.36455291E+02   
1.53633527E+02   
1.72797359E+02   
1.59447289E+02   
1.42139528E+02   
1.49318564E+02   
1.50440888E+02   
1.54219444E+02   
1.38827766E+02   
1.31628726E+02   
1.58336167E+02   
1.52627526E+02   
1.58942488E+02   
1.50818964E+02   
1.43814163E+02   
1.43433687E+02   
1.54993999E+02   
1.61993399E+02   
1.66435987E+02   
1.45622725E+02   
1.50966493E+02   
1.57685037E+02   
1.55442088E+02   
1.32793759E+02   
1.43442088E+02   
1.50150730E+02   
1.62227546E+02   
1.49710542E+02   
1.30071914E+02   
1.32774955E+02   
1.30696739E+02   
1.50155931E+02   
1.36510702E+02   
1.44546909E+02   
1.39343669E+02   
1.54402280E+02   
1.44186237E+02   
1.30911982E+02   
1.43012102E+02   
1.62580916E+02   
1.55460092E+02   
1.30771854E+02   
1.27303961E+02   
1.62599820E+02   
1.47458592E+02   
1.26878776E+02   
1.32602420E+02   
1.50038108E+02   
1.42165033E+02   
1.33578616E+02   
1.41307762E+02   
1.30589518E+02   
1.21587918E+02   
1.35824165E+02   
1.24251950E+02   
1.23058912E+02   
1.10042308E+02   
1.23376375E+02   
1.32226045E+02   
1.45748250E+02   
1.28654431E+02   
1.28565913E+02   
1.13704941E+02   
1.27742248E+02   
1.26246049E+02   
1.16639228E+02   
1.43579116E+02   
1.32749050E+02   
1.34543809E+02   
1.26260952E+02   
1.25447189E+02   
1.22948690E+02   
1.14201540E+02   
1.16120224E+02   
1.33930186E+02   
1.23754751E+02   
1.34842669E+02   
1.28478196E+02   
1.13286257E+02   
1.34136027E+02   
1.06008102E+02   
1.29211542E+02   
1.30701940E+02   
1.10314163E+02   
1.12057111E+02   
1.23100220E+02   
1.17559912E+02   
1.07630926E+02   
1.23467794E+02   
1.37363173E+02   
1.32422685E+02   
1.41760252E+02   
1.28624125E+02   
1.16493299E+02   
1.46760252E+02   
1.26085817E+02   
1.38643429E+02   
1.19405381E+02   
1.28441888E+02   
1.21450390E+02   
1.22866173E+02   
1.10227245E+02   
1.20971394E+02   
1.21712843E+02   
1.11591718E+02   
1.15760252E+02   
1.16894979E+02   
1.09627926E+02   
1.11762653E+02   
1.22244749E+02   
1.23577716E+02   
1.30504501E+02   
1.18022404E+02   
1.21826665E+02   
1.34872575E+02   
1.04881876E+02   
1.31686437E+02   
1.22795259E+02   
1.02652130E+02   
1.22888378E+02   
1.12046209E+02   
1.29079416E+02   
1.11290758E+02   
1.16957992E+02   
1.14291158E+02   
1.22769454E+02   
1.30234547E+02   
1.17584717E+02   
1.13752651E+02   
1.13278756E+02   
1.10521904E+02   
1.13012603E+02   
1.16773255E+02   
1.09524505E+02   
1.24524905E+02   
1.27264953E+02   
1.24795459E+02   
9.97350470E+01   
1.18549910E+02   
1.00250150E+02   
1.04020404E+02   
1.08541108E+02   
1.19268954E+02   
1.14725645E+02   
1.01319164E+02   
1.12267353E+02   
1.22087417E+02   
1.32050210E+02   
1.13147129E+02   
1.12343169E+02   
9.72109422E+01   
1.07808062E+02   
9.74128826E+01   
1.15632727E+02   
1.19264153E+02   
1.21299560E+02   
1.10542509E+02   
1.01146329E+02   
1.13539708E+02   
9.31052210E+01   
1.05501100E+02   
9.62609522E+01   
9.77364473E+01   
1.00545309E+02   
1.06496299E+02   
1.14836067E+02   
1.21947690E+02   
1.09389478E+02   
1.05324465E+02   
1.07077015E+02   
1.07550110E+02   
1.09958992E+02   
1.00380176E+02   
1.13983297E+02   
1.01927485E+02   
1.21990498E+02   
1.06186737E+02   
9.35756151E+01   
9.56271254E+01   
1.11937888E+02   
1.03254551E+02   
1.11101020E+02   
1.05246849E+02   
1.02789458E+02   
9.94782957E+01   
1.21042509E+02   
8.64521904E+01   
1.02964693E+02   
9.77048410E+01   
1.09565713E+02   
1.03340368E+02   
9.69285857E+01   
1.01925385E+02   
9.96964393E+01   
1.00370074E+02   
8.80156031E+01   
1.02973795E+02   
1.18781356E+02   
1.05145529E+02   
1.14034907E+02   
1.08244149E+02   
9.16913383E+01   
9.31274255E+01   
1.04913183E+02   
9.37860572E+01   
9.94697940E+01   
9.80192038E+01   
1.05817764E+02   
1.02682436E+02   
1.06215443E+02   
9.89232847E+01   
1.05801460E+02   
1.08584117E+02   
1.01674435E+02   
1.04237347E+02   
9.49348870E+01   
9.74035807E+01   
1.06071914E+02   
9.66680336E+01   
9.91582316E+01   
9.13108622E+01   
9.06624325E+01   
1.00231746E+02   
1.06238548E+02   
9.97291458E+01   
8.94450890E+01   
9.12936587E+01   
9.12581516E+01   
1.03809462E+02   
9.32896579E+01   
8.96520304E+01   
1.05333667E+02   
8.88544709E+01   
8.31879376E+01   
1.03951990E+02   
1.02418884E+02   
8.83610722E+01   
1.13606321E+02   
9.55987197E+01   
9.69461892E+01   
8.17485497E+01   
8.71575315E+01   
8.54015803E+01   
1.00432687E+02   
9.00738148E+01   
8.49916983E+01   
8.44274855E+01   
9.67927586E+01   
1.01205041E+02   
9.96316263E+01   
9.76292258E+01   
9.82344469E+01   
9.08253651E+01   
8.78047610E+01   
9.04001800E+01   
1.02027506E+02   
9.28229646E+01   
1.01018504E+02   
1.03220944E+02   
1.07419484E+02   
8.74072815E+01   
8.26108222E+01   
9.38437688E+01   
9.86249250E+01   
1.05021204E+02   
8.79905981E+01   
8.42310462E+01   
8.21956391E+01   
1.00646229E+02   
8.08005601E+01   
9.36530306E+01   
9.79930986E+01   
1.09494599E+02   
9.48670734E+01   
8.99201840E+01   
8.75282056E+01   
9.86670334E+01   
9.26333267E+01   
9.22101420E+01   
7.30180036E+01   
8.89726945E+01   
9.85390078E+01   
8.14436887E+01   
9.01166233E+01   
9.35033007E+01   
9.73990798E+01   
9.70943189E+01   
7.90160032E+01   
7.03301660E+01   
9.83904781E+01   
8.31967393E+01   
8.28927786E+01   
9.06639328E+01   
7.64361872E+01   
8.53870774E+01   
8.13854771E+01   
8.04611922E+01   
8.58318664E+01   
8.60164033E+01   
9.29163833E+01   
8.71164233E+01   
7.23814763E+01   
7.37441488E+01   
7.31053211E+01   
8.30160032E+01   
7.80160032E+01   
9.65717143E+01   
9.56589318E+01   
7.24578916E+01   
9.00441088E+01   
7.57052410E+01   
8.87654531E+01   
7.63742749E+01   
9.04839968E+01   
9.40824165E+01   
9.17774555E+01   
9.96657331E+01   
9.23718744E+01   
8.97761552E+01   
8.89627926E+01   
9.01921384E+01   
7.56677335E+01   
7.20624125E+01   
7.59727946E+01   
8.96309262E+01   
1.05291458E+02   
9.77501500E+01   
1.03537207E+02   
9.35652130E+01   
7.45300060E+01   
8.89891978E+01   
9.08698740E+01   
8.46957391E+01   
9.08070614E+01   
9.10188038E+01   
8.55392078E+01   
1.00475995E+02   
8.97137427E+01   
9.18558712E+01   
7.95132026E+01   
8.78478696E+01   
7.06837367E+01   
9.61853371E+01   
7.53486697E+01   
9.36937387E+01   
8.08338668E+01   
9.26861372E+01   
9.18670734E+01   
9.05276055E+01   
9.86933387E+01   
8.49983997E+01   
8.70184037E+01   
7.94775955E+01   
7.60148030E+01   
6.76601320E+01   
9.64726945E+01   
9.84667934E+01   
7.81785357E+01   
8.98582717E+01   
8.28150630E+01   
8.08110622E+01   
9.05876175E+01   
8.69667934E+01   
9.29650930E+01   
8.69647930E+01   
8.24891978E+01   
7.38606721E+01   
6.82034407E+01   
8.75203041E+01   
8.57270454E+01   
8.43097620E+01   
7.44091818E+01   
1.07702841E+02   
8.80193039E+01   
8.22489498E+01   
7.30057011E+01   
8.08598720E+01   
6.77734547E+01   
7.87348470E+01   
7.88654731E+01   
8.85644129E+01   
8.61689338E+01   
6.47203441E+01   
7.90643129E+01   
7.18666733E+01   
8.51653331E+01   
8.33130626E+01   
8.21264253E+01   
8.13130626E+01   
8.02801560E+01   
7.71942388E+01   
7.20156031E+01   
7.63078616E+01   
9.38489698E+01   
9.24366873E+01   
8.01935387E+01   
7.41464293E+01   
7.28718744E+01   
8.61540308E+01   
8.64520904E+01   
6.97294459E+01   
7.05852170E+01   
9.45978196E+01   
7.81467293E+01   
6.95694139E+01   
9.70509102E+01   
7.80025005E+01   
8.07357471E+01   
6.48332667E+01   
9.30610122E+01   
6.81286257E+01   
6.90140028E+01   
6.77046409E+01   
8.54610922E+01   
9.41896379E+01   
7.96052210E+01   
8.25633127E+01   
8.03349670E+01   
6.92391478E+01   
8.58487698E+01   
7.55840168E+01   
7.82056411E+01   
6.60152030E+01   
7.15501100E+01   
8.71469294E+01   
7.80132026E+01   
7.34830966E+01   
7.50148030E+01   
8.46196239E+01   
9.73593719E+01   
7.27200440E+01   
8.47075415E+01   
7.24071814E+01   
7.60534107E+01   
6.47883577E+01   
7.50761152E+01   
7.61445289E+01   
7.41437287E+01   
7.58874775E+01   
7.97609522E+01   
7.34125825E+01   
6.95059012E+01   
6.53919784E+01   
7.78808762E+01   
8.16400280E+01   
7.31415283E+01   
6.81419284E+01   
7.37681536E+01   
6.90070014E+01   
6.41373275E+01   
7.92760552E+01   
7.57511502E+01   
6.99905981E+01   
8.10628126E+01   
8.55021004E+01   
7.69268854E+01   
7.73803761E+01   
8.57773555E+01   
6.90959192E+01   
7.03727746E+01   
8.54675935E+01   
7.17299460E+01   
8.96620324E+01   
8.67821564E+01   
7.64262853E+01   
7.13120624E+01   
7.15986197E+01   
7.93172635E+01   
7.47849570E+01   
9.30172034E+01   
9.07873575E+01   
7.43922785E+01   
7.15567113E+01   
6.49245849E+01   
7.19916983E+01   
7.08859772E+01   
8.20319064E+01   
9.04549910E+01   
7.09113823E+01   
7.70144029E+01   
8.17925585E+01   
8.07941588E+01   
6.96767353E+01   
7.27941588E+01   
8.67025405E+01   
8.55638128E+01   
8.45831166E+01   
7.09918984E+01   
8.65071014E+01   
9.01281256E+01   
9.02342468E+01   
7.96587317E+01   
6.31845369E+01   
6.55899180E+01   
8.08037608E+01   
6.58545709E+01   
6.88622725E+01   
6.65782156E+01   
6.69731946E+01   
7.36011202E+01   
7.55306061E+01   
6.29366873E+01   
7.14785957E+01   
6.06267253E+01   
6.96087217E+01   
7.52174435E+01   
7.74168834E+01   
7.87140428E+01   
7.27140428E+01   
8.12142428E+01   
7.50148030E+01   
7.11133227E+01   
6.16031206E+01   
7.44484897E+01   
8.76023205E+01   
7.05006001E+01   
8.46279256E+01   
7.62078416E+01   
7.05362072E+01   
7.44933987E+01   
7.99198840E+01   
7.36371274E+01   
9.14520904E+01   
6.94877976E+01   
8.17637528E+01   
6.85715143E+01   
8.29938988E+01   
7.86475295E+01   
7.49258852E+01   
8.24745949E+01   
7.98341668E+01   
6.90125025E+01   
7.29309862E+01   
6.92732547E+01   
7.32970594E+01   
6.49258852E+01   
7.47496499E+01   
7.95758152E+01   
6.07201440E+01   
7.89278856E+01   
8.47548510E+01   
8.22763553E+01   
6.81878376E+01   
7.11005201E+01   
6.93556711E+01   
7.01636327E+01   
7.81858372E+01   
7.91001200E+01   
7.60156031E+01   
5.72653531E+01   
7.38487698E+01   
8.25201040E+01   
7.65103021E+01   
6.94237848E+01   
6.27692539E+01   
7.16907381E+01   
6.76601320E+01   
8.16508302E+01   
6.99761952E+01   
7.87457491E+01   
8.64946989E+01   
8.63328666E+01   
7.07983597E+01   
6.70909182E+01   
7.77035407E+01   
7.00913183E+01   
6.60140028E+01   
7.66334267E+01   
7.81674335E+01   
8.96386277E+01   
9.30921184E+01   
8.33461692E+01   
8.34650930E+01   
6.24922985E+01   
5.77167433E+01   
6.86470294E+01   
6.67235447E+01   
7.58709742E+01   
8.12311462E+01   
7.40148030E+01   
6.41566313E+01   
7.88024605E+01   
7.00152030E+01   
6.21546309E+01   
8.58757752E+01   
6.89462893E+01   
8.04951990E+01   
6.41490298E+01   
6.18765753E+01   
8.08108622E+01   
6.90140028E+01   
7.63488698E+01   
7.45469094E+01   
6.12776555E+01   
8.32947590E+01   
7.40176035E+01   
7.11143229E+01   
6.49849970E+01   
8.03357672E+01   
8.31288258E+01   
7.15870174E+01   
7.71422284E+01   
8.14573915E+01   
7.83285657E+01   
6.39376875E+01   
8.27074415E+01   
7.03770754E+01   
7.02902581E+01   
6.96732346E+01   
6.77747550E+01   
7.47190438E+01   
7.64251850E+01   
6.28384677E+01   
7.07254451E+01   
7.06464293E+01   
7.44993999E+01   
7.11847369E+01   
8.75090018E+01   
8.31847369E+01   
7.91270254E+01   
7.20705141E+01   
6.80152030E+01   
7.19610922E+01   
6.86064213E+01   
7.49578916E+01   
7.83237648E+01   
5.76469294E+01   
6.60641128E+01   
6.66496299E+01   
7.89630926E+01   
6.42693539E+01   
7.69117824E+01   
7.99634927E+01   
6.17654531E+01   
6.93118624E+01   
7.96712342E+01   
7.33559712E+01   
7.44843969E+01   
6.26382276E+01   
6.23439688E+01   
8.41656331E+01   
6.14357872E+01   
6.29213843E+01   
6.98772755E+01   
8.02421484E+01   
6.70136027E+01   
5.61471294E+01   
6.51447289E+01   
7.08363673E+01   
7.38828766E+01   
6.88852771E+01   
7.03552711E+01   
6.20120024E+01   
6.98451690E+01   
5.25093019E+01   
6.25588118E+01   
6.10537107E+01   
7.17721544E+01   
6.91740348E+01   
7.65812162E+01   
6.44070814E+01   
7.08599720E+01   
7.03204641E+01   
6.58992799E+01   
7.20882176E+01   
7.37175435E+01   
5.92350470E+01   
6.70497099E+01   
5.91560312E+01   
5.29056811E+01   
6.96986397E+01   
5.25685137E+01   
7.28735747E+01   
6.39778956E+01   
6.29453891E+01   
5.81444289E+01   
5.31412282E+01   
6.96564313E+01   
7.66969394E+01   
7.94249850E+01   
8.19200840E+01   
6.50140028E+01   
6.40441088E+01   
8.30136027E+01   
7.60136027E+01   
5.81003201E+01   
7.58983797E+01   
7.30421084E+01   
7.17642529E+01   
7.81537307E+01   
7.30690138E+01   
7.39083817E+01   
7.01726345E+01   
5.91935387E+01   
6.47071414E+01   
7.30405081E+01   
7.80397079E+01   
6.71353271E+01   
5.80602120E+01   
7.48721744E+01   
7.20144029E+01   
7.78118624E+01   
7.02169434E+01   
6.12314463E+01   
5.69251850E+01   
6.89283857E+01   
6.59520904E+01   
7.20751150E+01   
6.30924185E+01   
7.39347870E+01   
6.60514103E+01   
7.59387878E+01   
6.00868174E+01   
6.20128026E+01   
6.50474095E+01   
5.79781956E+01   
5.70788158E+01   
7.38823765E+01   
7.11086217E+01   
7.89201840E+01   
6.61336267E+01   
5.60402080E+01   
7.07988598E+01   
7.30849170E+01   
7.19345869E+01   
7.31200240E+01   
7.69260852E+01   
8.39558912E+01   
7.71471294E+01   
6.90479096E+01   
7.40128026E+01   
6.99917984E+01   
7.30136027E+01   
7.30039008E+01   
6.20419084E+01   
8.87457491E+01   
8.21523305E+01   
6.50836167E+01   
6.10695139E+01   
5.90493099E+01   
6.30108022E+01   
6.79652931E+01   
7.29525905E+01   
7.00689138E+01   
7.29609922E+01   
6.40768154E+01   
6.30267053E+01   
6.19914983E+01   
5.90510102E+01   
7.49670934E+01   
6.60036007E+01   
6.80368074E+01   
6.90115023E+01   
6.30191038E+01   
6.90076015E+01   
7.60135027E+01   
7.10173035E+01   
6.60126025E+01   
7.00127025E+01   
6.50152030E+01   
7.80118024E+01   
6.00102020E+01   
6.40219044E+01   
7.30443089E+01   
7.69871974E+01   
7.10086017E+01   
6.60140028E+01   
7.69905981E+01   
7.09986997E+01   
5.60480096E+01   
7.50340068E+01   
7.59546909E+01   
6.29812963E+01   
5.41411282E+01   
7.89769954E+01   
7.09650930E+01   
7.50045009E+01   
6.21380276E+01   
7.89432887E+01   
5.59099820E+01   
5.90733147E+01   
6.49838968E+01   
7.00706141E+01   
7.01269254E+01   
7.18574715E+01   
6.99453891E+01   
6.60901180E+01   
6.30005001E+01   
6.21104221E+01   
7.70787157E+01   
6.68599720E+01   
6.30799160E+01   
7.69726945E+01   
6.61133227E+01   
7.29571914E+01   
7.10748150E+01   
6.99074815E+01   
7.30768154E+01   
6.99658932E+01   
6.50136027E+01   
6.51504301E+01   
7.77542509E+01   
6.70466093E+01   
6.13044609E+01   
7.27935587E+01   
6.48412683E+01   
5.91656331E+01   
6.42317463E+01   
7.77329466E+01   
5.81151230E+01   
6.28869774E+01   
6.40972194E+01   
7.61223245E+01   
7.77025405E+01   
5.73043609E+01   
6.40144029E+01   
7.58733747E+01   
6.41793359E+01   
7.39175835E+01   
7.71367273E+01   
7.78143629E+01   
5.42925585E+01   
7.35242048E+01   
4.13507702E+01   
7.49605921E+01   
7.20945189E+01   
7.88218644E+01   
6.99278856E+01   
6.32085417E+01   
6.58696739E+01   
5.40694139E+01   
6.10415083E+01   
6.32516503E+01   
7.48640728E+01   
6.91671334E+01   
7.07045409E+01   
6.80746149E+01   
7.51081216E+01   
8.10782156E+01   
6.21125225E+01   
7.05521104E+01   
6.05126025E+01   
7.99820964E+01   
8.25696139E+01   
5.69062813E+01   
5.80794159E+01   
4.70455091E+01   
6.95490098E+01   
7.39437888E+01   
6.47586517E+01   
6.10870174E+01   
7.41636327E+01   
7.97119424E+01   
6.72801560E+01   
6.87438488E+01   
6.66600320E+01   
5.53244649E+01   
6.56900380E+01   
7.46153231E+01   
7.16887377E+01   
6.93400680E+01   
6.47653531E+01   
6.39281856E+01   
7.43919784E+01   
7.60148030E+01   
7.87992599E+01   
7.51433287E+01   
7.00140028E+01   
7.47924585E+01   
6.53696739E+01   
8.01505301E+01   
7.61529306E+01   
8.97421484E+01   
6.85984197E+01   
6.23852771E+01   
6.09205841E+01   
6.29664933E+01   
5.97740548E+01   
6.54946989E+01   
7.79181836E+01   
6.57692539E+01   
6.31613323E+01   
7.12635527E+01   
6.21166233E+01   
7.38139628E+01   
7.22196439E+01   
8.03471694E+01   
6.44268854E+01   
7.58578716E+01   
7.49608922E+01   
6.40663133E+01   
6.76390278E+01   
6.14959992E+01   
6.60144029E+01   
6.52332466E+01   
7.01813363E+01   
7.93510702E+01   
6.06274255E+01   
8.06226245E+01   
6.68438688E+01   
6.26701340E+01   
6.21829366E+01   
6.31274255E+01   
6.43039608E+01   
6.69556911E+01   
6.90140028E+01   
8.00140028E+01   
6.90739148E+01   
6.81953391E+01   
6.64691938E+01   
6.23175635E+01   
7.13988798E+01   
5.24433887E+01   
5.81374275E+01   
7.52644529E+01   
6.03209642E+01   
6.63918784E+01   
6.75245049E+01   
7.78877776E+01   
7.77567514E+01   
6.64279856E+01   
6.14034807E+01   
5.84741948E+01   
6.62808562E+01   
7.60839168E+01   
8.66149230E+01   
6.74075815E+01   
6.13511702E+01   
6.78086617E+01   
7.73559712E+01   
7.12541508E+01   
5.97746549E+01   
7.71542308E+01   
6.75933187E+01   
6.48713743E+01   
5.54386877E+01   
6.57283457E+01   
5.77251450E+01   
6.02405481E+01   
7.85637127E+01   
6.31798360E+01   
7.80164033E+01   
7.95729146E+01   
7.84194839E+01   
6.57579516E+01   
6.63152631E+01   
7.23367674E+01   
6.84054811E+01   
5.82385477E+01   
6.48546709E+01   
6.40152030E+01   
7.76276255E+01   
6.35457091E+01   
5.37939588E+01   
6.71722344E+01   
7.30947189E+01   
6.61413283E+01   
6.36120224E+01   
6.16521304E+01   
6.63356671E+01   
7.30144029E+01   
7.52589518E+01   
7.16060212E+01   
6.63428686E+01   
7.07670534E+01   
6.66815363E+01   
6.06805361E+01   
7.79316863E+01   
6.98465693E+01   
7.62685537E+01   
7.40793159E+01   
6.27808562E+01   
7.48429686E+01   
6.91003201E+01   
7.32745549E+01   
6.99284857E+01   
7.48774755E+01   
5.75925185E+01   
8.34872975E+01   
7.62809562E+01   
6.76595319E+01   
7.32087417E+01   
6.40789158E+01   
7.22974595E+01   
7.26539308E+01   
7.78329666E+01   
7.24652931E+01   
6.14604921E+01   
4.90251050E+01   
8.05703141E+01   
7.41095219E+01   
7.39880976E+01   
6.82002400E+01   
6.91075215E+01   
7.04452891E+01   
6.05819164E+01   
7.70584117E+01   
5.22565513E+01   
7.86295259E+01   
6.31099220E+01   
6.93337668E+01   
5.16934387E+01   
6.38948790E+01   
8.56407281E+01   
6.00975195E+01   
7.62230446E+01   
5.94060812E+01   
7.24188838E+01   
7.15144029E+01   
8.06111222E+01   
5.61135227E+01   
5.85204041E+01   
5.92186437E+01   
6.64016803E+01   
7.01159232E+01   
5.48073615E+01   
6.61163233E+01   
5.89092819E+01   
7.46998400E+01   
6.66399280E+01   
7.02242448E+01   
7.39092819E+01   
7.25907181E+01   
7.11191238E+01   
7.64400880E+01   
6.65863173E+01   
7.04109822E+01   
6.92629526E+01   
8.88240648E+01   
7.15548110E+01   
6.82314463E+01   
5.83425685E+01   
7.21358272E+01   
7.06810362E+01   
5.50108022E+01   
5.34552911E+01   
6.46815363E+01   
7.30148030E+01   
6.25546109E+01   
5.40096019E+01   
6.58195639E+01   
7.43348670E+01   
5.81022204E+01   
6.90393079E+01   
6.62434487E+01   
6.60938188E+01   
7.02029406E+01   
5.28202641E+01   
6.75932186E+01   
7.11965393E+01   
5.83621724E+01   
6.31872374E+01   
8.08367674E+01   
5.90235047E+01   
8.11375275E+01   
8.64235847E+01   
8.59414883E+01   
5.47331466E+01   
7.88127626E+01   
6.38912783E+01   
5.31637327E+01   
7.08316663E+01   
7.45271054E+01   
8.16248250E+01   
6.76470294E+01   
5.87527506E+01   
7.82752551E+01   
7.43857772E+01   
7.27665533E+01   
6.20144029E+01   
7.42646529E+01   
6.71407281E+01   
6.65119024E+01   
6.67507502E+01   
7.44039808E+01   
6.95229046E+01   
7.03581716E+01   
5.72900580E+01   
8.28864773E+01   
7.40144029E+01   
6.84648930E+01   
5.98229646E+01   
7.58458692E+01   
6.43148630E+01   
7.13161632E+01   
5.74037808E+01   
5.62746549E+01   
7.46720344E+01   
6.78234647E+01   
6.88780756E+01   
6.14097820E+01   
6.18780756E+01   
5.78861772E+01   
7.49421884E+01   
7.64177836E+01   
6.90689138E+01   
5.96054211E+01   
6.21856371E+01   
7.20629126E+01   
8.44674935E+01   
6.73271654E+01   
5.85236047E+01   
7.27048410E+01   
8.76339268E+01   
6.35681136E+01   
8.07104421E+01   
8.41796359E+01   
6.37345469E+01   
6.71716343E+01   
6.61221244E+01   
7.13115623E+01   
8.28643729E+01   
7.18886777E+01   
6.31502300E+01   
8.21575315E+01   
6.45858172E+01   
6.94445889E+01   
6.82955591E+01   
6.78688738E+01   
6.24338868E+01   
7.11881376E+01   
7.69797960E+01   
7.29086817E+01   
7.35778156E+01   
8.01352270E+01   
6.93074615E+01   
7.21288258E+01   
6.13429686E+01   
6.44218844E+01   
7.66085217E+01   
7.01204241E+01   
6.67604521E+01   
7.60148030E+01   
7.23154631E+01   
7.57141428E+01   
6.87125425E+01   
7.96808362E+01   
8.28913783E+01   
6.90128026E+01   
6.80128026E+01   
6.16253251E+01   
7.60932186E+01   
6.18591718E+01   
7.57081416E+01   
7.03139628E+01   
6.50116023E+01   
6.25669134E+01   
7.07037407E+01   
6.87021404E+01   
6.87005401E+01   
6.53274655E+01   
8.08564713E+01   
6.71715343E+01   
7.92806561E+01   
7.42711542E+01   
7.43310662E+01   
7.86517303E+01   
7.28552711E+01   
6.90908182E+01   
5.97780556E+01   
7.46257251E+01   
6.90800160E+01   
7.02607522E+01   
4.63054611E+01   
6.07528506E+01   
7.63878776E+01   
6.50152030E+01   
6.45070014E+01   
7.52087417E+01   
5.80004001E+01   
7.11795359E+01   
6.45250050E+01   
5.95046009E+01   
6.88504701E+01   
6.00124025E+01   
7.63514703E+01   
8.73474695E+01   
6.98480696E+01   
6.96689338E+01   
6.60248050E+01   
6.73530706E+01   
6.18116623E+01   
5.73698740E+01   
7.53102621E+01   
4.77169434E+01   
7.73290658E+01   
5.72127425E+01   
7.00148030E+01   
7.42211442E+01   
8.61539308E+01   
6.56693339E+01   
7.50148030E+01   
6.81015203E+01   
5.65334067E+01   
6.26326265E+01   
6.90911182E+01   
7.88908782E+01   
7.20152030E+01   
7.31335267E+01   
6.73666733E+01   
6.85969194E+01   
5.69165833E+01   
8.49946989E+01   
7.12611522E+01   
7.19092819E+01   
7.61219244E+01   
7.12974595E+01   
6.16541308E+01   
7.74721944E+01   
5.93734747E+01   
6.87298460E+01   
7.30219044E+01   
6.95589118E+01   
5.52875575E+01   
6.91866373E+01   
5.31931386E+01   
5.29280856E+01   
6.88284657E+01   
7.41963393E+01   
7.18597720E+01   
7.20164033E+01   
7.07176435E+01   
6.13854771E+01   
7.63870774E+01   
7.76417283E+01   
7.73886777E+01   
7.02650530E+01   
6.88256651E+01   
7.82866573E+01   
9.80046009E+01   
8.74505901E+01   
7.58795759E+01   
7.16345269E+01   
8.15363073E+01   
8.39704941E+01   
7.62985597E+01   
7.91644329E+01   
7.27546509E+01   
6.09341868E+01   
6.90511102E+01   
6.83990798E+01   
6.48200640E+01   
6.17586517E+01   
7.36847369E+01   
6.47646529E+01   
6.88204641E+01   
6.36687337E+01   
6.75576115E+01   
7.10522104E+01   
6.06018204E+01   
7.52099420E+01   
7.51861372E+01   
7.08402681E+01   
6.24181836E+01   
6.53968794E+01   
9.48176635E+01   
7.42182436E+01   
6.60154031E+01   
6.10125025E+01   
6.94142829E+01   
6.62090418E+01   
6.91981396E+01   
5.64607922E+01   
7.45677135E+01   
6.34295859E+01   
6.46226245E+01   
6.98285657E+01   
7.29962993E+01   
7.79922985E+01   
6.36736347E+01   
8.41452290E+01   
6.62448490E+01   
7.34852971E+01   
8.68919784E+01   
5.93186637E+01   
7.34671934E+01   
7.86616323E+01   
7.10513103E+01   
7.57637528E+01   
8.20547109E+01   
7.08497700E+01   
7.00625125E+01   
7.67571514E+01   
7.30661132E+01   
7.15949190E+01   
6.28044609E+01   
6.77459492E+01   
6.73172635E+01   
6.50713143E+01   
6.37135427E+01   
7.32279456E+01   
7.02964593E+01   
8.29478896E+01   
6.34434887E+01   
6.77287457E+01   
7.60777155E+01   
5.88124625E+01   
7.42315463E+01   
7.16362272E+01   
6.15288058E+01   
6.77115423E+01   
6.33172635E+01   
5.67964593E+01   
6.65773155E+01   
7.82319464E+01   
7.16710342E+01   
6.41125225E+01   
8.86971394E+01   
6.50313063E+01   
6.78804761E+01   
6.93525705E+01   
7.33440688E+01   
7.45758152E+01   
6.72351470E+01   
6.89041808E+01   
7.07916583E+01   
6.61202240E+01   
6.91170234E+01   
6.71520304E+01   
8.14435887E+01   
6.63385677E+01   
6.40128026E+01   
6.89165833E+01   
6.83353671E+01   
7.46934387E+01   
7.03329666E+01   
7.77856571E+01   
6.84686937E+01   
7.51553311E+01   
7.29568914E+01   
6.88451690E+01   
7.87197439E+01   
6.55406081E+01   
7.54817964E+01   
6.39341868E+01   
6.40882176E+01   
6.45582116E+01   
6.95517103E+01   
7.72471494E+01   
7.06877375E+01   
6.46432286E+01   
7.10140028E+01   
7.30140028E+01   
6.40140028E+01   
6.76055211E+01   
8.15982196E+01   
6.80738148E+01   
7.42503501E+01   
8.47963593E+01   
8.48127626E+01   
7.03838768E+01   
7.43037608E+01   
7.37290458E+01   
7.14930986E+01   
7.33909782E+01   
7.26434287E+01   
7.35381076E+01   
7.95767153E+01   
7.35333067E+01   
6.64946989E+01   
7.84254851E+01   
7.93271654E+01   
6.59829966E+01   
8.23509702E+01   
8.22261452E+01   
7.03123625E+01   
7.09599920E+01   
8.24542909E+01   
7.98648730E+01   
7.31937387E+01   
8.57720544E+01   
7.48424685E+01   
5.91911382E+01   
7.37850570E+01   
6.85343069E+01   
6.25181036E+01   
6.24870974E+01   
7.02717544E+01   
7.37792559E+01   
7.82595519E+01   
7.17518504E+01   
7.85147029E+01   
7.00164033E+01   
7.02639528E+01   
6.80166033E+01   
7.77778556E+01   
7.92401480E+01   
6.45393079E+01   
8.25035007E+01   
7.35207041E+01   
7.82691538E+01   
7.40022004E+01   
6.22529506E+01   
6.85223045E+01   
7.42881576E+01   
7.95061012E+01   
7.07378476E+01   
8.20612122E+01   
6.79659932E+01   
6.17838568E+01   
7.55291058E+01   
7.19853971E+01   
7.14980996E+01   
7.32715543E+01   
6.96011202E+01   
7.23133627E+01   
8.51263253E+01   
7.24538908E+01   
7.15319064E+01   
7.10550110E+01   
8.23639728E+01   
7.69709942E+01   
8.33482697E+01   
6.53217644E+01   
6.27492498E+01   
6.33273655E+01   
7.78584717E+01   
8.68082617E+01   
9.14888978E+01   
8.03692739E+01   
8.61946389E+01   
8.34242849E+01   
7.46216243E+01   
8.12779556E+01   
7.08792759E+01   
7.08775755E+01   
6.95467093E+01   
6.28162633E+01   
6.80870174E+01   
6.79401880E+01   
7.53593719E+01   
6.68591718E+01   
7.10922184E+01   
6.82029406E+01   
6.68250650E+01   
5.98447690E+01   
6.24418884E+01   
7.96675335E+01   
7.66465293E+01   
7.79240848E+01   
7.97397479E+01   
6.49276855E+01   
8.30979196E+01   
7.19332867E+01   
6.93670734E+01   
7.38386677E+01   
7.50855171E+01   
6.60471094E+01   
7.56342268E+01   
6.50140028E+01   
8.93510702E+01   
7.66769354E+01   
7.69021804E+01   
5.87340468E+01   
5.28969794E+01   
6.24768954E+01   
7.59416883E+01   
6.60113023E+01   
7.92938588E+01   
6.99433887E+01   
8.17691538E+01   
8.48889778E+01   
6.90136027E+01   
6.39900980E+01   
8.94508902E+01   
7.71661332E+01   
6.85966193E+01   
9.01236247E+01   
8.16073215E+01   
7.54385877E+01   
7.80168034E+01   
7.30168034E+01   
7.64431886E+01   
7.42995599E+01   
7.90209042E+01   
6.48677736E+01   
7.61521304E+01   
6.38617724E+01   
7.47421484E+01   
7.77469494E+01   
7.54143829E+01   
7.18549710E+01   
6.67513503E+01   
7.81754351E+01   
7.35618124E+01   
7.93047610E+01   
8.99295859E+01   
9.02662533E+01   
8.14773955E+01   
8.46755351E+01   
7.66528306E+01   
7.30275055E+01   
6.63024605E+01   
9.30184037E+01   
7.74812963E+01   
6.63087618E+01   
8.06740348E+01   
8.73539708E+01   
7.34212843E+01   
7.52775555E+01   
7.85602120E+01   
7.56652330E+01   
7.71457291E+01   
8.00861172E+01   
7.86431286E+01   
7.73043609E+01   
8.74188838E+01   
7.25174035E+01   
6.93119624E+01   
7.55154031E+01   
6.81217243E+01   
7.60164033E+01   
8.05066013E+01   
7.38285657E+01   
7.75030006E+01   
7.48926785E+01   
7.23511702E+01   
8.51926385E+01   
7.11009202E+01   
7.47556511E+01   
7.74905981E+01   
7.59310862E+01   
8.30156031E+01   
7.02410482E+01   
6.11766353E+01   
7.77076415E+01   
6.43992799E+01   
6.73215643E+01   
7.37143429E+01   
7.63873775E+01   
7.50319064E+01   
7.43988798E+01   
7.20172034E+01   
7.65343069E+01   
6.95001000E+01   
6.35944189E+01   
7.71937387E+01   
7.54557912E+01   
7.05754151E+01   
8.65794159E+01   
8.80176035E+01   
8.85854171E+01   
8.33101620E+01   
7.16423285E+01   
7.00701140E+01   
6.86980396E+01   
7.99061812E+01   
7.64353871E+01   
8.22277455E+01   
8.91651330E+01   
5.99153831E+01   
8.13323665E+01   
6.03792759E+01   
8.22429486E+01   
8.83796759E+01   
7.41439288E+01   
6.73323665E+01   
7.44133827E+01   
7.09333867E+01   
8.01458292E+01   
9.62390478E+01   
6.03696739E+01   
7.60952190E+01   
9.48629726E+01   
6.03054611E+01   
9.03391678E+01   
7.44571914E+01   
7.39557912E+01   
6.90413083E+01   
8.19360872E+01   
8.33909782E+01   
8.03403681E+01   
7.22748550E+01   
8.37764553E+01   
7.12816563E+01   
8.50735147E+01   
7.86695339E+01   
6.54236847E+01   
6.52336467E+01   
8.10595119E+01   
7.46731346E+01   
7.63564713E+01   
8.39945989E+01   
7.97046409E+01   
6.20298060E+01   
7.73301660E+01   
1.03677936E+02   
7.83557712E+01   
6.63517704E+01   
7.63392679E+01   
7.76819364E+01   
8.00157031E+01   
8.90152030E+01   
6.80152030E+01   
6.73542709E+01   
7.93409682E+01   
7.63637728E+01   
8.33456691E+01   
7.70077015E+01   
8.23832767E+01   
8.23107622E+01   
8.39770954E+01   
5.83634727E+01   
7.07654531E+01   
9.20037007E+01   
8.53054611E+01   
7.86760352E+01   
7.67150430E+01   
8.29749950E+01   
7.60371074E+01   
8.76278256E+01   
7.27951590E+01   
7.45732146E+01   
7.66983397E+01   
7.53288658E+01   
7.61021204E+01   
8.19864973E+01   
8.36720344E+01   
7.67043409E+01   
9.08431686E+01   
7.94637928E+01   
7.88156631E+01   
8.08671734E+01   
6.79748950E+01   
7.50128026E+01   
7.67486497E+01   
8.00148030E+01   
7.80587117E+01   
8.02741548E+01   
7.70603121E+01   
8.03168634E+01   
6.94699940E+01   
6.91084217E+01   
7.98662733E+01   
6.96129226E+01   
8.21214243E+01   
7.38526705E+01   
6.97730546E+01   
6.99009802E+01   
8.38349670E+01   
8.88413683E+01   
8.61906381E+01   
7.10160032E+01   
7.55354071E+01   
8.73990798E+01   
8.08238648E+01   
8.35058012E+01   
8.93076615E+01   
8.82477495E+01   
7.50060012E+01   
8.30883177E+01   
8.10180036E+01   
7.83020604E+01   
8.45837167E+01   
8.15270054E+01   
7.98633727E+01   
7.55777155E+01   
7.68941788E+01   
8.80176035E+01   
7.53275655E+01   
7.70959192E+01   
6.77367473E+01   
8.81862372E+01   
8.99296859E+01   
7.23783757E+01   
7.74737948E+01   
6.62860572E+01   
7.53800760E+01   
8.18228646E+01   
7.39410882E+01   
7.98269654E+01   
7.47254451E+01   
8.95016003E+01   
7.31560312E+01   
6.13125625E+01   
8.42808562E+01   
7.60144029E+01   
8.72222444E+01   
6.90698140E+01   
7.19637928E+01   
7.10634127E+01   
8.23831766E+01   
7.91239248E+01   
8.26448290E+01   
8.33517704E+01   
7.21625325E+01   
8.29016803E+01   
8.31311262E+01   
9.15269054E+01   
7.50326065E+01   
7.47433487E+01   
7.92684537E+01   
8.06408282E+01   
7.32656531E+01   
7.27631526E+01   
7.01385277E+01   
8.31437287E+01   
8.16486297E+01   
7.95031006E+01   
7.32612523E+01   
9.04085817E+01   
8.21297259E+01   
9.21733347E+01   
7.59659932E+01   
7.46348270E+01   
8.39758952E+01   
8.47075415E+01   
9.35359072E+01   
9.81157231E+01   
7.95387077E+01   
8.25866173E+01   
8.02635527E+01   
7.52915583E+01   
8.04856971E+01   
7.54585917E+01   
8.31013203E+01   
8.06316263E+01   
7.24788958E+01   
8.27788558E+01   
9.70974195E+01   
8.58595719E+01   
7.83294659E+01   
8.31763353E+01   
8.20877175E+01   
8.55647129E+01   
9.41474295E+01   
7.69145829E+01   
7.78316663E+01   
8.14644929E+01   
8.57939588E+01   
9.25198040E+01   
8.61250250E+01   
8.06268254E+01   
8.05298060E+01   
8.54568914E+01   
8.74536907E+01   
8.80168034E+01   
6.70168034E+01   
8.04853971E+01   
6.87987598E+01   
6.23730746E+01   
8.40164033E+01   
7.58344669E+01   
8.32264453E+01   
7.45413083E+01   
8.09067814E+01   
7.85951190E+01   
6.78264653E+01   
8.27878576E+01   
9.36192238E+01   
8.51789358E+01   
9.50208042E+01   
8.90309062E+01   
8.38560712E+01   
8.43900780E+01   
7.68225645E+01   
7.30107021E+01   
7.12149430E+01   
7.80139028E+01   
9.22241448E+01   
7.70015003E+01   
7.94305861E+01   
8.88215643E+01   
7.99945989E+01   
8.48477696E+01   
8.22128426E+01   
8.81933387E+01   
9.26912382E+01   
8.85531106E+01   
8.80407081E+01   
7.87514503E+01   
8.60973195E+01   
8.33358672E+01   
7.18267654E+01   
7.76080216E+01   
7.46072214E+01   
8.31277255E+01   
9.09800960E+01   
8.66515303E+01   
9.47932587E+01   
8.66990398E+01   
7.27473495E+01   
8.13289658E+01   
9.52982597E+01   
8.29105821E+01   
7.90144029E+01   
7.96607321E+01   
9.66639328E+01   
9.04813963E+01   
8.46177235E+01   
8.13668734E+01   
8.49500900E+01   
8.86719344E+01   
8.70176035E+01   
8.46028206E+01   
8.31868374E+01   
8.42501500E+01   
9.57826565E+01   
7.19344869E+01   
7.86815363E+01   
8.81878376E+01   
8.72617524E+01   
9.04343869E+01   
7.95065013E+01   
7.66210242E+01   
9.12106421E+01   
1.01568214E+02   
8.85976195E+01   
8.00172034E+01   
8.09132827E+01   
8.78575715E+01   
7.81239248E+01   
7.78619724E+01   
8.46397279E+01   
7.62839568E+01   
9.22863573E+01   
8.39830966E+01   
9.89008802E+01   
8.05018004E+01   
7.81110222E+01   
8.73413683E+01   
8.15466093E+01   
8.96113223E+01   
1.05838168E+02   
8.86206241E+01   
9.62882577E+01   
9.53100620E+01   
9.37348470E+01   
7.93040608E+01   
9.71584317E+01   
8.54486897E+01   
7.94408882E+01   
7.47260452E+01   
8.61667333E+01   
7.42781556E+01   
7.14618924E+01   
9.33103621E+01   
8.57208442E+01   
9.83127626E+01   
8.40168034E+01   
8.21504301E+01   
8.29182837E+01   
8.97555511E+01   
9.44555911E+01   
8.41520304E+01   
9.01041208E+01   
8.80663133E+01   
9.83521704E+01   
9.09422885E+01   
9.45241048E+01   
8.00805161E+01   
8.58881776E+01   
1.00018804E+02   
9.71420284E+01   
8.48240648E+01   
8.76984397E+01   
8.37294459E+01   
8.81002200E+01   
8.91782356E+01   
9.26105221E+01   
7.35732146E+01   
8.41051210E+01   
8.03427686E+01   
7.95756151E+01   
9.42315463E+01   
9.08149630E+01   
7.53447690E+01   
8.71190238E+01   
9.83552711E+01   
9.61296259E+01   
7.74568914E+01   
9.18078616E+01   
8.44524905E+01   
7.96780356E+01   
7.24627926E+01   
9.82523505E+01   
9.59135827E+01   
8.53631726E+01   
8.55010002E+01   
9.11934387E+01   
8.62224445E+01   
8.70176035E+01   
8.48175635E+01   
9.74160832E+01   
8.45652130E+01   
8.53691738E+01   
8.46620324E+01   
8.52755551E+01   
9.61843369E+01   
8.59452891E+01   
9.28295659E+01   
9.38327666E+01   
8.79401880E+01   
6.95559112E+01   
8.91995399E+01   
8.77499500E+01   
9.14652931E+01   
8.29291858E+01   
1.00756351E+02   
9.34524905E+01   
7.49016803E+01   
8.09614923E+01   
8.81860372E+01   
8.20996199E+01   
8.76035207E+01   
9.84787958E+01   
9.60200040E+01   
8.25001000E+01   
8.28567714E+01   
7.69383877E+01   
8.65564113E+01   
8.74019804E+01   
8.65564113E+01   
8.90932186E+01   
8.56288258E+01   
8.18472695E+01   
7.85027005E+01   
9.65540108E+01   
9.97327465E+01   
8.48376675E+01   
8.62514503E+01   
9.41958392E+01   
8.74682937E+01   
9.73548710E+01   
8.18819764E+01   
8.84835967E+01   
9.14843969E+01   
9.11452290E+01   
8.68891778E+01   
8.51420284E+01   
9.63615723E+01   
8.24263853E+01   
8.72588518E+01   
9.33083617E+01   
9.34891978E+01   
9.01916383E+01   
8.97891578E+01   
8.94116823E+01   
8.60447089E+01   
9.71296259E+01   
1.04448090E+02   
8.08015603E+01   
9.23859772E+01   
1.01389978E+02   
9.25452090E+01   
9.60692138E+01   
9.53967794E+01   
9.36888378E+01   
8.06360272E+01   
9.25519104E+01   
1.06297660E+02   
9.80640128E+01   
9.49743949E+01   
8.05840168E+01   
7.97088418E+01   
9.47231446E+01   
1.08142428E+02   
9.13375675E+01   
9.89328866E+01   
9.27439488E+01   
8.56500300E+01   
8.58315663E+01   
9.57536507E+01   
8.33559712E+01   
9.78803761E+01   
9.76724345E+01   
9.79847970E+01   
7.86944389E+01   
8.58267654E+01   
8.25948190E+01   
9.84723945E+01   
9.41332266E+01   
7.89307862E+01   
8.56124225E+01   
9.14747950E+01   
8.45540108E+01   
7.58159632E+01   
9.76048210E+01   
9.05064013E+01   
9.65968194E+01   
8.45048010E+01   
1.02380776E+02   
7.81412282E+01   
8.45836167E+01   
8.99215843E+01   
1.00070414E+02   
7.99815963E+01   
8.40168034E+01   
8.79711942E+01   
8.40768154E+01   
9.19615923E+01   
9.00576115E+01   
9.10168034E+01   
9.05112022E+01   
9.25224045E+01   
8.90456091E+01   
8.40056011E+01   
8.65112022E+01   
9.89723945E+01   
8.70332066E+01   
1.02996399E+02   
1.04529206E+02   
9.85388078E+01   
9.25156031E+01   
8.20104021E+01   
9.10312062E+01   
9.45044009E+01   
9.85244049E+01   
9.45196039E+01   
9.80196039E+01   
8.95208042E+01   
1.03518404E+02   
9.30276055E+01   
1.02509202E+02   
9.60360072E+01   
8.94799960E+01   
1.02045209E+02   
1.01011602E+02   
1.01027606E+02   
9.65052010E+01   
9.25444089E+01   
1.06054011E+02   
1.02444789E+02   
9.55240048E+01   
9.86608322E+01   
1.08882376E+02   
9.80640128E+01   
9.74647930E+01   
8.84759952E+01   
8.14895979E+01   
1.02143629E+02   
1.14097219E+02   
1.12883577E+02   
8.05076015E+01   
1.08506801E+02   
9.60172034E+01   
8.85056011E+01   
8.77208442E+01   
1.05387177E+02   
8.73527706E+01   
9.51196239E+01   
9.50988198E+01   
1.03617624E+02   
1.06335167E+02   
8.69875975E+01   
8.55924185E+01   
1.05268054E+02   
9.68007602E+01   
8.55684137E+01   
9.09531906E+01   
8.69843969E+01   
8.79123825E+01   
9.33756751E+01   
1.04729146E+02   
1.03167634E+02   
1.13539608E+02   
9.64227846E+01   
9.44587918E+01   
1.10742048E+02   
1.00689138E+02   
1.01312462E+02   
1.02977996E+02   
9.84103821E+01   
9.46304261E+01   
9.44063813E+01   
9.09719944E+01   
1.00206441E+02   
9.25928186E+01   
1.10826765E+02   
8.89691938E+01   
9.92700540E+01   
1.09445189E+02   
1.08968794E+02   
9.19671934E+01   
9.97068414E+01   
9.79131826E+01   
9.93271654E+01   
9.67935587E+01   
9.68097620E+01   
1.10035907E+02   
9.23727746E+01   
1.03312863E+02   
9.44907982E+01   
1.03202841E+02   
1.03122324E+02   
7.96112222E+01   
9.70820164E+01   
9.97436487E+01   
9.65687137E+01   
9.63448690E+01   
9.78879776E+01   
1.08956091E+02   
9.65483097E+01   
8.96747349E+01   
9.45021004E+01   
9.18091618E+01   
1.00980896E+02   
1.16343169E+02   
8.41935387E+01   
8.67016403E+01   
1.03631226E+02   
1.02483197E+02   
9.09502901E+01   
9.20144029E+01   
9.84845969E+01   
1.09093119E+02   
8.70349070E+01   
1.14625125E+02   
1.00940388E+02   
1.03857171E+02   
8.60188038E+01   
1.00518104E+02   
1.07061512E+02   
9.44432887E+01   
9.77098420E+01   
8.00156031E+01   
9.07133427E+01   
1.02125925E+02   
1.05196039E+02   
9.12063413E+01   
8.61076215E+01   
8.85619124E+01   
9.62900580E+01   
9.62948590E+01   
1.00018804E+02   
8.68492699E+01   
9.20931186E+01   
9.39500900E+01   
9.10859172E+01   
9.49203841E+01   
9.22140428E+01   
9.66219244E+01   
9.06157231E+01   
9.60667133E+01   
9.87281456E+01   
1.08266353E+02   
9.09171834E+01   
9.81236247E+01   
9.84113823E+01   
1.00654131E+02   
9.68892779E+01   
9.73587718E+01   
7.46804361E+01   
8.94651930E+01   
1.08896179E+02   
1.17804761E+02   
1.02244949E+02   
9.74628926E+01   
9.83487698E+01   
1.04255351E+02   
8.88926785E+01   
1.08708942E+02   
1.17232346E+02   
1.08254051E+02   
1.07669134E+02   
9.39866973E+01   
1.02814063E+02   
1.03818064E+02   
1.09822064E+02   
1.00096319E+02   
1.03774355E+02   
1.12249850E+02   
1.05405481E+02   
1.05459192E+02   
1.15835267E+02   
1.01333567E+02   
9.61314263E+01   
9.21444289E+01   
9.32748550E+01   
8.38891778E+01   
9.42788558E+01   
1.04282056E+02   
1.05625125E+02   
9.86203241E+01   
9.95186037E+01   
1.09484697E+02   
9.31277255E+01   
1.13862873E+02   
1.03340668E+02   
1.13727245E+02   
9.98680736E+01   
9.60494099E+01   
1.00448390E+02   
9.72925585E+01   
1.07026705E+02   
1.07445389E+02   
1.17737047E+02   
1.02300260E+02   
9.95957191E+01   
1.01873975E+02   
8.81777355E+01   
1.11875175E+02   
1.05447590E+02   
1.14616523E+02   
1.03701440E+02   
9.84447890E+01   
1.03048910E+02   
9.77183437E+01   
9.55274055E+01   
1.09859172E+02   
1.06870774E+02   
9.22049410E+01   
9.58438688E+01   
1.06505001E+02   
9.95463093E+01   
9.59673935E+01   
1.15340068E+02   
9.69630926E+01   
9.61812362E+01   
1.08763653E+02   
1.02535107E+02   
1.15254551E+02   
1.09203441E+02   
1.05931686E+02   
1.04107522E+02   
1.05685337E+02   
9.77702541E+01   
1.14027405E+02   
1.04348670E+02   
9.18689738E+01   
1.06757852E+02   
9.29937988E+01   
1.05876575E+02   
9.37426485E+01   
1.03537708E+02   
1.04606421E+02   
9.30815163E+01   
9.23696739E+01   
9.47265453E+01   
1.12966493E+02   
1.14364573E+02   
9.79672935E+01   
1.02531006E+02   
9.83784757E+01   
9.45633127E+01   
1.11247149E+02   
1.15386077E+02   
9.35090018E+01   
1.05125825E+02   
9.76862372E+01   
1.03509502E+02   
1.07120124E+02   
1.11800460E+02   
1.17991698E+02   
1.16374975E+02   
9.99064813E+01   
1.04974595E+02   
1.12194539E+02   
1.03657431E+02   
1.09392979E+02   
1.19844669E+02   
1.02631926E+02   
1.03814863E+02   
1.11029906E+02   
9.86188238E+01   
1.15211042E+02   
1.22425585E+02   
1.23824965E+02   
1.09419184E+02   
1.04015503E+02   
9.76310262E+01   
1.18639828E+02   
1.18006201E+02   
1.14624825E+02   
1.07036907E+02   
1.13628026E+02   
1.09781756E+02   
9.96244249E+01   
1.07042909E+02   
1.08603521E+02   
1.16678636E+02   
1.27448090E+02   
1.10846569E+02   
1.13601420E+02   
1.13633627E+02   
1.15704441E+02   
1.02412783E+02   
1.04236047E+02   
1.32189238E+02   
1.11767053E+02   
1.02761452E+02   
1.14803961E+02   
1.18802360E+02   
1.02190338E+02   
1.15020404E+02   
1.07966293E+02   
1.18248850E+02   
1.08785957E+02   
1.15328966E+02   
1.14900180E+02   
1.10599620E+02   
1.05994699E+02   
1.31092919E+02   
1.06795959E+02   
1.17638828E+02   
1.17333067E+02   
9.08657732E+01   
1.05490398E+02   
1.23559112E+02   
1.10023205E+02   
1.12343769E+02   
1.11878876E+02   
1.29263253E+02   
1.06133227E+02   
1.20640428E+02   
9.92105421E+01   
1.19790458E+02   
1.18165133E+02   
1.17440188E+02   
1.38678536E+02   
1.30301860E+02   
1.07918684E+02   
1.22402781E+02   
1.14422585E+02   
1.08397980E+02   
1.11266853E+02   
1.05892078E+02   
1.15262653E+02   
1.30650830E+02   
1.42524705E+02   
1.57530706E+02   
1.10891878E+02   
1.26664033E+02   
1.19005601E+02   
1.18514703E+02   
1.20174335E+02   
1.21397980E+02   
1.17604821E+02   
9.93907782E+01   
1.15110622E+02   
1.14960792E+02   
1.36096019E+02   
1.29098120E+02   
1.11350170E+02   
1.33959492E+02   
1.10137828E+02   
1.16016903E+02   
1.22495499E+02   
1.24346269E+02   
1.03064913E+02   
1.04654831E+02   
9.93193639E+01   
1.14966993E+02   
1.12682937E+02   
1.27101820E+02   
1.26403681E+02   
1.08029706E+02   
1.06557612E+02   
1.21296059E+02   
1.18929386E+02   
1.02109122E+02   
1.03570114E+02   
1.09573315E+02   
1.29260352E+02   
1.35257051E+02   
1.13468694E+02   
1.43141028E+02   
1.09467093E+02   
1.21542609E+02   
1.16226945E+02   
1.07406381E+02   
1.06643229E+02   
1.41729146E+02   
1.23108322E+02   
1.16523005E+02   
1.19095519E+02   
1.17460692E+02   
1.12300060E+02   
1.15312462E+02   
1.08958892E+02   
1.34380376E+02   
1.24214543E+02   
1.29543809E+02   
1.06792258E+02   
1.12728746E+02   
1.20079916E+02   
1.13849070E+02   
1.23727946E+02   
1.26859072E+02   
1.28919784E+02   
1.17939988E+02   
1.20775455E+02   
1.29321664E+02   
1.29624125E+02   
1.26976495E+02   
1.19327666E+02   
1.23464593E+02   
1.30499600E+02   
1.10546809E+02   
1.17717544E+02   
1.21982096E+02   
1.21174435E+02   
1.36759052E+02   
1.41336067E+02   
1.24170034E+02   
1.27333667E+02   
1.12500800E+02   
9.30188038E+01   
1.17834567E+02   
1.38280656E+02   
1.45629826E+02   
1.20194639E+02   
1.25154331E+02   
1.16944689E+02   
1.20634227E+02   
1.22069814E+02   
1.24384277E+02   
1.09701140E+02   
1.15247750E+02   
1.33027205E+02   
1.25043509E+02   
1.17041108E+02   
1.21432286E+02   
1.13642729E+02   
1.13673735E+02   
1.25024005E+02   
1.20024005E+02   
1.20008202E+02   
1.40697540E+02   
1.17701440E+02   
1.22349770E+02   
1.15691238E+02   
1.10035507E+02   
1.33015103E+02   
1.31694739E+02   
1.35027606E+02   
1.31365773E+02   
1.23345169E+02   
1.21361272E+02   
1.12025205E+02   
1.29363673E+02   
1.13338568E+02   
1.30413783E+02   
1.35303061E+02   
1.30731946E+02   
1.39986497E+02   
1.21382176E+02   
1.13305661E+02   
1.26711742E+02   
1.26770454E+02   
1.31394979E+02   
1.21558112E+02   
1.21348770E+02   
1.34045709E+02   
1.15796459E+02   
1.27951690E+02   
1.48376475E+02   
1.17969794E+02   
1.14052911E+02   
1.23963793E+02   
1.25471994E+02   
1.41862272E+02   
1.24445089E+02   
1.27773055E+02   
1.31742148E+02   
1.17594519E+02   
1.26665933E+02   
1.17104621E+02   
1.15902881E+02   
1.41108222E+02   
1.52794259E+02   
1.40301860E+02   
1.29796259E+02   
1.19257351E+02   
1.37806661E+02   
1.27147530E+02   
1.32289858E+02   
1.40283357E+02   
1.36873175E+02   
1.35542208E+02   
1.36762953E+02   
1.15394879E+02   
1.14570814E+02   
1.52833867E+02   
1.41536907E+02   
1.43402881E+02   
1.13465193E+02   
1.25153031E+02   
1.28142829E+02   
1.34845069E+02   
1.51850670E+02   
1.16304961E+02   
1.53302460E+02   
1.39574615E+02   
1.32005701E+02   
1.23808862E+02   
1.23801660E+02   
1.41863573E+02   
1.26259352E+02   
1.30252651E+02   
1.26795359E+02   
1.22249450E+02   
1.34574715E+02   
1.31886677E+02   
1.27859372E+02   
1.31330766E+02   
1.32938688E+02   
1.34504601E+02   
1.33937087E+02   
1.40206241E+02   
1.30146929E+02   
1.49489398E+02   
1.38352370E+02   
1.34232647E+02   
1.33024805E+02   
1.27325565E+02   
1.48617924E+02   
1.14130526E+02   
1.39628726E+02   
1.45617924E+02   
1.41139328E+02   
1.47536607E+02   
1.31691638E+02   
1.45476495E+02   
1.32517403E+02   
1.32590718E+02   
1.36246649E+02   
1.49027205E+02   
1.30982797E+02   
1.31186137E+02   
1.33502200E+02   
1.48260252E+02   
1.25850270E+02   
1.35078516E+02   
1.24330266E+02   
1.24856171E+02   
1.54859372E+02   
1.61526905E+02   
1.31781956E+02   
1.30023205E+02   
1.27278656E+02   
1.45541308E+02   
1.27580616E+02   
1.58874175E+02   
1.39817163E+02   
1.29004701E+02   
1.28758952E+02   
1.32162533E+02   
1.37040508E+02   
1.37281656E+02   
1.48054711E+02   
1.19024405E+02   
1.27450790E+02   
1.47313563E+02   
1.38172134E+02   
1.28022104E+02   
1.45613723E+02   
1.69030806E+02   
1.49149930E+02   
1.28875875E+02   
1.51935587E+02   
1.24244249E+02   
1.47358172E+02   
1.66310362E+02   
1.46935687E+02   
1.54805661E+02   
1.46184937E+02   
1.31587117E+02   
1.27821964E+02   
1.37230846E+02   
1.34960092E+02   
1.28700940E+02   
1.45526805E+02   
1.53754451E+02   
1.40358272E+02   
1.29839468E+02   
1.35044809E+02   
1.56474495E+02   
1.37231646E+02   
1.23446989E+02   
1.41051510E+02   
1.40006901E+02   
1.55755251E+02   
1.49585817E+02   
1.46741848E+02   
1.62033607E+02   
1.60395379E+02   
1.32295059E+02   
1.60397479E+02   
1.56571514E+02   
1.46945389E+02   
1.73785757E+02   
1.62844669E+02   
1.47076915E+02   
1.48296759E+02   
1.45102220E+02   
1.31683837E+02   
1.48491698E+02   
1.53620424E+02   
1.41764853E+02   
1.43500200E+02   
1.41961792E+02   
1.67167133E+02   
1.39952691E+02   
1.42436287E+02   
1.51176335E+02   
1.50940288E+02   
1.66332667E+02   
1.26986897E+02   
1.51185537E+02   
1.38183437E+02   
1.47778556E+02   
1.33081416E+02   
1.31647530E+02   
1.42333767E+02   
1.51939988E+02   
1.61822164E+02   
1.50095719E+02   
1.51986597E+02   
1.40989798E+02   
1.68405481E+02   
1.49291958E+02   
1.50580916E+02   
1.65091218E+02   
1.32256151E+02   
1.43542308E+02   
1.64233547E+02   
1.50030806E+02   
1.50541908E+02   
1.64988798E+02   
1.33675735E+02   
1.60899380E+02   
1.62984997E+02   
1.54854671E+02   
1.52776455E+02   
1.55260752E+02   
1.52808662E+02   
1.54760852E+02   
1.46528906E+02   
1.67019004E+02   
1.55551110E+02   
1.68778656E+02   
1.74032807E+02   
1.55281556E+02   
1.44772655E+02   
1.37788858E+02   
1.48286157E+02   
1.53016003E+02   
1.69048810E+02   
1.37986797E+02   
1.53324765E+02   
1.64292959E+02   
1.47492699E+02   
1.70363773E+02   
1.55978596E+02   
1.58318764E+02   
1.56500900E+02   
1.57203741E+02   
1.44617524E+02   
1.58707441E+02   
1.55542909E+02   
1.71363373E+02   
1.41936987E+02   
1.56304161E+02   
1.88618524E+02   
1.68404481E+02   
1.64028406E+02   
1.73229446E+02   
1.64671434E+02   
1.60184337E+02   
1.47879676E+02   
1.65555311E+02   
1.53984597E+02   
1.55081016E+02   
1.56404281E+02   
1.54661332E+02   
1.47523405E+02   
1.50721944E+02   
1.68972995E+02   
1.71266853E+02   
1.45556811E+02   
1.58577015E+02   
1.53417984E+02   
1.46794459E+02   
1.52292458E+02   
1.56531606E+02   
1.64755451E+02   
1.72822965E+02   
1.57497900E+02   
1.67727445E+02   
1.68417584E+02   
1.69726645E+02   
1.58023705E+02   
1.51340568E+02   
1.59364073E+02   
1.53611722E+02   
1.60800460E+02   
1.68521804E+02   
1.69626425E+02   
1.70122224E+02   
1.75311462E+02   
1.50111422E+02   
1.57544609E+02   
1.70485497E+02   
1.56834767E+02   
1.43727345E+02   
1.39352571E+02   
1.43683137E+02   
1.62123125E+02   
1.57042709E+02   
1.53144529E+02   
1.61915983E+02   
1.54814963E+02   
1.56140028E+02   
1.46138528E+02   
1.60057411E+02   
1.68563513E+02   
1.63251550E+02   
1.52592118E+02   
1.54880876E+02   
1.56214443E+02   
1.59874075E+02   
1.63158632E+02   
1.62681136E+02   
1.68468594E+02   
1.59379776E+02   
1.76218744E+02   
1.81900180E+02   
1.47052410E+02   
1.77586917E+02   
1.87814463E+02   
1.87327666E+02   
1.66248350E+02   
1.43246749E+02   
1.72901380E+02   
1.75164233E+02   
1.62669834E+02   
1.42971894E+02   
1.78552811E+02   
1.51781256E+02   
1.47084917E+02   
2.01877576E+02   
1.70241648E+02   
2.00939388E+02   
1.98993099E+02   
1.69215643E+02   
1.66657632E+02   
1.82328566E+02   
1.59395179E+02   
1.90157031E+02   
1.78731246E+02   
1.68546209E+02   
1.64413783E+02   
1.56499300E+02   
1.56540608E+02   
1.65806361E+02   
1.86219844E+02   
1.74505801E+02   
1.66270954E+02   
1.70777355E+02   
1.81844969E+02   
1.66199640E+02   
1.86816663E+02   
2.07639328E+02   
1.88071714E+02   
1.75230246E+02   
1.64235147E+02   
1.67434587E+02   
1.80427786E+02   
1.85041708E+02   
1.82041108E+02   
1.71011902E+02   
1.81665833E+02   
1.93667133E+02   
1.78013803E+02   
1.84038408E+02   
1.85412783E+02   
2.12704641E+02   
1.86411182E+02   
1.88600720E+02   
1.74983797E+02   
1.66032406E+02   
1.62286957E+02   
1.83229546E+02   
1.73035607E+02   
1.59384777E+02   
1.66032807E+02   
1.83376375E+02   
1.70050010E+02   
1.75716343E+02   
2.03029306E+02   
1.75136927E+02   
2.01418684E+02   
1.82502000E+02   
1.85250050E+02   
1.84305661E+02   
1.98645929E+02   
1.84493399E+02   
1.79843469E+02   
1.84225545E+02   
1.93411482E+02   
1.92664533E+02   
1.96852070E+02   
2.00368574E+02   
1.79744749E+02   
1.80893479E+02   
1.91962492E+02   
1.85383377E+02   
1.77263753E+02   
1.99370474E+02   
2.09310262E+02   
1.82148230E+02   
1.77030306E+02   
1.92583717E+02   
1.88676935E+02   
1.90220744E+02   
1.71646329E+02   
1.69291158E+02   
1.77515303E+02   
1.88243049E+02   
1.92574615E+02   
1.81285557E+02   
1.96543309E+02   
1.92750150E+02   
1.74632627E+02   
1.73625425E+02   
1.75033507E+02   
1.87334267E+02   
1.73443889E+02   
2.23635327E+02   
1.95088018E+02   
1.93422184E+02   
2.10652230E+02   
1.98475395E+02   
1.97348270E+02   
1.86978896E+02   
1.94173935E+02   
2.17426985E+02   
2.02447489E+02   
1.70436287E+02   
1.81864073E+02   
2.05480196E+02   
1.51459492E+02   
1.78522204E+02   
1.84494999E+02   
1.83894079E+02   
1.65686937E+02   
1.88868874E+02   
1.79199540E+02   
2.00206341E+02   
1.71205941E+02   
1.87869674E+02   
1.66197940E+02   
2.05378276E+02   
2.07551410E+02   
2.13217544E+02   
2.20371874E+02   
1.99189938E+02   
1.90549010E+02   
1.57792859E+02   
1.76614223E+02   
2.16501000E+02   
1.65874475E+02   
2.11713743E+02   
2.00104021E+02   
1.96096319E+02   
1.86110822E+02   
2.16999200E+02   
1.87601420E+02   
2.16086017E+02   
2.16201940E+02   
2.11042809E+02   
2.05832466E+02   
2.05890178E+02   
2.04662833E+02   
1.86450190E+02   
2.07879676E+02   
2.29385577E+02   
2.00287457E+02   
2.06264353E+02   
2.04815663E+02   
1.94496699E+02   
2.15045109E+02   
2.15810562E+02   
2.15429486E+02   
2.12349070E+02   
2.09347469E+02   
2.16890078E+02   
2.18527105E+02   
1.92615623E+02   
2.05477195E+02   
2.00902681E+02   
2.08439088E+02   
2.07339468E+02   
2.09144829E+02   
2.02124225E+02   
1.66816363E+02   
1.90073015E+02   
2.19269254E+02   
1.80662833E+02   
2.15719444E+02   
2.33117023E+02   
2.24262052E+02   
2.15042809E+02   
2.30607421E+02   
2.35030906E+02   
2.03356071E+02   
2.21313263E+02   
2.20609922E+02   
2.28480496E+02   
2.17330666E+02   
2.21044409E+02   
1.89882977E+02   
2.06904181E+02   
2.04745249E+02   
1.96926685E+02   
2.35938688E+02   
2.09988098E+02   
2.20320264E+02   
2.08318664E+02   
1.98455791E+02   
2.17516803E+02   
2.09215243E+02   
2.45394879E+02   
2.53735647E+02   
2.07415283E+02   
2.30498700E+02   
2.17812663E+02   
2.19549610E+02   
2.06260952E+02   
2.00041208E+02   
2.42488998E+02   
2.29120224E+02   
2.16113823E+02   
2.19643029E+02   
2.21645429E+02   
2.26647830E+02   
2.17705641E+02   
2.05465693E+02   
2.17622324E+02   
2.26351270E+02   
2.23345769E+02   
1.90994099E+02   
2.00262052E+02   
2.16332867E+02   
2.21780156E+02   
2.14985197E+02   
2.19149330E+02   
2.31792559E+02   
2.14463793E+02   
2.35886477E+02   
2.22437187E+02   
2.12680236E+02   
2.28778556E+02   
2.09297459E+02   
2.48049010E+02   
2.36794559E+02   
2.37924485E+02   
2.28531106E+02   
2.19812763E+02   
2.35943489E+02   
2.37641828E+02   
1.99143729E+02   
2.28070614E+02   
2.45561512E+02   
2.52357471E+02   
2.48488998E+02   
2.29735447E+02   
2.46967093E+02   
2.15475895E+02   
2.57648830E+02   
2.50949590E+02   
2.39465093E+02   
2.18515303E+02   
2.07449090E+02   
2.67070214E+02   
2.90634027E+02   
2.63050410E+02   
2.38667734E+02   
2.41275055E+02   
2.33355671E+02   
2.53474795E+02   
2.69795259E+02   
2.51847469E+02   
2.47145029E+02   
2.56940488E+02   
2.37861672E+02   
2.18379376E+02   
2.72023905E+02   
2.52616323E+02   
2.53154831E+02   
2.41057812E+02   
2.38359172E+02   
2.34056711E+02   
2.43046009E+02   
2.21480896E+02   
2.41986297E+02   
2.46426285E+02   
2.67430386E+02   
2.40584817E+02   
2.34900980E+02   
2.52130226E+02   
2.45004501E+02   
2.47520004E+02   
2.65472795E+02   
2.40102821E+02   
2.60904081E+02   
2.31381476E+02   
2.62523505E+02   
2.44294259E+02   
2.46798260E+02   
2.58180236E+02   
2.56789058E+02   
2.46455691E+02   
2.62149130E+02   
2.62838968E+02   
2.48453691E+02   
2.56050810E+02   
2.63453691E+02   
2.54548810E+02   
2.56965293E+02   
2.02561512E+02   
2.55920584E+02   
2.71342569E+02   
2.64980496E+02   
2.34890878E+02   
2.68963393E+02   
2.90921684E+02   
2.48965193E+02   
2.59095619E+02   
2.52998000E+02   
2.55386577E+02   
2.65204341E+02   
2.51894879E+02   
2.61745949E+02   
2.68518804E+02   
2.63084217E+02   
2.87367674E+02   
2.45165333E+02   
2.66957792E+02   
2.66237447E+02   
2.80145529E+02   
2.62144729E+02   
2.79875375E+02   
2.54322565E+02   
2.64852470E+02   
2.79078916E+02   
3.13384377E+02   
2.62862973E+02   
2.87394379E+02   
2.79444689E+02   
2.71669734E+02   
2.50744549E+02   
2.75797459E+02   
2.77374275E+02   
2.73566713E+02   
2.69044209E+02   
2.74228646E+02   
2.76813863E+02   
2.98306161E+02   
3.09721744E+02   
2.77373875E+02   
2.65821664E+02   
2.78442188E+02   
2.54427285E+02   
2.96541908E+02   
2.66099320E+02   
2.62931186E+02   
2.75896579E+02   
2.90293759E+02   
2.94055211E+02   
2.97507001E+02   
2.80746349E+02   
2.73842468E+02   
2.86276755E+02   
2.93750050E+02   
2.72277055E+02   
2.90986797E+02   
3.05583817E+02   
2.77075915E+02   
3.01356471E+02   
2.48576215E+02   
2.86687938E+02   
2.91418484E+02   
3.03298460E+02   
2.91008102E+02   
2.66708442E+02   
2.84334867E+02   
2.61488298E+02   
3.06845469E+02   
2.68052410E+02   
2.99197439E+02   
2.78405581E+02   
2.84802761E+02   
2.88305261E+02   
3.07061312E+02   
3.02612122E+02   
2.73149030E+02   
3.04110822E+02   
2.94135427E+02   
3.03387377E+02   
3.10656731E+02   
2.89462392E+02   
3.24535107E+02   
3.13192639E+02   
2.93349770E+02   
3.26516203E+02   
2.88852771E+02   
2.84162833E+02   
2.91751850E+02   
2.80927786E+02   
3.10181636E+02   
3.13945189E+02   
3.31005301E+02   
3.40333867E+02   
3.10650530E+02   
2.93845669E+02   
3.15719844E+02   
2.91237848E+02   
3.25443089E+02   
3.18709342E+02   
3.36422585E+02   
3.12763353E+02   
3.06121124E+02   
3.28891878E+02   
3.20064413E+02   
3.00641128E+02   
3.28872675E+02   
3.31845969E+02   
3.19338768E+02   
3.01225345E+02   
3.22028106E+02   
3.11606721E+02   
3.22331166E+02   
3.23583617E+02   
3.39854371E+02   
3.30380676E+02   
2.93583517E+02   
3.17493799E+02   
3.20167033E+02   
3.56100520E+02   
3.07077816E+02   
3.31814063E+02   
3.46560712E+02   
3.20423185E+02   
2.79041008E+02   
3.37899380E+02   
3.35218244E+02   
3.07296359E+02   
3.24114623E+02   
3.26345069E+02   
3.13830866E+02   
3.50651230E+02   
3.30568614E+02   
3.27289158E+02   
3.11285157E+02   
3.10439288E+02   
2.99460392E+02   
2.85410382E+02   
3.35238648E+02   
3.09364973E+02   
3.34513203E+02   
3.50230246E+02   
3.12155631E+02   
3.38641528E+02   
2.98978996E+02   
3.34892278E+02   
3.49831066E+02   
3.30907181E+02   
3.46675735E+02   
3.21225645E+02   
3.16567213E+02   
3.22367273E+02   
2.96948290E+02   
3.27948790E+02   
3.31514503E+02   
3.13504901E+02   
3.50310362E+02   
3.15422084E+02   
3.55899080E+02   
3.43070814E+02   
3.23105121E+02   
3.37273855E+02   
3.78096319E+02   
3.52105921E+02   
3.36969094E+02   
3.22100720E+02   
3.04514703E+02   
3.30589818E+02   
3.65664033E+02   
3.29380676E+02   
3.11433287E+02   
3.12885377E+02   
3.33801660E+02   
3.50012603E+02   
3.48014203E+02   
3.23921584E+02   
3.40362773E+02   
3.73740348E+02   
3.38078116E+02   
3.32953591E+02   
3.20720044E+02   
3.27911782E+02   
3.67406481E+02   
3.31557011E+02   
3.30739448E+02   
3.36697039E+02   
3.42852470E+02   
3.38306261E+02   
3.17275155E+02   
3.45927385E+02   
3.43222144E+02   
3.12975595E+02   
3.54699240E+02   
3.62818364E+02   
3.77179936E+02   
3.52318064E+02   
3.42751150E+02   
3.64232046E+02   
3.32919984E+02   
3.53356571E+02   
3.51106621E+02   
3.49337768E+02   
3.45678136E+02   
3.60106221E+02   
3.54238248E+02   
3.70181336E+02   
3.69666833E+02   
3.63291458E+02   
4.25648080E+02   
4.26285257E+02   
4.26285257E+02   
4.26285257E+02   
4.26285257E+02   
4.48885207E+02   
4.86840368E+02   
4.77077816E+02   
5.33067514E+02   
4.72426485E+02   
5.11837868E+02   
4.86166633E+02   
4.76316363E+02   
5.10844069E+02   
4.99016103E+02   
5.01341868E+02   
5.25086117E+02   
4.64186537E+02   
5.17672034E+02   
5.08374575E+02   
4.91984397E+02   
5.30050810E+02   
4.87258852E+02   
4.91098020E+02   
5.20927485E+02   
5.29105321E+02   
5.01237748E+02   
5.35052711E+02   
5.50139528E+02   
5.04097319E+02   
5.22067113E+02   
5.14119124E+02   
5.25119724E+02   
4.98079916E+02   
5.18133727E+02   
5.59080016E+02   
5.42089318E+02   
5.36116323E+02   
5.38107722E+02   
5.41111722E+02   
5.33107622E+02   
5.20139528E+02   
5.72072915E+02   
5.38137427E+02   
5.74083617E+02   
5.78137828E+02   
5.68093019E+02   
5.55066013E+02   
5.26064613E+02   
5.03200640E+02   
5.45262352E+02   
5.55958492E+02   
5.41138928E+02   
5.65081916E+02   
5.32103921E+02   
5.04965093E+02   
5.37138128E+02   
5.03296159E+02   
5.48943489E+02   
5.36368774E+02   
6.00277856E+02   
5.93845769E+02   
5.95044909E+02   
5.70332266E+02   
5.41066313E+02   
5.63800660E+02   
5.25139128E+02   
5.40586217E+02   
5.70735547E+02   
5.54297560E+02   
5.85077315E+02   
5.84607021E+02   
6.26061112E+02   
6.15704541E+02   
5.94057612E+02   
5.59307762E+02   
6.09348770E+02   
6.20528506E+02   
5.89689738E+02   
5.92711842E+02   
5.78996099E+02   
5.83042408E+02   
5.90340168E+02   
5.90060912E+02   
5.82447089E+02   
6.14707241E+02   
6.14457992E+02   
6.25296959E+02   
6.44404681E+02   
6.32964793E+02   
6.44167433E+02   
6.39636427E+02   
6.09985397E+02   
6.31978496E+02   
6.33040408E+02   
6.54304261E+02   
5.91394079E+02   
6.14545909E+02   
6.18909482E+02   
6.05539408E+02   
6.04809662E+02   
6.01943489E+02   
6.23941688E+02   
6.23701140E+02   
5.86987097E+02   
6.62533707E+02   
6.16072515E+02   
6.17493599E+02   
5.89009202E+02   
6.01433587E+02   
6.31893179E+02   
6.27472895E+02   
6.25066613E+02   
6.24275755E+02   
6.29425585E+02   
6.02087117E+02   
5.96808162E+02   
6.42219744E+02   
6.25191838E+02   
5.99510802E+02   
5.71581516E+02   
6.24825865E+02   
6.51831466E+02   
6.37176235E+02   
6.21775655E+02   
5.94394579E+02   
6.21895979E+02   
6.14128026E+02   
6.42153131E+02   
5.84139428E+02   
6.32836667E+02   
5.78860572E+02   
6.23273255E+02   
6.09581316E+02   
6.46244349E+02   
6.51779856E+02   
6.30283657E+02   
6.42936787E+02   
6.10795159E+02   
5.71639428E+02   
5.59731646E+02   
6.29215243E+02   
5.99907682E+02   
6.00743849E+02   
6.07501800E+02   
5.81522104E+02   
5.92943989E+02   
6.05377876E+02   
6.03911982E+02   
5.82611922E+02   
5.60222344E+02   
6.47450790E+02   
6.05221444E+02   
6.30966893E+02   
5.97789558E+02   
6.35988898E+02   
6.18040308E+02   
6.12647830E+02   
6.96456591E+02   
6.14077916E+02   
5.89685837E+02   
5.80700340E+02   
6.32401180E+02   
5.66562012E+02   
5.91725145E+02   
6.12459792E+02   
5.85757251E+02   
5.97751650E+02   
5.57944589E+02   
5.83064713E+02   
5.76688238E+02   
5.26999400E+02   
5.28944089E+02   
5.25807461E+02   
5.47817864E+02   
5.37620224E+02   
5.13783357E+02   
4.77051110E+02   
5.19778556E+02   
5.11852370E+02   
4.88210642E+02   
4.79868374E+02   
5.05846269E+02   
4.95578216E+02   
5.07507201E+02   
5.18159332E+02   
5.22583617E+02   
5.25020904E+02   
4.83992899E+02   
4.27079716E+02   
4.62243249E+02   
4.55213043E+02   
4.40597520E+02   
4.54274355E+02   
4.34089418E+02   
4.52026105E+02   
4.48671634E+02   
4.75506001E+02   
4.37255351E+02   
4.33825465E+02   
4.72899680E+02   
4.36415383E+02   
4.31902480E+02   
4.48490698E+02   
4.52034507E+02   
4.21619324E+02   
4.40616023E+02   
4.03271854E+02   
4.29736047E+02   
4.64039808E+02   
4.28427786E+02   
4.05778356E+02   
4.25158932E+02   
4.23037908E+02   
3.99647730E+02   
4.21086817E+02   
4.40658932E+02   
4.41586417E+02   
4.09168934E+02   
4.59223045E+02   
4.44994699E+02   
3.91522304E+02   
4.06273955E+02   
4.03894579E+02   
4.00893679E+02   
3.82426885E+02   
4.29407782E+02   
4.10233447E+02   
4.23148430E+02   
4.21563413E+02   
4.02613723E+02   
3.73845969E+02   
4.09911082E+02   
3.78867473E+02   
3.92881576E+02   
3.76436287E+02   
4.17939288E+02   
3.89062913E+02   
3.96560712E+02   
3.97633127E+02   
3.94224845E+02   
4.42925585E+02   
3.58931186E+02   
3.71040408E+02   
3.71501600E+02   
3.90915583E+02   
3.59153931E+02   
3.69480796E+02   
3.32998300E+02   
3.68256051E+02   
3.78719744E+02   
3.78327966E+02   
3.73501800E+02   
3.71008402E+02   
3.58757752E+02   
4.45695589E+02   
5.31106221E+02   
5.31106221E+02   
5.31106221E+02   
5.31106221E+02   
5.40753801E+02   
6.93988498E+02   
7.13477095E+02   
7.48271054E+02   
7.28956691E+02   
7.44145529E+02   
7.28524505E+02   
7.84976995E+02   
7.61567013E+02   
7.63346769E+02   
7.38264253E+02   
7.85701240E+02   
7.47732446E+02   
7.23087217E+02   
7.47771954E+02   
7.54141728E+02   
7.55678536E+02   
7.41252250E+02   
7.44212543E+02   
7.56939688E+02   
7.74049010E+02   
7.09251850E+02   
7.65075515E+02   
7.28379876E+02   
7.01079616E+02   
7.37550510E+02   
7.55574115E+02   
7.20943789E+02   
7.54450790E+02   
7.57440388E+02   
7.37785957E+02   
7.97769954E+02   
8.01925085E+02   
7.27505901E+02   
7.89064013E+02   
7.39824765E+02   
7.81435987E+02   
7.76222945E+02   
7.61215743E+02   
7.39926085E+02   
7.52415083E+02   
7.41581016E+02   
7.29511802E+02   
7.30630526E+02   
7.70978696E+02   
7.16969894E+02   
7.13863773E+02   
7.99388978E+02   
7.01280756E+02   
7.44986397E+02   
7.51099020E+02   
7.35542709E+02   
7.51450590E+02   
7.61089218E+02   
7.11436187E+02   
7.31392979E+02   
7.12365073E+02   
7.47574915E+02   
7.41397880E+02   
7.49239548E+02   
7.44387778E+02   
7.18863673E+02   
7.13389378E+02   
7.21452390E+02   
7.19894679E+02   
7.56724645E+02   
7.40997199E+02   
7.49496799E+02   
7.19284557E+02   
7.67539208E+02   
7.92571614E+02   
7.45022805E+02   
7.37798860E+02   
7.53213943E+02   
7.45154431E+02   
7.80608422E+02   
7.45359372E+02   
7.62988198E+02   
7.12856771E+02   
7.23754151E+02   
7.63787658E+02   
7.72910282E+02   
8.17569914E+02   
8.99638328E+02   
9.22750650E+02   
9.11571414E+02   
9.14334167E+02   
9.21415283E+02   
9.08610422E+02   
8.50376275E+02   
8.83438088E+02   
7.93282557E+02   
7.83305361E+02   
8.28007502E+02   
8.03699140E+02   
8.26263753E+02   
7.30052911E+02   
8.00971294E+02   
7.67307562E+02   
8.13371174E+02   
8.31460592E+02   
7.67503901E+02   
7.68091118E+02   
7.68233247E+02   
7.63808162E+02   
7.41175235E+02   
7.03024405E+02   
6.84695039E+02   
7.29686237E+02   
6.73472595E+02   
7.07538108E+02   
6.75328066E+02   
7.30271954E+02   
6.71590018E+02   
6.79413183E+02   
7.33419784E+02   
6.31206241E+02   
6.39434187E+02   
6.41903281E+02   
6.47087317E+02   
6.43177936E+02   
6.34327265E+02   
6.49393679E+02   
5.63630326E+02   
6.56307361E+02   
5.95129026E+02   
6.08763253E+02   
5.93263353E+02   
6.32843769E+02   
5.74783157E+02   
5.88108022E+02   
5.47489198E+02   
5.73884377E+02   
5.30097720E+02   
5.21392979E+02   
5.25246049E+02   
5.16814563E+02   
5.17256351E+02   
5.00512102E+02   
4.97978096E+02   
5.12930486E+02   
4.60499800E+02   
4.86053811E+02   
4.56403581E+02   
4.57626725E+02   
4.43908182E+02   
4.60794559E+02   
4.39754451E+02   
4.07117323E+02   
4.14825865E+02   
4.38532006E+02   
4.12353171E+02   
3.85322364E+02   
4.17331766E+02   
3.63467694E+02   
3.57316163E+02   
3.62798860E+02   
3.49304161E+02   
3.19886377E+02   
3.52895979E+02   
3.51094219E+02   
3.02133327E+02   
2.91832967E+02   
3.17134827E+02   
2.92366273E+02   
2.76804461E+02   
2.81602921E+02   
2.46406181E+02   
2.42671334E+02   
2.43891878E+02   
2.41361872E+02   
2.38408782E+02   
2.39953791E+02   
2.14835067E+02   
2.09400180E+02   
2.01149730E+02   
2.06040008E+02   
2.04040008E+02   
2.12559612E+02   
1.77828166E+02   
1.60410382E+02   
1.83361872E+02   
1.90746149E+02   
1.91036807E+02   
1.76524405E+02   
1.91245749E+02   
1.57033607E+02   
1.55250150E+02   
1.54339868E+02   
1.40030006E+02   
1.42700140E+02   
1.58839868E+02   
1.62218544E+02   
1.39192138E+02   
1.28201740E+02   
1.19355071E+02   
1.14025205E+02   
1.15365473E+02   
1.11858672E+02   
1.26026405E+02   
1.26999200E+02   
1.27190938E+02   
1.00737748E+02   
1.19646529E+02   
9.53174635E+01   
1.00215343E+02   
1.08850270E+02   
1.00536407E+02   
1.03333867E+02   
1.03503201E+02   
8.59819964E+01   
9.06172234E+01   
9.64171834E+01   
9.18878776E+01   
9.53682737E+01   
7.99207842E+01   
7.82425485E+01   
7.62062412E+01   
6.35968194E+01   
7.71917383E+01   
6.80693139E+01   
7.26072214E+01   
7.58370674E+01   
6.37269454E+01   
6.62306461E+01   
6.77277455E+01   
6.11929386E+01   
4.98571714E+01   
4.10092018E+01   
4.51897379E+01   
4.70096019E+01   
4.26469294E+01   
4.01905381E+01   
4.66449290E+01   
7.76433287E+01   
3.47393479E+01   
1.36909182E+02   
3.35369074E+01   
3.42925585E+01   
2.73455691E+01   
1.81877375E+01   
1.90032006E+01   
2.18174635E+01   
1.70028006E+01   
1.27489498E+01   
2.12566513E+01   
1.23774755E+01   
2.40649130E+01   
1.20016003E+01   
9.37867574E+00   
8.66231246E+00   
8.40168034E+00   
8.40168034E+00   
8.40168034E+00   
8.40168034E+00   
8.40168034E+00   
3.39805961E+00   
0.00000000E+00   
0.00000000E+00   
0.00000000E+00   
0.00000000E+00   
0.00000000E+00   
0.00000000E+00   
0.00000000E+00   
0.00000000E+00   
0.00000000E+00   
0.00000000E+00   
0.00000000E+00   
0.00000000E+00   
0.00000000E+00   
0.00000000E+00   
1.38137628E+00   
5.61862372E+00   
0.00000000E+00   
0.00000000E+00   
0.00000000E+00   
0.00000000E+00   
0.00000000E+00   
0.00000000E+00   
0.00000000E+00   
0.00000000E+00   
0.00000000E+00   
0.00000000E+00   
0.00000000E+00   
0.00000000E+00   
0.00000000E+00   
0.00000000E+00   
0.00000000E+00   
0.00000000E+00   
0.00000000E+00   
0.00000000E+00   
0.00000000E+00   
0.00000000E+00   
0.00000000E+00   
0.00000000E+00   
0.00000000E+00   
2.07341468E-01   
7.92658532E-01   
0.00000000E+00   
0.00000000E+00   
0.00000000E+00   
0.00000000E+00   
0.00000000E+00   
0.00000000E+00   
0.00000000E+00   
0.00000000E+00   
2.11342268E-01   
7.88657732E-01   
0.00000000E+00   
0.00000000E+00   
0.00000000E+00   
0.00000000E+00   
0.00000000E+00   
0.00000000E+00   
0.00000000E+00   
0.00000000E+00   
0.00000000E+00   
0.00000000E+00   
0.00000000E+00   
0.00000000E+00   
0.00000000E+00   
0.00000000E+00   
0.00000000E+00   
0.00000000E+00   
0.00000000E+00   
2.00000000E+00   
2.19343869E-01   
7.80656131E-01   
0.00000000E+00   
0.00000000E+00   
0.00000000E+00   
0.00000000E+00   
0.00000000E+00   
0.00000000E+00   
0.00000000E+00   
0.00000000E+00   
2.23344669E-01   
7.76655331E-01   
0.00000000E+00   
0.00000000E+00   
0.00000000E+00   
0.00000000E+00   
0.00000000E+00   
0.00000000E+00   
2.26545309E-01   
7.73454691E-01   
0.00000000E+00   
0.00000000E+00   
0.00000000E+00   
0.00000000E+00   
0.00000000E+00   
0.00000000E+00   
0.00000000E+00   
0.00000000E+00   
0.00000000E+00   
0.00000000E+00   
1.00000000E+00   
1.00000000E+00   
0.00000000E+00   
0.00000000E+00   
0.00000000E+00   
0.00000000E+00   
0.00000000E+00   
0.00000000E+00   
0.00000000E+00   
0.00000000E+00   
0.00000000E+00   
0.00000000E+00   
2.36147229E-01   
1.00040008E+00   
1.76345269E+00   
0.00000000E+00   
0.00000000E+00   
0.00000000E+00   
0.00000000E+00   
0.00000000E+00   
0.00000000E+00   
0.00000000E+00   
2.40148030E-01   
1.00040008E+00   
7.59451890E-01   
0.00000000E+00   
2.41748350E-01   
7.58251650E-01   
0.00000000E+00   
2.42948590E-01   
7.57051410E-01   
0.00000000E+00   
0.00000000E+00   
0.00000000E+00   
0.00000000E+00   
0.00000000E+00   
0.00000000E+00   
0.00000000E+00   
1.00000000E+00   
0.00000000E+00   
0.00000000E+00   
0.00000000E+00   
0.00000000E+00   
1.00000000E+00   
0.00000000E+00   
0.00000000E+00   
2.49749950E-01   
7.50250050E-01   
0.00000000E+00   
0.00000000E+00   
0.00000000E+00   
0.00000000E+00   
0.00000000E+00   
0.00000000E+00   
0.00000000E+00   
0.00000000E+00   
0.00000000E+00   
0.00000000E+00   
0.00000000E+00   
0.00000000E+00   
1.00000000E+00   
0.00000000E+00   
0.00000000E+00   
0.00000000E+00   
0.00000000E+00   
0.00000000E+00   
0.00000000E+00   
0.00000000E+00   
0.00000000E+00   
0.00000000E+00   
0.00000000E+00   
2.59751950E-01   
7.40248050E-01   
0.00000000E+00   
0.00000000E+00   
0.00000000E+00   
0.00000000E+00   
0.00000000E+00   
0.00000000E+00   
0.00000000E+00   
0.00000000E+00   
0.00000000E+00   
0.00000000E+00   
0.00000000E+00   
0.00000000E+00   
2.65353071E-01   
7.34646929E-01   
2.66153231E-01   
7.33846769E-01   
0.00000000E+00   
0.00000000E+00   
0.00000000E+00   
0.00000000E+00   
0.00000000E+00   
0.00000000E+00   
0.00000000E+00   
0.00000000E+00   
0.00000000E+00   
0.00000000E+00   
0.00000000E+00   
0.00000000E+00   
0.00000000E+00   
0.00000000E+00   
0.00000000E+00   
0.00000000E+00   
2.73354671E-01   
7.26645329E-01   
0.00000000E+00   
0.00000000E+00   
0.00000000E+00   
0.00000000E+00   
0.00000000E+00   
0.00000000E+00   
0.00000000E+00   
0.00000000E+00   
0.00000000E+00   
2.77755551E-01   
7.22244449E-01   
0.00000000E+00   
0.00000000E+00   
0.00000000E+00   
0.00000000E+00   
2.80156031E-01   
1.71984397E+00   
0.00000000E+00   
0.00000000E+00   
0.00000000E+00   
0.00000000E+00   
0.00000000E+00   
0.00000000E+00   
0.00000000E+00   
0.00000000E+00   
0.00000000E+00   
0.00000000E+00   
1.00000000E+00   
0.00000000E+00   
0.00000000E+00   
0.00000000E+00   
0.00000000E+00   
0.00000000E+00   
0.00000000E+00   
0.00000000E+00   
2.88157632E-01   
7.11842368E-01   
0.00000000E+00   
0.00000000E+00   
0.00000000E+00   
0.00000000E+00   
0.00000000E+00   
1.00000000E+00   
0.00000000E+00   
0.00000000E+00   
0.00000000E+00   
0.00000000E+00   
0.00000000E+00   
0.00000000E+00   
2.93758752E-01   
7.06241248E-01   
0.00000000E+00   
0.00000000E+00   
0.00000000E+00   
0.00000000E+00   
0.00000000E+00   
0.00000000E+00   
0.00000000E+00   
0.00000000E+00   
0.00000000E+00   
2.98159632E-01   
7.01840368E-01   
0.00000000E+00   
0.00000000E+00   
0.00000000E+00   
0.00000000E+00   
0.00000000E+00   
0.00000000E+00   
0.00000000E+00   
0.00000000E+00   
0.00000000E+00   
0.00000000E+00   
0.00000000E+00   
0.00000000E+00   
0.00000000E+00   
0.00000000E+00   
0.00000000E+00   
0.00000000E+00   
0.00000000E+00   
0.00000000E+00   
0.00000000E+00   
0.00000000E+00   
0.00000000E+00   
0.00000000E+00   
0.00000000E+00   
0.00000000E+00   
0.00000000E+00   
0.00000000E+00   
0.00000000E+00   
0.00000000E+00   
0.00000000E+00   
0.00000000E+00   
0.00000000E+00   
0.00000000E+00   
0.00000000E+00   
0.00000000E+00   
0.00000000E+00   
0.00000000E+00   
0.00000000E+00   
1.00000000E+00   
0.00000000E+00   
0.00000000E+00   
0.00000000E+00   
0.00000000E+00   
0.00000000E+00   
0.00000000E+00   
0.00000000E+00   
0.00000000E+00   
0.00000000E+00   
0.00000000E+00   
3.18163633E-01   
6.81836367E-01   
0.00000000E+00   
0.00000000E+00   
1.31976395E+00   
6.80236047E-01   
0.00000000E+00   
0.00000000E+00   
0.00000000E+00   
0.00000000E+00   
0.00000000E+00   
3.22564513E-01   
6.77435487E-01   
0.00000000E+00   
0.00000000E+00   
0.00000000E+00   
0.00000000E+00   
0.00000000E+00   
0.00000000E+00   
0.00000000E+00   
0.00000000E+00   
0.00000000E+00   
1.32696539E+00   
6.73034607E-01   
0.00000000E+00   
0.00000000E+00   
0.00000000E+00   
0.00000000E+00   
0.00000000E+00   
0.00000000E+00   
0.00000000E+00   
0.00000000E+00   
0.00000000E+00   
0.00000000E+00   
0.00000000E+00   
0.00000000E+00   
0.00000000E+00   
0.00000000E+00   
0.00000000E+00   
0.00000000E+00   
0.00000000E+00   
0.00000000E+00   
0.00000000E+00   
0.00000000E+00   
0.00000000E+00   
0.00000000E+00   
0.00000000E+00   
0.00000000E+00   
0.00000000E+00   
0.00000000E+00   
0.00000000E+00   
1.00000000E+00   
0.00000000E+00   
0.00000000E+00   
0.00000000E+00   
0.00000000E+00   
0.00000000E+00   
0.00000000E+00   
0.00000000E+00   
0.00000000E+00   
0.00000000E+00   
0.00000000E+00   
0.00000000E+00   
0.00000000E+00   
0.00000000E+00   
0.00000000E+00   
0.00000000E+00   
0.00000000E+00   
0.00000000E+00   
0.00000000E+00   
0.00000000E+00   
0.00000000E+00   
0.00000000E+00   
0.00000000E+00   
0.00000000E+00   
0.00000000E+00   
3.48569714E-01   
6.51430286E-01   
0.00000000E+00   
0.00000000E+00   
0.00000000E+00   
0.00000000E+00   
0.00000000E+00   
0.00000000E+00   
0.00000000E+00   
0.00000000E+00   
7.05141028E-01   
1.29485897E+00   
3.53370674E-01   
6.46629326E-01   
0.00000000E+00   
3.54570914E-01   
6.45429086E-01   
3.55371074E-01   
6.44628926E-01   
0.00000000E+00   
0.00000000E+00   
0.00000000E+00   
0.00000000E+00   
0.00000000E+00   
0.00000000E+00   
0.00000000E+00   
0.00000000E+00   
0.00000000E+00   
0.00000000E+00   
0.00000000E+00   
0.00000000E+00   
1.00000000E+00   
0.00000000E+00   
0.00000000E+00   
0.00000000E+00   
0.00000000E+00   
0.00000000E+00   
0.00000000E+00   
0.00000000E+00   
0.00000000E+00   
0.00000000E+00   
0.00000000E+00   
0.00000000E+00   
0.00000000E+00   
0.00000000E+00   
0.00000000E+00   
0.00000000E+00   
0.00000000E+00   
0.00000000E+00   
0.00000000E+00   
0.00000000E+00   
0.00000000E+00   
0.00000000E+00   
0.00000000E+00   
0.00000000E+00   
0.00000000E+00   
0.00000000E+00   
0.00000000E+00   
0.00000000E+00   
0.00000000E+00   
0.00000000E+00   
0.00000000E+00   
0.00000000E+00   
0.00000000E+00   
0.00000000E+00   
0.00000000E+00   
0.00000000E+00   
0.00000000E+00   
0.00000000E+00   
1.00000000E+00   
0.00000000E+00   
3.76975395E-01   
6.23024605E-01   
0.00000000E+00   
0.00000000E+00   
0.00000000E+00   
0.00000000E+00   
0.00000000E+00   
0.00000000E+00   
0.00000000E+00   
0.00000000E+00   
0.00000000E+00   
0.00000000E+00   
1.00000000E+00   
0.00000000E+00   
3.00000000E+00   
1.00000000E+00   
1.00000000E+00   
0.00000000E+00   
0.00000000E+00   
0.00000000E+00   
0.00000000E+00   
3.85377075E-01   
6.14622925E-01   
0.00000000E+00   
0.00000000E+00   
0.00000000E+00   
0.00000000E+00   
0.00000000E+00   
0.00000000E+00   
0.00000000E+00   
0.00000000E+00   
0.00000000E+00   
0.00000000E+00   
2.00000000E+00   
0.00000000E+00   
0.00000000E+00   
0.00000000E+00   
0.00000000E+00   
0.00000000E+00   
0.00000000E+00   
0.00000000E+00   
0.00000000E+00   
0.00000000E+00   
0.00000000E+00   
3.94578916E-01   
6.05421084E-01   
0.00000000E+00   
0.00000000E+00   
0.00000000E+00   
0.00000000E+00   
0.00000000E+00   
0.00000000E+00   
0.00000000E+00   
0.00000000E+00   
0.00000000E+00   
0.00000000E+00   
0.00000000E+00   
0.00000000E+00   
0.00000000E+00   
0.00000000E+00   
0.00000000E+00   
0.00000000E+00   
0.00000000E+00   
0.00000000E+00   
0.00000000E+00   
0.00000000E+00   
0.00000000E+00   
0.00000000E+00   
0.00000000E+00   
0.00000000E+00   
4.04980996E-01   
5.95019004E-01   
0.00000000E+00   
0.00000000E+00   
0.00000000E+00   
0.00000000E+00   
0.00000000E+00   
0.00000000E+00   
0.00000000E+00   
0.00000000E+00   
0.00000000E+00   
0.00000000E+00   
0.00000000E+00   
0.00000000E+00   
0.00000000E+00   
0.00000000E+00   
0.00000000E+00   
0.00000000E+00   
1.00000000E+00   
0.00000000E+00   
0.00000000E+00   
0.00000000E+00   
0.00000000E+00   
0.00000000E+00   
0.00000000E+00   
0.00000000E+00   
0.00000000E+00   
0.00000000E+00   
0.00000000E+00   
0.00000000E+00   
0.00000000E+00   
0.00000000E+00   
0.00000000E+00   
0.00000000E+00   
0.00000000E+00   
0.00000000E+00   
0.00000000E+00   
0.00000000E+00   
0.00000000E+00   
0.00000000E+00   
0.00000000E+00   
0.00000000E+00   
0.00000000E+00   
0.00000000E+00   
4.22584517E-01   
5.77415483E-01   
4.23384677E-01   
5.76615323E-01   
0.00000000E+00   
0.00000000E+00   
1.00000000E+00   
0.00000000E+00   
4.25785157E-01   
5.74214843E-01   
0.00000000E+00   
0.00000000E+00   
0.00000000E+00   
0.00000000E+00   
0.00000000E+00   
0.00000000E+00   
0.00000000E+00   
0.00000000E+00   
0.00000000E+00   
0.00000000E+00   
0.00000000E+00   
0.00000000E+00   
0.00000000E+00   
0.00000000E+00   
0.00000000E+00   
0.00000000E+00   
0.00000000E+00   
0.00000000E+00   
0.00000000E+00   
0.00000000E+00   
0.00000000E+00   
0.00000000E+00   
0.00000000E+00   
0.00000000E+00   
0.00000000E+00   
0.00000000E+00   
0.00000000E+00   
0.00000000E+00   
0.00000000E+00   
0.00000000E+00   
0.00000000E+00   
0.00000000E+00   
0.00000000E+00   
0.00000000E+00   
0.00000000E+00   
0.00000000E+00   
4.40988198E-01   
5.59011802E-01   
0.00000000E+00   
0.00000000E+00   
0.00000000E+00   
0.00000000E+00   
0.00000000E+00   
0.00000000E+00   
0.00000000E+00   
0.00000000E+00   
0.00000000E+00   
0.00000000E+00   
0.00000000E+00   
0.00000000E+00   
0.00000000E+00   
0.00000000E+00   
0.00000000E+00   
0.00000000E+00   
0.00000000E+00   
0.00000000E+00   
0.00000000E+00   
0.00000000E+00   
0.00000000E+00   
0.00000000E+00   
0.00000000E+00   
0.00000000E+00   
0.00000000E+00   
0.00000000E+00   
0.00000000E+00   
0.00000000E+00   
0.00000000E+00   
0.00000000E+00   
0.00000000E+00   
0.00000000E+00   
0.00000000E+00   
0.00000000E+00   
0.00000000E+00   
0.00000000E+00   
0.00000000E+00   
0.00000000E+00   
0.00000000E+00   
0.00000000E+00   
0.00000000E+00   
0.00000000E+00   
0.00000000E+00   
0.00000000E+00   
0.00000000E+00   
0.00000000E+00   
0.00000000E+00   
0.00000000E+00   
0.00000000E+00   
0.00000000E+00   
0.00000000E+00   
0.00000000E+00   
0.00000000E+00   
0.00000000E+00   
0.00000000E+00   
0.00000000E+00   
0.00000000E+00   
0.00000000E+00   
0.00000000E+00   
0.00000000E+00   
0.00000000E+00   
0.00000000E+00   
0.00000000E+00   
0.00000000E+00   
0.00000000E+00   
0.00000000E+00   
0.00000000E+00   
0.00000000E+00   
0.00000000E+00   
0.00000000E+00   
0.00000000E+00   
0.00000000E+00   
0.00000000E+00   
0.00000000E+00   
0.00000000E+00   
0.00000000E+00   
0.00000000E+00   
0.00000000E+00   
0.00000000E+00   
0.00000000E+00   
0.00000000E+00   
0.00000000E+00   
0.00000000E+00   
0.00000000E+00   
0.00000000E+00   
0.00000000E+00   
0.00000000E+00   
0.00000000E+00   
0.00000000E+00   
0.00000000E+00   
0.00000000E+00   
0.00000000E+00   
0.00000000E+00   
0.00000000E+00   
0.00000000E+00   
0.00000000E+00   
0.00000000E+00   
0.00000000E+00   
0.00000000E+00   
0.00000000E+00   
0.00000000E+00   
0.00000000E+00   
0.00000000E+00   
0.00000000E+00   
0.00000000E+00   
0.00000000E+00   
0.00000000E+00   
9.69193839E-01   
1.03080616E+00   
0.00000000E+00   
0.00000000E+00   
0.00000000E+00   
0.00000000E+00   
0.00000000E+00   
0.00000000E+00   
0.00000000E+00   
0.00000000E+00   
0.00000000E+00   
0.00000000E+00   
0.00000000E+00   
0.00000000E+00   
0.00000000E+00   
0.00000000E+00   
0.00000000E+00   
0.00000000E+00   
0.00000000E+00   
0.00000000E+00   
0.00000000E+00   
0.00000000E+00   
0.00000000E+00   
0.00000000E+00   
0.00000000E+00   
0.00000000E+00   
0.00000000E+00   
0.00000000E+00   
0.00000000E+00   
0.00000000E+00   
0.00000000E+00   
0.00000000E+00   
0.00000000E+00   
0.00000000E+00   
0.00000000E+00   
0.00000000E+00   
0.00000000E+00   
0.00000000E+00   
0.00000000E+00   
0.00000000E+00   
!IDEND=

