!FILE=Disk 
!KIND=Spectrum 
!LABORATORY=Oslo Cyclotron Laboratory (OCL) 
!EXPERIMENT= oslo_method_python 
!COMMENT=Made by OMpy 
!TIME=DATE:08-Sep-20 09:58:11   
!CALIBRATION EkeV=6, 0.000000E+00, 2.000400E+00, 0.000000E+00 
!PRECISION=16 
!DIMENSION=1,0:4999 
!CHANNEL=(0:4999) 
3.13540208E+02   
4.75110422E+02   
5.48605421E+02   
6.24727045E+02   
6.71152430E+02   
7.26674235E+02   
7.25121224E+02   
7.25730246E+02   
7.84671834E+02   
8.25637828E+02   
8.27415283E+02   
8.83748650E+02   
8.96075615E+02   
9.49919884E+02   
9.20561412E+02   
9.72346869E+02   
1.07236277E+03   
1.17549140E+03   
1.13937047E+03   
1.21287868E+03   
1.23592699E+03   
1.33805551E+03   
1.45073495E+03   
1.57349120E+03   
1.68680466E+03   
1.83502651E+03   
1.99737457E+03   
2.15396419E+03   
2.30543589E+03   
2.40502511E+03   
2.44854001E+03   
2.62012202E+03   
2.84000930E+03   
2.95352340E+03   
3.11711832E+03   
3.25019694E+03   
3.27181886E+03   
3.37973485E+03   
3.52446469E+03   
3.69557932E+03   
3.76766223E+03   
3.77957331E+03   
3.92230106E+03   
4.06260352E+03   
4.15344299E+03   
4.10381866E+03   
4.15302100E+03   
4.20354801E+03   
4.20799860E+03   
4.26628226E+03   
4.29349170E+03   
4.34282206E+03   
4.32367243E+03   
4.38054061E+03   
4.42623725E+03   
4.50821194E+03   
4.35943839E+03   
4.46082106E+03   
4.52102040E+03   
4.54377295E+03   
4.51299440E+03   
4.44815953E+03   
4.39291278E+03   
4.45733587E+03   
4.40094439E+03   
4.32477976E+03   
4.20273075E+03   
4.33229436E+03   
4.31880466E+03   
4.26139818E+03   
4.31109732E+03   
4.39098040E+03   
4.25687117E+03   
4.19343219E+03   
4.20268604E+03   
4.17246639E+03   
4.16172925E+03   
4.15283147E+03   
4.12935697E+03   
4.19076795E+03   
4.20880516E+03   
4.11446439E+03   
3.95940898E+03   
4.12259552E+03   
4.15552751E+03   
4.23911552E+03   
4.32961352E+03   
4.30486097E+03   
4.32711312E+03   
4.24770974E+03   
4.23757211E+03   
4.21434087E+03   
4.27597850E+03   
4.15712593E+03   
4.03517894E+03   
4.06677185E+03   
3.92815893E+03   
3.99118444E+03   
3.91064923E+03   
3.85933007E+03   
3.85475065E+03   
3.73125295E+03   
3.86488908E+03   
3.76728246E+03   
3.66747069E+03   
3.70227996E+03   
3.69342859E+03   
3.59821974E+03   
3.48111592E+03   
3.43744179E+03   
3.32011862E+03   
3.40314523E+03   
3.24396049E+03   
3.23239198E+03   
3.28774685E+03   
3.13924335E+03   
3.17334967E+03   
3.14997730E+03   
3.07194029E+03   
3.14339748E+03   
3.06695569E+03   
3.02770414E+03   
3.15414013E+03   
2.98858542E+03   
3.02087237E+03   
3.03725775E+03   
3.03153561E+03   
3.01855121E+03   
3.01751200E+03   
3.03833237E+03   
3.00189668E+03   
3.04948360E+03   
2.91673105E+03   
2.87596739E+03   
2.88790838E+03   
2.94295849E+03   
2.85429486E+03   
2.78381136E+03   
2.88321734E+03   
2.79767033E+03   
2.78759372E+03   
2.78849930E+03   
2.71006031E+03   
2.61717884E+03   
2.67738008E+03   
2.72302631E+03   
2.69514923E+03   
2.56583747E+03   
2.52463803E+03   
2.54676175E+03   
2.50502240E+03   
2.60650130E+03   
2.49874155E+03   
2.42015443E+03   
2.46166263E+03   
2.47301600E+03   
2.35554301E+03   
2.39201340E+03   
2.41949940E+03   
2.32103711E+03   
2.40596429E+03   
2.31491548E+03   
2.32412042E+03   
2.29028706E+03   
2.27596149E+03   
2.18592198E+03   
2.19051750E+03   
2.20032777E+03   
2.18764073E+03   
2.10136567E+03   
2.14536687E+03   
2.10894389E+03   
2.00133197E+03   
1.98726495E+03   
1.92465403E+03   
1.93156491E+03   
1.84910902E+03   
1.87807431E+03   
1.83038608E+03   
1.93453081E+03   
1.75771214E+03   
1.76236017E+03   
1.81411822E+03   
1.81998180E+03   
1.71778336E+03   
1.68913593E+03   
1.69387057E+03   
1.75817213E+03   
1.72819284E+03   
1.65849450E+03   
1.65133187E+03   
1.55742378E+03   
1.60330966E+03   
1.58239668E+03   
1.62825465E+03   
1.61724455E+03   
1.59352631E+03   
1.55478256E+03   
1.54219904E+03   
1.60793459E+03   
1.55634177E+03   
1.51967113E+03   
1.51420644E+03   
1.49248830E+03   
1.47726205E+03   
1.46745059E+03   
1.43759152E+03   
1.48797079E+03   
1.50705051E+03   
1.47386407E+03   
1.45563113E+03   
1.46441318E+03   
1.47475195E+03   
1.42889878E+03   
1.48346939E+03   
1.41170964E+03   
1.40449740E+03   
1.43083287E+03   
1.35769094E+03   
1.39077275E+03   
1.41162893E+03   
1.39316383E+03   
1.40900710E+03   
1.39139008E+03   
1.36198380E+03   
1.34912172E+03   
1.35567744E+03   
1.37518824E+03   
1.30169834E+03   
1.36110562E+03   
1.28147069E+03   
1.24787618E+03   
1.28504431E+03   
1.34358492E+03   
1.24969414E+03   
1.22956311E+03   
1.28206041E+03   
1.23199330E+03   
1.23172575E+03   
1.26761982E+03   
1.19509812E+03   
1.20192559E+03   
1.21386167E+03   
1.19916673E+03   
1.17849140E+03   
1.18839288E+03   
1.16329606E+03   
1.14420034E+03   
1.10844819E+03   
1.17341988E+03   
1.14702811E+03   
1.11364693E+03   
1.18703521E+03   
9.11756561E+02   
8.44368874E+02   
8.44368874E+02   
8.44368874E+02   
8.44368874E+02   
7.38106491E+02   
5.51571014E+02   
5.04396279E+02   
4.67001900E+02   
4.87214443E+02   
4.88124725E+02   
5.10946189E+02   
5.07734847E+02   
4.57878776E+02   
4.55729946E+02   
4.81778656E+02   
5.17176235E+02   
4.74370474E+02   
4.81964593E+02   
5.05053711E+02   
4.85972194E+02   
4.29097319E+02   
4.66169834E+02   
4.58201040E+02   
4.44931886E+02   
4.83368774E+02   
4.56666733E+02   
5.18121224E+02   
4.90693839E+02   
5.16779756E+02   
4.51448990E+02   
4.85027305E+02   
4.80993099E+02   
4.58434887E+02   
4.35244949E+02   
4.55319664E+02   
4.53394679E+02   
4.53038808E+02   
4.55701340E+02   
4.32372575E+02   
4.46236147E+02   
4.34265453E+02   
4.28145429E+02   
4.32427285E+02   
4.25463393E+02   
4.10648930E+02   
4.07729646E+02   
4.20107922E+02   
4.26806561E+02   
4.18011902E+02   
4.45801260E+02   
4.36173435E+02   
4.34976495E+02   
3.92501000E+02   
3.90011102E+02   
3.91263653E+02   
4.03851970E+02   
3.95297259E+02   
3.97973095E+02   
4.20200940E+02   
4.13084217E+02   
3.90928486E+02   
3.76341268E+02   
3.68462793E+02   
4.24603521E+02   
3.89064613E+02   
3.71152130E+02   
3.68329666E+02   
3.71188138E+02   
3.89911382E+02   
3.60828266E+02   
3.91257752E+02   
3.56142729E+02   
3.41872675E+02   
3.70113823E+02   
4.05431586E+02   
3.72706041E+02   
3.43403381E+02   
3.63693139E+02   
3.56843869E+02   
3.69135427E+02   
3.49113923E+02   
3.55612422E+02   
3.45698640E+02   
3.41779656E+02   
3.33234847E+02   
3.56716143E+02   
3.77428186E+02   
4.18808562E+02   
3.50500700E+02   
3.53479896E+02   
3.64615623E+02   
3.64971794E+02   
3.52579116E+02   
3.34150130E+02   
3.25032306E+02   
3.27417483E+02   
3.52351670E+02   
3.55212543E+02   
3.18367273E+02   
3.01696239E+02   
2.98831666E+02   
2.84563213E+02   
2.82560812E+02   
2.89624525E+02   
3.14207842E+02   
2.81200640E+02   
3.07263153E+02   
2.79214643E+02   
2.95675435E+02   
2.85473895E+02   
2.66283157E+02   
2.71824865E+02   
2.84407381E+02   
2.76582817E+02   
2.96120424E+02   
2.94401080E+02   
2.74647730E+02   
2.93759152E+02   
2.65949790E+02   
2.46316563E+02   
2.55149630E+02   
2.77304161E+02   
2.96618624E+02   
2.86666533E+02   
2.83521104E+02   
2.56614823E+02   
2.73141428E+02   
2.41652430E+02   
2.51350870E+02   
2.49273055E+02   
2.67817764E+02   
2.63822164E+02   
2.44233347E+02   
2.61562212E+02   
2.63228046E+02   
2.58006001E+02   
2.24984597E+02   
2.65868974E+02   
2.38374775E+02   
2.05071314E+02   
2.16673735E+02   
2.16968094E+02   
2.48609822E+02   
2.50803461E+02   
2.32091818E+02   
2.38644329E+02   
2.18223745E+02   
2.20500700E+02   
2.26781456E+02   
2.23756951E+02   
2.12059712E+02   
2.32692939E+02   
2.17732446E+02   
2.44380576E+02   
2.27408882E+02   
2.23996699E+02   
2.41724045E+02   
2.25732246E+02   
2.45999600E+02   
2.07758252E+02   
2.03685237E+02   
2.17379676E+02   
2.03037508E+02   
2.16384677E+02   
2.09033607E+02   
1.96353571E+02   
2.17086517E+02   
2.38030306E+02   
2.18396679E+02   
2.00006101E+02   
2.09022605E+02   
2.06709442E+02   
2.01345169E+02   
1.98799560E+02   
2.10959792E+02   
1.98710242E+02   
1.99072214E+02   
2.01713843E+02   
1.99330366E+02   
2.05712242E+02   
2.06365373E+02   
2.11826565E+02   
1.96227145E+02   
1.81886977E+02   
1.93591718E+02   
1.75309962E+02   
1.80066713E+02   
1.94979396E+02   
1.79421984E+02   
2.05619824E+02   
1.99913983E+02   
1.82156731E+02   
1.85428786E+02   
1.97432787E+02   
1.95848070E+02   
1.89954591E+02   
1.75554511E+02   
2.01801260E+02   
1.79229246E+02   
1.96212843E+02   
1.74494699E+02   
1.78305861E+02   
1.72811662E+02   
1.84817263E+02   
1.84355371E+02   
1.76457592E+02   
1.87671934E+02   
1.99616423E+02   
1.86132126E+02   
1.85145029E+02   
1.50888878E+02   
1.84298160E+02   
1.69843669E+02   
1.54551110E+02   
1.58341968E+02   
1.65470194E+02   
1.76849670E+02   
1.61412082E+02   
1.83236947E+02   
1.71213143E+02   
1.88346569E+02   
1.78487197E+02   
1.73347369E+02   
1.60452691E+02   
1.73250950E+02   
1.74798960E+02   
1.72494399E+02   
1.70801460E+02   
1.53734147E+02   
1.73022505E+02   
1.55888878E+02   
1.65869374E+02   
1.65643129E+02   
1.62201840E+02   
1.75729446E+02   
1.49684337E+02   
1.56422084E+02   
1.50457291E+02   
1.64332466E+02   
1.73209142E+02   
1.58237848E+02   
1.61501200E+02   
1.67513203E+02   
1.49767453E+02   
1.45322965E+02   
1.54932086E+02   
1.57932086E+02   
1.59326165E+02   
1.45224645E+02   
1.39160332E+02   
1.68421684E+02   
1.67330966E+02   
1.75222244E+02   
1.49328166E+02   
1.78472094E+02   
1.54885677E+02   
1.60664333E+02   
1.66510402E+02   
1.56686237E+02   
1.53609622E+02   
1.46681436E+02   
1.35205441E+02   
1.59855371E+02   
1.36889578E+02   
1.43926585E+02   
1.52229946E+02   
1.35160132E+02   
1.56819864E+02   
1.35029206E+02   
1.39414183E+02   
1.35545809E+02   
1.37155931E+02   
1.56579616E+02   
1.40606321E+02   
1.54430586E+02   
1.42218044E+02   
1.26283157E+02   
1.48856771E+02   
1.49775555E+02   
1.44741848E+02   
1.44321164E+02   
1.38165233E+02   
1.37312162E+02   
1.55316663E+02   
1.46744249E+02   
1.37734147E+02   
1.41161832E+02   
1.37575415E+02   
1.41928386E+02   
1.43485797E+02   
1.35289658E+02   
1.46874475E+02   
1.50651730E+02   
1.38370974E+02   
1.33183537E+02   
1.41586717E+02   
1.32745849E+02   
1.40953091E+02   
1.52914583E+02   
1.48653231E+02   
1.26192338E+02   
1.51528206E+02   
1.59141028E+02   
1.25292158E+02   
1.39597520E+02   
1.37790358E+02   
1.36370274E+02   
1.27882176E+02   
1.24897279E+02   
1.46753051E+02   
1.26302160E+02   
1.15396379E+02   
1.28385477E+02   
1.37936187E+02   
1.21753251E+02   
1.37305961E+02   
1.40018904E+02   
1.24296559E+02   
1.51502400E+02   
1.01276655E+02   
1.16593819E+02   
1.15884377E+02   
1.18058712E+02   
1.26488098E+02   
1.29443789E+02   
1.21291358E+02   
1.38203241E+02   
1.39297359E+02   
1.40500000E+02   
1.32825765E+02   
1.21215343E+02   
1.08032106E+02   
1.25351170E+02   
1.35902781E+02   
1.30406581E+02   
1.13380476E+02   
1.36805961E+02   
1.30562813E+02   
1.11972194E+02   
1.32863473E+02   
1.16906481E+02   
1.15186137E+02   
1.24578216E+02   
1.12898480E+02   
1.28023605E+02   
1.03722845E+02   
1.23882877E+02   
1.34796759E+02   
1.28209842E+02   
1.02057011E+02   
1.24181536E+02   
1.19025605E+02   
1.29452090E+02   
1.08168634E+02   
1.15456091E+02   
1.20744849E+02   
1.26608122E+02   
1.23298760E+02   
1.29920984E+02   
1.11828066E+02   
1.05073415E+02   
1.14481296E+02   
1.34516103E+02   
1.06047209E+02   
1.22515303E+02   
1.10777656E+02   
1.37733247E+02   
1.17044609E+02   
1.10776455E+02   
1.03026805E+02   
1.21517704E+02   
1.22025205E+02   
1.30522505E+02   
1.25260352E+02   
1.13278956E+02   
1.15277155E+02   
1.17775055E+02   
1.15033807E+02   
1.21494299E+02   
1.06774255E+02   
1.11282757E+02   
1.15513903E+02   
1.10021604E+02   
1.17246349E+02   
1.11329566E+02   
1.04733047E+02   
1.07021204E+02   
1.12507902E+02   
9.54216843E+01   
8.40744149E+01   
9.81973395E+01   
1.03904681E+02   
1.10849070E+02   
1.19675235E+02   
1.10817664E+02   
1.06982997E+02   
1.19822064E+02   
1.09262152E+02   
1.08172935E+02   
1.08871874E+02   
1.12260552E+02   
1.19931286E+02   
1.10248850E+02   
1.14175035E+02   
1.09915583E+02   
1.03673035E+02   
1.06952490E+02   
1.08904281E+02   
8.77851570E+01   
9.95505101E+01   
1.23103321E+02   
1.03339968E+02   
9.93179636E+01   
1.17757952E+02   
1.07513003E+02   
1.08465193E+02   
1.07108922E+02   
1.19556911E+02   
9.60204041E+01   
9.44036807E+01   
1.10026105E+02   
1.07631426E+02   
1.00644329E+02   
1.06396479E+02   
1.14877676E+02   
1.08303861E+02   
1.01246149E+02   
9.74265853E+01   
1.09247750E+02   
1.15661132E+02   
1.11796659E+02   
1.01506401E+02   
1.12666733E+02   
9.70457091E+01   
8.32630526E+01   
9.20824165E+01   
9.36936387E+01   
8.27114423E+01   
9.11145229E+01   
1.03905281E+02   
9.72421484E+01   
9.77935587E+01   
1.01680436E+02   
9.01429286E+01   
8.41080216E+01   
9.63730746E+01   
1.03678836E+02   
1.11070214E+02   
1.01747650E+02   
1.09085017E+02   
1.15298160E+02   
9.69312863E+01   
9.74127826E+01   
1.05244849E+02   
1.01274555E+02   
1.04397980E+02   
9.35845169E+01   
1.15987197E+02   
1.07467093E+02   
9.45270054E+01   
1.03087918E+02   
8.59460892E+01   
9.80320064E+01   
9.91538308E+01   
1.22832266E+02   
1.01269254E+02   
9.67479496E+01   
8.56548310E+01   
9.42852571E+01   
9.07539508E+01   
1.08548610E+02   
1.01602921E+02   
1.04395179E+02   
8.96959392E+01   
7.97749550E+01   
1.00891878E+02   
9.10587117E+01   
1.28944589E+02   
9.62983597E+01   
8.42568514E+01   
9.57783557E+01   
1.14725745E+02   
1.00845369E+02   
1.16177936E+02   
9.29349870E+01   
1.02566713E+02   
8.32436487E+01   
8.88154631E+01   
9.12515503E+01   
8.83944789E+01   
9.70287057E+01   
9.10073015E+01   
1.03615323E+02   
9.32244449E+01   
1.09005601E+02   
1.04025805E+02   
1.04622224E+02   
1.00019904E+02   
1.00607421E+02   
9.80233047E+01   
8.14142829E+01   
9.26330266E+01   
8.42173435E+01   
9.24134827E+01   
9.76084217E+01   
9.00176035E+01   
9.74516903E+01   
8.39974995E+01   
9.75783157E+01   
9.56538308E+01   
8.04066813E+01   
9.39862973E+01   
9.43088618E+01   
8.67929586E+01   
9.61375275E+01   
1.07709542E+02   
1.08444789E+02   
8.42739548E+01   
7.59140828E+01   
9.52093419E+01   
1.06926885E+02   
7.73867774E+01   
9.98481696E+01   
8.84785957E+01   
9.59432887E+01   
9.18436687E+01   
8.45137027E+01   
1.03831466E+02   
9.22061412E+01   
8.10188038E+01   
8.73910782E+01   
9.52750550E+01   
9.03515703E+01   
8.56123225E+01   
9.42021404E+01   
9.64392879E+01   
9.53902781E+01   
9.66720344E+01   
9.26525305E+01   
9.83842769E+01   
9.09255851E+01   
7.84746949E+01   
8.95669134E+01   
8.49254851E+01   
8.32825565E+01   
7.86557311E+01   
8.80952190E+01   
1.00965693E+02   
8.55263053E+01   
9.39443889E+01   
8.85929186E+01   
8.38649730E+01   
9.55321064E+01   
7.89666933E+01   
8.09567914E+01   
8.37797560E+01   
6.84871974E+01   
9.85089018E+01   
9.17729546E+01   
9.28450690E+01   
7.44578916E+01   
8.44507902E+01   
8.00180036E+01   
8.27473495E+01   
1.00908382E+02   
9.00868174E+01   
8.31881376E+01   
8.53586717E+01   
7.23570714E+01   
7.23554711E+01   
8.49719944E+01   
8.10552110E+01   
8.63042609E+01   
9.52025405E+01   
9.56689338E+01   
8.83742749E+01   
7.65116023E+01   
9.40080016E+01   
8.36901380E+01   
8.48502701E+01   
8.50172034E+01   
7.98570714E+01   
8.88466693E+01   
8.65232046E+01   
6.95000000E+01   
6.98362673E+01   
9.79026805E+01   
8.78178636E+01   
8.41797359E+01   
8.86913383E+01   
8.58550710E+01   
8.98558712E+01   
8.35020004E+01   
7.87870574E+01   
9.22465493E+01   
8.11769354E+01   
8.42177435E+01   
8.64523905E+01   
7.01737347E+01   
7.70144029E+01   
8.00656131E+01   
9.63322665E+01   
9.00267053E+01   
9.26914383E+01   
8.37037407E+01   
9.36421284E+01   
7.79503901E+01   
6.98582717E+01   
8.46196239E+01   
8.51721344E+01   
9.12465493E+01   
7.61714343E+01   
7.17869574E+01   
9.67228446E+01   
8.11582316E+01   
8.34086817E+01   
7.39291858E+01   
8.26217243E+01   
8.57508502E+01   
7.79776955E+01   
8.17153431E+01   
8.44655931E+01   
9.39245849E+01   
8.88079616E+01   
7.69762953E+01   
7.86113223E+01   
1.06574015E+02   
7.39023805E+01   
8.35752150E+01   
7.40429086E+01   
7.18911782E+01   
7.09918984E+01   
8.41428286E+01   
6.66114223E+01   
8.58448690E+01   
8.11629326E+01   
8.64495899E+01   
8.51572314E+01   
8.50201040E+01   
7.98742749E+01   
7.83065613E+01   
8.42947590E+01   
7.14395879E+01   
7.57190438E+01   
8.17476495E+01   
9.56147229E+01   
7.52775555E+01   
9.33197640E+01   
7.26855371E+01   
8.47365473E+01   
8.68762753E+01   
7.23261652E+01   
7.18794759E+01   
7.54279856E+01   
7.25178036E+01   
7.13309662E+01   
8.16064213E+01   
9.85262052E+01   
6.63129626E+01   
7.10707141E+01   
7.66858372E+01   
7.52747550E+01   
7.15517103E+01   
7.10107021E+01   
7.35530106E+01   
8.07509502E+01   
8.70939188E+01   
6.79886977E+01   
9.08344669E+01   
8.36248250E+01   
8.90586117E+01   
7.72738548E+01   
7.27549510E+01   
6.57879576E+01   
8.88834767E+01   
7.64999000E+01   
7.48862773E+01   
8.71231246E+01   
6.97941588E+01   
7.69993999E+01   
7.22670534E+01   
7.34994999E+01   
9.36486297E+01   
9.48944789E+01   
8.57643529E+01   
7.53871774E+01   
8.81475295E+01   
9.20164033E+01   
6.03851770E+01   
6.48728746E+01   
7.74017804E+01   
8.17709542E+01   
8.01365273E+01   
6.52566513E+01   
7.60498100E+01   
8.60172034E+01   
9.27002400E+01   
7.15728146E+01   
6.84920984E+01   
7.57777556E+01   
7.88424685E+01   
7.57178436E+01   
8.52518504E+01   
6.83671734E+01   
7.48308662E+01   
7.94317864E+01   
6.91301260E+01   
9.42841568E+01   
8.35140028E+01   
7.32438488E+01   
6.74433887E+01   
8.20160032E+01   
7.29026805E+01   
6.44843969E+01   
7.51110222E+01   
7.31265253E+01   
8.00085017E+01   
8.29081816E+01   
7.57925585E+01   
7.35678136E+01   
7.35727145E+01   
6.25634127E+01   
7.79195839E+01   
8.55811162E+01   
7.11036207E+01   
7.09062813E+01   
6.87993599E+01   
7.71229246E+01   
8.41221244E+01   
6.27604521E+01   
8.35263053E+01   
8.66519304E+01   
7.04364873E+01   
6.50628126E+01   
7.67553511E+01   
6.48473695E+01   
7.51442288E+01   
7.92250450E+01   
7.35322064E+01   
7.29130826E+01   
7.50160032E+01   
6.50332066E+01   
7.21001200E+01   
6.93183637E+01   
7.78081616E+01   
7.58201640E+01   
7.35146029E+01   
8.40140028E+01   
9.21237247E+01   
7.70028006E+01   
7.49154831E+01   
9.36459292E+01   
7.01874375E+01   
6.77240448E+01   
8.74368874E+01   
6.94028806E+01   
6.77825565E+01   
6.58229646E+01   
7.75398080E+01   
6.74889978E+01   
6.64849970E+01   
8.47940588E+01   
8.10176035E+01   
6.31326265E+01   
9.16250250E+01   
6.79532907E+01   
7.88180636E+01   
7.21069214E+01   
7.05607121E+01   
6.31938388E+01   
7.21922384E+01   
5.81009202E+01   
6.17428486E+01   
6.67452490E+01   
8.80395079E+01   
6.39868974E+01   
7.83991798E+01   
7.11906381E+01   
8.08413683E+01   
6.16216243E+01   
7.78409682E+01   
8.31568314E+01   
5.84683937E+01   
6.55017003E+01   
8.17600520E+01   
7.58465693E+01   
7.70993199E+01   
6.95151030E+01   
7.41007201E+01   
7.79346869E+01   
8.54281856E+01   
5.92607522E+01   
7.06891378E+01   
6.32587518E+01   
8.82901580E+01   
6.41400280E+01   
7.36939388E+01   
8.60144029E+01   
8.08565713E+01   
6.90937187E+01   
7.59366873E+01   
7.04814963E+01   
8.63942789E+01   
9.05545109E+01   
8.44009802E+01   
5.79297860E+01   
6.87087417E+01   
7.40132026E+01   
6.52379476E+01   
6.96394279E+01   
7.26434287E+01   
6.87531506E+01   
9.19855971E+01   
7.56738348E+01   
7.25789158E+01   
7.07375475E+01   
8.50801160E+01   
7.40176035E+01   
6.47976595E+01   
7.35196039E+01   
8.21562312E+01   
5.95032006E+01   
6.85272054E+01   
6.37043409E+01   
6.64630926E+01   
6.32868574E+01   
6.57419484E+01   
6.88124625E+01   
6.76847369E+01   
7.82799560E+01   
8.14787958E+01   
6.30789158E+01   
7.56862372E+01   
7.40797159E+01   
6.77240448E+01   
8.34970994E+01   
8.48857772E+01   
6.04571914E+01   
6.76966393E+01   
6.73257652E+01   
5.87006401E+01   
5.83217644E+01   
7.91528306E+01   
8.09558912E+01   
8.91382276E+01   
6.93169634E+01   
6.42532507E+01   
6.70721144E+01   
7.63054611E+01   
6.84852971E+01   
6.54909982E+01   
5.29409882E+01   
6.85527105E+01   
6.81851370E+01   
7.93915783E+01   
7.46348270E+01   
6.39574915E+01   
8.35711142E+01   
6.74011802E+01   
6.00140028E+01   
6.24468894E+01   
6.09570914E+01   
6.68512703E+01   
6.32769554E+01   
6.53277656E+01   
6.94845969E+01   
6.39085817E+01   
7.39614923E+01   
5.83186637E+01   
7.08592719E+01   
7.34106821E+01   
6.03150630E+01   
8.48171634E+01   
6.91627325E+01   
7.85297059E+01   
6.47885577E+01   
6.19169834E+01   
5.95809162E+01   
7.13047610E+01   
6.82934587E+01   
7.08275655E+01   
6.90136027E+01   
5.83307662E+01   
8.92473495E+01   
6.63736747E+01   
6.75437087E+01   
8.53539708E+01   
7.51888378E+01   
8.06278256E+01   
7.61451290E+01   
5.94795959E+01   
7.95532106E+01   
6.83881776E+01   
6.69309862E+01   
6.49730946E+01   
7.19337868E+01   
6.23721744E+01   
7.36181236E+01   
6.10541108E+01   
6.90148030E+01   
7.29004801E+01   
7.22799560E+01   
6.79012803E+01   
8.36084217E+01   
7.35664133E+01   
8.67600520E+01   
6.50513103E+01   
6.41564313E+01   
8.05947189E+01   
7.03289658E+01   
9.08442689E+01   
6.71516303E+01   
6.90485097E+01   
7.88502701E+01   
8.40168034E+01   
8.80489098E+01   
8.31749350E+01   
7.70144029E+01   
8.27980596E+01   
7.22612523E+01   
6.98634727E+01   
8.08674735E+01   
7.51938388E+01   
8.58421684E+01   
5.75026005E+01   
7.48706741E+01   
7.48746749E+01   
5.92336467E+01   
6.41465293E+01   
7.37449490E+01   
8.01184237E+01   
5.31923385E+01   
8.14528906E+01   
5.93421684E+01   
7.19641928E+01   
5.51586317E+01   
6.90116023E+01   
7.88717744E+01   
6.40369074E+01   
8.20136027E+01   
6.31683337E+01   
6.89673935E+01   
6.00968194E+01   
6.68009602E+01   
6.80345069E+01   
8.58929786E+01   
6.63115623E+01   
6.88748750E+01   
7.69182837E+01   
5.41443289E+01   
6.70120024E+01   
7.28880776E+01   
6.30840168E+01   
6.00132026E+01   
7.69636927E+01   
6.89338868E+01   
7.39378876E+01   
5.92020404E+01   
6.70583117E+01   
5.39978996E+01   
8.29281856E+01   
6.80426085E+01   
6.11075215E+01   
6.29986997E+01   
6.59744949E+01   
8.49163833E+01   
7.20983197E+01   
7.39796959E+01   
6.80257051E+01   
7.88988798E+01   
8.90289058E+01   
6.11154231E+01   
6.79585917E+01   
6.60524105E+01   
6.00832166E+01   
5.40525105E+01   
6.69483897E+01   
7.89474895E+01   
7.90858172E+01   
7.10063013E+01   
6.89948990E+01   
8.29459892E+01   
8.10828166E+01   
7.60144029E+01   
5.80099020E+01   
7.80189038E+01   
5.90551110E+01   
7.99703941E+01   
7.00032006E+01   
9.89863973E+01   
7.90443089E+01   
7.30338068E+01   
7.80037007E+01   
6.70237047E+01   
6.40125025E+01   
5.80115023E+01   
4.90144029E+01   
7.50187037E+01   
7.70139028E+01   
8.10115023E+01   
7.60224045E+01   
7.69818964E+01   
5.40401080E+01   
7.99930986E+01   
7.90330066E+01   
6.60144029E+01   
7.39799960E+01   
6.90535107E+01   
7.60250050E+01   
7.19495899E+01   
6.30580116E+01   
8.00077015E+01   
6.29666933E+01   
6.80605121E+01   
7.49685937E+01   
6.20823165E+01   
7.28985797E+01   
5.10266053E+01   
5.31283257E+01   
6.49486897E+01   
6.50223045E+01   
6.81364273E+01   
8.08677736E+01   
6.10897179E+01   
6.29342869E+01   
5.89881976E+01   
6.80973195E+01   
6.90013003E+01   
7.10791158E+01   
8.18670734E+01   
5.61363273E+01   
7.80148030E+01   
7.89118824E+01   
5.71177235E+01   
6.71543309E+01   
8.28593719E+01   
6.58676735E+01   
7.51110222E+01   
7.21329266E+01   
6.68759752E+01   
5.79769954E+01   
6.59753951E+01   
6.61047209E+01   
7.40132026E+01   
6.30132026E+01   
6.81326265E+01   
7.79749950E+01   
7.29112823E+01   
6.00972194E+01   
8.29283857E+01   
6.67937588E+01   
5.63433687E+01   
8.19920984E+01   
7.67833567E+01   
6.31279256E+01   
5.83470694E+01   
6.69207842E+01   
7.70658132E+01   
8.66657331E+01   
5.63686737E+01   
7.69653931E+01   
7.88848770E+01   
6.50678136E+01   
7.59609922E+01   
6.39868974E+01   
7.06791358E+01   
6.02639528E+01   
6.69840968E+01   
6.22161432E+01   
7.70742148E+01   
7.99860972E+01   
6.88337668E+01   
7.41974395E+01   
7.26734347E+01   
5.11687337E+01   
5.78217644E+01   
6.41400280E+01   
6.22740548E+01   
7.99824965E+01   
7.18141628E+01   
7.78432687E+01   
6.13881776E+01   
7.77028406E+01   
6.79764953E+01   
5.46148230E+01   
8.02998600E+01   
4.92278456E+01   
6.93427686E+01   
7.27933587E+01   
6.73136627E+01   
7.55998200E+01   
6.63571714E+01   
7.90547109E+01   
7.11169234E+01   
4.95208042E+01   
5.29325865E+01   
6.53743749E+01   
7.13001600E+01   
8.16069214E+01   
6.82215443E+01   
7.30160032E+01   
7.37621524E+01   
6.40136027E+01   
7.11860372E+01   
7.45366073E+01   
6.27912583E+01   
6.66291258E+01   
7.30144029E+01   
7.69692939E+01   
6.90140028E+01   
7.61976395E+01   
7.65988198E+01   
6.44790958E+01   
7.51573315E+01   
7.16846369E+01   
6.77269454E+01   
5.76738348E+01   
6.06911382E+01   
7.01621324E+01   
7.67684537E+01   
6.87644529E+01   
5.98610722E+01   
6.65686137E+01   
6.84240848E+01   
7.68123625E+01   
7.86534307E+01   
7.11186237E+01   
6.39093819E+01   
8.39077816E+01   
6.21202240E+01   
6.26366273E+01   
7.35543109E+01   
7.96717343E+01   
9.55791158E+01   
6.98502701E+01   
7.55124025E+01   
5.81246249E+01   
8.65799160E+01   
7.63314663E+01   
5.40120024E+01   
6.94173835E+01   
6.68398680E+01   
6.87200440E+01   
6.05436087E+01   
8.08366673E+01   
6.40739148E+01   
6.24715943E+01   
6.57393479E+01   
6.95878176E+01   
6.22588518E+01   
6.61382276E+01   
7.17629526E+01   
7.56437287E+01   
8.27020404E+01   
8.17615523E+01   
6.63335667E+01   
6.43085617E+01   
5.03351670E+01   
5.82089418E+01   
6.89492899E+01   
6.80803161E+01   
6.58821764E+01   
6.72808562E+01   
7.28813763E+01   
8.17447489E+01   
7.46057211E+01   
7.02840568E+01   
6.56688338E+01   
5.70104021E+01   
6.06360272E+01   
7.04334867E+01   
8.02429486E+01   
5.98705741E+01   
5.60823165E+01   
7.56540308E+01   
6.18725745E+01   
6.53635727E+01   
6.88106621E+01   
7.83807762E+01   
7.20172034E+01   
7.09823965E+01   
5.55318064E+01   
6.59396879E+01   
6.53379676E+01   
6.33124625E+01   
5.63784757E+01   
8.24928986E+01   
5.93947790E+01   
6.99360872E+01   
6.44003801E+01   
6.45473095E+01   
6.55425085E+01   
6.25843169E+01   
7.07521504E+01   
6.98067614E+01   
7.17758552E+01   
7.11309262E+01   
5.71714343E+01   
6.30919184E+01   
6.10927185E+01   
6.95031006E+01   
6.67548510E+01   
7.87768554E+01   
6.56765353E+01   
7.57642529E+01   
5.98457692E+01   
7.31814363E+01   
6.20817163E+01   
4.71794359E+01   
7.06348270E+01   
9.39006801E+01   
6.06166233E+01   
7.93214643E+01   
5.86672334E+01   
7.31817363E+01   
6.06266253E+01   
6.80738148E+01   
7.52203441E+01   
6.41043209E+01   
7.09413883E+01   
5.53704741E+01   
6.91027205E+01   
6.15592118E+01   
6.21019204E+01   
6.34620924E+01   
6.38471694E+01   
7.36320264E+01   
6.47525505E+01   
7.30140028E+01   
7.53880776E+01   
8.06399280E+01   
7.09196839E+01   
6.62558512E+01   
5.91518304E+01   
7.66331266E+01   
6.12605521E+01   
8.41519304E+01   
8.00152030E+01   
7.25979196E+01   
9.19448890E+01   
6.41111222E+01   
6.56203241E+01   
5.53081616E+01   
7.41123225E+01   
7.42126425E+01   
7.40136027E+01   
7.71123225E+01   
5.90108022E+01   
6.42242448E+01   
7.30004001E+01   
6.01327265E+01   
8.14020804E+01   
7.12190438E+01   
6.59112823E+01   
6.08069614E+01   
6.23249650E+01   
6.35971194E+01   
6.96411282E+01   
7.93844769E+01   
7.66410282E+01   
5.78082617E+01   
6.51207241E+01   
6.26551310E+01   
7.20531106E+01   
7.12286457E+01   
7.33668734E+01   
7.53369674E+01   
6.52521504E+01   
6.31016203E+01   
6.60144029E+01   
8.60144029E+01   
7.53524705E+01   
6.59012803E+01   
7.13450690E+01   
7.02320464E+01   
5.21365273E+01   
8.03327666E+01   
6.16879376E+01   
6.29008802E+01   
7.15812162E+01   
6.59269854E+01   
8.69898980E+01   
6.89826965E+01   
6.60116023E+01   
6.83978796E+01   
7.73934787E+01   
5.58250650E+01   
6.80798160E+01   
6.29473895E+01   
6.72486497E+01   
5.91323265E+01   
7.34765953E+01   
6.23155631E+01   
7.67287457E+01   
7.84625925E+01   
6.90112022E+01   
6.38534707E+01   
6.74968994E+01   
7.30466093E+01   
6.72554511E+01   
7.27447489E+01   
7.75477095E+01   
5.31335267E+01   
5.98730746E+01   
7.23845769E+01   
7.11477295E+01   
5.72556511E+01   
8.07669534E+01   
7.60156031E+01   
6.83963793E+01   
7.95015003E+01   
6.00120024E+01   
7.32654531E+01   
6.73771754E+01   
6.09034807E+01   
6.76532306E+01   
7.01173235E+01   
6.30426085E+01   
7.10160032E+01   
7.89797960E+01   
6.05325065E+01   
7.74930986E+01   
7.11435287E+01   
5.86198240E+01   
6.60913183E+01   
5.81200240E+01   
7.83539708E+01   
6.91463293E+01   
7.16146229E+01   
6.66122224E+01   
7.16812362E+01   
8.38195639E+01   
7.48812763E+01   
7.44209842E+01   
7.76102220E+01   
7.62000400E+01   
5.95585117E+01   
6.85108022E+01   
5.21074215E+01   
6.19133827E+01   
5.87000400E+01   
6.10873175E+01   
7.62438488E+01   
5.94016803E+01   
7.39910982E+01   
7.33380676E+01   
6.28897780E+01   
5.59793959E+01   
6.87446489E+01   
5.60112022E+01   
5.35854171E+01   
6.20026005E+01   
7.27310462E+01   
6.55826165E+01   
6.50155031E+01   
6.68696739E+01   
6.95905181E+01   
6.68700740E+01   
7.31595319E+01   
7.20148030E+01   
7.65770154E+01   
6.69649930E+01   
5.73285657E+01   
6.47771554E+01   
7.60985197E+01   
5.51591318E+01   
6.18249650E+01   
6.84956991E+01   
6.77141428E+01   
6.45069014E+01   
6.96153231E+01   
8.14158832E+01   
5.92619524E+01   
7.21068214E+01   
6.60719144E+01   
5.44697940E+01   
7.18628726E+01   
6.89456891E+01   
7.20120024E+01   
5.77049410E+01   
6.93190638E+01   
7.30120024E+01   
8.12498500E+01   
8.67049410E+01   
7.73922785E+01   
6.68568714E+01   
6.25757151E+01   
8.42923585E+01   
5.88403681E+01   
8.39164833E+01   
8.02791558E+01   
7.40120024E+01   
5.92183437E+01   
6.13282657E+01   
7.21703341E+01   
5.69707942E+01   
7.81359272E+01   
6.70876175E+01   
5.34949990E+01   
6.56589318E+01   
7.80144029E+01   
7.57417483E+01   
5.86125225E+01   
7.88520704E+01   
7.58700740E+01   
5.29791958E+01   
8.95378076E+01   
6.58368674E+01   
5.83546709E+01   
6.85102020E+01   
7.23466693E+01   
7.33522705E+01   
5.93458692E+01   
7.23430686E+01   
7.55238048E+01   
8.03374675E+01   
6.61511302E+01   
5.15494099E+01   
6.53378676E+01   
6.16737347E+01   
5.65022004E+01   
6.45658132E+01   
8.46753351E+01   
8.59623925E+01   
7.23834767E+01   
7.95302060E+01   
7.12219444E+01   
8.14273855E+01   
6.28392679E+01   
7.56562312E+01   
8.45853171E+01   
8.51431286E+01   
7.61875375E+01   
7.13126625E+01   
5.93626725E+01   
6.67717544E+01   
7.60187037E+01   
5.28932787E+01   
7.30229046E+01   
8.00655131E+01   
6.64801960E+01   
6.92611522E+01   
7.12282456E+01   
7.47281456E+01   
7.22699540E+01   
7.11163233E+01   
6.48336667E+01   
7.64594919E+01   
7.50318064E+01   
4.11864373E+01   
7.51947389E+01   
6.97425485E+01   
7.63802761E+01   
7.14516903E+01   
7.15606121E+01   
6.50345069E+01   
6.74625925E+01   
6.23517704E+01   
6.88256651E+01   
8.08657732E+01   
7.42003401E+01   
6.18284657E+01   
6.32011402E+01   
5.93247650E+01   
7.22674535E+01   
6.75125025E+01   
6.92594519E+01   
6.77661532E+01   
6.46345269E+01   
5.32015403E+01   
5.84425885E+01   
5.90112022E+01   
7.10112022E+01   
7.02466493E+01   
7.00742148E+01   
8.60160032E+01   
6.90543109E+01   
6.73631726E+01   
7.32785557E+01   
7.51744349E+01   
7.36580316E+01   
6.56524305E+01   
6.35942188E+01   
6.25723145E+01   
6.38411682E+01   
6.47551510E+01   
7.36249250E+01   
8.16396279E+01   
6.94225845E+01   
7.79881976E+01   
6.82456491E+01   
6.73995799E+01   
6.38152631E+01   
8.24075815E+01   
7.12182436E+01   
7.36149230E+01   
7.52143429E+01   
7.34158832E+01   
7.36186237E+01   
6.56133227E+01   
8.26020204E+01   
6.46081216E+01   
5.66339268E+01   
6.92026405E+01   
6.09958992E+01   
7.18667734E+01   
7.55651130E+01   
6.02645529E+01   
7.15294059E+01   
5.85989198E+01   
5.84804961E+01   
7.04266853E+01   
7.36013203E+01   
6.65640128E+01   
6.77092418E+01   
7.51846369E+01   
7.33897780E+01   
6.82660532E+01   
7.69245849E+01   
5.64787958E+01   
8.13241648E+01   
9.05468094E+01   
8.00701140E+01   
7.57515503E+01   
6.88044609E+01   
8.21081216E+01   
6.49230846E+01   
7.68028606E+01   
7.48837768E+01   
6.20008002E+01   
6.95192038E+01   
7.80849170E+01   
4.86546309E+01   
5.99478896E+01   
7.62908582E+01   
6.88757752E+01   
6.77972595E+01   
7.60969194E+01   
7.15352070E+01   
6.24074815E+01   
7.54490898E+01   
6.84506901E+01   
6.47023405E+01   
7.96698340E+01   
7.22331466E+01   
7.95741148E+01   
6.72335467E+01   
6.63646729E+01   
5.17779556E+01   
5.60120024E+01   
6.88997800E+01   
7.61264253E+01   
8.46733347E+01   
6.31253251E+01   
7.46941388E+01   
7.18966793E+01   
6.92387477E+01   
7.56890378E+01   
6.62148430E+01   
5.85916183E+01   
8.11453291E+01   
7.24702941E+01   
7.52044409E+01   
7.37880576E+01   
6.43321664E+01   
6.63812763E+01   
6.65593119E+01   
7.72439488E+01   
7.41613323E+01   
6.93448690E+01   
6.03106621E+01   
7.72455491E+01   
6.14006801E+01   
5.93239648E+01   
6.97852571E+01   
7.47844569E+01   
8.21572314E+01   
6.40818164E+01   
5.85758152E+01   
7.86143229E+01   
6.15453091E+01   
7.51376275E+01   
6.91829366E+01   
5.18948790E+01   
4.93052611E+01   
6.11929386E+01   
6.49059812E+01   
7.75202040E+01   
5.76194239E+01   
6.92527506E+01   
8.07776555E+01   
7.41084217E+01   
6.27282456E+01   
6.76872374E+01   
6.93809762E+01   
7.44110822E+01   
8.07366473E+01   
7.68500700E+01   
6.74246849E+01   
6.85679136E+01   
6.76275255E+01   
6.87056411E+01   
6.56242248E+01   
8.70470094E+01   
7.93389678E+01   
7.12333467E+01   
7.77712543E+01   
7.00782156E+01   
6.56876375E+01   
8.35253051E+01   
7.12615523E+01   
8.25379076E+01   
6.62343469E+01   
8.30286057E+01   
7.57778556E+01   
6.59971994E+01   
7.10366073E+01   
6.44994999E+01   
6.42719544E+01   
7.05105021E+01   
7.62657532E+01   
7.45179036E+01   
7.35139028E+01   
7.90114023E+01   
7.80082016E+01   
6.35245049E+01   
7.17628526E+01   
7.04872975E+01   
6.07828566E+01   
7.92529506E+01   
6.72979596E+01   
8.50160032E+01   
7.02137427E+01   
6.40116023E+01   
6.93115623E+01   
6.72235447E+01   
7.18322665E+01   
7.81925385E+01   
7.00696139E+01   
6.82127425E+01   
6.84968994E+01   
6.67870574E+01   
6.57194439E+01   
6.78252651E+01   
6.53117624E+01   
7.89363873E+01   
5.66282256E+01   
5.56581316E+01   
6.81024205E+01   
7.97548510E+01   
7.58018604E+01   
8.24430886E+01   
6.63285657E+01   
7.83326665E+01   
7.05383077E+01   
7.30120024E+01   
7.34485897E+01   
6.68401680E+01   
6.82775555E+01   
5.97472494E+01   
5.23421684E+01   
7.63461692E+01   
7.24828966E+01   
6.34126825E+01   
6.91403281E+01   
6.06899380E+01   
8.23308662E+01   
6.60417083E+01   
7.32089418E+01   
7.96325265E+01   
7.69377876E+01   
7.28531706E+01   
6.55543109E+01   
7.77424485E+01   
6.66425285E+01   
6.71119224E+01   
6.46469294E+01   
8.63789758E+01   
7.73782757E+01   
7.45619124E+01   
7.83853771E+01   
8.05484097E+01   
5.89149830E+01   
6.08378676E+01   
5.78402681E+01   
8.81186237E+01   
6.11873375E+01   
7.49081816E+01   
7.44592919E+01   
7.24005801E+01   
7.72384477E+01   
7.40180036E+01   
7.77216443E+01   
6.04768954E+01   
7.57803561E+01   
6.85332066E+01   
7.15404081E+01   
7.81249250E+01   
7.04181836E+01   
6.87619524E+01   
6.60864173E+01   
8.26066213E+01   
7.04508902E+01   
8.22808562E+01   
7.86161232E+01   
7.71621324E+01   
7.32876575E+01   
6.93141628E+01   
6.64365873E+01   
6.17283457E+01   
6.37287457E+01   
7.81585317E+01   
7.75753151E+01   
8.04473895E+01   
8.61638328E+01   
8.27272454E+01   
8.07264453E+01   
6.12818564E+01   
7.99035807E+01   
7.65682136E+01   
7.70140028E+01   
6.70140028E+01   
6.44677936E+01   
7.26867373E+01   
6.67621524E+01   
6.70956191E+01   
6.57653531E+01   
8.45991198E+01   
7.99459892E+01   
9.87892579E+01   
6.84260852E+01   
7.22511502E+01   
7.97228446E+01   
7.51140228E+01   
6.61470294E+01   
7.70865173E+01   
8.38685737E+01   
7.06504301E+01   
8.92650530E+01   
7.13936787E+01   
7.47388478E+01   
6.39791958E+01   
8.54224845E+01   
9.39250850E+01   
7.02234447E+01   
5.83095619E+01   
6.39118824E+01   
7.42222444E+01   
7.30056011E+01   
6.61085217E+01   
6.55218044E+01   
6.60376075E+01   
6.99903981E+01   
8.32266453E+01   
7.70156031E+01   
6.96720344E+01   
6.00548110E+01   
6.74056811E+01   
8.29298860E+01   
7.64044809E+01   
8.14624925E+01   
8.66480296E+01   
7.17865573E+01   
6.85478096E+01   
6.69366873E+01   
7.28594719E+01   
6.00960192E+01   
7.86200240E+01   
6.09394879E+01   
7.57992599E+01   
8.17474495E+01   
7.21825365E+01   
6.72280456E+01   
8.52868574E+01   
8.37044409E+01   
7.61993399E+01   
7.96431286E+01   
7.70767153E+01   
6.17090418E+01   
8.24497900E+01   
7.46435287E+01   
8.14743949E+01   
7.56698340E+01   
7.01230246E+01   
8.27450490E+01   
8.01218244E+01   
6.52806561E+01   
7.61162232E+01   
7.82345469E+01   
7.56523305E+01   
8.18383677E+01   
6.96058212E+01   
6.87409482E+01   
7.70994199E+01   
7.51250250E+01   
7.28187638E+01   
7.19754951E+01   
6.85249050E+01   
6.45063013E+01   
6.57999600E+01   
6.44017804E+01   
6.21674335E+01   
7.44021804E+01   
7.62456491E+01   
7.84587918E+01   
7.36053211E+01   
6.87193439E+01   
6.87675535E+01   
6.75635127E+01   
7.27378476E+01   
7.05996199E+01   
8.40602120E+01   
7.76892378E+01   
7.67439488E+01   
7.42526505E+01   
8.63781756E+01   
7.50458092E+01   
7.86437287E+01   
7.63459692E+01   
8.73693739E+01   
6.80455091E+01   
7.99759952E+01   
7.46856371E+01   
7.60225045E+01   
7.53516703E+01   
7.13377676E+01   
8.70197039E+01   
7.23466693E+01   
8.03523705E+01   
6.63484697E+01   
7.16752350E+01   
7.70240048E+01   
7.86730346E+01   
7.43432687E+01   
7.76906381E+01   
7.47025405E+01   
8.06543309E+01   
6.73816763E+01   
8.06233247E+01   
6.97121424E+01   
6.13110622E+01   
7.00720144E+01   
6.56287257E+01   
7.50299060E+01   
8.15215043E+01   
9.92055411E+01   
8.01000200E+01   
7.76127225E+01   
7.26517303E+01   
7.37720544E+01   
8.02575515E+01   
8.20690138E+01   
7.83316663E+01   
8.73595719E+01   
7.88939788E+01   
7.41715343E+01   
8.72630526E+01   
7.97386477E+01   
7.18747750E+01   
6.27031406E+01   
8.03539708E+01   
9.31353271E+01   
9.50974195E+01   
7.48116623E+01   
8.00559112E+01   
8.11022204E+01   
7.48814763E+01   
7.49422885E+01   
9.01791358E+01   
8.23651730E+01   
7.70160032E+01   
8.16656331E+01   
8.60679136E+01   
7.63980796E+01   
5.25261052E+01   
7.09584917E+01   
7.21942388E+01   
7.03015603E+01   
7.61311262E+01   
7.25473095E+01   
7.40775155E+01   
7.73080616E+01   
8.06612322E+01   
6.80156031E+01   
8.03711742E+01   
8.83719744E+01   
7.85909182E+01   
7.05877175E+01   
7.68705741E+01   
7.01558312E+01   
6.12233447E+01   
7.30863173E+01   
6.76001200E+01   
6.91430286E+01   
7.18897780E+01   
8.52964593E+01   
7.65741148E+01   
7.12609522E+01   
8.25729146E+01   
8.02928586E+01   
7.76349270E+01   
8.05697139E+01   
8.21059212E+01   
7.52080416E+01   
6.94659932E+01   
9.11066213E+01   
7.51933387E+01   
7.59313863E+01   
6.93815763E+01   
7.97266453E+01   
7.07451490E+01   
7.79449890E+01   
8.40172034E+01   
7.29782957E+01   
6.65425085E+01   
6.14830966E+01   
7.06965393E+01   
7.63855771E+01   
7.31247249E+01   
9.29096819E+01   
8.27571514E+01   
8.04253851E+01   
6.75321064E+01   
7.07559512E+01   
6.65007001E+01   
8.14121824E+01   
7.51303261E+01   
8.31505301E+01   
5.74001800E+01   
6.56018204E+01   
8.86448290E+01   
8.80234047E+01   
7.42674535E+01   
7.35133027E+01   
9.02648530E+01   
7.37515503E+01   
7.69244849E+01   
9.03837768E+01   
9.24922985E+01   
6.20342068E+01   
8.95287057E+01   
8.61535307E+01   
8.82318464E+01   
8.66698340E+01   
7.84634927E+01   
7.90534107E+01   
8.13971794E+01   
7.29709942E+01   
7.71575315E+01   
7.96336267E+01   
7.31049210E+01   
7.69836967E+01   
7.91902380E+01   
7.99298860E+01   
8.00025005E+01   
8.99493899E+01   
9.77117423E+01   
8.93242649E+01   
8.77883577E+01   
9.42476495E+01   
8.63862773E+01   
7.24905981E+01   
7.77242448E+01   
8.16965393E+01   
7.65290058E+01   
7.71174235E+01   
8.46284257E+01   
7.82388478E+01   
8.90697139E+01   
8.29614923E+01   
7.68456691E+01   
7.84528906E+01   
6.71851370E+01   
8.79698940E+01   
8.57570514E+01   
9.60990198E+01   
6.34833967E+01   
7.49389878E+01   
8.72629526E+01   
7.86390278E+01   
8.55376075E+01   
7.40718144E+01   
7.29071814E+01   
9.53015603E+01   
8.02216443E+01   
8.28913783E+01   
8.27181436E+01   
8.71717343E+01   
8.82244449E+01   
7.24518904E+01   
8.07780556E+01   
8.38483697E+01   
8.37912583E+01   
9.14220844E+01   
8.28163633E+01   
7.60181036E+01   
7.94182837E+01   
7.74113823E+01   
7.28112623E+01   
9.06278256E+01   
9.90370074E+01   
9.29973995E+01   
8.57810562E+01   
6.78183637E+01   
7.56450290E+01   
9.52084417E+01   
8.38462693E+01   
9.88279656E+01   
9.07777556E+01   
7.62327465E+01   
8.75813163E+01   
8.36722344E+01   
7.97641528E+01   
9.29372875E+01   
9.41689338E+01   
9.37952591E+01   
7.85677135E+01   
7.64243849E+01   
9.05629126E+01   
8.44690938E+01   
7.98359672E+01   
9.28894779E+01   
9.06255251E+01   
6.55453091E+01   
6.35374075E+01   
6.76623325E+01   
8.11912382E+01   
8.49512903E+01   
7.77318464E+01   
7.41217243E+01   
8.34978996E+01   
7.52595519E+01   
8.75289058E+01   
7.53544709E+01   
8.10915183E+01   
8.21836367E+01   
8.68441688E+01   
8.90190038E+01   
7.91015203E+01   
8.56000200E+01   
8.22711542E+01   
8.71816363E+01   
9.37612523E+01   
8.97890578E+01   
8.63066613E+01   
8.02735547E+01   
9.13205641E+01   
9.24960992E+01   
8.42277455E+01   
7.51716343E+01   
7.65920184E+01   
7.45479096E+01   
7.68615723E+01   
8.46690338E+01   
7.03296659E+01   
8.90196039E+01   
8.73220644E+01   
9.21684337E+01   
7.63164633E+01   
8.62062412E+01   
8.12509502E+01   
8.10313063E+01   
8.29881976E+01   
8.64653931E+01   
7.01584317E+01   
7.01486297E+01   
8.21595319E+01   
9.21620324E+01   
9.95896179E+01   
8.74479896E+01   
9.12988598E+01   
9.38779756E+01   
7.62638528E+01   
6.64785957E+01   
7.17009402E+01   
9.07646529E+01   
8.25848170E+01   
8.94495899E+01   
7.04180836E+01   
8.35186037E+01   
9.25489098E+01   
8.31895379E+01   
8.62369474E+01   
8.02374475E+01   
8.86150230E+01   
8.65011002E+01   
8.25622124E+01   
9.74016803E+01   
8.93365673E+01   
7.56389278E+01   
6.99526905E+01   
8.66447289E+01   
8.01392278E+01   
8.42119424E+01   
7.66221244E+01   
8.45339068E+01   
9.04575915E+01   
8.61360272E+01   
8.35756151E+01   
7.95491098E+01   
9.25776155E+01   
9.31344269E+01   
7.97049410E+01   
7.47863573E+01   
8.37972595E+01   
7.70091018E+01   
7.79060812E+01   
8.07962593E+01   
7.65673135E+01   
7.70255051E+01   
7.54508902E+01   
6.93547710E+01   
8.20168034E+01   
7.35696139E+01   
8.75971194E+01   
7.79876975E+01   
7.70515103E+01   
8.06341268E+01   
7.51591318E+01   
8.55680136E+01   
7.34172835E+01   
7.87620524E+01   
7.99135827E+01   
8.07806561E+01   
9.30188038E+01   
9.23068614E+01   
8.86355271E+01   
8.44723945E+01   
9.52859572E+01   
8.95789158E+01   
8.65632126E+01   
9.33799760E+01   
8.91084217E+01   
8.66516303E+01   
8.39271854E+01   
8.32967594E+01   
8.88909782E+01   
6.68626725E+01   
9.62462492E+01   
9.08721744E+01   
9.28858772E+01   
9.68132627E+01   
9.14779956E+01   
8.55604121E+01   
1.00721244E+02   
7.83971794E+01   
8.94638928E+01   
1.03572915E+02   
8.05617123E+01   
7.23207642E+01   
8.17867574E+01   
8.62428486E+01   
8.11799360E+01   
8.90920184E+01   
8.26996399E+01   
7.86236247E+01   
8.99090818E+01   
9.44436887E+01   
7.46904381E+01   
8.72047409E+01   
1.03347970E+02   
9.87511502E+01   
9.77556511E+01   
9.12828566E+01   
9.35496099E+01   
7.30808162E+01   
8.95735147E+01   
8.96152230E+01   
1.08266853E+02   
9.24259852E+01   
8.06684337E+01   
9.76052210E+01   
7.69567914E+01   
8.16703341E+01   
9.08332667E+01   
8.16243249E+01   
9.94084817E+01   
7.31796359E+01   
8.04335867E+01   
9.10663133E+01   
1.07068114E+02   
7.82831566E+01   
8.56936387E+01   
7.65888178E+01   
9.23298660E+01   
9.44084817E+01   
7.18720744E+01   
8.55943189E+01   
1.02654331E+02   
1.05339268E+02   
1.04284057E+02   
8.71911382E+01   
8.46696339E+01   
8.54559912E+01   
9.50604121E+01   
8.69387878E+01   
8.63340668E+01   
9.35332066E+01   
9.20811162E+01   
9.66516303E+01   
7.78260652E+01   
8.68371674E+01   
8.21204241E+01   
7.70148030E+01   
8.54327866E+01   
9.30488098E+01   
8.69223845E+01   
8.65336067E+01   
9.70180036E+01   
9.64459892E+01   
8.94779956E+01   
9.17252450E+01   
9.39095819E+01   
9.99927986E+01   
9.43083617E+01   
1.01730046E+02   
8.56236247E+01   
8.25044009E+01   
9.03971794E+01   
9.39787958E+01   
8.15920184E+01   
9.31152230E+01   
8.64139828E+01   
1.02528406E+02   
9.49687938E+01   
1.04101620E+02   
9.59871974E+01   
8.70192038E+01   
9.05260052E+01   
9.29547910E+01   
1.13106821E+02   
8.29835967E+01   
8.75664133E+01   
7.84631926E+01   
9.90644129E+01   
9.44883977E+01   
9.00480096E+01   
9.44871974E+01   
9.70308062E+01   
1.00003601E+02   
9.04983997E+01   
1.01548810E+02   
8.95104021E+01   
8.70376075E+01   
9.00088018E+01   
9.85184037E+01   
8.45184037E+01   
9.75192038E+01   
7.90140028E+01   
8.95284057E+01   
8.90000000E+01   
7.95184037E+01   
7.95472094E+01   
9.40272054E+01   
1.04496399E+02   
8.90428086E+01   
8.09331866E+01   
9.00900180E+01   
8.99987998E+01   
9.00404081E+01   
7.90076015E+01   
8.90188038E+01   
8.14983997E+01   
9.20032006E+01   
7.50320064E+01   
9.55576115E+01   
9.19187838E+01   
8.00852170E+01   
1.01600820E+02   
8.53007602E+01   
9.21924385E+01   
9.30196039E+01   
9.45736147E+01   
9.29767954E+01   
9.48807762E+01   
8.41352270E+01   
1.03357972E+02   
8.35012002E+01   
9.71456291E+01   
9.05584117E+01   
9.21028206E+01   
8.62763553E+01   
8.69847970E+01   
8.46504301E+01   
9.10172034E+01   
9.44371874E+01   
8.74659932E+01   
8.52156431E+01   
8.68467694E+01   
8.06028206E+01   
8.31968394E+01   
1.05649630E+02   
1.05542408E+02   
1.03831966E+02   
8.99807962E+01   
1.16619224E+02   
8.38171634E+01   
1.05183637E+02   
9.74991998E+01   
9.48903781E+01   
9.94136827E+01   
1.14979996E+02   
1.01704741E+02   
8.40648130E+01   
9.02123425E+01   
8.93980796E+01   
8.84471894E+01   
9.62959592E+01   
9.36416283E+01   
9.28127626E+01   
8.10664133E+01   
8.07000400E+01   
9.14911982E+01   
9.67624525E+01   
8.42175435E+01   
8.33207642E+01   
9.73548710E+01   
8.65476095E+01   
1.06665233E+02   
8.46659332E+01   
9.03764753E+01   
1.03777956E+02   
1.00610422E+02   
8.61135227E+01   
7.57984597E+01   
9.14215843E+01   
8.59376875E+01   
1.03685637E+02   
9.17579516E+01   
1.04356471E+02   
1.08422384E+02   
1.08213543E+02   
9.30196039E+01   
9.53435687E+01   
1.06265353E+02   
1.13913883E+02   
8.78007602E+01   
9.20904181E+01   
8.60176035E+01   
8.96304261E+01   
9.71649330E+01   
1.00564713E+02   
1.13020804E+02   
9.68639728E+01   
9.38607722E+01   
8.69375875E+01   
9.43147630E+01   
9.06372274E+01   
8.65572114E+01   
9.76412282E+01   
8.08495699E+01   
9.69824965E+01   
8.95923185E+01   
8.74731946E+01   
9.17340468E+01   
9.60180036E+01   
9.35624125E+01   
9.13014603E+01   
9.95491098E+01   
9.87485497E+01   
8.94805961E+01   
9.40018004E+01   
1.02309762E+02   
7.88319664E+01   
9.44715943E+01   
8.65668134E+01   
1.00083517E+02   
9.49548910E+01   
8.07239448E+01   
9.84136827E+01   
9.81200240E+01   
9.60671134E+01   
8.78728746E+01   
9.94296859E+01   
1.02403881E+02   
9.66744349E+01   
8.47051410E+01   
9.67565513E+01   
9.94695939E+01   
9.70224045E+01   
9.38202641E+01   
8.90172034E+01   
1.01236447E+02   
9.60126025E+01   
1.03136227E+02   
1.00131626E+02   
1.07689638E+02   
9.05671134E+01   
9.76900380E+01   
1.05461992E+02   
1.03925285E+02   
1.01022004E+02   
1.01992699E+02   
9.58144629E+01   
1.03378076E+02   
8.82625525E+01   
1.01387177E+02   
9.86146229E+01   
9.09189838E+01   
8.92600520E+01   
1.00139228E+02   
9.49528906E+01   
1.01270054E+02   
1.06273255E+02   
9.23858772E+01   
9.80941188E+01   
9.90707141E+01   
9.99724945E+01   
1.04238948E+02   
1.04107421E+02   
1.05850470E+02   
1.04057512E+02   
1.03618724E+02   
1.08689338E+02   
1.09480296E+02   
1.03426085E+02   
1.02725645E+02   
1.05452791E+02   
9.84674935E+01   
8.38660732E+01   
1.14300060E+02   
1.05732847E+02   
9.64562913E+01   
1.01305961E+02   
1.17876475E+02   
1.02880476E+02   
9.85810162E+01   
8.64637928E+01   
1.08875975E+02   
1.09463293E+02   
1.00969694E+02   
9.14620924E+01   
1.05340968E+02   
1.14420684E+02   
9.97167433E+01   
1.00593619E+02   
1.10122725E+02   
1.08336467E+02   
8.57087417E+01   
1.00792158E+02   
1.01927786E+02   
1.02112222E+02   
1.03020004E+02   
9.12823565E+01   
1.06496499E+02   
1.08241348E+02   
1.05318564E+02   
8.72106421E+01   
8.58269654E+01   
9.74371874E+01   
1.03584617E+02   
8.67049410E+01   
9.56797359E+01   
9.91882376E+01   
1.21350870E+02   
1.15186037E+02   
9.68499700E+01   
8.98661732E+01   
9.55107021E+01   
9.73620724E+01   
9.63330666E+01   
9.62587518E+01   
1.05645429E+02   
9.69753951E+01   
1.08305761E+02   
1.05256751E+02   
9.86659332E+01   
1.13317363E+02   
9.27186437E+01   
9.47349470E+01   
9.45310062E+01   
1.08378476E+02   
1.04563313E+02   
9.36998400E+01   
1.09708242E+02   
1.11838368E+02   
9.91353271E+01   
8.82371474E+01   
9.38787758E+01   
1.04867073E+02   
9.16435287E+01   
1.00178936E+02   
9.74518904E+01   
1.02399280E+02   
9.12331466E+01   
1.20171034E+02   
1.06270154E+02   
1.01018404E+02   
1.05185037E+02   
1.09023205E+02   
9.90430086E+01   
1.09208142E+02   
1.00626725E+02   
1.00619624E+02   
1.11417383E+02   
9.98242649E+01   
1.13423285E+02   
1.08817463E+02   
1.08216743E+02   
9.98240648E+01   
1.06040608E+02   
1.20602621E+02   
9.42123425E+01   
9.62421484E+01   
1.06229646E+02   
1.20835267E+02   
1.07606721E+02   
1.07998700E+02   
1.05389478E+02   
1.13440888E+02   
9.64139828E+01   
1.04903081E+02   
1.06777055E+02   
1.11557011E+02   
1.15702240E+02   
1.01198740E+02   
9.92805561E+01   
1.09327365E+02   
1.13767554E+02   
9.93205641E+01   
1.10462092E+02   
1.03815163E+02   
9.11238248E+01   
1.23410382E+02   
1.24133427E+02   
1.12411182E+02   
9.66737347E+01   
1.14274455E+02   
1.11507001E+02   
1.11863273E+02   
1.12427285E+02   
1.06547810E+02   
1.14784657E+02   
1.21334667E+02   
1.17486097E+02   
1.15409182E+02   
1.21860572E+02   
9.36376275E+01   
1.02021204E+02   
1.06962192E+02   
1.18024405E+02   
1.10419084E+02   
9.48226645E+01   
9.25893179E+01   
7.53525705E+01   
1.04218244E+02   
1.25642428E+02   
1.05605921E+02   
1.03196439E+02   
1.11859472E+02   
1.10939688E+02   
1.15020804E+02   
8.82664533E+01   
1.19644829E+02   
1.02774755E+02   
8.82770554E+01   
1.11516503E+02   
1.11521104E+02   
1.05519704E+02   
1.05271654E+02   
1.13639028E+02   
1.15029806E+02   
9.83947790E+01   
1.01411782E+02   
1.17885877E+02   
9.78576715E+01   
1.19099020E+02   
1.18511102E+02   
1.15732547E+02   
1.01020804E+02   
1.02361272E+02   
1.08680336E+02   
1.00605021E+02   
1.08380076E+02   
1.21077315E+02   
1.10596619E+02   
1.05709842E+02   
1.13920084E+02   
1.16455391E+02   
9.44910982E+01   
1.10121924E+02   
1.22119524E+02   
1.09021604E+02   
1.07197740E+02   
1.24752350E+02   
1.13386777E+02   
1.08840268E+02   
9.39308862E+01   
9.29237848E+01   
8.65550110E+01   
9.33958792E+01   
1.24465893E+02   
1.11794559E+02   
1.11190638E+02   
1.08627325E+02   
1.05419884E+02   
1.09978896E+02   
1.10427485E+02   
1.02404781E+02   
1.13416283E+02   
1.23248550E+02   
1.05380776E+02   
1.12451490E+02   
1.07880576E+02   
1.05725545E+02   
9.18813763E+01   
1.13397179E+02   
1.09445489E+02   
1.30185037E+02   
1.21215743E+02   
1.10730746E+02   
1.14132727E+02   
1.04383477E+02   
1.11255351E+02   
1.08554611E+02   
1.17839768E+02   
1.05614523E+02   
1.03182937E+02   
1.09264953E+02   
1.12969694E+02   
1.15172334E+02   
1.00716943E+02   
1.12335867E+02   
1.33933787E+02   
1.22860872E+02   
1.12200040E+02   
1.18501200E+02   
1.22066313E+02   
1.26983297E+02   
1.28756651E+02   
1.05212342E+02   
1.15032006E+02   
1.19620924E+02   
1.09846869E+02   
1.30302561E+02   
1.05281656E+02   
1.16832567E+02   
1.16053511E+02   
1.35538508E+02   
1.26137628E+02   
1.16366373E+02   
1.16781256E+02   
1.14996099E+02   
1.11043109E+02   
1.14275555E+02   
1.02123525E+02   
9.52640528E+01   
1.37292759E+02   
1.19480896E+02   
9.97110422E+01   
9.00033007E+01   
1.11967594E+02   
1.10766553E+02   
1.03616623E+02   
1.21031906E+02   
1.09677736E+02   
1.06392278E+02   
1.08318964E+02   
1.38997800E+02   
1.25705741E+02   
1.09367273E+02   
1.10692138E+02   
1.22355071E+02   
1.00682336E+02   
1.22044109E+02   
1.24344369E+02   
1.16013003E+02   
1.24384877E+02   
1.17642128E+02   
1.16724045E+02   
1.18303461E+02   
1.01710642E+02   
1.16741248E+02   
1.27025605E+02   
1.16264553E+02   
1.03378176E+02   
1.22727045E+02   
1.16368474E+02   
1.27716543E+02   
1.26983397E+02   
1.41199640E+02   
1.25497099E+02   
1.34071014E+02   
1.18075815E+02   
1.24053711E+02   
1.18155231E+02   
1.19107121E+02   
1.04699640E+02   
1.26795559E+02   
1.18283757E+02   
1.29804761E+02   
1.14887177E+02   
1.13738948E+02   
9.78366673E+01   
1.35252651E+02   
1.28986297E+02   
1.16581716E+02   
1.25022004E+02   
1.27603021E+02   
1.42122625E+02   
1.07704441E+02   
1.11928186E+02   
1.13897279E+02   
1.02777055E+02   
1.19488698E+02   
1.16442989E+02   
9.40205041E+01   
1.04235247E+02   
1.14762953E+02   
1.21595419E+02   
1.00079716E+02   
1.00768554E+02   
1.20398080E+02   
1.11712442E+02   
1.12212142E+02   
1.23151030E+02   
1.08010202E+02   
1.21683937E+02   
1.25003001E+02   
1.27714043E+02   
1.20615223E+02   
1.25530006E+02   
1.19547510E+02   
1.17245149E+02   
1.30344669E+02   
1.28478696E+02   
1.23642629E+02   
1.29487397E+02   
1.23957592E+02   
1.26318264E+02   
1.39658032E+02   
1.29555811E+02   
1.02213743E+02   
1.27314463E+02   
1.37810562E+02   
1.20804861E+02   
1.13414883E+02   
1.11629126E+02   
1.19269554E+02   
1.21867373E+02   
1.19513403E+02   
1.27723645E+02   
1.46519804E+02   
1.16335967E+02   
1.29114923E+02   
1.27331166E+02   
1.48936287E+02   
1.17804561E+02   
1.23642729E+02   
1.17906281E+02   
1.13618324E+02   
1.32582617E+02   
1.22974795E+02   
1.14133327E+02   
1.29988398E+02   
1.16245049E+02   
1.27589818E+02   
1.24505001E+02   
1.36974795E+02   
1.08373975E+02   
1.29911382E+02   
1.22197139E+02   
1.32212943E+02   
1.34200240E+02   
1.27243549E+02   
1.34103621E+02   
1.20109022E+02   
1.09856971E+02   
1.18023205E+02   
1.20700340E+02   
1.25896279E+02   
1.35446089E+02   
1.02495899E+02   
1.24957291E+02   
1.27201540E+02   
1.28601120E+02   
1.53286157E+02   
1.28742448E+02   
1.39603521E+02   
1.39451990E+02   
1.40036207E+02   
1.36883877E+02   
1.44455691E+02   
1.33318264E+02   
1.35450990E+02   
1.41607421E+02   
1.29596319E+02   
1.25125225E+02   
1.12324665E+02   
1.04305961E+02   
1.32485597E+02   
1.35337467E+02   
1.19808862E+02   
1.30372575E+02   
1.35709742E+02   
1.25905381E+02   
1.37747249E+02   
1.29260452E+02   
1.09581516E+02   
1.39961292E+02   
1.49302360E+02   
1.29805961E+02   
1.28637427E+02   
1.36578716E+02   
1.31748050E+02   
1.13472895E+02   
1.27474495E+02   
1.24502801E+02   
1.50153931E+02   
1.31971194E+02   
1.28395379E+02   
1.41278956E+02   
1.24036707E+02   
1.23845869E+02   
1.14571114E+02   
1.48762152E+02   
1.36030406E+02   
1.43572715E+02   
1.29444689E+02   
1.34099920E+02   
1.21053611E+02   
1.31485297E+02   
1.39141128E+02   
1.44103021E+02   
1.21368174E+02   
1.42684637E+02   
1.16377475E+02   
1.37408182E+02   
1.18828366E+02   
1.30089718E+02   
1.22364473E+02   
1.34355771E+02   
1.32821464E+02   
1.30024805E+02   
1.31817864E+02   
1.15287558E+02   
1.22387678E+02   
1.35974595E+02   
1.34291558E+02   
1.33701340E+02   
1.29045709E+02   
1.33861272E+02   
1.21728346E+02   
1.49851070E+02   
1.38763753E+02   
1.23626725E+02   
1.24244549E+02   
1.37396279E+02   
1.37547510E+02   
1.22579316E+02   
1.45510902E+02   
1.30739848E+02   
1.44543909E+02   
1.27393579E+02   
1.16278356E+02   
1.33021604E+02   
1.39910582E+02   
1.45243549E+02   
1.25108422E+02   
1.33262953E+02   
1.29789058E+02   
1.22518904E+02   
1.45292559E+02   
1.49991798E+02   
1.38039008E+02   
1.66996799E+02   
1.43316963E+02   
1.29779456E+02   
1.24529306E+02   
1.36265753E+02   
1.27779856E+02   
1.32527906E+02   
1.38526305E+02   
1.46037207E+02   
1.36037007E+02   
1.40032006E+02   
1.42032006E+02   
1.46279156E+02   
1.66538108E+02   
1.35466693E+02   
1.57384577E+02   
1.37192539E+02   
1.56066413E+02   
1.54520304E+02   
1.39518704E+02   
1.40468694E+02   
1.12191338E+02   
1.39317964E+02   
1.40566313E+02   
1.17902781E+02   
1.41728146E+02   
1.42029206E+02   
1.41064613E+02   
1.44679036E+02   
1.34382577E+02   
1.53871274E+02   
1.72076215E+02   
1.58058112E+02   
1.49162633E+02   
1.35369274E+02   
1.38978596E+02   
1.45511802E+02   
1.48352871E+02   
1.28737447E+02   
1.35153131E+02   
1.41550510E+02   
1.41605621E+02   
1.42089318E+02   
1.22078916E+02   
1.52444189E+02   
1.53815363E+02   
1.47500700E+02   
1.44296859E+02   
1.48096219E+02   
1.49796459E+02   
1.45637528E+02   
1.52420884E+02   
1.36878376E+02   
1.66488098E+02   
1.51956991E+02   
1.57103521E+02   
1.20178136E+02   
1.33111822E+02   
1.46801260E+02   
1.57487097E+02   
1.50573715E+02   
1.71395679E+02   
1.49119424E+02   
1.30471494E+02   
1.34587718E+02   
1.44577716E+02   
1.69158132E+02   
1.51551810E+02   
1.76684337E+02   
1.38522104E+02   
1.58563813E+02   
1.34584517E+02   
1.48924985E+02   
1.41030806E+02   
1.38700040E+02   
1.36356571E+02   
1.44257351E+02   
1.17568714E+02   
1.43492098E+02   
1.60928686E+02   
1.64132126E+02   
1.69810862E+02   
1.51783957E+02   
1.27902581E+02   
1.35405881E+02   
1.38338468E+02   
1.57200340E+02   
1.40376475E+02   
1.37508402E+02   
1.32408182E+02   
1.47432687E+02   
1.57304461E+02   
1.33968294E+02   
1.68880976E+02   
1.41104921E+02   
1.69671434E+02   
1.56253151E+02   
1.67673835E+02   
1.53309662E+02   
1.31428286E+02   
1.45269154E+02   
1.58971894E+02   
1.49198740E+02   
1.49604121E+02   
1.58133327E+02   
1.50190238E+02   
1.36546109E+02   
1.36399380E+02   
1.46358072E+02   
1.68697940E+02   
1.41028006E+02   
1.56669634E+02   
1.56486397E+02   
1.34514503E+02   
1.61314663E+02   
1.60919184E+02   
1.54441488E+02   
1.53414183E+02   
1.61164433E+02   
1.61853771E+02   
1.50093919E+02   
1.64400480E+02   
1.38891678E+02   
1.44172334E+02   
1.75020304E+02   
1.65226245E+02   
1.53880276E+02   
1.54001200E+02   
1.58641628E+02   
1.76418984E+02   
1.50434987E+02   
1.62831966E+02   
1.58828166E+02   
1.38824965E+02   
1.74053311E+02   
1.71836467E+02   
1.62602821E+02   
1.68058212E+02   
1.46394479E+02   
1.79280056E+02   
1.51818164E+02   
1.57423885E+02   
1.48836867E+02   
1.36316663E+02   
1.53359472E+02   
1.46839268E+02   
1.70098220E+02   
1.77389578E+02   
1.47118624E+02   
1.67335667E+02   
1.77034007E+02   
1.55608622E+02   
1.34326465E+02   
1.49409482E+02   
1.64123825E+02   
1.82411082E+02   
1.80187337E+02   
1.67062613E+02   
1.62066513E+02   
1.53110122E+02   
1.76658132E+02   
1.63222344E+02   
1.70660132E+02   
1.71276055E+02   
1.80626625E+02   
1.50434187E+02   
1.61215943E+02   
1.56919184E+02   
1.92783457E+02   
1.68018704E+02   
1.43214743E+02   
1.59277355E+02   
1.49149730E+02   
1.46481396E+02   
1.58307161E+02   
1.39664133E+02   
1.43847269E+02   
1.67942388E+02   
1.70501300E+02   
1.80578216E+02   
1.61735047E+02   
1.66311862E+02   
1.66673335E+02   
1.62959992E+02   
1.59639828E+02   
1.62895979E+02   
1.73343969E+02   
1.57156431E+02   
1.78607622E+02   
1.59210042E+02   
1.58037908E+02   
1.74195239E+02   
1.68051110E+02   
1.60957291E+02   
1.69902480E+02   
1.59289458E+02   
1.47329966E+02   
1.74580416E+02   
1.85115223E+02   
1.90209942E+02   
1.68521404E+02   
1.55326765E+02   
1.83605721E+02   
1.57890078E+02   
1.55100420E+02   
1.72497800E+02   
1.57505001E+02   
1.64372675E+02   
1.69371074E+02   
1.85002801E+02   
1.90543809E+02   
1.83703741E+02   
1.60549410E+02   
1.83529806E+02   
1.85869274E+02   
1.58362673E+02   
1.59038808E+02   
1.88878476E+02   
1.65684537E+02   
1.57019204E+02   
1.81752150E+02   
1.52290658E+02   
1.53723345E+02   
1.64892478E+02   
1.47956391E+02   
1.72112422E+02   
1.69326665E+02   
1.69998000E+02   
1.82421484E+02   
1.86146829E+02   
1.71038308E+02   
1.71434687E+02   
1.83715743E+02   
1.82447489E+02   
1.84255451E+02   
1.81191138E+02   
1.62662933E+02   
1.56288258E+02   
1.59833767E+02   
1.67596919E+02   
1.83534707E+02   
1.78724945E+02   
1.93416283E+02   
1.88502601E+02   
1.72815163E+02   
1.68182837E+02   
1.74648930E+02   
1.77501900E+02   
1.95731746E+02   
1.74951990E+02   
1.72554911E+02   
1.61364773E+02   
1.91280356E+02   
1.56052611E+02   
1.67376375E+02   
1.92434687E+02   
1.87587417E+02   
1.53572414E+02   
1.85353271E+02   
1.81295959E+02   
1.95518904E+02   
1.59625725E+02   
2.03679936E+02   
1.97986197E+02   
1.56582216E+02   
1.93012102E+02   
1.81599820E+02   
2.08327866E+02   
1.86628826E+02   
1.66310762E+02   
1.83034407E+02   
1.99312062E+02   
1.90754851E+02   
1.93465393E+02   
1.93470394E+02   
1.81595119E+02   
2.02211942E+02   
1.94467393E+02   
1.97153731E+02   
1.87598120E+02   
2.01615423E+02   
1.99943489E+02   
1.83824965E+02   
1.86866773E+02   
1.72372074E+02   
1.75760952E+02   
1.88900080E+02   
1.60191938E+02   
1.71251350E+02   
1.90943389E+02   
1.86173135E+02   
1.73663133E+02   
1.86005101E+02   
1.80193639E+02   
1.91151030E+02   
1.69840768E+02   
1.82233647E+02   
1.59634727E+02   
1.73961492E+02   
1.79838668E+02   
1.84505501E+02   
1.97456491E+02   
1.76793259E+02   
2.00109422E+02   
2.06043209E+02   
1.90212543E+02   
1.73428186E+02   
1.72909282E+02   
1.87811162E+02   
1.84293059E+02   
1.78395979E+02   
1.80547710E+02   
1.93527506E+02   
1.84797960E+02   
2.04635027E+02   
1.62324265E+02   
2.19388978E+02   
2.08038808E+02   
2.21423585E+02   
2.13281656E+02   
1.88021604E+02   
1.77438388E+02   
2.08193939E+02   
2.12396779E+02   
1.69589818E+02   
1.79714243E+02   
2.21215543E+02   
2.04134527E+02   
1.93765153E+02   
2.07752250E+02   
2.12285857E+02   
1.99957592E+02   
1.96562312E+02   
2.08752751E+02   
2.13434887E+02   
2.20518504E+02   
1.79513203E+02   
1.96036807E+02   
2.11270254E+02   
1.94291158E+02   
1.89549010E+02   
1.92997099E+02   
1.90810162E+02   
1.92844269E+02   
2.08666533E+02   
2.08587518E+02   
1.83201740E+02   
2.11453491E+02   
1.95170034E+02   
2.11477195E+02   
1.86936187E+02   
2.28584117E+02   
2.00157632E+02   
2.11485297E+02   
1.89695639E+02   
2.07265353E+02   
1.93394779E+02   
1.97807461E+02   
2.02019304E+02   
2.16220844E+02   
2.09342669E+02   
1.99978196E+02   
2.25143329E+02   
1.95967393E+02   
2.03464493E+02   
2.00978396E+02   
2.11041608E+02   
2.09936487E+02   
2.08518404E+02   
2.28400180E+02   
2.11207441E+02   
2.19145529E+02   
2.16701040E+02   
1.91895779E+02   
2.24402480E+02   
2.19944089E+02   
2.12569214E+02   
2.26433687E+02   
2.12337768E+02   
2.24048810E+02   
2.01342168E+02   
2.26044409E+02   
2.36854971E+02   
2.18135127E+02   
2.29553211E+02   
2.12438488E+02   
2.35777455E+02   
2.19575515E+02   
2.40072815E+02   
2.13621924E+02   
2.33451790E+02   
2.25530006E+02   
2.09903981E+02   
2.21238748E+02   
2.35725545E+02   
2.15587417E+02   
2.12573215E+02   
2.06229046E+02   
2.29022104E+02   
2.23769454E+02   
2.22242549E+02   
1.93055811E+02   
2.38479996E+02   
2.27049210E+02   
2.28771754E+02   
2.42956091E+02   
2.14404481E+02   
2.11401280E+02   
2.13309362E+02   
2.24130326E+02   
2.26074515E+02   
2.37258352E+02   
2.10791958E+02   
2.28261152E+02   
2.04598920E+02   
2.23233747E+02   
2.09927786E+02   
1.90952490E+02   
2.32835367E+02   
2.29638628E+02   
2.00220444E+02   
2.23536707E+02   
2.06795259E+02   
2.26209042E+02   
2.50137327E+02   
2.30900380E+02   
2.30009202E+02   
2.52988698E+02   
2.17532707E+02   
2.18805061E+02   
2.35567714E+02   
2.24639928E+02   
2.24566913E+02   
2.01437588E+02   
2.13728746E+02   
2.39887778E+02   
2.60114223E+02   
2.61666133E+02   
2.27202140E+02   
2.39660932E+02   
2.29274955E+02   
2.24970494E+02   
2.33971294E+02   
2.59150230E+02   
2.13463593E+02   
2.32452691E+02   
2.04488298E+02   
2.19898580E+02   
2.15409182E+02   
2.36188238E+02   
2.29323665E+02   
2.38546209E+02   
2.50622925E+02   
2.17254151E+02   
2.39342068E+02   
2.64350070E+02   
2.29860572E+02   
2.08457491E+02   
2.69322565E+02   
2.69298960E+02   
2.48888478E+02   
2.32031306E+02   
2.35848670E+02   
2.04252050E+02   
2.16447189E+02   
2.32113523E+02   
2.30833367E+02   
2.44716843E+02   
2.52138428E+02   
2.40857071E+02   
2.71242949E+02   
2.62177035E+02   
2.11185237E+02   
2.61348770E+02   
3.01174435E+02   
2.39859872E+02   
2.65016903E+02   
2.48076715E+02   
2.39836067E+02   
2.40016303E+02   
2.62868674E+02   
2.37335467E+02   
2.19059312E+02   
2.67755951E+02   
2.51630826E+02   
2.28582316E+02   
2.48566413E+02   
2.55960092E+02   
2.14924285E+02   
2.54068714E+02   
2.55556811E+02   
2.45105521E+02   
2.12868274E+02   
2.36668634E+02   
2.53340368E+02   
2.28183737E+02   
2.41651930E+02   
2.62947389E+02   
2.67845069E+02   
2.39676135E+02   
2.75901580E+02   
2.77279756E+02   
2.67285057E+02   
2.42288158E+02   
2.55111322E+02   
2.37647129E+02   
2.49445689E+02   
2.68965993E+02   
2.27516503E+02   
2.59883777E+02   
2.80902981E+02   
2.59867774E+02   
2.61623225E+02   
2.67583717E+02   
2.50656831E+02   
2.58370974E+02   
2.57001300E+02   
2.53776555E+02   
2.28317864E+02   
2.52895179E+02   
2.78101520E+02   
2.29841068E+02   
2.72178636E+02   
2.93981096E+02   
2.83931886E+02   
2.82437187E+02   
2.69969594E+02   
2.74896579E+02   
2.58384477E+02   
2.71733147E+02   
2.88819364E+02   
2.64246449E+02   
2.60010102E+02   
2.60546409E+02   
2.63054811E+02   
2.85524105E+02   
3.03322965E+02   
2.98168934E+02   
2.74496899E+02   
2.69507001E+02   
2.97878076E+02   
2.99343669E+02   
3.18459592E+02   
2.58382076E+02   
2.96224645E+02   
2.78634027E+02   
2.77648730E+02   
2.72485997E+02   
3.08036507E+02   
2.61805861E+02   
2.77543109E+02   
2.91343569E+02   
2.91216543E+02   
2.76926985E+02   
2.88298460E+02   
3.12095819E+02   
3.03626225E+02   
2.85261752E+02   
2.95595919E+02   
3.00571114E+02   
3.05496299E+02   
3.01254951E+02   
2.92330666E+02   
2.79975495E+02   
3.21478096E+02   
2.87376475E+02   
2.99366873E+02   
2.74980696E+02   
3.15587818E+02   
2.95526605E+02   
3.20033307E+02   
2.84752050E+02   
3.08293859E+02   
2.78376675E+02   
3.08785557E+02   
3.03058012E+02   
2.59337568E+02   
3.04095019E+02   
3.16410182E+02   
3.31841068E+02   
3.35128526E+02   
3.25282156E+02   
2.96216043E+02   
3.31929086E+02   
3.56623525E+02   
3.17126125E+02   
2.85683837E+02   
3.23715143E+02   
2.98399280E+02   
3.12877876E+02   
3.10061612E+02   
3.14123625E+02   
2.97195939E+02   
3.35732947E+02   
3.35807762E+02   
3.24155831E+02   
3.23488598E+02   
3.02887277E+02   
3.30037407E+02   
3.41928286E+02   
3.21270354E+02   
2.83210742E+02   
3.37489798E+02   
2.94590118E+02   
3.39737848E+02   
2.95287457E+02   
3.03117824E+02   
2.93031106E+02   
3.20842068E+02   
2.92227345E+02   
3.12006701E+02   
3.42049810E+02   
2.95136627E+02   
3.05075015E+02   
3.10972595E+02   
3.47060512E+02   
3.54995299E+02   
2.94250550E+02   
3.03062713E+02   
3.51881276E+02   
3.31124725E+02   
3.22082817E+02   
3.25048610E+02   
3.23161432E+02   
3.32030706E+02   
3.47043309E+02   
3.55031006E+02   
3.33080516E+02   
3.38074915E+02   
3.43067514E+02   
3.31066813E+02   
3.49063813E+02   
3.20054511E+02   
3.28095119E+02   
3.46089518E+02   
3.49003801E+02   
3.15091618E+02   
3.39031606E+02   
3.15074815E+02   
3.18055811E+02   
3.30017303E+02   
3.26193039E+02   
3.33045509E+02   
3.63025605E+02   
3.20064813E+02   
3.18009902E+02   
3.08210742E+02   
3.54808162E+02   
3.02274255E+02   
3.47167333E+02   
3.76064313E+02   
3.79165533E+02   
3.65898380E+02   
3.46975395E+02   
3.27064413E+02   
3.19155331E+02   
3.52068014E+02   
3.47198840E+02   
3.42858072E+02   
3.30240748E+02   
3.37216443E+02   
3.51988498E+02   
3.51395779E+02   
3.84896979E+02   
3.45721344E+02   
3.37109522E+02   
3.15097419E+02   
3.29158632E+02   
3.66918584E+02   
3.62146129E+02   
3.42972995E+02   
3.31364273E+02   
3.54803961E+02   
3.63998800E+02   
3.33942488E+02   
3.62063613E+02   
3.14692739E+02   
3.54396679E+02   
3.29448890E+02   
3.55149630E+02   
3.28811062E+02   
3.36985197E+02   
3.59400080E+02   
3.47072014E+02   
3.46637928E+02   
3.36820864E+02   
3.08352170E+02   
3.31973195E+02   
3.36226345E+02   
3.34563813E+02   
3.84592318E+02   
3.42433987E+02   
3.44196939E+02   
3.70821364E+02   
3.77713043E+02   
3.83479996E+02   
3.55018204E+02   
3.47774455E+02   
3.36475595E+02   
3.46016603E+02   
3.67071214E+02   
3.54042709E+02   
3.34330966E+02   
3.60338168E+02   
3.64543309E+02   
3.51679436E+02   
3.35645229E+02   
3.59825965E+02   
3.37944789E+02   
3.62163533E+02   
3.45555911E+02   
3.58518304E+02   
3.61529506E+02   
3.66708042E+02   
3.50137427E+02   
3.55582416E+02   
3.60490198E+02   
3.79755851E+02   
3.38242949E+02   
3.74211442E+02   
3.40997600E+02   
3.53251750E+02   
3.47591418E+02   
3.41588318E+02   
3.74033907E+02   
3.54871474E+02   
3.92030756E+02   
4.47489498E+02   
4.47489498E+02   
4.47489498E+02   
4.47489498E+02   
4.47489498E+02   
4.77701750E+02   
5.02502901E+02   
5.47361272E+02   
5.12304761E+02   
5.00607321E+02   
5.31445289E+02   
5.20455591E+02   
5.22099220E+02   
4.98716743E+02   
5.13368974E+02   
4.87211942E+02   
5.21956891E+02   
5.48744349E+02   
5.22241948E+02   
4.91802460E+02   
5.49078816E+02   
5.04054711E+02   
5.37246649E+02   
5.38485797E+02   
5.26602220E+02   
4.83490198E+02   
5.35915983E+02   
5.46012202E+02   
5.32958292E+02   
5.04606721E+02   
5.43901980E+02   
5.30874775E+02   
5.65591818E+02   
5.43106021E+02   
5.19158532E+02   
5.60159332E+02   
5.32827365E+02   
4.90171434E+02   
5.34213443E+02   
5.76778956E+02   
5.38135327E+02   
5.76122825E+02   
5.84228246E+02   
5.78086417E+02   
5.03792959E+02   
5.19223445E+02   
5.64906881E+02   
5.47525905E+02   
5.75852470E+02   
5.51326665E+02   
5.58058012E+02   
5.51119524E+02   
5.73058312E+02   
5.88937287E+02   
5.63482597E+02   
5.34714743E+02   
5.42392879E+02   
5.36813763E+02   
6.03432787E+02   
5.71049310E+02   
5.70922284E+02   
5.74869774E+02   
5.78796259E+02   
6.15010402E+02   
5.45957291E+02   
5.20149730E+02   
6.13705441E+02   
6.18844069E+02   
5.96993399E+02   
6.01058312E+02   
6.04444189E+02   
5.61939288E+02   
5.67078116E+02   
5.98559312E+02   
6.11340268E+02   
5.79180136E+02   
5.56359272E+02   
6.04770254E+02   
6.18991498E+02   
6.28678036E+02   
6.11957391E+02   
6.18409282E+02   
6.17767053E+02   
6.14123625E+02   
6.18123625E+02   
5.86540308E+02   
6.15413683E+02   
6.37448890E+02   
6.53351570E+02   
6.39906881E+02   
6.80279056E+02   
6.58828766E+02   
6.56674135E+02   
6.21333367E+02   
6.76295959E+02   
6.60594919E+02   
6.22594219E+02   
6.18656231E+02   
6.37265953E+02   
6.20848170E+02   
6.40786857E+02   
6.61393079E+02   
6.74564113E+02   
6.28614223E+02   
6.27404181E+02   
6.55500800E+02   
6.28375975E+02   
6.63172034E+02   
6.38944789E+02   
6.53695439E+02   
6.48316063E+02   
5.77871674E+02   
5.94869274E+02   
6.25128626E+02   
6.25053711E+02   
6.23279256E+02   
6.03683937E+02   
6.53450690E+02   
6.61444289E+02   
6.59486197E+02   
6.31295359E+02   
6.35124125E+02   
6.42982897E+02   
6.25796259E+02   
5.94980496E+02   
6.40311862E+02   
6.53187337E+02   
6.33248650E+02   
6.43076015E+02   
6.26941088E+02   
6.25584517E+02   
6.28849170E+02   
6.27681236E+02   
6.66391878E+02   
6.15235847E+02   
6.35342869E+02   
6.07131126E+02   
6.42949190E+02   
6.17945589E+02   
6.16731346E+02   
6.00878976E+02   
6.49365373E+02   
6.90081816E+02   
6.45459192E+02   
6.19804861E+02   
6.19101220E+02   
6.67340568E+02   
6.07534107E+02   
5.76571014E+02   
6.02566513E+02   
5.94678736E+02   
6.15039508E+02   
6.21429586E+02   
6.15423985E+02   
5.90524105E+02   
6.07940188E+02   
6.22685937E+02   
5.88372274E+02   
6.39270654E+02   
6.04912082E+02   
6.19826265E+02   
5.60754651E+02   
6.08663233E+02   
5.80314263E+02   
5.75451490E+02   
6.21693439E+02   
5.97809662E+02   
6.03587117E+02   
5.65327065E+02   
5.65624325E+02   
5.56682336E+02   
5.41718244E+02   
5.52037207E+02   
5.59516003E+02   
5.59224145E+02   
5.49887778E+02   
4.91675635E+02   
4.88383277E+02   
5.29645329E+02   
5.64014603E+02   
4.62099720E+02   
4.74545409E+02   
5.04866873E+02   
4.71561912E+02   
5.18653931E+02   
5.04069814E+02   
4.99361672E+02   
5.07397379E+02   
4.84580816E+02   
5.04331466E+02   
5.02046609E+02   
4.34276755E+02   
4.60861772E+02   
4.95208542E+02   
4.52480596E+02   
4.75483497E+02   
4.20141128E+02   
4.55325565E+02   
4.60222645E+02   
4.81903481E+02   
4.68022505E+02   
4.30060712E+02   
4.44842969E+02   
3.97802360E+02   
4.58146029E+02   
4.67505701E+02   
4.42357672E+02   
4.18109422E+02   
4.20835767E+02   
4.24794559E+02   
4.13224345E+02   
4.23438588E+02   
4.24993299E+02   
3.98055411E+02   
4.28704841E+02   
4.31841368E+02   
4.52583917E+02   
4.23105621E+02   
4.66933087E+02   
4.17004301E+02   
4.63682837E+02   
4.49105421E+02   
4.34747349E+02   
3.84998300E+02   
4.09411582E+02   
4.11948290E+02   
4.24464793E+02   
4.08726645E+02   
4.19429386E+02   
4.13861172E+02   
3.97782456E+02   
4.06166333E+02   
4.00448290E+02   
4.01396079E+02   
3.99608922E+02   
3.80276755E+02   
4.29950790E+02   
3.68211342E+02   
3.83358172E+02   
3.92950290E+02   
4.13481496E+02   
4.32040608E+02   
4.33745149E+02   
3.72803361E+02   
3.61392178E+02   
3.74483597E+02   
3.52739448E+02   
3.58234947E+02   
3.71523905E+02   
3.78027205E+02   
3.61678136E+02   
3.55757251E+02   
3.54255851E+02   
3.78693839E+02   
3.52317664E+02   
4.88859742E+02   
5.72314463E+02   
5.72314463E+02   
5.72314463E+02   
5.72314463E+02   
5.89594529E+02   
7.70439588E+02   
7.97311162E+02   
7.85287558E+02   
7.59156031E+02   
7.43329966E+02   
7.84674135E+02   
7.60549410E+02   
7.57892879E+02   
8.00308062E+02   
7.55802360E+02   
7.51714043E+02   
7.64465993E+02   
7.79038008E+02   
7.77151630E+02   
7.66832366E+02   
7.75036307E+02   
7.58538108E+02   
7.38698440E+02   
7.50760352E+02   
7.63082116E+02   
7.46535007E+02   
7.71702841E+02   
7.87116223E+02   
7.05858872E+02   
7.16495399E+02   
7.56990098E+02   
7.85093719E+02   
7.64304061E+02   
7.55012102E+02   
7.82905281E+02   
7.70509802E+02   
7.18282757E+02   
7.61097419E+02   
7.66389678E+02   
7.57158632E+02   
7.48306961E+02   
7.46519104E+02   
7.18097219E+02   
7.39870474E+02   
7.81616823E+02   
7.42877175E+02   
7.53085817E+02   
7.34421484E+02   
7.40514803E+02   
7.79830166E+02   
7.57440588E+02   
7.36921084E+02   
7.31497900E+02   
7.14706841E+02   
6.93167333E+02   
7.31926985E+02   
7.50544009E+02   
7.81199640E+02   
7.45627626E+02   
7.55346569E+02   
7.15151630E+02   
7.80776155E+02   
7.69490298E+02   
7.53154831E+02   
7.47313763E+02   
7.31815763E+02   
7.61528306E+02   
7.66909482E+02   
7.29669234E+02   
7.22951090E+02   
7.64963393E+02   
7.85715343E+02   
7.59826865E+02   
8.10976695E+02   
8.01894279E+02   
7.39014303E+02   
7.83664133E+02   
7.63802561E+02   
7.31593219E+02   
7.44119924E+02   
7.48018304E+02   
7.56763753E+02   
8.10110722E+02   
8.28284557E+02   
7.59604321E+02   
7.73914183E+02   
8.68315563E+02   
9.07394679E+02   
9.68375275E+02   
9.08136227E+02   
9.30065213E+02   
9.36543909E+02   
9.14638728E+02   
8.68241248E+02   
8.22372875E+02   
8.31385277E+02   
8.35086017E+02   
7.75603121E+02   
8.24027005E+02   
7.86132226E+02   
7.89517804E+02   
8.28895279E+02   
7.93243349E+02   
7.54525005E+02   
7.67669134E+02   
7.62445289E+02   
7.64866273E+02   
7.63676535E+02   
7.35592819E+02   
7.29069914E+02   
7.43440488E+02   
6.90668234E+02   
7.33099320E+02   
7.07821264E+02   
6.97650530E+02   
6.98269454E+02   
6.77330366E+02   
6.96076115E+02   
7.24501700E+02   
6.81435187E+02   
6.62670634E+02   
6.65921584E+02   
6.57134827E+02   
6.70799760E+02   
6.10505501E+02   
6.58395279E+02   
6.62785757E+02   
6.12113623E+02   
6.25662733E+02   
6.23015303E+02   
6.43227145E+02   
5.87665233E+02   
5.73947189E+02   
5.49331466E+02   
5.44642228E+02   
5.40104321E+02   
5.34143429E+02   
5.51876475E+02   
5.41987497E+02   
5.26758452E+02   
4.71849070E+02   
4.99954691E+02   
4.95126725E+02   
4.91056311E+02   
4.88312362E+02   
4.41697239E+02   
4.98904581E+02   
4.39692338E+02   
4.28490298E+02   
4.61688138E+02   
4.51874475E+02   
4.21260452E+02   
4.17302761E+02   
3.93881076E+02   
4.00865573E+02   
3.80234047E+02   
3.95630326E+02   
3.72499400E+02   
3.53868674E+02   
3.80532106E+02   
3.87282957E+02   
3.57255051E+02   
3.76655331E+02   
3.26681636E+02   
3.19202040E+02   
3.12118824E+02   
2.89298460E+02   
2.88429986E+02   
2.69935087E+02   
3.04469694E+02   
2.65220244E+02   
3.01119624E+02   
2.60738848E+02   
2.59467393E+02   
2.68257451E+02   
2.28413183E+02   
2.15433887E+02   
2.34930986E+02   
2.42585017E+02   
2.01789458E+02   
2.43570614E+02   
2.14401180E+02   
1.81683637E+02   
1.90820664E+02   
1.71825065E+02   
1.84667233E+02   
1.68757552E+02   
1.72279656E+02   
1.57305761E+02   
1.71085117E+02   
1.88816663E+02   
1.55162633E+02   
1.50032006E+02   
1.57157832E+02   
1.39965193E+02   
1.31340868E+02   
1.39488998E+02   
1.26005701E+02   
1.32822565E+02   
1.35803061E+02   
1.20802260E+02   
1.16584017E+02   
1.07240948E+02   
1.05574115E+02   
1.05916683E+02   
1.15587017E+02   
1.16565213E+02   
1.00004701E+02   
1.07242949E+02   
1.02468694E+02   
1.05822364E+02   
9.54108822E+01   
9.38608722E+01   
1.01531206E+02   
8.91110222E+01   
8.08359672E+01   
9.16042208E+01   
7.58395679E+01   
8.16174235E+01   
8.42493499E+01   
8.33512703E+01   
7.37846569E+01   
6.66250250E+01   
7.39418884E+01   
6.64750950E+01   
6.32378476E+01   
5.49361872E+01   
5.72429486E+01   
6.56159232E+01   
5.15712142E+01   
7.00798160E+01   
6.17778556E+01   
5.41185237E+01   
5.64965993E+01   
4.25389078E+01   
4.25373075E+01   
4.66574315E+01   
4.73015603E+01   
7.02991598E+01   
4.51401280E+01   
1.38112422E+02   
4.01967393E+01   
3.64377876E+01   
2.12425485E+01   
2.10486097E+01   
2.34814963E+01   
1.62433487E+01   
1.72047409E+01   
2.10438088E+01   
1.77996599E+01   
1.69677936E+01   
2.55535107E+01   
1.12123425E+01   
1.62759552E+01   
9.68656731E+00   
9.40188038E+00   
9.40188038E+00   
9.40188038E+00   
9.40188038E+00   
9.40188038E+00   
3.79408882E+00   
7.54650930E-01   
0.00000000E+00   
0.00000000E+00   
0.00000000E+00   
2.47349470E-01   
7.52650530E-01   
0.00000000E+00   
1.00000000E+00   
0.00000000E+00   
1.00000000E+00   
0.00000000E+00   
0.00000000E+00   
0.00000000E+00   
0.00000000E+00   
1.25675135E+00   
3.74324865E+00   
0.00000000E+00   
0.00000000E+00   
0.00000000E+00   
0.00000000E+00   
0.00000000E+00   
0.00000000E+00   
0.00000000E+00   
0.00000000E+00   
0.00000000E+00   
0.00000000E+00   
0.00000000E+00   
0.00000000E+00   
0.00000000E+00   
0.00000000E+00   
0.00000000E+00   
0.00000000E+00   
0.00000000E+00   
0.00000000E+00   
0.00000000E+00   
0.00000000E+00   
0.00000000E+00   
0.00000000E+00   
0.00000000E+00   
0.00000000E+00   
0.00000000E+00   
1.00000000E+00   
2.62552511E-01   
7.37447489E-01   
0.00000000E+00   
0.00000000E+00   
0.00000000E+00   
0.00000000E+00   
0.00000000E+00   
0.00000000E+00   
0.00000000E+00   
0.00000000E+00   
0.00000000E+00   
0.00000000E+00   
0.00000000E+00   
0.00000000E+00   
0.00000000E+00   
0.00000000E+00   
0.00000000E+00   
0.00000000E+00   
0.00000000E+00   
0.00000000E+00   
2.70554111E-01   
7.29445889E-01   
0.00000000E+00   
0.00000000E+00   
0.00000000E+00   
1.00000000E+00   
0.00000000E+00   
0.00000000E+00   
0.00000000E+00   
0.00000000E+00   
0.00000000E+00   
0.00000000E+00   
0.00000000E+00   
0.00000000E+00   
0.00000000E+00   
2.76555311E-01   
7.23444689E-01   
0.00000000E+00   
0.00000000E+00   
0.00000000E+00   
0.00000000E+00   
0.00000000E+00   
0.00000000E+00   
0.00000000E+00   
0.00000000E+00   
0.00000000E+00   
0.00000000E+00   
0.00000000E+00   
0.00000000E+00   
0.00000000E+00   
0.00000000E+00   
0.00000000E+00   
0.00000000E+00   
0.00000000E+00   
0.00000000E+00   
0.00000000E+00   
0.00000000E+00   
0.00000000E+00   
0.00000000E+00   
0.00000000E+00   
1.00000000E+00   
0.00000000E+00   
0.00000000E+00   
0.00000000E+00   
0.00000000E+00   
0.00000000E+00   
0.00000000E+00   
0.00000000E+00   
0.00000000E+00   
0.00000000E+00   
0.00000000E+00   
0.00000000E+00   
0.00000000E+00   
0.00000000E+00   
0.00000000E+00   
2.92558512E-01   
7.07441488E-01   
0.00000000E+00   
0.00000000E+00   
0.00000000E+00   
0.00000000E+00   
0.00000000E+00   
0.00000000E+00   
2.95759152E-01   
7.04240848E-01   
0.00000000E+00   
0.00000000E+00   
0.00000000E+00   
0.00000000E+00   
1.00000000E+00   
0.00000000E+00   
0.00000000E+00   
0.00000000E+00   
0.00000000E+00   
0.00000000E+00   
0.00000000E+00   
3.00960192E-01   
6.99039808E-01   
0.00000000E+00   
0.00000000E+00   
0.00000000E+00   
0.00000000E+00   
0.00000000E+00   
0.00000000E+00   
0.00000000E+00   
0.00000000E+00   
0.00000000E+00   
0.00000000E+00   
1.30576115E+00   
6.94238848E-01   
3.06561312E-01   
6.93438688E-01   
0.00000000E+00   
0.00000000E+00   
0.00000000E+00   
0.00000000E+00   
0.00000000E+00   
3.09361872E-01   
6.90638128E-01   
0.00000000E+00   
0.00000000E+00   
0.00000000E+00   
3.11362272E-01   
6.88637728E-01   
0.00000000E+00   
0.00000000E+00   
0.00000000E+00   
0.00000000E+00   
0.00000000E+00   
1.00000000E+00   
0.00000000E+00   
1.00000000E+00   
1.00000000E+00   
0.00000000E+00   
0.00000000E+00   
0.00000000E+00   
0.00000000E+00   
1.00000000E+00   
0.00000000E+00   
0.00000000E+00   
0.00000000E+00   
0.00000000E+00   
0.00000000E+00   
0.00000000E+00   
0.00000000E+00   
0.00000000E+00   
3.20964193E-01   
6.79035807E-01   
0.00000000E+00   
0.00000000E+00   
0.00000000E+00   
0.00000000E+00   
0.00000000E+00   
0.00000000E+00   
0.00000000E+00   
0.00000000E+00   
0.00000000E+00   
0.00000000E+00   
0.00000000E+00   
0.00000000E+00   
0.00000000E+00   
1.00000000E+00   
0.00000000E+00   
0.00000000E+00   
3.28165633E-01   
6.71834367E-01   
0.00000000E+00   
1.00000000E+00   
0.00000000E+00   
0.00000000E+00   
0.00000000E+00   
3.30966193E-01   
6.69033807E-01   
0.00000000E+00   
0.00000000E+00   
0.00000000E+00   
0.00000000E+00   
0.00000000E+00   
0.00000000E+00   
0.00000000E+00   
0.00000000E+00   
0.00000000E+00   
0.00000000E+00   
0.00000000E+00   
0.00000000E+00   
0.00000000E+00   
2.33696739E+00   
6.63032607E-01   
0.00000000E+00   
0.00000000E+00   
0.00000000E+00   
0.00000000E+00   
0.00000000E+00   
0.00000000E+00   
0.00000000E+00   
0.00000000E+00   
0.00000000E+00   
0.00000000E+00   
0.00000000E+00   
0.00000000E+00   
0.00000000E+00   
0.00000000E+00   
0.00000000E+00   
0.00000000E+00   
0.00000000E+00   
0.00000000E+00   
0.00000000E+00   
0.00000000E+00   
0.00000000E+00   
0.00000000E+00   
0.00000000E+00   
0.00000000E+00   
0.00000000E+00   
3.47769554E-01   
6.52230446E-01   
0.00000000E+00   
0.00000000E+00   
0.00000000E+00   
0.00000000E+00   
0.00000000E+00   
0.00000000E+00   
0.00000000E+00   
0.00000000E+00   
3.51770354E-01   
6.48229646E-01   
0.00000000E+00   
0.00000000E+00   
0.00000000E+00   
0.00000000E+00   
0.00000000E+00   
1.00000000E+00   
0.00000000E+00   
0.00000000E+00   
0.00000000E+00   
3.56171234E-01   
6.43828766E-01   
0.00000000E+00   
1.00000000E+00   
0.00000000E+00   
0.00000000E+00   
0.00000000E+00   
0.00000000E+00   
0.00000000E+00   
0.00000000E+00   
0.00000000E+00   
0.00000000E+00   
0.00000000E+00   
0.00000000E+00   
0.00000000E+00   
0.00000000E+00   
0.00000000E+00   
0.00000000E+00   
0.00000000E+00   
0.00000000E+00   
0.00000000E+00   
0.00000000E+00   
0.00000000E+00   
0.00000000E+00   
0.00000000E+00   
0.00000000E+00   
0.00000000E+00   
0.00000000E+00   
3.67373475E-01   
6.32626525E-01   
0.00000000E+00   
0.00000000E+00   
0.00000000E+00   
0.00000000E+00   
0.00000000E+00   
0.00000000E+00   
0.00000000E+00   
0.00000000E+00   
0.00000000E+00   
0.00000000E+00   
0.00000000E+00   
0.00000000E+00   
0.00000000E+00   
0.00000000E+00   
0.00000000E+00   
0.00000000E+00   
0.00000000E+00   
0.00000000E+00   
0.00000000E+00   
0.00000000E+00   
0.00000000E+00   
0.00000000E+00   
0.00000000E+00   
0.00000000E+00   
0.00000000E+00   
0.00000000E+00   
1.00000000E+00   
0.00000000E+00   
0.00000000E+00   
3.79775955E-01   
6.20224045E-01   
0.00000000E+00   
0.00000000E+00   
0.00000000E+00   
0.00000000E+00   
0.00000000E+00   
0.00000000E+00   
0.00000000E+00   
0.00000000E+00   
3.83776755E-01   
6.16223245E-01   
0.00000000E+00   
0.00000000E+00   
0.00000000E+00   
0.00000000E+00   
0.00000000E+00   
0.00000000E+00   
0.00000000E+00   
0.00000000E+00   
0.00000000E+00   
0.00000000E+00   
0.00000000E+00   
1.00000000E+00   
0.00000000E+00   
0.00000000E+00   
0.00000000E+00   
0.00000000E+00   
0.00000000E+00   
0.00000000E+00   
0.00000000E+00   
0.00000000E+00   
0.00000000E+00   
1.00000000E+00   
0.00000000E+00   
0.00000000E+00   
0.00000000E+00   
0.00000000E+00   
3.94978996E-01   
1.00040008E+00   
6.04620924E-01   
0.00000000E+00   
0.00000000E+00   
0.00000000E+00   
0.00000000E+00   
0.00000000E+00   
0.00000000E+00   
0.00000000E+00   
0.00000000E+00   
0.00000000E+00   
0.00000000E+00   
0.00000000E+00   
0.00000000E+00   
0.00000000E+00   
0.00000000E+00   
0.00000000E+00   
0.00000000E+00   
0.00000000E+00   
4.02980596E-01   
5.97019404E-01   
0.00000000E+00   
0.00000000E+00   
0.00000000E+00   
0.00000000E+00   
0.00000000E+00   
0.00000000E+00   
0.00000000E+00   
0.00000000E+00   
0.00000000E+00   
0.00000000E+00   
0.00000000E+00   
0.00000000E+00   
0.00000000E+00   
0.00000000E+00   
0.00000000E+00   
0.00000000E+00   
0.00000000E+00   
0.00000000E+00   
0.00000000E+00   
0.00000000E+00   
0.00000000E+00   
0.00000000E+00   
0.00000000E+00   
0.00000000E+00   
0.00000000E+00   
0.00000000E+00   
0.00000000E+00   
0.00000000E+00   
0.00000000E+00   
0.00000000E+00   
0.00000000E+00   
0.00000000E+00   
0.00000000E+00   
0.00000000E+00   
0.00000000E+00   
0.00000000E+00   
0.00000000E+00   
0.00000000E+00   
0.00000000E+00   
0.00000000E+00   
0.00000000E+00   
0.00000000E+00   
0.00000000E+00   
0.00000000E+00   
0.00000000E+00   
0.00000000E+00   
0.00000000E+00   
0.00000000E+00   
0.00000000E+00   
0.00000000E+00   
0.00000000E+00   
0.00000000E+00   
0.00000000E+00   
4.24984997E-01   
1.57501500E+00   
0.00000000E+00   
0.00000000E+00   
0.00000000E+00   
0.00000000E+00   
0.00000000E+00   
0.00000000E+00   
0.00000000E+00   
0.00000000E+00   
0.00000000E+00   
0.00000000E+00   
0.00000000E+00   
0.00000000E+00   
0.00000000E+00   
0.00000000E+00   
0.00000000E+00   
0.00000000E+00   
0.00000000E+00   
0.00000000E+00   
0.00000000E+00   
0.00000000E+00   
0.00000000E+00   
0.00000000E+00   
0.00000000E+00   
0.00000000E+00   
0.00000000E+00   
0.00000000E+00   
0.00000000E+00   
3.00000000E+00   
0.00000000E+00   
0.00000000E+00   
0.00000000E+00   
0.00000000E+00   
0.00000000E+00   
0.00000000E+00   
0.00000000E+00   
0.00000000E+00   
0.00000000E+00   
0.00000000E+00   
0.00000000E+00   
0.00000000E+00   
0.00000000E+00   
0.00000000E+00   
0.00000000E+00   
0.00000000E+00   
0.00000000E+00   
0.00000000E+00   
4.44188838E-01   
5.55811162E-01   
0.00000000E+00   
0.00000000E+00   
0.00000000E+00   
0.00000000E+00   
0.00000000E+00   
0.00000000E+00   
0.00000000E+00   
0.00000000E+00   
0.00000000E+00   
0.00000000E+00   
0.00000000E+00   
0.00000000E+00   
0.00000000E+00   
0.00000000E+00   
0.00000000E+00   
0.00000000E+00   
0.00000000E+00   
0.00000000E+00   
0.00000000E+00   
0.00000000E+00   
0.00000000E+00   
0.00000000E+00   
0.00000000E+00   
0.00000000E+00   
0.00000000E+00   
0.00000000E+00   
0.00000000E+00   
0.00000000E+00   
0.00000000E+00   
0.00000000E+00   
0.00000000E+00   
0.00000000E+00   
0.00000000E+00   
0.00000000E+00   
0.00000000E+00   
0.00000000E+00   
0.00000000E+00   
0.00000000E+00   
0.00000000E+00   
0.00000000E+00   
0.00000000E+00   
0.00000000E+00   
0.00000000E+00   
0.00000000E+00   
1.00000000E+00   
0.00000000E+00   
0.00000000E+00   
0.00000000E+00   
0.00000000E+00   
0.00000000E+00   
0.00000000E+00   
0.00000000E+00   
0.00000000E+00   
0.00000000E+00   
0.00000000E+00   
0.00000000E+00   
0.00000000E+00   
0.00000000E+00   
0.00000000E+00   
0.00000000E+00   
0.00000000E+00   
0.00000000E+00   
0.00000000E+00   
0.00000000E+00   
0.00000000E+00   
0.00000000E+00   
0.00000000E+00   
0.00000000E+00   
0.00000000E+00   
0.00000000E+00   
0.00000000E+00   
0.00000000E+00   
0.00000000E+00   
0.00000000E+00   
0.00000000E+00   
1.00000000E+00   
0.00000000E+00   
0.00000000E+00   
0.00000000E+00   
0.00000000E+00   
0.00000000E+00   
0.00000000E+00   
0.00000000E+00   
0.00000000E+00   
0.00000000E+00   
0.00000000E+00   
0.00000000E+00   
0.00000000E+00   
0.00000000E+00   
0.00000000E+00   
0.00000000E+00   
0.00000000E+00   
0.00000000E+00   
0.00000000E+00   
0.00000000E+00   
0.00000000E+00   
0.00000000E+00   
0.00000000E+00   
0.00000000E+00   
0.00000000E+00   
0.00000000E+00   
0.00000000E+00   
0.00000000E+00   
0.00000000E+00   
0.00000000E+00   
0.00000000E+00   
0.00000000E+00   
0.00000000E+00   
0.00000000E+00   
0.00000000E+00   
0.00000000E+00   
0.00000000E+00   
0.00000000E+00   
0.00000000E+00   
0.00000000E+00   
0.00000000E+00   
0.00000000E+00   
0.00000000E+00   
0.00000000E+00   
0.00000000E+00   
0.00000000E+00   
0.00000000E+00   
0.00000000E+00   
0.00000000E+00   
0.00000000E+00   
0.00000000E+00   
0.00000000E+00   
0.00000000E+00   
0.00000000E+00   
0.00000000E+00   
0.00000000E+00   
0.00000000E+00   
0.00000000E+00   
4.98199640E-01   
5.01800360E-01   
0.00000000E+00   
0.00000000E+00   
0.00000000E+00   
0.00000000E+00   
!IDEND=

