!FILE=Disk 
!KIND=Spectrum 
!LABORATORY=Oslo Cyclotron Laboratory (OCL) 
!EXPERIMENT= oslo_method_python 
!COMMENT=Made by OMpy 
!TIME=DATE:08-Sep-20 09:58:07   
!CALIBRATION EkeV=6, 0.000000E+00, 2.000400E+00, 0.000000E+00 
!PRECISION=16 
!DIMENSION=1,0:4999 
!CHANNEL=(0:4999) 
2.84545009E+02   
4.83096019E+02   
5.13629026E+02   
6.01166833E+02   
6.45146429E+02   
6.86689038E+02   
6.92187237E+02   
7.58626625E+02   
7.50172034E+02   
8.28368474E+02   
8.72734247E+02   
8.74442589E+02   
8.34001900E+02   
9.39560212E+02   
9.85523305E+02   
9.43680636E+02   
1.06076575E+03   
1.03329136E+03   
1.09199590E+03   
1.17335477E+03   
1.24427165E+03   
1.28471304E+03   
1.36820824E+03   
1.54553921E+03   
1.59540648E+03   
1.77261682E+03   
1.88937988E+03   
2.08876475E+03   
2.26785087E+03   
2.37696989E+03   
2.48270124E+03   
2.64856351E+03   
2.65511062E+03   
2.83708812E+03   
2.98268044E+03   
3.11777455E+03   
3.20555461E+03   
3.33954871E+03   
3.44115123E+03   
3.61011172E+03   
3.63896519E+03   
3.69821434E+03   
3.78053181E+03   
3.86240708E+03   
3.91425645E+03   
3.99345599E+03   
3.88738898E+03   
3.99390698E+03   
4.12993079E+03   
4.08107732E+03   
4.10341648E+03   
4.15284277E+03   
4.16187457E+03   
4.24148750E+03   
4.36592659E+03   
4.29765263E+03   
4.31657782E+03   
4.33359272E+03   
4.24708212E+03   
4.21865693E+03   
4.28962703E+03   
4.27979946E+03   
4.29655611E+03   
4.27822434E+03   
4.11938488E+03   
4.23357171E+03   
4.24539518E+03   
4.25127485E+03   
4.31392108E+03   
4.10376795E+03   
4.06967604E+03   
4.16563163E+03   
4.08858452E+03   
4.05546279E+03   
4.10757261E+03   
4.13336497E+03   
4.13865843E+03   
4.07142699E+03   
4.05553441E+03   
4.02775885E+03   
3.98081466E+03   
3.94831346E+03   
4.00674195E+03   
3.92391678E+03   
3.90239058E+03   
4.01819864E+03   
4.16186467E+03   
4.21647690E+03   
4.11474215E+03   
4.21898720E+03   
4.05179046E+03   
4.15755711E+03   
3.99042829E+03   
3.93024505E+03   
3.88950700E+03   
3.98179256E+03   
3.86217293E+03   
3.88555401E+03   
3.83064343E+03   
3.68555481E+03   
3.69481056E+03   
3.64971264E+03   
3.61904461E+03   
3.59429876E+03   
3.54643779E+03   
3.36217634E+03   
3.40053841E+03   
3.38864223E+03   
3.39386457E+03   
3.32197930E+03   
3.20055651E+03   
3.23518874E+03   
3.22645469E+03   
3.24665173E+03   
3.14771214E+03   
3.14112923E+03   
3.13818594E+03   
3.03870774E+03   
3.03400260E+03   
3.02684397E+03   
3.01568294E+03   
2.88651900E+03   
2.93922064E+03   
2.98317684E+03   
2.96611802E+03   
2.99129146E+03   
3.06949290E+03   
2.96389938E+03   
2.91550200E+03   
2.85289418E+03   
2.88773435E+03   
2.88514793E+03   
2.79553651E+03   
2.75095239E+03   
2.80217634E+03   
2.81103941E+03   
2.66469164E+03   
2.68399160E+03   
2.70913943E+03   
2.66209432E+03   
2.64702220E+03   
2.54387858E+03   
2.60814023E+03   
2.59000790E+03   
2.59781896E+03   
2.58433657E+03   
2.48979566E+03   
2.41043509E+03   
2.41974245E+03   
2.39260602E+03   
2.36244649E+03   
2.46027135E+03   
2.42850470E+03   
2.35619354E+03   
2.32133927E+03   
2.44089068E+03   
2.31896819E+03   
2.34715753E+03   
2.35693189E+03   
2.27699060E+03   
2.34429256E+03   
2.16467113E+03   
2.21531896E+03   
2.26722304E+03   
2.17775405E+03   
2.20758732E+03   
2.13536427E+03   
2.15225875E+03   
2.15039188E+03   
2.14998380E+03   
2.01762853E+03   
1.96995539E+03   
1.81426465E+03   
1.91292969E+03   
1.90176135E+03   
1.85131986E+03   
1.87072144E+03   
1.86107712E+03   
1.85650810E+03   
1.82608152E+03   
1.84559562E+03   
1.73709742E+03   
1.76399460E+03   
1.65892218E+03   
1.68392859E+03   
1.62505631E+03   
1.63473085E+03   
1.64638668E+03   
1.70590088E+03   
1.57756831E+03   
1.60717003E+03   
1.62054751E+03   
1.60597850E+03   
1.55008742E+03   
1.59167323E+03   
1.61164843E+03   
1.54754211E+03   
1.57719674E+03   
1.58904931E+03   
1.51883597E+03   
1.48941388E+03   
1.48272825E+03   
1.43705701E+03   
1.44737457E+03   
1.48520694E+03   
1.40703691E+03   
1.38559512E+03   
1.38361552E+03   
1.40578196E+03   
1.41752240E+03   
1.39077235E+03   
1.39425985E+03   
1.38189588E+03   
1.42610962E+03   
1.39414913E+03   
1.43534127E+03   
1.39675005E+03   
1.36522625E+03   
1.41064483E+03   
1.30957351E+03   
1.36586047E+03   
1.30802020E+03   
1.30089798E+03   
1.25896779E+03   
1.28304911E+03   
1.27036437E+03   
1.34752190E+03   
1.28499260E+03   
1.27761892E+03   
1.20186517E+03   
1.25658212E+03   
1.28305241E+03   
1.31481236E+03   
1.22786207E+03   
1.22262092E+03   
1.22073975E+03   
1.19513233E+03   
1.18171374E+03   
1.20562452E+03   
1.23162172E+03   
1.20382496E+03   
1.20122585E+03   
1.15649780E+03   
1.09760972E+03   
1.10026525E+03   
1.17696379E+03   
1.19480966E+03   
1.15962533E+03   
1.15340938E+03   
1.11585357E+03   
1.13821924E+03   
1.07540708E+03   
1.05682006E+03   
8.27601620E+02   
7.68153631E+02   
7.68153631E+02   
7.68153631E+02   
7.68153631E+02   
6.77037107E+02   
4.56978596E+02   
4.54999400E+02   
4.99860072E+02   
4.53534807E+02   
4.80120324E+02   
4.45277756E+02   
4.66518904E+02   
4.81996299E+02   
4.70016003E+02   
4.53948390E+02   
4.68735747E+02   
4.63740548E+02   
4.59093619E+02   
4.62837968E+02   
4.71019504E+02   
4.82911782E+02   
4.66978996E+02   
4.79826065E+02   
4.69763753E+02   
4.71431486E+02   
4.68873975E+02   
4.28179036E+02   
4.62410682E+02   
4.27953791E+02   
4.23281356E+02   
4.38561612E+02   
4.52808662E+02   
4.72190138E+02   
4.04863473E+02   
4.27390778E+02   
4.45317263E+02   
4.26621524E+02   
4.48883777E+02   
4.38668834E+02   
4.40016203E+02   
4.51859572E+02   
4.31850370E+02   
4.34374275E+02   
4.18321664E+02   
4.18218244E+02   
3.94752350E+02   
4.04206241E+02   
4.19402080E+02   
4.24158532E+02   
3.96447690E+02   
4.06834767E+02   
3.83210942E+02   
4.37604021E+02   
3.98941588E+02   
3.99528706E+02   
3.78488398E+02   
3.93431186E+02   
3.97839968E+02   
3.79575915E+02   
3.59696439E+02   
3.49452390E+02   
3.84448190E+02   
3.77460392E+02   
3.92044409E+02   
3.60423585E+02   
3.60691138E+02   
3.51263453E+02   
3.84218744E+02   
3.74529306E+02   
3.72590518E+02   
3.53290158E+02   
3.38337768E+02   
3.51090918E+02   
3.38851370E+02   
3.30487598E+02   
3.68020504E+02   
3.57074815E+02   
3.27626525E+02   
3.46458892E+02   
3.39238748E+02   
3.09861772E+02   
3.23943189E+02   
3.44280956E+02   
3.32143029E+02   
3.42347169E+02   
3.46316363E+02   
3.52534507E+02   
3.86981696E+02   
3.72172234E+02   
3.37681536E+02   
3.73185137E+02   
3.24862372E+02   
3.28453891E+02   
3.24710642E+02   
3.15841168E+02   
2.92946989E+02   
3.02263553E+02   
3.02626925E+02   
2.94040308E+02   
2.78980296E+02   
2.97057211E+02   
2.76690638E+02   
2.93850070E+02   
3.03347269E+02   
3.01488298E+02   
2.91498700E+02   
3.07400980E+02   
2.87058412E+02   
2.93474195E+02   
3.12578916E+02   
2.69622224E+02   
2.71265853E+02   
2.73538508E+02   
2.51047510E+02   
2.55106221E+02   
2.42116423E+02   
2.50811262E+02   
2.54536707E+02   
2.85684037E+02   
2.86723645E+02   
2.54856571E+02   
2.66002701E+02   
2.45992498E+02   
2.44348470E+02   
2.37910082E+02   
2.38443489E+02   
2.41744749E+02   
2.33837868E+02   
2.59993799E+02   
2.41739548E+02   
2.34160732E+02   
2.50818564E+02   
2.34976995E+02   
2.34396579E+02   
2.40740348E+02   
2.41836267E+02   
2.57201940E+02   
2.54426285E+02   
2.31794959E+02   
2.44733147E+02   
2.15837568E+02   
2.50674535E+02   
2.24557211E+02   
2.29073715E+02   
2.44817564E+02   
2.24363673E+02   
2.00762953E+02   
2.04702240E+02   
2.13296459E+02   
2.26756151E+02   
2.23266553E+02   
2.35146729E+02   
2.00394679E+02   
2.12717544E+02   
2.40648030E+02   
2.18109922E+02   
2.34363173E+02   
2.10733047E+02   
2.06015103E+02   
2.31722144E+02   
2.02379076E+02   
2.05036907E+02   
2.11377876E+02   
1.90704341E+02   
2.11037207E+02   
1.96061712E+02   
2.11036207E+02   
2.14066813E+02   
2.10667333E+02   
1.76990198E+02   
1.71400980E+02   
1.99739548E+02   
1.82334867E+02   
1.77695139E+02   
1.89379276E+02   
1.87380876E+02   
1.89726945E+02   
1.89676435E+02   
1.91402781E+02   
1.95794259E+02   
1.94263453E+02   
2.04758052E+02   
1.97318764E+02   
1.79963093E+02   
1.82061112E+02   
1.79684337E+02   
1.81178736E+02   
1.99891678E+02   
2.00836667E+02   
1.71266053E+02   
1.84526105E+02   
1.74051410E+02   
1.87603521E+02   
1.74927485E+02   
1.95035207E+02   
1.77114223E+02   
1.69357371E+02   
1.83911482E+02   
1.64671534E+02   
1.78032807E+02   
1.73396479E+02   
1.79762553E+02   
1.78987297E+02   
1.81449190E+02   
1.84251950E+02   
1.90239248E+02   
1.73090718E+02   
1.79454291E+02   
1.78254051E+02   
1.75667534E+02   
1.65493399E+02   
1.60464393E+02   
1.82035207E+02   
1.86837067E+02   
1.64984097E+02   
1.62660132E+02   
1.71400680E+02   
1.50982697E+02   
1.76304061E+02   
2.05624225E+02   
1.76659832E+02   
1.74271454E+02   
1.54793359E+02   
1.69105521E+02   
1.51044909E+02   
1.54248850E+02   
1.72038108E+02   
1.68192138E+02   
1.89039608E+02   
1.79024905E+02   
1.83809762E+02   
1.59176335E+02   
1.61476095E+02   
1.62200240E+02   
1.54336967E+02   
1.58336167E+02   
1.55031606E+02   
1.49638328E+02   
1.69727846E+02   
1.65795359E+02   
1.55756251E+02   
1.46542008E+02   
1.50428486E+02   
1.47235847E+02   
1.58926485E+02   
1.67233847E+02   
1.64029206E+02   
1.51135927E+02   
1.78434887E+02   
1.64929286E+02   
1.66330566E+02   
1.35223045E+02   
1.64219844E+02   
1.46919684E+02   
1.37841368E+02   
1.31990798E+02   
1.39701540E+02   
1.46395279E+02   
1.37043509E+02   
1.59247550E+02   
1.52443289E+02   
1.63507301E+02   
1.43371174E+02   
1.36148330E+02   
1.38613523E+02   
1.54072715E+02   
1.51773155E+02   
1.35693739E+02   
1.48915483E+02   
1.43811262E+02   
1.42961492E+02   
1.31544909E+02   
1.30711942E+02   
1.15185837E+02   
1.61854271E+02   
1.46592018E+02   
1.50063413E+02   
1.47891278E+02   
1.31601920E+02   
1.33319664E+02   
1.43307061E+02   
1.22455191E+02   
1.19736547E+02   
1.46333467E+02   
1.36279656E+02   
1.31622224E+02   
1.30582617E+02   
1.23908282E+02   
1.34161432E+02   
1.51593119E+02   
1.19952490E+02   
1.36792458E+02   
1.41055311E+02   
1.18803861E+02   
1.23215243E+02   
1.52223245E+02   
1.40790758E+02   
1.31501700E+02   
1.45515003E+02   
1.40814763E+02   
1.31018404E+02   
1.49254451E+02   
1.35693339E+02   
1.33195939E+02   
1.13452891E+02   
1.31536207E+02   
1.31888878E+02   
1.16117924E+02   
1.28893679E+02   
1.29925785E+02   
1.24928986E+02   
1.31943489E+02   
1.29571114E+02   
1.21661332E+02   
1.20568214E+02   
1.17202040E+02   
1.21673535E+02   
1.26927485E+02   
1.45838068E+02   
1.37589018E+02   
1.48297760E+02   
1.13836467E+02   
1.36026005E+02   
1.28101820E+02   
1.36144529E+02   
1.54222745E+02   
1.32831666E+02   
1.08572214E+02   
1.40418684E+02   
1.18355571E+02   
1.27690038E+02   
1.35896779E+02   
1.32414183E+02   
1.13142028E+02   
1.19580016E+02   
1.20081016E+02   
1.30066513E+02   
1.37662332E+02   
1.22024805E+02   
1.27287357E+02   
1.10840368E+02   
1.09564213E+02   
1.23361872E+02   
1.17635927E+02   
9.75013003E+01   
1.17584117E+02   
1.28722044E+02   
1.20985397E+02   
1.23542308E+02   
9.97992599E+01   
1.26957191E+02   
1.37541108E+02   
1.09767453E+02   
1.24511302E+02   
1.08078416E+02   
1.32948990E+02   
1.11863873E+02   
1.14489498E+02   
1.10808662E+02   
1.14239348E+02   
1.06532306E+02   
1.04500700E+02   
1.05559112E+02   
1.22733247E+02   
1.08279356E+02   
1.14043609E+02   
1.12757451E+02   
1.21305161E+02   
1.17995599E+02   
1.04289558E+02   
1.05518704E+02   
9.60190038E+01   
1.16775655E+02   
1.16271354E+02   
1.16033607E+02   
1.19273355E+02   
1.11263553E+02   
9.37542509E+01   
9.95261052E+01   
1.04774255E+02   
1.11052010E+02   
1.06710642E+02   
1.06828866E+02   
1.09758452E+02   
8.86034207E+01   
1.03023305E+02   
1.00634227E+02   
1.03585317E+02   
1.16135627E+02   
1.21365273E+02   
9.65989198E+01   
1.13848670E+02   
1.24924185E+02   
1.15119324E+02   
9.10542108E+01   
1.04018004E+02   
1.03497499E+02   
1.01341768E+02   
1.06542108E+02   
1.08452090E+02   
1.02018404E+02   
8.74938988E+01   
9.43561712E+01   
9.36268254E+01   
1.07177435E+02   
1.16367774E+02   
1.06966593E+02   
1.18727145E+02   
9.96061212E+01   
9.80164033E+01   
9.60359072E+01   
1.29088218E+02   
1.12658232E+02   
1.10720844E+02   
9.01137227E+01   
1.21695739E+02   
1.08570414E+02   
1.03554111E+02   
8.87104421E+01   
9.32498500E+01   
9.95609122E+01   
8.89276855E+01   
1.02492398E+02   
1.07959092E+02   
9.09942989E+01   
9.28431686E+01   
9.00541108E+01   
9.77926585E+01   
9.35168034E+01   
8.84301860E+01   
1.07757351E+02   
9.57317463E+01   
1.03412482E+02   
1.16924185E+02   
1.07492799E+02   
1.13656231E+02   
1.12051810E+02   
1.06783757E+02   
1.11352370E+02   
9.01351270E+01   
9.89096819E+01   
9.94615923E+01   
9.13539708E+01   
9.22286457E+01   
1.02486497E+02   
1.00902180E+02   
9.93607722E+01   
9.63372675E+01   
9.58945789E+01   
1.14897980E+02   
1.14518704E+02   
1.09280056E+02   
1.16894579E+02   
1.12108322E+02   
9.35374075E+01   
8.78026605E+01   
1.02371974E+02   
9.05278056E+01   
9.71486297E+01   
1.24097520E+02   
1.07451090E+02   
1.21457091E+02   
9.62269454E+01   
1.13594919E+02   
8.37219444E+01   
8.40184037E+01   
1.04054011E+02   
1.07503401E+02   
7.74509902E+01   
1.01644129E+02   
9.64394879E+01   
1.05920984E+02   
1.02534507E+02   
1.06928186E+02   
9.66899380E+01   
9.56428286E+01   
9.73552711E+01   
9.10204041E+01   
9.68134627E+01   
9.92600520E+01   
8.92245449E+01   
8.72237447E+01   
9.28122625E+01   
9.81982396E+01   
8.34513903E+01   
1.10954691E+02   
1.02467694E+02   
8.82380476E+01   
8.45950190E+01   
1.07803161E+02   
9.94250850E+01   
8.62391478E+01   
8.72102420E+01   
9.14096819E+01   
9.00285057E+01   
9.08135627E+01   
9.42178436E+01   
9.04170834E+01   
1.09630326E+02   
9.50151030E+01   
9.44259852E+01   
9.30103021E+01   
8.76116223E+01   
8.55939188E+01   
8.42463493E+01   
7.79994999E+01   
1.02080716E+02   
8.45622124E+01   
1.00653031E+02   
9.76040208E+01   
9.50485097E+01   
7.03147630E+01   
8.16277255E+01   
8.92787558E+01   
9.75964193E+01   
8.29389878E+01   
9.32053411E+01   
8.61431286E+01   
8.92101420E+01   
8.47809562E+01   
6.78692739E+01   
1.04026705E+02   
7.74809962E+01   
9.55582116E+01   
9.31508302E+01   
9.21358272E+01   
9.90212042E+01   
8.02692539E+01   
9.68384677E+01   
9.48885777E+01   
9.63914783E+01   
9.29039808E+01   
1.06352771E+02   
8.77984597E+01   
8.32029406E+01   
8.94655931E+01   
6.53264653E+01   
8.94452891E+01   
8.77493499E+01   
8.00081016E+01   
8.76596319E+01   
8.94715943E+01   
8.44686937E+01   
7.43766753E+01   
7.80140028E+01   
7.33742749E+01   
6.79347870E+01   
8.70156031E+01   
8.61209242E+01   
7.68029606E+01   
8.72322464E+01   
8.14843969E+01   
8.21468294E+01   
8.43599720E+01   
9.67853571E+01   
7.96637327E+01   
7.50168034E+01   
9.06661332E+01   
9.33674735E+01   
8.60640128E+01   
9.18799760E+01   
7.23225645E+01   
8.62406481E+01   
8.18850770E+01   
7.73634727E+01   
8.70176035E+01   
7.17045409E+01   
9.09879976E+01   
7.68986797E+01   
1.00921184E+02   
8.12561512E+01   
8.30160032E+01   
9.49839968E+01   
1.07034407E+02   
7.85352070E+01   
9.65016003E+01   
9.35152030E+01   
8.83542709E+01   
9.25196039E+01   
8.48502701E+01   
9.11913383E+01   
8.50112022E+01   
9.58522705E+01   
9.68530706E+01   
8.63602721E+01   
8.38254651E+01   
8.06881376E+01   
8.90164033E+01   
6.69939988E+01   
8.35264053E+01   
8.15288058E+01   
7.35312062E+01   
7.69855971E+01   
9.62449490E+01   
8.43406681E+01   
8.12998600E+01   
7.58558712E+01   
7.83786757E+01   
9.30640128E+01   
7.45565113E+01   
7.37485497E+01   
8.61745349E+01   
8.03870774E+01   
8.60180036E+01   
9.80788158E+01   
7.80501100E+01   
8.93922785E+01   
7.65701140E+01   
9.46184237E+01   
8.78618724E+01   
9.14002801E+01   
8.49407882E+01   
8.15560112E+01   
8.30877175E+01   
8.54042809E+01   
8.51681336E+01   
7.83190638E+01   
8.24094819E+01   
7.49219844E+01   
8.05087017E+01   
8.21681336E+01   
8.33170634E+01   
7.47181436E+01   
6.71026205E+01   
6.38634727E+01   
7.59754951E+01   
7.58674735E+01   
7.81942388E+01   
8.36900380E+01   
7.75764153E+01   
6.91862372E+01   
9.93908782E+01   
9.56025205E+01   
7.13239648E+01   
7.40277055E+01   
7.99953991E+01   
8.40249050E+01   
9.04459892E+01   
8.18718744E+01   
8.05899180E+01   
8.57298460E+01   
7.10172034E+01   
8.75932186E+01   
8.18639728E+01   
8.40160032E+01   
7.31370274E+01   
8.25936187E+01   
7.54566913E+01   
8.62934587E+01   
7.75992198E+01   
7.88778756E+01   
7.41541308E+01   
7.82906581E+01   
7.97828566E+01   
8.41110222E+01   
8.33820764E+01   
8.93776755E+01   
6.72343469E+01   
8.39333867E+01   
8.59397880E+01   
8.53604721E+01   
8.14802961E+01   
8.23500700E+01   
5.70762152E+01   
7.55518104E+01   
7.56927385E+01   
7.65449090E+01   
8.00164033E+01   
8.25401080E+01   
6.84505901E+01   
8.37982597E+01   
8.94063813E+01   
7.70160032E+01   
9.21135227E+01   
7.97899580E+01   
7.20414083E+01   
8.94804961E+01   
6.25459092E+01   
6.96478296E+01   
7.97459492E+01   
7.85197039E+01   
8.00078016E+01   
6.98940788E+01   
7.40140028E+01   
6.90140028E+01   
7.16416283E+01   
8.21491298E+01   
6.46346269E+01   
7.89096819E+01   
1.05632226E+02   
8.26282256E+01   
7.87721544E+01   
7.52590518E+01   
6.95876175E+01   
7.38898780E+01   
8.22089418E+01   
7.74956991E+01   
7.56118224E+01   
7.50618124E+01   
7.59645929E+01   
8.04775955E+01   
7.53133627E+01   
8.36620324E+01   
7.11321264E+01   
8.63156631E+01   
7.15268054E+01   
8.28547710E+01   
7.79006801E+01   
8.26716343E+01   
7.99030806E+01   
6.32733547E+01   
8.68763753E+01   
7.51707341E+01   
7.35420084E+01   
7.66776355E+01   
8.13527706E+01   
9.16690338E+01   
7.82500500E+01   
7.84592919E+01   
9.25772154E+01   
7.81115223E+01   
8.44754951E+01   
7.78917784E+01   
6.68853771E+01   
7.38170634E+01   
7.34745949E+01   
8.81554311E+01   
8.93423685E+01   
7.24091818E+01   
6.67596519E+01   
8.35255051E+01   
6.60740148E+01   
7.61170234E+01   
8.52790558E+01   
7.82242448E+01   
6.85350070E+01   
8.15603121E+01   
7.48445689E+01   
6.30148030E+01   
8.52971594E+01   
7.42430486E+01   
7.84869974E+01   
7.20320064E+01   
6.61157231E+01   
7.77180436E+01   
7.42094419E+01   
7.44148830E+01   
7.58145629E+01   
7.47172434E+01   
7.08033607E+01   
7.14232847E+01   
7.61121224E+01   
8.28461692E+01   
6.67633527E+01   
7.33359672E+01   
6.04949990E+01   
8.73851770E+01   
6.81630326E+01   
8.02550510E+01   
7.52463493E+01   
7.20124025E+01   
7.43563713E+01   
7.47617524E+01   
6.67332466E+01   
7.76431286E+01   
7.46463293E+01   
7.54749950E+01   
6.88317664E+01   
8.11061212E+01   
7.41958392E+01   
6.69238848E+01   
8.35658132E+01   
7.06416283E+01   
7.64800960E+01   
5.98126625E+01   
9.34262853E+01   
7.53353671E+01   
6.11009202E+01   
6.61001200E+01   
6.84936987E+01   
7.11874375E+01   
7.00144029E+01   
7.56731346E+01   
6.55255051E+01   
7.06755351E+01   
7.96881376E+01   
7.04259852E+01   
7.99314863E+01   
7.65127025E+01   
7.95177035E+01   
5.82469494E+01   
7.00286057E+01   
6.89326865E+01   
9.83670734E+01   
7.91786357E+01   
7.28980796E+01   
7.03746749E+01   
6.88569714E+01   
8.07007401E+01   
6.96461292E+01   
6.89366873E+01   
7.09374875E+01   
7.90156031E+01   
6.18616723E+01   
8.04043809E+01   
7.40852170E+01   
7.88782757E+01   
6.82250450E+01   
7.20885177E+01   
8.23425685E+01   
6.78320664E+01   
9.57592519E+01   
8.54590918E+01   
7.04542909E+01   
7.70144029E+01   
7.66538308E+01   
6.68052611E+01   
6.75841168E+01   
7.38725745E+01   
7.05088018E+01   
7.31710342E+01   
6.02720544E+01   
8.12078416E+01   
7.92608522E+01   
7.91910382E+01   
6.77672535E+01   
7.28104621E+01   
6.93513703E+01   
6.76782356E+01   
7.62808562E+01   
6.82776555E+01   
6.42230446E+01   
7.13429686E+01   
8.25600120E+01   
7.22107421E+01   
7.42083417E+01   
7.18236647E+01   
7.52692539E+01   
7.78256651E+01   
7.40781156E+01   
5.76363273E+01   
7.93940788E+01   
5.63830766E+01   
6.60737147E+01   
6.85888178E+01   
7.20152030E+01   
6.71346269E+01   
7.50144029E+01   
7.03678736E+01   
5.88364673E+01   
8.24901980E+01   
6.85362072E+01   
7.66120224E+01   
5.43574715E+01   
6.86745349E+01   
7.44648930E+01   
6.89013803E+01   
6.39029806E+01   
7.09045809E+01   
7.82332466E+01   
6.61759352E+01   
7.76364273E+01   
7.80685137E+01   
7.50148030E+01   
7.59097820E+01   
6.96409282E+01   
6.64936987E+01   
7.51687337E+01   
8.07590518E+01   
7.37125425E+01   
8.61683337E+01   
5.08618724E+01   
7.61224245E+01   
6.83106621E+01   
7.58692739E+01   
6.14970994E+01   
7.06303261E+01   
6.43936787E+01   
7.77774555E+01   
5.14325865E+01   
7.32726545E+01   
7.61082216E+01   
7.01972394E+01   
6.08796759E+01   
7.07485497E+01   
8.02385477E+01   
5.32345469E+01   
5.61872374E+01   
7.78836767E+01   
7.55885177E+01   
6.88597720E+01   
7.51337267E+01   
8.09766953E+01   
7.43456691E+01   
7.52582517E+01   
7.47721544E+01   
7.30946189E+01   
8.10537107E+01   
6.50529106E+01   
7.40521104E+01   
7.68607722E+01   
7.51279256E+01   
6.80882176E+01   
5.20497099E+01   
7.38298660E+01   
6.93032607E+01   
6.75827165E+01   
7.11219244E+01   
7.20148030E+01   
7.28422685E+01   
7.72214443E+01   
6.11829366E+01   
7.56127225E+01   
6.73462693E+01   
6.78506701E+01   
6.51757351E+01   
7.28863773E+01   
6.53278656E+01   
7.38253651E+01   
7.86166233E+01   
6.53194639E+01   
6.40441088E+01   
6.11019204E+01   
7.27237447E+01   
6.54158832E+01   
6.45896179E+01   
6.34604921E+01   
6.79288858E+01   
7.96084217E+01   
7.13890778E+01   
6.59862973E+01   
6.10385077E+01   
6.61389278E+01   
5.61100220E+01   
6.88127626E+01   
6.19637928E+01   
5.50839168E+01   
6.89416883E+01   
6.58753751E+01   
7.00602120E+01   
8.17712543E+01   
6.53877776E+01   
7.86285257E+01   
8.14372875E+01   
6.88061612E+01   
8.59950990E+01   
6.12914583E+01   
7.27011402E+01   
7.70920184E+01   
6.70888178E+01   
6.29407882E+01   
6.60148030E+01   
6.12051410E+01   
7.37737548E+01   
7.39499900E+01   
6.01947389E+01   
6.69817964E+01   
6.20293059E+01   
7.20285057E+01   
8.09696939E+01   
5.21554311E+01   
7.58322665E+01   
6.30422084E+01   
5.60535107E+01   
6.60511102E+01   
7.39276855E+01   
6.90386077E+01   
5.90822164E+01   
7.20120024E+01   
7.89069814E+01   
6.40362072E+01   
6.01122224E+01   
4.80670134E+01   
6.09731946E+01   
7.99168834E+01   
5.30958192E+01   
6.29414883E+01   
6.90290058E+01   
6.20481096E+01   
7.39595919E+01   
6.40392078E+01   
7.19732947E+01   
7.79947990E+01   
5.91009202E+01   
6.50198040E+01   
6.19648930E+01   
7.49736947E+01   
6.90584117E+01   
7.39878976E+01   
9.00126025E+01   
5.70646129E+01   
7.39908982E+01   
7.10140028E+01   
7.10068014E+01   
5.90242048E+01   
5.90120024E+01   
8.50133027E+01   
7.00144029E+01   
6.90078016E+01   
7.30255051E+01   
7.50080016E+01   
7.60048010E+01   
6.30367073E+01   
7.99694939E+01   
6.90275055E+01   
6.80354071E+01   
6.49971994E+01   
6.30222044E+01   
7.00289058E+01   
7.59982997E+01   
6.90018004E+01   
6.09749950E+01   
5.50439088E+01   
7.40763153E+01   
8.19334867E+01   
6.20748150E+01   
7.70397079E+01   
8.69724945E+01   
7.50868174E+01   
6.49221844E+01   
7.30924185E+01   
7.19751950E+01   
7.19719944E+01   
6.40576115E+01   
6.69687938E+01   
6.90965193E+01   
8.17945589E+01   
5.02374475E+01   
7.98587718E+01   
6.70247049E+01   
5.82062412E+01   
7.77883577E+01   
6.11872374E+01   
6.80609122E+01   
6.98772755E+01   
6.80609122E+01   
6.69328866E+01   
6.40959192E+01   
6.40315063E+01   
7.41373275E+01   
8.19280856E+01   
7.39423885E+01   
6.81823365E+01   
8.85591118E+01   
5.32810562E+01   
7.68145629E+01   
5.91720344E+01   
6.61163233E+01   
7.39725945E+01   
5.69494899E+01   
6.61880376E+01   
8.19936987E+01   
7.68112623E+01   
7.30813163E+01   
7.10837167E+01   
7.42056411E+01   
8.27502501E+01   
6.30132026E+01   
5.72140428E+01   
7.47103421E+01   
6.82965593E+01   
7.29370874E+01   
7.79346869E+01   
5.38238648E+01   
7.63958792E+01   
7.36815363E+01   
6.90682136E+01   
5.68688738E+01   
5.43596719E+01   
6.79856971E+01   
7.17456491E+01   
6.31930386E+01   
6.21057211E+01   
7.49836967E+01   
7.11089218E+01   
8.39836967E+01   
6.28213643E+01   
5.73071614E+01   
6.88508702E+01   
7.00814163E+01   
6.19134827E+01   
6.69796959E+01   
7.27359472E+01   
5.14316863E+01   
6.26956391E+01   
6.42270454E+01   
7.23770754E+01   
7.27610522E+01   
6.76812362E+01   
6.54616923E+01   
8.12438488E+01   
8.22526505E+01   
5.11656331E+01   
6.18950790E+01   
6.50507101E+01   
5.93707742E+01   
8.50958192E+01   
7.23416683E+01   
8.65259052E+01   
6.49728946E+01   
6.50559112E+01   
6.90567113E+01   
6.68866773E+01   
7.37980596E+01   
6.00551110E+01   
5.90998200E+01   
7.73672735E+01   
7.46583317E+01   
5.99676935E+01   
6.59213843E+01   
5.69197840E+01   
8.02423485E+01   
6.52930586E+01   
7.39680936E+01   
6.92998600E+01   
7.84422885E+01   
5.97225445E+01   
6.41074215E+01   
5.95510102E+01   
7.16191238E+01   
6.35610122E+01   
7.85195039E+01   
7.96654331E+01   
6.98642729E+01   
8.11709342E+01   
7.18618724E+01   
7.21794359E+01   
5.98533707E+01   
8.30164033E+01   
7.46418284E+01   
5.29057812E+01   
6.36869374E+01   
5.88310662E+01   
7.63550710E+01   
5.88997800E+01   
7.71234247E+01   
6.37300460E+01   
6.28035607E+01   
7.26154231E+01   
6.08398680E+01   
5.52428486E+01   
7.58961792E+01   
5.67184437E+01   
6.36011202E+01   
6.70140028E+01   
6.93135627E+01   
7.22319464E+01   
5.26179236E+01   
7.18925785E+01   
7.66449290E+01   
7.37639528E+01   
6.04461892E+01   
6.36399280E+01   
7.20799160E+01   
7.15091018E+01   
7.52470494E+01   
5.60382076E+01   
8.13684737E+01   
7.14022805E+01   
7.18829766E+01   
7.40132026E+01   
5.93500700E+01   
5.74101820E+01   
9.15411082E+01   
5.27514503E+01   
6.54885977E+01   
7.76991398E+01   
7.86457291E+01   
5.68737748E+01   
5.83587718E+01   
6.10831166E+01   
7.50136027E+01   
8.60136027E+01   
6.48669734E+01   
7.53044609E+01   
8.57323465E+01   
8.09336867E+01   
6.00851170E+01   
6.33052611E+01   
6.82349470E+01   
7.65721144E+01   
6.24590918E+01   
8.22684537E+01   
6.98613723E+01   
6.30680136E+01   
7.84849970E+01   
6.78609722E+01   
6.83196639E+01   
7.12457491E+01   
8.25505101E+01   
6.07923585E+01   
7.09990998E+01   
6.64842969E+01   
6.54605921E+01   
6.54428886E+01   
8.58200640E+01   
6.74946989E+01   
6.64501900E+01   
6.78235647E+01   
7.21197239E+01   
6.88481696E+01   
5.51758352E+01   
6.75984197E+01   
6.35061012E+01   
7.20172034E+01   
8.30871174E+01   
5.99354871E+01   
6.91818364E+01   
6.56727345E+01   
6.36957391E+01   
6.45852170E+01   
5.51854371E+01   
6.61870374E+01   
7.15788158E+01   
7.14872975E+01   
6.45375075E+01   
6.00124025E+01   
7.34559912E+01   
8.23708742E+01   
7.60160032E+01   
7.43865773E+01   
7.53809762E+01   
6.67361472E+01   
6.19201840E+01   
6.22833567E+01   
5.37453491E+01   
6.34902981E+01   
7.21652330E+01   
7.19427886E+01   
7.12674535E+01   
6.73549710E+01   
5.96130226E+01   
7.00692138E+01   
6.17270454E+01   
6.04887978E+01   
6.93968794E+01   
6.42442488E+01   
6.71083217E+01   
6.90120024E+01   
6.51095219E+01   
7.13061612E+01   
7.01119224E+01   
6.90999200E+01   
7.25228046E+01   
7.43149630E+01   
8.60184037E+01   
6.75120024E+01   
5.87166433E+01   
8.66099220E+01   
6.94188838E+01   
7.12182436E+01   
7.70152030E+01   
7.67070414E+01   
6.59420884E+01   
7.90507101E+01   
6.30492098E+01   
6.89096819E+01   
5.28616723E+01   
5.61116223E+01   
8.45448090E+01   
7.75363073E+01   
6.79072815E+01   
6.97602521E+01   
7.30878176E+01   
5.57291458E+01   
7.19359872E+01   
5.58777756E+01   
7.05795159E+01   
6.25763153E+01   
6.64492899E+01   
6.58921784E+01   
7.81334267E+01   
5.93414683E+01   
8.82396479E+01   
7.24572915E+01   
6.26843369E+01   
8.24644929E+01   
7.52132426E+01   
7.05579116E+01   
5.79169834E+01   
6.10120024E+01   
5.95836167E+01   
6.02434487E+01   
7.67055411E+01   
8.33998800E+01   
6.24026805E+01   
6.90858172E+01   
7.62466493E+01   
7.16626325E+01   
6.38333667E+01   
8.38384677E+01   
6.12482496E+01   
6.54872975E+01   
7.32992599E+01   
5.63263653E+01   
7.90972194E+01   
5.06941388E+01   
7.06872374E+01   
6.37685537E+01   
5.12530506E+01   
6.34984997E+01   
7.15017003E+01   
6.65049010E+01   
7.52768554E+01   
6.54954991E+01   
8.05309062E+01   
6.00132026E+01   
6.97615523E+01   
7.35141028E+01   
5.63873775E+01   
6.04045809E+01   
8.37457491E+01   
7.23925785E+01   
7.20306061E+01   
6.88892779E+01   
7.05858172E+01   
6.09336867E+01   
6.74999000E+01   
6.01423285E+01   
6.49773955E+01   
6.84789958E+01   
9.19327866E+01   
4.94495899E+01   
7.75736147E+01   
7.45899180E+01   
7.41694339E+01   
6.04814963E+01   
4.72655531E+01   
7.75516103E+01   
6.25457091E+01   
6.94774955E+01   
6.92802561E+01   
6.65513103E+01   
6.92032406E+01   
6.92826565E+01   
5.99249850E+01   
6.15545109E+01   
5.63780756E+01   
6.41920384E+01   
6.01126225E+01   
7.49121824E+01   
6.89806961E+01   
7.44313863E+01   
7.40164033E+01   
8.09234847E+01   
5.20888178E+01   
7.62126425E+01   
5.86999400E+01   
7.36047209E+01   
6.28704741E+01   
5.68566713E+01   
7.55898180E+01   
7.81592318E+01   
8.32994599E+01   
7.45834167E+01   
7.04445889E+01   
6.41583317E+01   
6.44354871E+01   
7.14322865E+01   
6.30299060E+01   
6.49924985E+01   
5.88891778E+01   
7.25734147E+01   
7.50423085E+01   
6.97201440E+01   
6.34936987E+01   
7.59034807E+01   
5.84561912E+01   
6.41603321E+01   
7.03573715E+01   
7.64649930E+01   
6.49640928E+01   
6.53150630E+01   
8.26542308E+01   
6.58291658E+01   
7.78885777E+01   
5.62286457E+01   
7.21659332E+01   
6.73917784E+01   
7.30960192E+01   
6.36294259E+01   
5.92458492E+01   
6.66218244E+01   
6.18723745E+01   
7.29268854E+01   
7.11043209E+01   
8.10776155E+01   
6.76997399E+01   
7.22694539E+01   
6.95430086E+01   
7.06985397E+01   
7.33885777E+01   
8.42735547E+01   
7.22647530E+01   
6.45322064E+01   
6.08496699E+01   
5.63298660E+01   
6.51351270E+01   
6.21407281E+01   
6.84310862E+01   
5.54097820E+01   
7.10956191E+01   
6.28004601E+01   
7.25042008E+01   
7.48524705E+01   
8.10156031E+01   
7.15366073E+01   
6.88356671E+01   
6.56837367E+01   
6.00200040E+01   
6.84998000E+01   
7.40168034E+01   
6.81827365E+01   
7.28480696E+01   
7.25222044E+01   
6.46745349E+01   
6.70148030E+01   
6.41711342E+01   
7.75202040E+01   
6.58788758E+01   
7.66589318E+01   
6.49491898E+01   
5.57641528E+01   
7.73322665E+01   
6.76721344E+01   
7.43266653E+01   
7.00128026E+01   
6.01491298E+01   
7.28764753E+01   
5.48804761E+01   
7.71887377E+01   
6.72718544E+01   
5.75838168E+01   
6.74158832E+01   
7.37892579E+01   
7.29039808E+01   
5.83630726E+01   
6.32483497E+01   
6.23054611E+01   
6.69000800E+01   
7.33702741E+01   
7.57285457E+01   
7.84081816E+01   
7.79836967E+01   
7.10427085E+01   
7.06326265E+01   
7.27544509E+01   
7.26406281E+01   
7.59307862E+01   
6.66521304E+01   
7.22879576E+01   
6.81881376E+01   
5.40189038E+01   
6.40132026E+01   
7.39119824E+01   
6.05626125E+01   
6.61963393E+01   
6.40445089E+01   
7.87208442E+01   
7.40549110E+01   
7.34152831E+01   
6.24537908E+01   
8.31861372E+01   
7.17084417E+01   
7.18903781E+01   
8.24563913E+01   
9.35117023E+01   
7.61476295E+01   
7.27479496E+01   
7.24441888E+01   
5.99612923E+01   
6.92039408E+01   
6.92510502E+01   
7.71592318E+01   
7.02486497E+01   
7.13164633E+01   
7.27865573E+01   
6.07438488E+01   
6.23990798E+01   
6.83683737E+01   
8.08830766E+01   
6.17893579E+01   
6.99872975E+01   
7.82107421E+01   
8.00383077E+01   
6.90343069E+01   
6.67973595E+01   
7.17842569E+01   
6.36515303E+01   
6.41976395E+01   
6.10354071E+01   
6.77875575E+01   
8.24138828E+01   
7.66275255E+01   
7.70101020E+01   
6.72149430E+01   
6.58121624E+01   
6.32242448E+01   
8.12028406E+01   
7.44239848E+01   
6.71985397E+01   
7.24170834E+01   
7.40132026E+01   
6.66069214E+01   
6.68265653E+01   
7.10140028E+01   
7.38096619E+01   
8.48088618E+01   
6.43977796E+01   
7.06286257E+01   
6.85716143E+01   
5.93118624E+01   
6.69156831E+01   
5.88750750E+01   
6.97314463E+01   
5.92973595E+01   
8.68060612E+01   
7.76839368E+01   
6.57166433E+01   
7.88986797E+01   
7.41269254E+01   
6.24334867E+01   
6.37491498E+01   
6.81226245E+01   
7.38997800E+01   
6.67067413E+01   
7.53773755E+01   
7.28004601E+01   
6.51442288E+01   
7.46678336E+01   
6.92263453E+01   
6.05841168E+01   
6.63004601E+01   
6.53052611E+01   
7.49991998E+01   
6.20909182E+01   
7.21478296E+01   
6.41790358E+01   
8.11013203E+01   
6.77123425E+01   
7.30537107E+01   
6.21033207E+01   
7.89822965E+01   
7.60726145E+01   
7.37422484E+01   
7.43364673E+01   
8.24598920E+01   
8.51503301E+01   
6.80148030E+01   
7.46855371E+01   
7.07854571E+01   
7.82393479E+01   
6.37943589E+01   
8.53461692E+01   
7.36850370E+01   
7.11198240E+01   
7.39304861E+01   
7.82212442E+01   
8.10160032E+01   
8.04969994E+01   
8.59198840E+01   
6.36886377E+01   
6.30108022E+01   
6.45094019E+01   
7.44702941E+01   
6.60527105E+01   
6.68690738E+01   
5.82962593E+01   
6.00128026E+01   
6.57832567E+01   
6.13118624E+01   
8.30950190E+01   
7.19377876E+01   
7.18606721E+01   
6.72459492E+01   
7.13911782E+01   
6.25678136E+01   
7.15509102E+01   
7.59172835E+01   
6.57126425E+01   
6.94810962E+01   
7.39513903E+01   
7.27198440E+01   
8.44870974E+01   
8.46043209E+01   
7.99027806E+01   
7.17095419E+01   
7.11965393E+01   
7.16234247E+01   
8.79310862E+01   
7.19657932E+01   
7.10622124E+01   
6.82527506E+01   
8.66450290E+01   
7.97069414E+01   
6.56912382E+01   
8.49757952E+01   
8.54974995E+01   
7.58464693E+01   
6.49793959E+01   
8.19825965E+01   
7.15317063E+01   
6.68018604E+01   
6.87704541E+01   
6.62309462E+01   
6.72591518E+01   
7.40834167E+01   
6.89267854E+01   
7.15657131E+01   
6.09953991E+01   
6.80310062E+01   
7.40278056E+01   
7.40246049E+01   
8.42343469E+01   
5.80234047E+01   
6.50284057E+01   
5.67472494E+01   
6.30066013E+01   
6.00098020E+01   
7.67616523E+01   
6.95181036E+01   
6.40136027E+01   
7.17628526E+01   
6.97804561E+01   
8.50006001E+01   
7.50144029E+01   
7.37432486E+01   
6.50438088E+01   
7.07624525E+01   
7.97616523E+01   
6.45069014E+01   
6.95053011E+01   
6.17964593E+01   
7.61887377E+01   
6.00766153E+01   
6.40386077E+01   
7.09655931E+01   
6.95267053E+01   
7.12425485E+01   
7.03005601E+01   
7.97250450E+01   
7.05629126E+01   
7.93089618E+01   
7.41299260E+01   
7.13853771E+01   
8.27962593E+01   
8.28933787E+01   
6.41848370E+01   
7.92738548E+01   
6.11490298E+01   
6.94912983E+01   
6.75391078E+01   
7.47524505E+01   
7.01727345E+01   
7.75466093E+01   
8.15890178E+01   
6.79577916E+01   
6.44250850E+01   
6.17233447E+01   
7.70957191E+01   
6.72038408E+01   
7.30172034E+01   
7.87504501E+01   
7.06124225E+01   
6.94913983E+01   
7.82670534E+01   
7.01596319E+01   
7.81347269E+01   
7.09738948E+01   
8.08262653E+01   
7.75892178E+01   
7.59337868E+01   
7.66381276E+01   
7.85756151E+01   
7.82710542E+01   
8.58330666E+01   
9.22013403E+01   
7.11082216E+01   
7.64677936E+01   
7.21929386E+01   
6.02998600E+01   
7.72736547E+01   
7.31666333E+01   
6.16852370E+01   
6.29832967E+01   
7.51493299E+01   
8.55687137E+01   
8.45260052E+01   
7.65675135E+01   
8.05120024E+01   
7.69025805E+01   
5.80707141E+01   
7.59644929E+01   
7.91785357E+01   
6.76170234E+01   
6.32524505E+01   
7.02499500E+01   
6.53435687E+01   
7.82052410E+01   
7.22943589E+01   
7.95771154E+01   
7.24257852E+01   
6.79056811E+01   
8.05600120E+01   
6.54480896E+01   
6.75946189E+01   
7.61403281E+01   
6.88844769E+01   
6.50124025E+01   
5.58690738E+01   
6.52978596E+01   
6.73020604E+01   
7.55952190E+01   
8.23051610E+01   
7.34303861E+01   
7.55907181E+01   
7.87087417E+01   
6.37449490E+01   
8.81955391E+01   
8.25445089E+01   
6.66240248E+01   
7.45337067E+01   
7.16653331E+01   
7.79814963E+01   
7.71421284E+01   
6.38477696E+01   
7.31834367E+01   
6.91373275E+01   
7.07212442E+01   
6.40689138E+01   
8.34865973E+01   
8.60188038E+01   
8.79554911E+01   
7.05402080E+01   
6.81962392E+01   
8.55671134E+01   
8.66495299E+01   
7.71269254E+01   
7.45302060E+01   
6.72042408E+01   
7.86972394E+01   
7.59470894E+01   
6.94148830E+01   
6.33023605E+01   
8.60160032E+01   
7.97164433E+01   
6.16123225E+01   
6.75086017E+01   
5.61185237E+01   
6.95054011E+01   
7.85602120E+01   
8.81834367E+01   
7.31341268E+01   
8.17144429E+01   
8.48029606E+01   
7.34076815E+01   
7.57104421E+01   
7.18810762E+01   
6.88425685E+01   
6.69583917E+01   
7.50696139E+01   
8.07712543E+01   
8.50973195E+01   
6.97877576E+01   
7.49391878E+01   
6.00143029E+01   
8.37163433E+01   
8.07718544E+01   
7.21056211E+01   
9.08510702E+01   
7.74948990E+01   
8.47080416E+01   
8.43287658E+01   
8.05291058E+01   
7.53267654E+01   
7.76395279E+01   
6.62051410E+01   
6.97659532E+01   
7.98859772E+01   
6.67000400E+01   
8.84086817E+01   
7.33900780E+01   
7.64441888E+01   
7.73311662E+01   
6.14385877E+01   
7.67505501E+01   
7.37473495E+01   
6.35950190E+01   
5.55505101E+01   
8.44758952E+01   
7.03311662E+01   
7.83319664E+01   
7.33764753E+01   
6.82048410E+01   
7.49041808E+01   
6.42104421E+01   
7.46555311E+01   
8.66948390E+01   
8.67961592E+01   
9.50930186E+01   
8.64442889E+01   
8.40168034E+01   
7.20485097E+01   
6.71071214E+01   
6.56005201E+01   
7.23953791E+01   
6.76619324E+01   
7.89882977E+01   
8.04138828E+01   
7.49420884E+01   
7.40819164E+01   
7.56438288E+01   
8.13407682E+01   
7.70144029E+01   
6.43419684E+01   
8.16063213E+01   
9.20502100E+01   
6.77303461E+01   
8.06973395E+01   
7.79897980E+01   
6.86949390E+01   
7.39686937E+01   
6.67654531E+01   
5.49742949E+01   
6.36759352E+01   
7.63496699E+01   
7.96688338E+01   
7.06895379E+01   
7.33458692E+01   
7.80148030E+01   
7.56808362E+01   
7.13518704E+01   
7.43507702E+01   
7.76812362E+01   
7.56670334E+01   
7.50290058E+01   
7.30065013E+01   
7.46776355E+01   
7.60485097E+01   
8.19921984E+01   
7.33392679E+01   
7.70144029E+01   
7.77082416E+01   
7.86597319E+01   
8.00522104E+01   
7.16374275E+01   
9.48006601E+01   
8.75466093E+01   
7.16489298E+01   
7.20614123E+01   
8.00144029E+01   
7.96991398E+01   
9.07856571E+01   
9.28720744E+01   
7.41671334E+01   
8.79238848E+01   
7.49497900E+01   
6.89449890E+01   
6.37725545E+01   
6.23232647E+01   
7.66297259E+01   
7.58611722E+01   
8.12434487E+01   
7.26672334E+01   
8.06664333E+01   
7.91014203E+01   
8.34094819E+01   
7.93200640E+01   
7.71759352E+01   
6.38576715E+01   
8.48171634E+01   
7.60631126E+01   
6.57670534E+01   
7.30152030E+01   
7.01479296E+01   
6.91785357E+01   
6.49572915E+01   
7.07187437E+01   
6.73671734E+01   
7.53072615E+01   
6.77215443E+01   
8.27231446E+01   
7.73056611E+01   
7.01730346E+01   
7.01446289E+01   
6.64374875E+01   
7.95098020E+01   
7.80180036E+01   
7.77319464E+01   
8.24434887E+01   
7.08785757E+01   
8.93591718E+01   
7.73715743E+01   
7.64498900E+01   
8.01382276E+01   
6.76912382E+01   
9.00168034E+01   
7.45737147E+01   
7.80423085E+01   
7.97112422E+01   
8.98258652E+01   
9.11190238E+01   
8.71914383E+01   
8.31067213E+01   
7.77462492E+01   
8.45626125E+01   
9.02888578E+01   
8.61929386E+01   
7.71889378E+01   
7.50341068E+01   
8.57748550E+01   
9.41604321E+01   
8.31821364E+01   
7.48498700E+01   
7.49132827E+01   
8.09108822E+01   
7.52768554E+01   
6.15377075E+01   
6.99179836E+01   
7.86914383E+01   
7.95341068E+01   
8.07531506E+01   
7.51255251E+01   
6.90973195E+01   
8.37345469E+01   
9.62113423E+01   
7.78762753E+01   
8.60164033E+01   
7.67481496E+01   
8.25375075E+01   
6.82594519E+01   
8.22692539E+01   
9.31415283E+01   
8.83907782E+01   
7.50216043E+01   
8.62590518E+01   
7.61439288E+01   
7.80160032E+01   
7.95073015E+01   
5.95041008E+01   
7.31467293E+01   
7.88788758E+01   
7.85581116E+01   
9.49134827E+01   
8.87421484E+01   
7.69773955E+01   
7.38177636E+01   
8.20180036E+01   
9.19685937E+01   
8.75411082E+01   
7.45443089E+01   
9.31061212E+01   
7.62504501E+01   
7.68469694E+01   
8.52520504E+01   
8.86427285E+01   
8.16253251E+01   
8.47089418E+01   
7.06373275E+01   
9.13209642E+01   
8.27714543E+01   
7.27855571E+01   
8.01739348E+01   
7.14993999E+01   
8.28556711E+01   
8.44051810E+01   
7.53570714E+01   
8.71230246E+01   
8.16268254E+01   
7.96260252E+01   
7.33049610E+01   
9.75811162E+01   
1.00458092E+02   
8.88019604E+01   
8.22793559E+01   
8.30978196E+01   
8.05069014E+01   
9.26625325E+01   
7.23327666E+01   
8.08815763E+01   
8.49577916E+01   
8.99231846E+01   
8.78043609E+01   
7.42011402E+01   
8.74565913E+01   
6.64091818E+01   
7.75810162E+01   
8.63978796E+01   
9.02534507E+01   
8.20027005E+01   
7.58329666E+01   
7.83957792E+01   
9.20058012E+01   
8.28367674E+01   
7.58139628E+01   
8.16156231E+01   
6.96148230E+01   
8.12171434E+01   
8.56148230E+01   
7.90077015E+01   
8.88373675E+01   
9.20184037E+01   
8.64211842E+01   
8.29869974E+01   
7.04004801E+01   
8.56092218E+01   
7.86303261E+01   
9.12048410E+01   
7.94964993E+01   
8.87753551E+01   
8.40766153E+01   
8.49250850E+01   
8.74554911E+01   
1.00867473E+02   
7.51669334E+01   
7.69373875E+01   
7.01545309E+01   
6.73245649E+01   
8.30615123E+01   
8.09696939E+01   
8.42455491E+01   
8.70687137E+01   
7.57325465E+01   
8.13050610E+01   
1.01137728E+02   
8.34878976E+01   
8.33688738E+01   
8.09062813E+01   
7.79954991E+01   
7.42165433E+01   
8.18789758E+01   
7.95730146E+01   
8.52122424E+01   
7.65047009E+01   
7.56134227E+01   
6.97546509E+01   
8.63488698E+01   
7.60967193E+01   
8.15179036E+01   
9.28523705E+01   
8.77640528E+01   
8.29454891E+01   
9.47632527E+01   
9.25992198E+01   
8.09200840E+01   
8.57958592E+01   
9.60769154E+01   
7.49128826E+01   
9.40148030E+01   
9.49658932E+01   
6.80176035E+01   
8.18623725E+01   
9.15956191E+01   
7.87107421E+01   
8.36309262E+01   
9.41684337E+01   
8.57131426E+01   
8.27428486E+01   
7.89922985E+01   
8.81885377E+01   
6.77372474E+01   
8.18361672E+01   
8.19114823E+01   
7.57215443E+01   
7.08695739E+01   
7.20111022E+01   
8.53031606E+01   
9.70192038E+01   
9.30235047E+01   
9.72894579E+01   
7.88846769E+01   
8.92841568E+01   
8.34602921E+01   
7.12924585E+01   
7.17419484E+01   
8.68811762E+01   
9.43969794E+01   
7.75800160E+01   
7.96115223E+01   
8.23506701E+01   
9.15469094E+01   
8.03187638E+01   
8.00168034E+01   
7.70168034E+01   
8.51456291E+01   
8.14519904E+01   
9.38166633E+01   
8.22161432E+01   
1.06448590E+02   
1.02833867E+02   
8.15846169E+01   
7.98833767E+01   
8.56479296E+01   
8.67000400E+01   
9.26539308E+01   
9.57787558E+01   
9.36165233E+01   
7.86940388E+01   
8.42211442E+01   
9.41083217E+01   
8.71581316E+01   
9.29003801E+01   
8.79019804E+01   
8.33467694E+01   
8.61312262E+01   
8.31255251E+01   
8.74652931E+01   
8.21276255E+01   
8.79067814E+01   
7.89083817E+01   
8.32479496E+01   
8.32169434E+01   
8.82698540E+01   
8.28900780E+01   
7.31989398E+01   
7.79402881E+01   
7.83264653E+01   
7.26680336E+01   
8.46494299E+01   
9.54232847E+01   
8.54168834E+01   
9.24717944E+01   
9.19077816E+01   
8.68195639E+01   
8.72743549E+01   
9.17584517E+01   
9.36355271E+01   
9.38500700E+01   
8.53763753E+01   
7.83892779E+01   
7.35608122E+01   
7.95600120E+01   
8.61975395E+01   
9.49342869E+01   
1.02022004E+02   
9.10941188E+01   
7.84731946E+01   
1.00103621E+02   
7.01876375E+01   
9.89969994E+01   
9.25746149E+01   
8.72654531E+01   
9.39748950E+01   
9.10988198E+01   
8.23951790E+01   
9.11776355E+01   
8.86199240E+01   
9.27944589E+01   
8.73231646E+01   
9.75576115E+01   
9.65568114E+01   
9.91799360E+01   
9.57987598E+01   
9.27605521E+01   
9.41887377E+01   
7.50200040E+01   
8.85897179E+01   
7.82671534E+01   
9.72031406E+01   
8.60361072E+01   
7.24119824E+01   
8.21455291E+01   
8.79531906E+01   
8.76844369E+01   
8.16156231E+01   
1.05569114E+02   
1.03338868E+02   
1.01862072E+02   
1.01990698E+02   
9.97948590E+01   
8.75476095E+01   
8.32540508E+01   
6.90724145E+01   
8.06675335E+01   
8.57168434E+01   
8.33751750E+01   
7.97963593E+01   
9.77652531E+01   
8.62755551E+01   
9.56524305E+01   
9.58623725E+01   
8.51232246E+01   
1.04443589E+02   
9.41196239E+01   
9.27384477E+01   
7.59671934E+01   
8.99687938E+01   
8.60168034E+01   
8.70168034E+01   
7.91512302E+01   
8.09703941E+01   
7.89287858E+01   
8.80592118E+01   
8.43287658E+01   
8.81420284E+01   
7.94971994E+01   
8.89391878E+01   
9.03264653E+01   
7.46367273E+01   
8.53152631E+01   
9.86543309E+01   
1.02751250E+02   
8.00172034E+01   
9.13995799E+01   
1.04470794E+02   
1.05665233E+02   
8.43459692E+01   
9.70524105E+01   
9.81692338E+01   
1.03387578E+02   
9.84787958E+01   
9.12124425E+01   
8.00692138E+01   
7.58355671E+01   
9.86568314E+01   
7.70400080E+01   
8.72947590E+01   
1.01157231E+02   
1.01420784E+02   
8.46568314E+01   
9.55264053E+01   
8.64679936E+01   
8.65272054E+01   
9.39823965E+01   
9.35612122E+01   
9.59371874E+01   
1.00066813E+02   
9.95260052E+01   
9.20320064E+01   
9.54599920E+01   
8.55752150E+01   
9.15120024E+01   
9.19867974E+01   
9.69915983E+01   
1.11544809E+02   
9.40448090E+01   
8.80112022E+01   
8.55480096E+01   
9.95184037E+01   
7.24935987E+01   
9.05248050E+01   
8.20176035E+01   
9.25116023E+01   
9.20292058E+01   
8.95072014E+01   
1.03522404E+02   
1.05520004E+02   
8.70152030E+01   
9.50320064E+01   
9.55016003E+01   
9.25272054E+01   
9.85264053E+01   
9.74951990E+01   
8.90360072E+01   
9.39975995E+01   
1.00104821E+02   
8.44243849E+01   
8.65404081E+01   
1.08039208E+02   
8.29079816E+01   
7.40720144E+01   
1.08092819E+02   
8.44731946E+01   
8.85540108E+01   
9.09743949E+01   
8.65256051E+01   
9.30684137E+01   
9.04939988E+01   
1.06019204E+02   
9.34519904E+01   
9.45264053E+01   
9.20792158E+01   
9.74867974E+01   
9.49955991E+01   
8.60868174E+01   
9.33875775E+01   
7.96516303E+01   
8.83531706E+01   
9.52256451E+01   
1.07020804E+02   
1.00450790E+02   
9.60188038E+01   
8.79299860E+01   
7.88339668E+01   
8.32924585E+01   
9.42108422E+01   
9.67939588E+01   
1.03602020E+02   
1.14606021E+02   
8.07051410E+01   
1.04230846E+02   
9.81668334E+01   
1.03985197E+02   
9.55412082E+01   
9.17479496E+01   
8.74967994E+01   
8.44143829E+01   
9.96385277E+01   
9.78690738E+01   
8.87516503E+01   
1.07584417E+02   
8.63179636E+01   
9.27212442E+01   
1.15728446E+02   
1.17834367E+02   
1.01447990E+02   
1.08067614E+02   
9.61684337E+01   
9.80431086E+01   
1.05168034E+02   
9.49647930E+01   
8.19631926E+01   
9.12832567E+01   
8.49103821E+01   
1.09238448E+02   
9.24927986E+01   
9.48499700E+01   
9.38924785E+01   
1.02906381E+02   
9.51992398E+01   
1.04963993E+02   
1.07962392E+02   
1.06960792E+02   
9.36471294E+01   
9.89276855E+01   
9.42339468E+01   
1.07148030E+02   
1.01684037E+02   
1.01023905E+02   
1.12020104E+02   
1.07022004E+02   
9.40747149E+01   
8.86908382E+01   
1.06976495E+02   
9.13118624E+01   
9.88081616E+01   
1.10269954E+02   
9.58011602E+01   
1.06631226E+02   
9.83327666E+01   
1.00474895E+02   
1.17100420E+02   
1.10403481E+02   
8.80180036E+01   
9.94932987E+01   
1.05482797E+02   
9.69415883E+01   
1.10450290E+02   
1.13428086E+02   
9.75616123E+01   
9.94783957E+01   
9.75959192E+01   
1.02158132E+02   
9.83059612E+01   
1.02301960E+02   
8.86500300E+01   
1.06741248E+02   
9.57523505E+01   
1.01202340E+02   
7.99264853E+01   
1.05295659E+02   
9.98258652E+01   
9.79372875E+01   
1.08114023E+02   
9.80441088E+01   
1.06996699E+02   
1.05956091E+02   
1.10535907E+02   
1.20667634E+02   
9.43723745E+01   
1.00120024E+02   
1.12121624E+02   
1.00919984E+02   
9.03038608E+01   
9.58764753E+01   
9.91941388E+01   
9.46039208E+01   
1.17312162E+02   
1.04515003E+02   
1.08893679E+02   
1.06143129E+02   
9.22360472E+01   
8.30267053E+01   
1.02123725E+02   
1.06131526E+02   
9.41259252E+01   
9.84741948E+01   
9.71356271E+01   
1.00450690E+02   
9.59220844E+01   
1.00115523E+02   
1.07044509E+02   
1.08816463E+02   
1.12432286E+02   
9.51396279E+01   
1.00261252E+02   
9.88582717E+01   
8.74575915E+01   
9.53137628E+01   
9.83383677E+01   
9.83359672E+01   
8.69590918E+01   
9.04593919E+01   
1.04138228E+02   
9.36537307E+01   
9.18174635E+01   
9.57901580E+01   
1.02975695E+02   
1.10068314E+02   
9.51034207E+01   
8.69784957E+01   
9.16558312E+01   
9.79493899E+01   
1.07557311E+02   
1.12319964E+02   
9.79094819E+01   
9.63127626E+01   
9.96866373E+01   
9.54853971E+01   
8.66126225E+01   
9.52627526E+01   
1.15318264E+02   
1.03584917E+02   
1.11450390E+02   
1.20165733E+02   
1.01588618E+02   
9.64402881E+01   
1.04171734E+02   
9.27271454E+01   
1.00180936E+02   
1.13596019E+02   
1.13596819E+02   
1.22573915E+02   
1.06294759E+02   
1.03746049E+02   
1.15324465E+02   
1.20056911E+02   
1.15410282E+02   
1.07289958E+02   
1.05218944E+02   
9.99317864E+01   
1.09116223E+02   
1.00024005E+02   
1.06811062E+02   
9.99184837E+01   
1.18602420E+02   
1.06638228E+02   
9.51800360E+01   
9.78567714E+01   
1.10344869E+02   
1.07766053E+02   
1.20768454E+02   
1.01273955E+02   
1.00021204E+02   
1.09775455E+02   
1.16346869E+02   
9.86945389E+01   
1.11928686E+02   
1.11871774E+02   
1.14239348E+02   
1.12877776E+02   
1.07398180E+02   
1.06339568E+02   
1.20565413E+02   
1.14020404E+02   
9.90766153E+01   
1.09610522E+02   
1.23795159E+02   
1.22026805E+02   
1.10592919E+02   
9.22004401E+01   
9.68882777E+01   
1.08381676E+02   
8.91078216E+01   
9.82567514E+01   
9.91034207E+01   
1.15498300E+02   
9.76906381E+01   
1.11649530E+02   
1.12363373E+02   
1.04460292E+02   
1.21833167E+02   
1.10210842E+02   
1.01617223E+02   
1.04874975E+02   
9.84215843E+01   
1.08999300E+02   
1.23955591E+02   
1.07082817E+02   
9.40430086E+01   
1.05985497E+02   
9.36354271E+01   
9.34187838E+01   
1.05807061E+02   
1.22424685E+02   
1.10820064E+02   
1.11818264E+02   
1.10228246E+02   
9.66061212E+01   
1.08440288E+02   
1.19849470E+02   
1.10799360E+02   
1.07378476E+02   
9.40172034E+01   
1.06260652E+02   
1.12417984E+02   
1.19856971E+02   
1.01581416E+02   
1.02995099E+02   
1.26342869E+02   
1.18997900E+02   
1.10536107E+02   
1.18481796E+02   
1.05951790E+02   
1.07842869E+02   
1.15277355E+02   
1.03632426E+02   
1.18806761E+02   
1.00322164E+02   
1.03115423E+02   
1.10922985E+02   
9.97338468E+01   
9.64179836E+01   
8.57394479E+01   
1.14855271E+02   
1.20021604E+02   
1.12021604E+02   
1.08795959E+02   
1.02794359E+02   
1.14792759E+02   
1.04949090E+02   
1.03474895E+02   
1.13937387E+02   
1.05563213E+02   
1.07252651E+02   
1.00625825E+02   
1.04331366E+02   
1.11869674E+02   
1.01637628E+02   
1.10256051E+02   
1.04403581E+02   
1.16258052E+02   
1.09022004E+02   
1.17641228E+02   
1.07402781E+02   
1.02122124E+02   
1.17717644E+02   
1.00605421E+02   
1.04839568E+02   
9.93117624E+01   
1.13291458E+02   
1.21357572E+02   
1.29553311E+02   
1.09631426E+02   
1.21682637E+02   
1.15384977E+02   
1.31381376E+02   
1.22781956E+02   
1.14899080E+02   
1.11646629E+02   
1.13153331E+02   
1.27904481E+02   
1.16280056E+02   
1.07364373E+02   
1.09413783E+02   
1.27767153E+02   
1.08650830E+02   
1.06249850E+02   
1.10649630E+02   
9.80208042E+01   
1.09130726E+02   
9.44325865E+01   
1.16914883E+02   
1.31810962E+02   
1.19762753E+02   
1.02072915E+02   
1.15447790E+02   
1.25820564E+02   
1.03693739E+02   
1.44358272E+02   
1.22757952E+02   
1.19197339E+02   
1.20600320E+02   
1.19818864E+02   
1.13848670E+02   
1.12120424E+02   
1.13747049E+02   
1.26206941E+02   
1.14122625E+02   
1.22825965E+02   
1.16677936E+02   
1.27026405E+02   
1.24276955E+02   
1.17054311E+02   
1.13549810E+02   
1.17464293E+02   
1.18865373E+02   
1.13616923E+02   
9.99448890E+01   
1.32930086E+02   
1.28472695E+02   
1.21088718E+02   
1.12669634E+02   
1.11307662E+02   
1.34320064E+02   
1.25791858E+02   
1.20309662E+02   
1.08442288E+02   
1.13181836E+02   
1.25479496E+02   
1.15274855E+02   
1.31083117E+02   
1.20255351E+02   
1.11728746E+02   
1.09136627E+02   
1.18388478E+02   
1.20487397E+02   
1.13130626E+02   
1.10073515E+02   
1.15268154E+02   
1.09071914E+02   
1.11817363E+02   
1.09827566E+02   
1.05161332E+02   
1.11961192E+02   
1.11640628E+02   
1.23460492E+02   
1.28458192E+02   
1.06371974E+02   
1.10142128E+02   
1.16675235E+02   
1.22676035E+02   
1.18641328E+02   
1.09299760E+02   
1.20091818E+02   
1.25023205E+02   
1.21274655E+02   
1.21085417E+02   
1.18709542E+02   
1.23311362E+02   
1.18657331E+02   
1.16417784E+02   
1.09976995E+02   
1.10456391E+02   
1.22554211E+02   
1.27808262E+02   
1.22645029E+02   
1.39094819E+02   
1.21293559E+02   
1.00438288E+02   
1.17286457E+02   
1.21323065E+02   
1.16432987E+02   
1.26947089E+02   
1.20064013E+02   
1.21999100E+02   
1.29335167E+02   
1.16750650E+02   
1.19336767E+02   
1.31008102E+02   
1.36041008E+02   
1.25355971E+02   
1.15023505E+02   
1.25689438E+02   
1.30682537E+02   
1.12713043E+02   
1.24669934E+02   
1.32028906E+02   
1.21669734E+02   
1.31395279E+02   
1.05685937E+02   
1.28991298E+02   
1.43754951E+02   
1.19959492E+02   
1.24081616E+02   
1.27962392E+02   
1.13659832E+02   
1.19476695E+02   
1.29968894E+02   
1.20392579E+02   
1.19567814E+02   
1.32089518E+02   
1.19470894E+02   
1.48678336E+02   
1.35757451E+02   
1.33186137E+02   
1.15023205E+02   
1.27407381E+02   
1.17474795E+02   
1.23641428E+02   
1.23959392E+02   
1.38452691E+02   
1.26561212E+02   
1.35061712E+02   
1.31423385E+02   
1.25667133E+02   
1.14541608E+02   
1.18149530E+02   
1.37519204E+02   
1.32123825E+02   
1.32618224E+02   
1.20476295E+02   
1.40901680E+02   
1.54297059E+02   
1.36661132E+02   
1.27503201E+02   
1.34129826E+02   
1.23862072E+02   
1.32559612E+02   
1.27283857E+02   
1.21652731E+02   
1.25066313E+02   
1.37223745E+02   
1.28720244E+02   
1.22523905E+02   
1.17585817E+02   
1.38089318E+02   
1.42780556E+02   
1.38823665E+02   
1.11402480E+02   
1.30024005E+02   
1.38237948E+02   
1.38790958E+02   
1.29734347E+02   
1.23165533E+02   
1.25191238E+02   
1.32871074E+02   
1.28719644E+02   
1.32720444E+02   
1.23172134E+02   
1.35800960E+02   
1.34554211E+02   
1.41277956E+02   
1.21380376E+02   
1.51979996E+02   
1.38459292E+02   
1.27845769E+02   
1.42565113E+02   
1.27662332E+02   
1.11838568E+02   
1.33210242E+02   
1.23215043E+02   
1.43339568E+02   
1.24014803E+02   
1.51824965E+02   
1.32728046E+02   
1.39327966E+02   
1.40421284E+02   
1.28829766E+02   
1.37413283E+02   
1.44064013E+02   
1.32494599E+02   
1.38082016E+02   
1.34858672E+02   
1.36653131E+02   
1.50995899E+02   
1.27058512E+02   
1.42256251E+02   
1.28450990E+02   
1.27551810E+02   
1.52734347E+02   
1.61500600E+02   
1.41376075E+02   
1.50514503E+02   
1.49201840E+02   
1.44862973E+02   
1.47490198E+02   
1.51650830E+02   
1.45630126E+02   
1.44165633E+02   
1.35124825E+02   
1.35580616E+02   
1.36789458E+02   
1.33046509E+02   
1.24831966E+02   
1.46621224E+02   
1.38287758E+02   
1.65585317E+02   
1.28337367E+02   
1.34179936E+02   
1.23739648E+02   
1.29741548E+02   
1.39591718E+02   
1.21738048E+02   
1.41317063E+02   
1.26173735E+02   
1.33758352E+02   
1.30445789E+02   
1.42310762E+02   
1.43851170E+02   
1.25204041E+02   
1.43027606E+02   
1.30433387E+02   
1.29779556E+02   
1.38150230E+02   
1.38867073E+02   
1.58348670E+02   
1.18307562E+02   
1.48912983E+02   
1.41575915E+02   
1.35151030E+02   
1.46414983E+02   
1.46639428E+02   
1.48580716E+02   
1.45920984E+02   
1.48716543E+02   
1.38166133E+02   
1.53174635E+02   
1.54703241E+02   
1.35928186E+02   
1.36109522E+02   
1.56577115E+02   
1.31487598E+02   
1.45298060E+02   
1.50484897E+02   
1.53854771E+02   
1.36193139E+02   
1.50229846E+02   
1.46800460E+02   
1.67099920E+02   
1.53513703E+02   
1.24755651E+02   
1.31141528E+02   
1.35640928E+02   
1.38879176E+02   
1.39885577E+02   
1.33848370E+02   
1.46285057E+02   
1.50364573E+02   
1.54094219E+02   
1.65708142E+02   
1.51018504E+02   
1.30741348E+02   
1.39345769E+02   
1.43379676E+02   
1.39913983E+02   
1.51238148E+02   
1.59556311E+02   
1.41766453E+02   
1.36603721E+02   
1.49289158E+02   
1.49672835E+02   
1.41514603E+02   
1.53024705E+02   
1.57469094E+02   
1.53213943E+02   
1.47486997E+02   
1.23396979E+02   
1.59190238E+02   
1.63688338E+02   
1.64451290E+02   
1.77352771E+02   
1.48774055E+02   
1.63491098E+02   
1.62059412E+02   
1.33895479E+02   
1.24769254E+02   
1.49453091E+02   
1.41342569E+02   
1.41990798E+02   
1.53997199E+02   
1.65285557E+02   
1.50803661E+02   
1.39028806E+02   
1.54495899E+02   
1.37813663E+02   
1.37040808E+02   
1.51760252E+02   
1.42284157E+02   
1.60527706E+02   
1.68029606E+02   
1.56784657E+02   
1.64781856E+02   
1.71301960E+02   
1.34228146E+02   
1.60065413E+02   
1.25983397E+02   
1.37081416E+02   
1.62045409E+02   
1.58497499E+02   
1.51767854E+02   
1.50220944E+02   
1.35875475E+02   
1.43724245E+02   
1.57629326E+02   
1.57498500E+02   
1.45224345E+02   
1.51569914E+02   
1.61060212E+02   
1.60517504E+02   
1.52273955E+02   
1.69099220E+02   
1.64928586E+02   
1.63585517E+02   
1.47714843E+02   
1.59829866E+02   
1.46271154E+02   
1.51748650E+02   
1.44313763E+02   
1.38083117E+02   
1.51551610E+02   
1.50746249E+02   
1.51878176E+02   
1.41607121E+02   
1.56139228E+02   
1.79673735E+02   
1.52045809E+02   
1.42142428E+02   
1.54679336E+02   
1.50608622E+02   
1.44283257E+02   
1.62098620E+02   
1.79905181E+02   
1.77163633E+02   
1.62963793E+02   
1.46512002E+02   
1.61016703E+02   
1.64107421E+02   
1.59879576E+02   
1.61417984E+02   
1.75423585E+02   
1.63331466E+02   
1.65094319E+02   
1.48198440E+02   
1.55858372E+02   
1.62976895E+02   
1.71798460E+02   
1.57902681E+02   
1.86982096E+02   
1.49897479E+02   
1.43386877E+02   
1.60126625E+02   
1.43705841E+02   
1.50804461E+02   
1.45721744E+02   
1.51217744E+02   
1.60466793E+02   
1.64257552E+02   
1.80034007E+02   
1.61812763E+02   
1.51143029E+02   
1.44247850E+02   
1.71384377E+02   
1.76140528E+02   
1.53119624E+02   
1.45249150E+02   
1.52955191E+02   
1.56787558E+02   
1.65374975E+02   
1.60848970E+02   
1.61433787E+02   
1.50726745E+02   
1.44377275E+02   
1.48775255E+02   
1.91167033E+02   
1.82931086E+02   
1.70550410E+02   
1.49987097E+02   
1.50814863E+02   
1.49458692E+02   
1.33815263E+02   
1.65826465E+02   
1.70740748E+02   
1.65692238E+02   
1.71283657E+02   
1.78001900E+02   
1.61151830E+02   
1.73832967E+02   
1.81545909E+02   
1.69035607E+02   
1.68505201E+02   
1.90727846E+02   
1.64337768E+02   
1.59571614E+02   
1.59035607E+02   
1.66362673E+02   
1.67123625E+02   
1.75413383E+02   
1.84242749E+02   
1.78448290E+02   
1.64240748E+02   
1.87623325E+02   
1.70471194E+02   
1.59032406E+02   
1.76558612E+02   
1.55710142E+02   
1.68863873E+02   
1.57168734E+02   
1.77846969E+02   
1.69832066E+02   
1.80832867E+02   
1.76856771E+02   
1.66012503E+02   
1.78630426E+02   
1.74642829E+02   
1.90433987E+02   
1.65425985E+02   
1.65248250E+02   
1.69235947E+02   
1.76433487E+02   
1.87629826E+02   
1.91849570E+02   
1.67234347E+02   
1.82036807E+02   
1.87785557E+02   
1.81679936E+02   
1.87427085E+02   
1.67596319E+02   
1.76279356E+02   
1.87480896E+02   
1.69366073E+02   
1.49195239E+02   
1.60748250E+02   
1.80652931E+02   
1.76154931E+02   
2.11468594E+02   
1.85217944E+02   
1.77124225E+02   
1.70282156E+02   
1.73413483E+02   
1.75322565E+02   
1.63741448E+02   
1.65032006E+02   
1.95389678E+02   
1.97095919E+02   
1.85106921E+02   
1.87347369E+02   
1.95974495E+02   
1.69036807E+02   
1.98359772E+02   
1.72945089E+02   
1.86506801E+02   
1.86372074E+02   
1.79185037E+02   
1.89746049E+02   
1.69119524E+02   
1.83528406E+02   
1.65864973E+02   
1.46664133E+02   
2.01648630E+02   
1.68866373E+02   
1.83034707E+02   
1.74666233E+02   
1.84056211E+02   
1.97205241E+02   
1.90697239E+02   
1.75452791E+02   
1.94063513E+02   
1.95217143E+02   
2.00324665E+02   
1.92929286E+02   
1.67635427E+02   
1.80731246E+02   
1.91043709E+02   
1.98563713E+02   
2.02102721E+02   
1.82728646E+02   
2.06282657E+02   
1.92212743E+02   
1.86991598E+02   
1.81649030E+02   
1.96778056E+02   
1.88770554E+02   
1.98271454E+02   
1.94143629E+02   
1.92722144E+02   
1.79945189E+02   
1.81382276E+02   
2.00405081E+02   
1.85058012E+02   
1.70844069E+02   
2.15341068E+02   
1.93025605E+02   
1.99586217E+02   
1.87519404E+02   
2.03534207E+02   
1.94211942E+02   
2.23863673E+02   
1.97874875E+02   
1.97541008E+02   
2.02874875E+02   
1.96206741E+02   
1.98361872E+02   
2.01719744E+02   
1.65341468E+02   
2.00412282E+02   
1.90022805E+02   
1.86996799E+02   
1.92966093E+02   
1.87128726E+02   
1.81360672E+02   
1.91197540E+02   
2.17135227E+02   
2.02453791E+02   
1.88235147E+02   
1.94239148E+02   
1.85795659E+02   
1.85445089E+02   
2.02151530E+02   
1.85462593E+02   
1.90717443E+02   
2.00830066E+02   
1.83297459E+02   
2.03313163E+02   
1.83637227E+02   
2.05978196E+02   
1.96153431E+02   
1.85638628E+02   
2.00574215E+02   
2.00107321E+02   
1.96817964E+02   
1.93965293E+02   
1.86799160E+02   
1.91188338E+02   
1.86664233E+02   
2.15975295E+02   
1.97283957E+02   
1.97066213E+02   
2.00719544E+02   
1.99149030E+02   
2.19888878E+02   
2.06693439E+02   
2.23639328E+02   
2.10810262E+02   
1.99458792E+02   
2.01002501E+02   
2.20778456E+02   
1.78804361E+02   
1.97300360E+02   
2.03841068E+02   
1.82042008E+02   
2.09042008E+02   
2.02493299E+02   
1.97024905E+02   
1.98339768E+02   
2.09878276E+02   
2.19478496E+02   
1.97752951E+02   
2.21757251E+02   
1.78315363E+02   
2.09202340E+02   
2.11460492E+02   
2.25065413E+02   
2.57343169E+02   
2.18679636E+02   
2.09817263E+02   
2.20812362E+02   
2.10390278E+02   
2.21544509E+02   
2.07847069E+02   
1.99595319E+02   
2.34704041E+02   
1.87985397E+02   
1.96710042E+02   
2.17132627E+02   
2.13367173E+02   
2.15081716E+02   
2.34934887E+02   
2.48995099E+02   
2.41317864E+02   
2.34191238E+02   
2.17309062E+02   
2.08843069E+02   
2.28115723E+02   
2.09752751E+02   
2.20925585E+02   
2.18859072E+02   
2.20964293E+02   
2.18259252E+02   
2.24131226E+02   
2.21389978E+02   
2.14134927E+02   
2.23657031E+02   
2.12758352E+02   
2.39332867E+02   
2.26964493E+02   
1.90314863E+02   
2.16094719E+02   
2.43541108E+02   
2.41439188E+02   
2.51163733E+02   
2.27173535E+02   
2.45921484E+02   
2.30044609E+02   
1.99409182E+02   
2.17789358E+02   
1.98296859E+02   
2.16040408E+02   
2.24199540E+02   
2.12046409E+02   
2.07290258E+02   
2.09139328E+02   
2.20740648E+02   
2.47808162E+02   
2.41456891E+02   
2.45643929E+02   
2.27257552E+02   
2.26272755E+02   
2.27114123E+02   
2.39267153E+02   
2.16109322E+02   
2.35337167E+02   
1.96220144E+02   
2.42358172E+02   
2.37913183E+02   
2.21857071E+02   
2.24541008E+02   
2.15623625E+02   
2.53210442E+02   
2.75023505E+02   
2.52106621E+02   
2.43821764E+02   
2.17746449E+02   
2.46014603E+02   
2.20511002E+02   
2.25597920E+02   
2.28943089E+02   
2.29040308E+02   
2.54604621E+02   
2.89483397E+02   
2.24164633E+02   
2.31513903E+02   
2.33907882E+02   
2.37785557E+02   
2.46464993E+02   
2.55944889E+02   
2.46666033E+02   
2.29297359E+02   
2.31330666E+02   
2.57300960E+02   
2.33683537E+02   
2.34095919E+02   
2.34838968E+02   
2.67107522E+02   
2.42140028E+02   
2.35357371E+02   
2.61593019E+02   
2.58536507E+02   
2.63641128E+02   
2.52928086E+02   
2.74752250E+02   
2.39307862E+02   
2.61821764E+02   
2.31364573E+02   
2.49548410E+02   
2.54951290E+02   
2.76963293E+02   
2.58340568E+02   
2.35038808E+02   
2.52556011E+02   
2.56930886E+02   
2.75900580E+02   
2.75026005E+02   
2.32758952E+02   
2.63475795E+02   
2.75821764E+02   
2.44382577E+02   
2.86246749E+02   
2.62524305E+02   
2.60843269E+02   
2.69850370E+02   
2.59208142E+02   
2.24886077E+02   
2.60653631E+02   
2.41958092E+02   
2.54958892E+02   
2.64868174E+02   
2.53505301E+02   
2.51872975E+02   
2.54958392E+02   
2.56950390E+02   
2.45152030E+02   
2.60516503E+02   
2.74343869E+02   
2.68204941E+02   
2.56018704E+02   
2.37697139E+02   
2.65742048E+02   
2.55875875E+02   
2.82456891E+02   
2.87402080E+02   
2.66451290E+02   
2.60343269E+02   
2.60070214E+02   
2.68121324E+02   
2.83214043E+02   
2.46562713E+02   
2.56299760E+02   
2.59384477E+02   
2.92241048E+02   
2.89944889E+02   
2.80236447E+02   
2.82001100E+02   
2.65029406E+02   
2.73216643E+02   
2.78534707E+02   
2.73973295E+02   
2.53211442E+02   
2.50186537E+02   
2.74213443E+02   
2.83121024E+02   
2.90448390E+02   
2.77524005E+02   
2.60127926E+02   
2.85287658E+02   
2.52358472E+02   
2.61808362E+02   
3.12218344E+02   
2.74908782E+02   
2.88014003E+02   
2.88986097E+02   
2.84619324E+02   
2.67159532E+02   
2.80129526E+02   
2.48056411E+02   
2.94487898E+02   
2.73696439E+02   
2.90340468E+02   
2.87185837E+02   
2.92501100E+02   
2.59315263E+02   
2.87632527E+02   
2.86499100E+02   
3.19474795E+02   
2.71362372E+02   
2.85106021E+02   
2.82007602E+02   
2.87318564E+02   
2.73861772E+02   
2.88918484E+02   
2.92667033E+02   
3.31552811E+02   
3.16589718E+02   
3.05453891E+02   
3.00770654E+02   
3.21291858E+02   
2.85746049E+02   
3.04886077E+02   
2.98182436E+02   
3.06751450E+02   
3.26504401E+02   
2.93172434E+02   
2.73669134E+02   
2.96143329E+02   
3.39888778E+02   
3.13410982E+02   
3.10761252E+02   
2.93770154E+02   
3.10351470E+02   
3.15419384E+02   
2.97528506E+02   
2.90659432E+02   
3.08236147E+02   
3.03950190E+02   
3.08120724E+02   
3.08790858E+02   
2.85391878E+02   
3.13843969E+02   
2.94612322E+02   
2.92658632E+02   
3.06439488E+02   
3.01674135E+02   
3.32516603E+02   
3.14122625E+02   
3.19857271E+02   
3.29640628E+02   
3.30241048E+02   
3.27736047E+02   
3.05421384E+02   
2.96566713E+02   
3.25460692E+02   
3.20361472E+02   
3.15062012E+02   
2.99597820E+02   
2.97492398E+02   
3.04143729E+02   
3.09919084E+02   
3.33497499E+02   
3.40460392E+02   
3.69794959E+02   
3.27993399E+02   
3.40885177E+02   
3.11933487E+02   
3.34578216E+02   
3.34739048E+02   
3.39980596E+02   
3.39764653E+02   
3.07589318E+02   
3.20238048E+02   
3.07827165E+02   
3.02262152E+02   
3.31647129E+02   
3.11348170E+02   
3.10935487E+02   
3.26051110E+02   
3.18028906E+02   
3.38582817E+02   
3.21790258E+02   
3.10608722E+02   
3.14831366E+02   
3.08366873E+02   
3.30535307E+02   
3.52398080E+02   
3.20660532E+02   
3.47485897E+02   
3.34396379E+02   
3.15276855E+02   
3.02704941E+02   
2.91372374E+02   
3.20198740E+02   
3.37795159E+02   
3.07376375E+02   
3.56663533E+02   
3.59005401E+02   
3.45556211E+02   
3.29161332E+02   
3.33780856E+02   
3.12379076E+02   
3.37002601E+02   
3.29064813E+02   
3.11603121E+02   
3.18585517E+02   
3.04325965E+02   
3.27227946E+02   
3.05638128E+02   
3.18064013E+02   
3.41733947E+02   
3.43339868E+02   
3.51904581E+02   
3.26040908E+02   
3.28274855E+02   
3.22783857E+02   
2.99545809E+02   
3.35085917E+02   
3.26744849E+02   
3.30281156E+02   
3.41545309E+02   
3.35048110E+02   
3.39503001E+02   
3.63617924E+02   
3.35115823E+02   
3.42415283E+02   
3.44537207E+02   
3.26675235E+02   
3.27022605E+02   
3.46646029E+02   
3.34403981E+02   
3.34505001E+02   
3.56401780E+02   
3.42070414E+02   
2.99840268E+02   
3.26353071E+02   
3.55052110E+02   
3.49802360E+02   
3.53565113E+02   
3.23223045E+02   
3.27811962E+02   
3.64975795E+02   
3.05377576E+02   
3.71760052E+02   
3.57082717E+02   
3.40230446E+02   
3.60867073E+02   
3.38993399E+02   
3.74121224E+02   
3.36260852E+02   
3.33983497E+02   
3.48944689E+02   
3.66188938E+02   
3.25077115E+02   
3.78007001E+02   
3.20097319E+02   
4.25866223E+02   
4.26285257E+02   
4.26285257E+02   
4.26285257E+02   
4.26285257E+02   
4.47036837E+02   
5.06939488E+02   
5.00165833E+02   
5.17022104E+02   
4.80258052E+02   
5.13016303E+02   
5.17051810E+02   
5.48059812E+02   
5.26106821E+02   
5.33103321E+02   
5.05190938E+02   
5.19066713E+02   
4.53162933E+02   
5.20063413E+02   
5.19100120E+02   
5.17041608E+02   
5.12133227E+02   
5.25104821E+02   
5.67103221E+02   
5.48093719E+02   
5.01122324E+02   
5.23091918E+02   
5.15081516E+02   
5.06083717E+02   
4.60200640E+02   
5.31071814E+02   
5.60057311E+02   
5.12185937E+02   
5.47032106E+02   
5.18138428E+02   
5.32218344E+02   
5.35976995E+02   
5.47229846E+02   
5.59052210E+02   
5.61200240E+02   
5.75949190E+02   
5.24068714E+02   
5.42172535E+02   
5.42212142E+02   
5.60720944E+02   
5.07565413E+02   
5.41207842E+02   
5.34953891E+02   
5.48859472E+02   
5.32511602E+02   
5.87823265E+02   
5.30321564E+02   
5.51997399E+02   
5.76170934E+02   
5.31637327E+02   
5.22039108E+02   
5.78541108E+02   
5.54245849E+02   
5.65169234E+02   
5.37723545E+02   
6.14877876E+02   
6.20466393E+02   
5.41138628E+02   
5.38575015E+02   
5.70053611E+02   
5.96763053E+02   
5.52057712E+02   
5.68657231E+02   
5.98831166E+02   
5.47891578E+02   
6.03620824E+02   
5.87772955E+02   
5.54645229E+02   
5.90003401E+02   
6.08424485E+02   
5.89317063E+02   
5.58942889E+02   
5.97933887E+02   
5.53591918E+02   
5.81429486E+02   
6.09776455E+02   
5.88603421E+02   
5.99600920E+02   
5.90065413E+02   
5.69455891E+02   
5.82118424E+02   
5.99649830E+02   
6.06000800E+02   
6.61835167E+02   
6.20518004E+02   
6.25691438E+02   
6.70052911E+02   
6.41828866E+02   
6.16960592E+02   
6.04668434E+02   
6.50787558E+02   
6.32041708E+02   
6.32009602E+02   
6.04885977E+02   
6.20093119E+02   
6.47308662E+02   
6.41562112E+02   
6.41769654E+02   
6.02563513E+02   
6.34574715E+02   
6.34783357E+02   
6.19100720E+02   
6.16952290E+02   
6.00016503E+02   
6.11014803E+02   
6.64512002E+02   
6.21037908E+02   
6.05298560E+02   
6.04988598E+02   
6.41707842E+02   
6.18817263E+02   
6.00041708E+02   
5.93225145E+02   
5.77913483E+02   
6.07583717E+02   
6.00060212E+02   
6.71882877E+02   
6.73031806E+02   
6.70771454E+02   
6.53399680E+02   
6.00735247E+02   
6.24045009E+02   
6.06877576E+02   
6.66786557E+02   
5.93353971E+02   
6.70446289E+02   
6.06476795E+02   
5.82164133E+02   
6.10032607E+02   
6.30007301E+02   
5.91996199E+02   
6.23858172E+02   
5.76618424E+02   
6.18520604E+02   
6.04045009E+02   
6.14918084E+02   
5.90043709E+02   
6.17309362E+02   
6.00306061E+02   
5.94600320E+02   
5.97026705E+02   
6.24458292E+02   
6.08170934E+02   
5.82923385E+02   
5.98622925E+02   
6.04920384E+02   
5.90276355E+02   
6.06123625E+02   
6.25123625E+02   
5.91020904E+02   
6.11379776E+02   
5.77302961E+02   
6.43757652E+02   
6.09074615E+02   
5.93914483E+02   
6.06602921E+02   
5.60944489E+02   
5.97669134E+02   
5.91390978E+02   
5.56550110E+02   
5.43395779E+02   
6.11087518E+02   
6.01369774E+02   
5.65044609E+02   
6.03185037E+02   
5.67996999E+02   
5.39114023E+02   
5.43844969E+02   
5.05579716E+02   
5.44796359E+02   
5.51407682E+02   
5.04998400E+02   
4.86131326E+02   
5.22977596E+02   
5.69050910E+02   
4.94785657E+02   
4.85718544E+02   
5.06159732E+02   
4.55545209E+02   
4.79518604E+02   
4.57290358E+02   
4.69207141E+02   
4.87592218E+02   
4.70020004E+02   
4.90836267E+02   
4.47891678E+02   
4.81639428E+02   
4.88678436E+02   
4.37160132E+02   
4.59051610E+02   
4.97098020E+02   
4.61365173E+02   
4.60691438E+02   
4.45835167E+02   
4.52314363E+02   
4.24163733E+02   
4.40364073E+02   
4.28729046E+02   
4.64383677E+02   
4.74222645E+02   
4.47817163E+02   
4.61238648E+02   
4.40060812E+02   
4.51495399E+02   
4.63380976E+02   
4.52437487E+02   
4.24357171E+02   
4.37235047E+02   
4.07921684E+02   
4.45471394E+02   
4.63783157E+02   
4.31006801E+02   
4.26161332E+02   
3.93084017E+02   
3.91340268E+02   
4.24144629E+02   
3.92591418E+02   
4.28854071E+02   
4.41409582E+02   
4.33036907E+02   
3.72482997E+02   
4.09974895E+02   
4.17349370E+02   
3.99342168E+02   
4.05242649E+02   
4.16508002E+02   
3.82399080E+02   
4.06667634E+02   
4.17159532E+02   
3.86841068E+02   
4.05234847E+02   
4.10568114E+02   
3.83677636E+02   
4.05286057E+02   
4.10711842E+02   
4.04022905E+02   
4.72951590E+02   
3.78534907E+02   
4.31239548E+02   
4.00612723E+02   
3.73171634E+02   
3.68371174E+02   
3.90107421E+02   
3.89703241E+02   
3.80803661E+02   
3.77164933E+02   
3.89617824E+02   
3.91613823E+02   
3.72741848E+02   
3.98879276E+02   
4.85499660E+02   
5.69713943E+02   
5.69713943E+02   
5.69713943E+02   
5.69713943E+02   
5.79414663E+02   
7.66773555E+02   
7.28760252E+02   
7.23372474E+02   
7.62921884E+02   
7.07527506E+02   
7.45475995E+02   
7.62183737E+02   
7.75872474E+02   
7.84362673E+02   
7.80078316E+02   
7.70764753E+02   
8.26667433E+02   
7.77653431E+02   
7.78155231E+02   
7.70835267E+02   
7.52363073E+02   
7.34948590E+02   
7.90500000E+02   
7.75009202E+02   
7.44253251E+02   
7.45949490E+02   
7.26956291E+02   
8.07633927E+02   
7.61996599E+02   
7.51016003E+02   
7.55889978E+02   
7.72990398E+02   
7.22741848E+02   
7.52132126E+02   
7.63896879E+02   
7.22224445E+02   
7.42862573E+02   
7.46987998E+02   
7.46568514E+02   
7.95043109E+02   
7.39641928E+02   
7.91510602E+02   
7.53718844E+02   
7.21697840E+02   
7.48256451E+02   
7.71596519E+02   
7.43147329E+02   
7.46400780E+02   
7.70010202E+02   
7.55455791E+02   
7.28483597E+02   
7.32850670E+02   
7.65688638E+02   
7.63872775E+02   
7.54729846E+02   
7.53236247E+02   
7.44920984E+02   
7.38953591E+02   
7.32867674E+02   
7.67484597E+02   
7.83256651E+02   
7.34616323E+02   
7.35512402E+02   
7.78055611E+02   
7.48051910E+02   
7.42103021E+02   
7.53060312E+02   
7.81203941E+02   
7.16105921E+02   
7.27743149E+02   
8.00766153E+02   
7.74691338E+02   
7.34025105E+02   
6.94348570E+02   
7.16001600E+02   
7.65953591E+02   
7.43644529E+02   
7.45647730E+02   
7.53160432E+02   
7.40647329E+02   
7.36397479E+02   
7.47771654E+02   
7.61138628E+02   
7.39258752E+02   
7.15441688E+02   
7.64897379E+02   
8.24496999E+02   
9.46180536E+02   
9.34343469E+02   
9.36218644E+02   
9.28638528E+02   
9.18591118E+02   
8.91657131E+02   
8.89045509E+02   
8.66699340E+02   
8.59338668E+02   
8.16195739E+02   
7.99390978E+02   
7.70687337E+02   
7.88886877E+02   
7.84230846E+02   
7.68568214E+02   
8.03132727E+02   
7.49437387E+02   
7.56569714E+02   
7.30519704E+02   
7.38496099E+02   
7.45048610E+02   
7.36746049E+02   
7.52961592E+02   
7.14600320E+02   
7.25435287E+02   
6.83512603E+02   
6.85063313E+02   
6.53939888E+02   
6.38887878E+02   
6.89298460E+02   
7.21752250E+02   
6.49516603E+02   
6.92497299E+02   
6.11792959E+02   
6.71853271E+02   
6.38983097E+02   
6.51832867E+02   
6.76416783E+02   
6.05698140E+02   
6.49426085E+02   
6.44691538E+02   
6.12082016E+02   
6.02697339E+02   
6.34281856E+02   
6.24645029E+02   
5.65969494E+02   
5.73580516E+02   
5.69886777E+02   
5.36869174E+02   
5.19135727E+02   
4.93697439E+02   
5.13134927E+02   
5.18523405E+02   
5.11659232E+02   
5.12458992E+02   
5.00999800E+02   
4.66149730E+02   
4.62929286E+02   
4.61932987E+02   
4.89041108E+02   
4.82384377E+02   
4.49968994E+02   
4.87971694E+02   
4.40856671E+02   
4.42554711E+02   
4.11851270E+02   
4.15079616E+02   
3.73755651E+02   
3.91296959E+02   
3.66497700E+02   
4.17266253E+02   
3.83520704E+02   
3.83728046E+02   
3.57940088E+02   
3.19372775E+02   
3.54440788E+02   
3.66538308E+02   
3.34114823E+02   
3.26588018E+02   
3.30745349E+02   
3.07580316E+02   
2.63855471E+02   
2.77250150E+02   
2.61859472E+02   
2.76952290E+02   
2.69427185E+02   
2.79997099E+02   
2.51213343E+02   
2.39254151E+02   
2.29648530E+02   
2.42578016E+02   
2.29596419E+02   
2.01867874E+02   
2.15722545E+02   
2.11384677E+02   
1.82533207E+02   
1.99709342E+02   
1.94534407E+02   
1.75877075E+02   
1.80716543E+02   
1.88176135E+02   
1.74528406E+02   
1.49694939E+02   
1.72418684E+02   
1.75324265E+02   
1.59905081E+02   
1.58604121E+02   
1.69369474E+02   
1.40486397E+02   
1.27307461E+02   
1.22947089E+02   
1.29992398E+02   
1.21506401E+02   
1.24757351E+02   
1.31549210E+02   
1.38243049E+02   
1.16022805E+02   
1.25197740E+02   
1.15951890E+02   
1.14985697E+02   
9.97797560E+01   
1.15844769E+02   
7.86076215E+01   
9.87281456E+01   
1.01420784E+02   
8.41949390E+01   
9.18386677E+01   
9.53746749E+01   
7.63002601E+01   
8.21957391E+01   
7.91157231E+01   
8.41949390E+01   
8.81957391E+01   
8.92845569E+01   
7.64727946E+01   
8.54703941E+01   
9.17457491E+01   
7.12001400E+01   
8.10009002E+01   
6.70132026E+01   
6.88290658E+01   
6.23045609E+01   
5.43511702E+01   
6.67533507E+01   
5.96421284E+01   
5.88959792E+01   
5.27719544E+01   
3.69965993E+01   
5.35766153E+01   
4.82596519E+01   
5.20116023E+01   
7.64459892E+01   
4.82546509E+01   
1.50440788E+02   
3.26281256E+01   
2.91969394E+01   
2.51018204E+01   
1.58122625E+01   
2.21075215E+01   
3.37063413E+01   
1.77316463E+01   
2.20433087E+01   
1.40393079E+01   
1.71620324E+01   
2.36169234E+01   
1.64211842E+01   
8.22424485E+00   
8.62460492E+00   
1.04020804E+01   
1.04020804E+01   
1.04020804E+01   
1.04020804E+01   
1.04020804E+01   
5.17591518E+00   
1.97739548E-01   
8.02260452E-01   
0.00000000E+00   
0.00000000E+00   
0.00000000E+00   
0.00000000E+00   
0.00000000E+00   
0.00000000E+00   
0.00000000E+00   
1.00000000E+00   
0.00000000E+00   
0.00000000E+00   
0.00000000E+00   
0.00000000E+00   
1.22004401E+00   
4.77995599E+00   
0.00000000E+00   
0.00000000E+00   
0.00000000E+00   
0.00000000E+00   
0.00000000E+00   
0.00000000E+00   
0.00000000E+00   
0.00000000E+00   
0.00000000E+00   
0.00000000E+00   
0.00000000E+00   
0.00000000E+00   
0.00000000E+00   
0.00000000E+00   
0.00000000E+00   
0.00000000E+00   
0.00000000E+00   
0.00000000E+00   
0.00000000E+00   
0.00000000E+00   
0.00000000E+00   
1.00000000E+00   
0.00000000E+00   
2.13342669E-01   
7.86657331E-01   
0.00000000E+00   
0.00000000E+00   
0.00000000E+00   
0.00000000E+00   
0.00000000E+00   
0.00000000E+00   
0.00000000E+00   
0.00000000E+00   
0.00000000E+00   
0.00000000E+00   
1.00000000E+00   
0.00000000E+00   
0.00000000E+00   
0.00000000E+00   
0.00000000E+00   
0.00000000E+00   
0.00000000E+00   
0.00000000E+00   
0.00000000E+00   
0.00000000E+00   
0.00000000E+00   
2.22544509E-01   
7.77455491E-01   
0.00000000E+00   
0.00000000E+00   
2.00000000E+00   
0.00000000E+00   
0.00000000E+00   
0.00000000E+00   
0.00000000E+00   
0.00000000E+00   
0.00000000E+00   
0.00000000E+00   
2.27345469E-01   
7.72654531E-01   
0.00000000E+00   
0.00000000E+00   
0.00000000E+00   
0.00000000E+00   
0.00000000E+00   
0.00000000E+00   
0.00000000E+00   
0.00000000E+00   
0.00000000E+00   
0.00000000E+00   
1.00000000E+00   
0.00000000E+00   
0.00000000E+00   
0.00000000E+00   
1.00000000E+00   
0.00000000E+00   
1.00000000E+00   
0.00000000E+00   
0.00000000E+00   
1.00000000E+00   
0.00000000E+00   
0.00000000E+00   
0.00000000E+00   
0.00000000E+00   
0.00000000E+00   
0.00000000E+00   
0.00000000E+00   
0.00000000E+00   
0.00000000E+00   
0.00000000E+00   
0.00000000E+00   
0.00000000E+00   
0.00000000E+00   
0.00000000E+00   
0.00000000E+00   
0.00000000E+00   
0.00000000E+00   
0.00000000E+00   
0.00000000E+00   
0.00000000E+00   
0.00000000E+00   
0.00000000E+00   
0.00000000E+00   
0.00000000E+00   
0.00000000E+00   
0.00000000E+00   
0.00000000E+00   
0.00000000E+00   
0.00000000E+00   
0.00000000E+00   
0.00000000E+00   
0.00000000E+00   
0.00000000E+00   
0.00000000E+00   
0.00000000E+00   
0.00000000E+00   
0.00000000E+00   
0.00000000E+00   
0.00000000E+00   
0.00000000E+00   
0.00000000E+00   
0.00000000E+00   
0.00000000E+00   
0.00000000E+00   
0.00000000E+00   
1.00000000E+00   
0.00000000E+00   
0.00000000E+00   
0.00000000E+00   
0.00000000E+00   
0.00000000E+00   
2.56551310E-01   
1.25735147E+00   
1.48609722E+00   
0.00000000E+00   
0.00000000E+00   
0.00000000E+00   
1.00000000E+00   
0.00000000E+00   
0.00000000E+00   
0.00000000E+00   
0.00000000E+00   
0.00000000E+00   
1.00000000E+00   
0.00000000E+00   
0.00000000E+00   
0.00000000E+00   
0.00000000E+00   
0.00000000E+00   
0.00000000E+00   
0.00000000E+00   
2.64552911E-01   
7.35447089E-01   
0.00000000E+00   
0.00000000E+00   
0.00000000E+00   
0.00000000E+00   
0.00000000E+00   
0.00000000E+00   
0.00000000E+00   
0.00000000E+00   
0.00000000E+00   
0.00000000E+00   
0.00000000E+00   
0.00000000E+00   
0.00000000E+00   
0.00000000E+00   
0.00000000E+00   
2.71354271E-01   
7.28645729E-01   
0.00000000E+00   
0.00000000E+00   
0.00000000E+00   
0.00000000E+00   
0.00000000E+00   
0.00000000E+00   
0.00000000E+00   
0.00000000E+00   
0.00000000E+00   
0.00000000E+00   
0.00000000E+00   
0.00000000E+00   
0.00000000E+00   
0.00000000E+00   
0.00000000E+00   
0.00000000E+00   
0.00000000E+00   
0.00000000E+00   
0.00000000E+00   
0.00000000E+00   
0.00000000E+00   
0.00000000E+00   
0.00000000E+00   
0.00000000E+00   
0.00000000E+00   
0.00000000E+00   
0.00000000E+00   
0.00000000E+00   
0.00000000E+00   
0.00000000E+00   
0.00000000E+00   
0.00000000E+00   
0.00000000E+00   
0.00000000E+00   
0.00000000E+00   
8.58471694E-01   
2.71464293E+00   
1.42688538E+00   
0.00000000E+00   
0.00000000E+00   
0.00000000E+00   
0.00000000E+00   
0.00000000E+00   
0.00000000E+00   
0.00000000E+00   
0.00000000E+00   
0.00000000E+00   
0.00000000E+00   
0.00000000E+00   
0.00000000E+00   
0.00000000E+00   
0.00000000E+00   
0.00000000E+00   
0.00000000E+00   
0.00000000E+00   
0.00000000E+00   
0.00000000E+00   
0.00000000E+00   
0.00000000E+00   
0.00000000E+00   
0.00000000E+00   
0.00000000E+00   
0.00000000E+00   
0.00000000E+00   
0.00000000E+00   
0.00000000E+00   
0.00000000E+00   
0.00000000E+00   
0.00000000E+00   
0.00000000E+00   
0.00000000E+00   
0.00000000E+00   
0.00000000E+00   
0.00000000E+00   
0.00000000E+00   
0.00000000E+00   
0.00000000E+00   
0.00000000E+00   
0.00000000E+00   
0.00000000E+00   
0.00000000E+00   
0.00000000E+00   
0.00000000E+00   
0.00000000E+00   
1.00000000E+00   
0.00000000E+00   
0.00000000E+00   
0.00000000E+00   
0.00000000E+00   
0.00000000E+00   
0.00000000E+00   
0.00000000E+00   
0.00000000E+00   
0.00000000E+00   
0.00000000E+00   
0.00000000E+00   
0.00000000E+00   
0.00000000E+00   
0.00000000E+00   
0.00000000E+00   
0.00000000E+00   
0.00000000E+00   
0.00000000E+00   
0.00000000E+00   
0.00000000E+00   
0.00000000E+00   
0.00000000E+00   
0.00000000E+00   
0.00000000E+00   
0.00000000E+00   
0.00000000E+00   
0.00000000E+00   
1.00000000E+00   
1.00000000E+00   
0.00000000E+00   
1.00000000E+00   
0.00000000E+00   
0.00000000E+00   
0.00000000E+00   
0.00000000E+00   
0.00000000E+00   
3.20564113E-01   
6.79435887E-01   
0.00000000E+00   
0.00000000E+00   
0.00000000E+00   
0.00000000E+00   
0.00000000E+00   
0.00000000E+00   
0.00000000E+00   
0.00000000E+00   
1.00000000E+00   
1.00000000E+00   
0.00000000E+00   
0.00000000E+00   
0.00000000E+00   
0.00000000E+00   
0.00000000E+00   
0.00000000E+00   
1.00000000E+00   
0.00000000E+00   
0.00000000E+00   
0.00000000E+00   
0.00000000E+00   
0.00000000E+00   
0.00000000E+00   
0.00000000E+00   
0.00000000E+00   
1.00000000E+00   
0.00000000E+00   
0.00000000E+00   
0.00000000E+00   
0.00000000E+00   
0.00000000E+00   
0.00000000E+00   
0.00000000E+00   
0.00000000E+00   
0.00000000E+00   
0.00000000E+00   
0.00000000E+00   
0.00000000E+00   
0.00000000E+00   
0.00000000E+00   
0.00000000E+00   
0.00000000E+00   
0.00000000E+00   
0.00000000E+00   
0.00000000E+00   
0.00000000E+00   
0.00000000E+00   
0.00000000E+00   
0.00000000E+00   
0.00000000E+00   
0.00000000E+00   
0.00000000E+00   
0.00000000E+00   
0.00000000E+00   
0.00000000E+00   
0.00000000E+00   
0.00000000E+00   
0.00000000E+00   
0.00000000E+00   
0.00000000E+00   
0.00000000E+00   
0.00000000E+00   
0.00000000E+00   
0.00000000E+00   
0.00000000E+00   
0.00000000E+00   
3.47769554E-01   
6.52230446E-01   
3.48569714E-01   
6.51430286E-01   
0.00000000E+00   
0.00000000E+00   
0.00000000E+00   
0.00000000E+00   
0.00000000E+00   
0.00000000E+00   
0.00000000E+00   
0.00000000E+00   
0.00000000E+00   
0.00000000E+00   
0.00000000E+00   
0.00000000E+00   
0.00000000E+00   
0.00000000E+00   
0.00000000E+00   
0.00000000E+00   
1.00000000E+00   
0.00000000E+00   
0.00000000E+00   
0.00000000E+00   
0.00000000E+00   
0.00000000E+00   
0.00000000E+00   
0.00000000E+00   
0.00000000E+00   
0.00000000E+00   
0.00000000E+00   
0.00000000E+00   
0.00000000E+00   
3.60972194E-01   
6.39027806E-01   
0.00000000E+00   
0.00000000E+00   
0.00000000E+00   
0.00000000E+00   
0.00000000E+00   
0.00000000E+00   
0.00000000E+00   
0.00000000E+00   
3.64972995E-01   
6.35027005E-01   
0.00000000E+00   
0.00000000E+00   
0.00000000E+00   
0.00000000E+00   
1.00000000E+00   
0.00000000E+00   
0.00000000E+00   
0.00000000E+00   
0.00000000E+00   
0.00000000E+00   
3.69773955E-01   
6.30226045E-01   
0.00000000E+00   
0.00000000E+00   
0.00000000E+00   
0.00000000E+00   
0.00000000E+00   
0.00000000E+00   
0.00000000E+00   
0.00000000E+00   
0.00000000E+00   
0.00000000E+00   
0.00000000E+00   
0.00000000E+00   
0.00000000E+00   
0.00000000E+00   
0.00000000E+00   
0.00000000E+00   
0.00000000E+00   
0.00000000E+00   
0.00000000E+00   
0.00000000E+00   
0.00000000E+00   
0.00000000E+00   
0.00000000E+00   
0.00000000E+00   
0.00000000E+00   
0.00000000E+00   
0.00000000E+00   
1.00000000E+00   
0.00000000E+00   
0.00000000E+00   
0.00000000E+00   
0.00000000E+00   
0.00000000E+00   
0.00000000E+00   
0.00000000E+00   
0.00000000E+00   
0.00000000E+00   
0.00000000E+00   
0.00000000E+00   
0.00000000E+00   
1.00000000E+00   
3.86977395E-01   
6.13022605E-01   
0.00000000E+00   
0.00000000E+00   
3.00000000E+00   
0.00000000E+00   
0.00000000E+00   
0.00000000E+00   
0.00000000E+00   
0.00000000E+00   
0.00000000E+00   
0.00000000E+00   
0.00000000E+00   
0.00000000E+00   
0.00000000E+00   
0.00000000E+00   
0.00000000E+00   
0.00000000E+00   
0.00000000E+00   
0.00000000E+00   
0.00000000E+00   
1.00000000E+00   
0.00000000E+00   
0.00000000E+00   
1.00000000E+00   
0.00000000E+00   
0.00000000E+00   
0.00000000E+00   
3.98179636E-01   
6.01820364E-01   
0.00000000E+00   
0.00000000E+00   
0.00000000E+00   
0.00000000E+00   
0.00000000E+00   
0.00000000E+00   
0.00000000E+00   
0.00000000E+00   
0.00000000E+00   
0.00000000E+00   
0.00000000E+00   
0.00000000E+00   
0.00000000E+00   
0.00000000E+00   
0.00000000E+00   
0.00000000E+00   
0.00000000E+00   
0.00000000E+00   
0.00000000E+00   
0.00000000E+00   
0.00000000E+00   
0.00000000E+00   
0.00000000E+00   
0.00000000E+00   
0.00000000E+00   
0.00000000E+00   
0.00000000E+00   
0.00000000E+00   
0.00000000E+00   
0.00000000E+00   
0.00000000E+00   
0.00000000E+00   
0.00000000E+00   
0.00000000E+00   
0.00000000E+00   
0.00000000E+00   
0.00000000E+00   
0.00000000E+00   
0.00000000E+00   
0.00000000E+00   
0.00000000E+00   
0.00000000E+00   
0.00000000E+00   
0.00000000E+00   
0.00000000E+00   
0.00000000E+00   
0.00000000E+00   
0.00000000E+00   
0.00000000E+00   
0.00000000E+00   
0.00000000E+00   
0.00000000E+00   
0.00000000E+00   
0.00000000E+00   
0.00000000E+00   
0.00000000E+00   
0.00000000E+00   
0.00000000E+00   
0.00000000E+00   
0.00000000E+00   
0.00000000E+00   
0.00000000E+00   
0.00000000E+00   
0.00000000E+00   
0.00000000E+00   
4.24984997E-01   
5.75015003E-01   
0.00000000E+00   
0.00000000E+00   
0.00000000E+00   
0.00000000E+00   
0.00000000E+00   
0.00000000E+00   
0.00000000E+00   
0.00000000E+00   
0.00000000E+00   
0.00000000E+00   
0.00000000E+00   
0.00000000E+00   
0.00000000E+00   
0.00000000E+00   
0.00000000E+00   
0.00000000E+00   
0.00000000E+00   
0.00000000E+00   
4.32986597E-01   
5.67013403E-01   
0.00000000E+00   
0.00000000E+00   
0.00000000E+00   
0.00000000E+00   
0.00000000E+00   
0.00000000E+00   
0.00000000E+00   
0.00000000E+00   
0.00000000E+00   
0.00000000E+00   
0.00000000E+00   
0.00000000E+00   
0.00000000E+00   
0.00000000E+00   
0.00000000E+00   
0.00000000E+00   
0.00000000E+00   
8.81176235E-01   
1.11882376E+00   
0.00000000E+00   
0.00000000E+00   
0.00000000E+00   
0.00000000E+00   
0.00000000E+00   
0.00000000E+00   
0.00000000E+00   
0.00000000E+00   
0.00000000E+00   
0.00000000E+00   
0.00000000E+00   
0.00000000E+00   
0.00000000E+00   
0.00000000E+00   
0.00000000E+00   
0.00000000E+00   
0.00000000E+00   
0.00000000E+00   
0.00000000E+00   
0.00000000E+00   
0.00000000E+00   
0.00000000E+00   
0.00000000E+00   
0.00000000E+00   
0.00000000E+00   
0.00000000E+00   
0.00000000E+00   
0.00000000E+00   
0.00000000E+00   
0.00000000E+00   
0.00000000E+00   
0.00000000E+00   
0.00000000E+00   
0.00000000E+00   
4.54990998E-01   
5.45009002E-01   
0.00000000E+00   
0.00000000E+00   
0.00000000E+00   
0.00000000E+00   
0.00000000E+00   
0.00000000E+00   
0.00000000E+00   
0.00000000E+00   
0.00000000E+00   
0.00000000E+00   
0.00000000E+00   
0.00000000E+00   
0.00000000E+00   
0.00000000E+00   
0.00000000E+00   
0.00000000E+00   
0.00000000E+00   
0.00000000E+00   
0.00000000E+00   
0.00000000E+00   
0.00000000E+00   
0.00000000E+00   
0.00000000E+00   
1.00000000E+00   
0.00000000E+00   
0.00000000E+00   
0.00000000E+00   
0.00000000E+00   
0.00000000E+00   
0.00000000E+00   
0.00000000E+00   
0.00000000E+00   
0.00000000E+00   
0.00000000E+00   
0.00000000E+00   
0.00000000E+00   
0.00000000E+00   
0.00000000E+00   
0.00000000E+00   
0.00000000E+00   
0.00000000E+00   
0.00000000E+00   
0.00000000E+00   
0.00000000E+00   
0.00000000E+00   
0.00000000E+00   
0.00000000E+00   
0.00000000E+00   
0.00000000E+00   
0.00000000E+00   
0.00000000E+00   
0.00000000E+00   
0.00000000E+00   
0.00000000E+00   
0.00000000E+00   
0.00000000E+00   
0.00000000E+00   
0.00000000E+00   
0.00000000E+00   
0.00000000E+00   
0.00000000E+00   
0.00000000E+00   
0.00000000E+00   
0.00000000E+00   
0.00000000E+00   
0.00000000E+00   
0.00000000E+00   
0.00000000E+00   
0.00000000E+00   
0.00000000E+00   
0.00000000E+00   
9.68393679E-01   
1.03160632E+00   
0.00000000E+00   
0.00000000E+00   
0.00000000E+00   
0.00000000E+00   
0.00000000E+00   
0.00000000E+00   
0.00000000E+00   
0.00000000E+00   
0.00000000E+00   
0.00000000E+00   
0.00000000E+00   
0.00000000E+00   
0.00000000E+00   
0.00000000E+00   
1.47179436E+00   
1.52820564E+00   
0.00000000E+00   
0.00000000E+00   
0.00000000E+00   
0.00000000E+00   
0.00000000E+00   
0.00000000E+00   
0.00000000E+00   
0.00000000E+00   
0.00000000E+00   
0.00000000E+00   
0.00000000E+00   
0.00000000E+00   
0.00000000E+00   
0.00000000E+00   
0.00000000E+00   
0.00000000E+00   
0.00000000E+00   
0.00000000E+00   
0.00000000E+00   
0.00000000E+00   
0.00000000E+00   
0.00000000E+00   
0.00000000E+00   
!IDEND=

