!FILE=Disk 
!KIND=Spectrum 
!LABORATORY=Oslo Cyclotron Laboratory (OCL) 
!EXPERIMENT= oslo_method_python 
!COMMENT=Made by OMpy 
!TIME=DATE:08-Sep-20 09:58:00   
!CALIBRATION EkeV=6, 0.000000E+00, 2.000400E+00, 0.000000E+00 
!PRECISION=16 
!DIMENSION=1,0:4999 
!CHANNEL=(0:4999) 
2.48543009E+02   
4.82601020E+02   
5.10132026E+02   
5.58651030E+02   
6.43699440E+02   
6.41033607E+02   
6.56815063E+02   
7.01102020E+02   
7.07660632E+02   
7.37717844E+02   
8.26237247E+02   
7.86555411E+02   
8.13767053E+02   
8.01193639E+02   
8.50326065E+02   
9.29991098E+02   
1.01716883E+03   
9.82585717E+02   
1.08687147E+03   
1.12389678E+03   
1.08679816E+03   
1.19819234E+03   
1.28347369E+03   
1.36596469E+03   
1.47435387E+03   
1.66791128E+03   
1.79338368E+03   
1.90921654E+03   
2.12599570E+03   
2.23771874E+03   
2.22518254E+03   
2.32297950E+03   
2.55184797E+03   
2.72309702E+03   
2.77923885E+03   
2.90145749E+03   
3.04499250E+03   
3.13625135E+03   
3.22377105E+03   
3.37602671E+03   
3.41655721E+03   
3.40856081E+03   
3.54514013E+03   
3.60073975E+03   
3.62553601E+03   
3.69427536E+03   
3.76465373E+03   
3.73768454E+03   
3.86622464E+03   
3.79474365E+03   
3.74899040E+03   
3.93642599E+03   
3.91986347E+03   
3.99466773E+03   
3.97453661E+03   
3.96145059E+03   
3.95787688E+03   
4.00534007E+03   
3.99732637E+03   
4.08304161E+03   
4.05609762E+03   
3.91366273E+03   
3.90656131E+03   
3.92418004E+03   
3.87648020E+03   
3.89882226E+03   
3.84144719E+03   
3.88412713E+03   
3.94909342E+03   
4.02898880E+03   
3.88236877E+03   
3.91370074E+03   
3.93068904E+03   
3.80090818E+03   
3.74698210E+03   
3.78002200E+03   
3.86179766E+03   
3.90273125E+03   
3.78208892E+03   
3.66656821E+03   
3.68455141E+03   
3.66894749E+03   
3.69806571E+03   
3.71628506E+03   
3.66741888E+03   
3.79791598E+03   
3.84347059E+03   
3.92220784E+03   
3.84992168E+03   
3.78978966E+03   
3.73867744E+03   
3.72123835E+03   
3.73581936E+03   
3.79653121E+03   
3.69246209E+03   
3.67857371E+03   
3.58649520E+03   
3.59775605E+03   
3.54575365E+03   
3.51073565E+03   
3.45040358E+03   
3.44336047E+03   
3.31972955E+03   
3.42109952E+03   
3.33888288E+03   
3.26536067E+03   
3.13194679E+03   
3.10862212E+03   
3.11186327E+03   
3.04762863E+03   
3.10880286E+03   
3.06248930E+03   
3.08369154E+03   
2.98753311E+03   
2.90612392E+03   
2.91675305E+03   
2.91734487E+03   
2.89977696E+03   
2.88524155E+03   
2.88316653E+03   
2.86601910E+03   
2.85409462E+03   
2.81574515E+03   
2.74418104E+03   
2.84114343E+03   
2.82307622E+03   
2.69777626E+03   
2.72942188E+03   
2.77523685E+03   
2.79218584E+03   
2.76328576E+03   
2.72872194E+03   
2.63761852E+03   
2.67663913E+03   
2.61001430E+03   
2.63939958E+03   
2.62252290E+03   
2.52443249E+03   
2.54294969E+03   
2.52650760E+03   
2.44314283E+03   
2.52105381E+03   
2.47166573E+03   
2.45580796E+03   
2.51420914E+03   
2.31629766E+03   
2.34306651E+03   
2.34636327E+03   
2.29195579E+03   
2.36713423E+03   
2.25297429E+03   
2.29159992E+03   
2.28714893E+03   
2.22050740E+03   
2.14735617E+03   
2.23519944E+03   
2.21474785E+03   
2.19741808E+03   
2.14060462E+03   
2.11229206E+03   
2.14913893E+03   
2.12902490E+03   
2.11992258E+03   
2.06724775E+03   
2.09653631E+03   
2.10036437E+03   
2.06306651E+03   
2.01183307E+03   
1.94718624E+03   
1.95550280E+03   
1.95978006E+03   
1.81087628E+03   
1.84557702E+03   
1.78814603E+03   
1.73464223E+03   
1.73082276E+03   
1.71145449E+03   
1.71705241E+03   
1.74935797E+03   
1.72235467E+03   
1.65813893E+03   
1.62619734E+03   
1.62944909E+03   
1.65527095E+03   
1.59805801E+03   
1.57403871E+03   
1.58057111E+03   
1.58743819E+03   
1.55793719E+03   
1.50116903E+03   
1.53333677E+03   
1.48393499E+03   
1.43005621E+03   
1.46037868E+03   
1.51363083E+03   
1.44402671E+03   
1.43197880E+03   
1.44550410E+03   
1.45801440E+03   
1.37706291E+03   
1.41878306E+03   
1.34754761E+03   
1.37418974E+03   
1.34649730E+03   
1.38487968E+03   
1.35806211E+03   
1.40687998E+03   
1.37671764E+03   
1.35419054E+03   
1.30468784E+03   
1.33092378E+03   
1.29931096E+03   
1.31483827E+03   
1.32137658E+03   
1.31044419E+03   
1.30828536E+03   
1.25508172E+03   
1.30762603E+03   
1.29269414E+03   
1.28292338E+03   
1.20548030E+03   
1.28954841E+03   
1.29004981E+03   
1.22956491E+03   
1.24506791E+03   
1.20172645E+03   
1.19905721E+03   
1.18101310E+03   
1.18891368E+03   
1.18517343E+03   
1.13844259E+03   
1.17753471E+03   
1.18238328E+03   
1.15160932E+03   
1.20876705E+03   
1.15541728E+03   
1.17339198E+03   
1.18185237E+03   
1.17781096E+03   
1.10309322E+03   
1.06451690E+03   
1.12685497E+03   
1.11677355E+03   
1.07541288E+03   
1.08506681E+03   
1.04203141E+03   
1.07379696E+03   
1.01962823E+03   
1.06416153E+03   
1.07123605E+03   
1.03079926E+03   
1.00880446E+03   
1.04482346E+03   
7.96463623E+02   
7.32746549E+02   
7.32746549E+02   
7.32746549E+02   
7.32746549E+02   
6.52913993E+02   
4.61413383E+02   
4.61879376E+02   
4.65964993E+02   
4.46771954E+02   
4.60622124E+02   
4.63216743E+02   
4.54543209E+02   
4.04745149E+02   
4.56257552E+02   
4.57447489E+02   
4.33167834E+02   
4.65093619E+02   
4.62441888E+02   
4.41700240E+02   
4.70764853E+02   
4.53221944E+02   
4.30847169E+02   
4.39656331E+02   
3.83525305E+02   
4.36476995E+02   
4.88326065E+02   
4.41220944E+02   
4.07370374E+02   
4.21762953E+02   
4.52288558E+02   
4.14816763E+02   
4.21257652E+02   
4.21756651E+02   
4.27391578E+02   
4.22780756E+02   
4.36166033E+02   
4.42855971E+02   
4.12138528E+02   
4.19100520E+02   
3.89145029E+02   
4.31112923E+02   
3.97576615E+02   
4.12079616E+02   
3.87032306E+02   
4.25746349E+02   
3.98361072E+02   
3.80558512E+02   
3.81837968E+02   
3.80521004E+02   
3.83821464E+02   
3.60212643E+02   
3.62914083E+02   
3.65715643E+02   
3.67333067E+02   
3.68173335E+02   
3.69164933E+02   
4.01607321E+02   
3.71702040E+02   
3.50321864E+02   
3.48326465E+02   
3.74553311E+02   
3.67468394E+02   
3.71821164E+02   
3.31652030E+02   
3.34691838E+02   
3.22158732E+02   
3.41791858E+02   
3.48957592E+02   
3.18238148E+02   
3.47395679E+02   
3.29106521E+02   
3.49023805E+02   
3.52044309E+02   
3.42711542E+02   
3.42374175E+02   
3.38646929E+02   
3.19373975E+02   
3.26693039E+02   
3.35987397E+02   
3.34368774E+02   
3.25770454E+02   
3.37093119E+02   
3.05507602E+02   
3.30797960E+02   
3.24077516E+02   
3.18785257E+02   
3.17067914E+02   
3.34067814E+02   
3.61441088E+02   
3.30501700E+02   
3.19686137E+02   
3.08783957E+02   
3.30084517E+02   
3.19064013E+02   
3.10554311E+02   
3.09455091E+02   
2.92463093E+02   
3.14736647E+02   
2.74623725E+02   
3.13136927E+02   
3.05120124E+02   
2.93870874E+02   
2.59408582E+02   
2.70195039E+02   
2.63914583E+02   
2.62193439E+02   
2.73717443E+02   
2.58101320E+02   
2.70923385E+02   
2.89155331E+02   
2.91143429E+02   
2.80684137E+02   
2.80946289E+02   
2.63232046E+02   
2.43819864E+02   
2.69282056E+02   
2.46292358E+02   
2.63647730E+02   
2.49372274E+02   
2.47099320E+02   
2.59544709E+02   
2.33247650E+02   
2.49058212E+02   
2.40496399E+02   
2.40279356E+02   
2.39036907E+02   
2.45227245E+02   
2.18080816E+02   
2.42181236E+02   
2.28044409E+02   
2.40813363E+02   
2.45200840E+02   
2.29082917E+02   
2.39836167E+02   
2.49708242E+02   
2.39689938E+02   
2.29354471E+02   
2.22175435E+02   
2.46050810E+02   
2.30448790E+02   
2.33681736E+02   
2.46123125E+02   
2.33046009E+02   
2.32727946E+02   
2.01132026E+02   
1.86060912E+02   
1.94923385E+02   
2.35028306E+02   
2.34742448E+02   
2.16399880E+02   
2.38266153E+02   
1.97848470E+02   
2.06053711E+02   
1.92703441E+02   
2.07069914E+02   
2.13658532E+02   
1.92415883E+02   
1.93988398E+02   
2.00411182E+02   
1.87723145E+02   
1.97684437E+02   
1.98708742E+02   
1.85040908E+02   
1.89704741E+02   
1.86708142E+02   
1.86033007E+02   
2.09710542E+02   
2.01417784E+02   
2.11343869E+02   
2.05711442E+02   
2.07363073E+02   
2.08391978E+02   
1.98653931E+02   
1.88418584E+02   
1.88970094E+02   
1.88082116E+02   
1.92300160E+02   
1.84688738E+02   
1.85128726E+02   
1.95631426E+02   
1.84403981E+02   
1.67923285E+02   
1.89475695E+02   
1.79086617E+02   
1.78258152E+02   
1.92253651E+02   
1.76813563E+02   
1.88153231E+02   
1.68299160E+02   
1.88035607E+02   
1.53257251E+02   
1.63135727E+02   
1.67749750E+02   
1.90506201E+02   
1.72696439E+02   
1.75148930E+02   
1.98516603E+02   
1.87786957E+02   
1.71884677E+02   
1.71637628E+02   
1.60753351E+02   
1.46484697E+02   
1.85587317E+02   
1.47205641E+02   
1.49298260E+02   
1.52398080E+02   
1.66820864E+02   
1.64556911E+02   
1.56345769E+02   
1.55143029E+02   
1.70833667E+02   
1.74408082E+02   
1.52110122E+02   
1.67092318E+02   
1.66032406E+02   
1.64968894E+02   
1.62484197E+02   
1.73021404E+02   
1.60990698E+02   
1.59628526E+02   
1.50582016E+02   
1.69551110E+02   
1.65248150E+02   
1.57434587E+02   
1.63574415E+02   
1.68947990E+02   
1.72417183E+02   
1.68953091E+02   
1.50334967E+02   
1.56494799E+02   
1.70274155E+02   
1.38148430E+02   
1.46750150E+02   
1.43165533E+02   
1.51769054E+02   
1.30461992E+02   
1.41068014E+02   
1.73532306E+02   
1.73490898E+02   
1.57425285E+02   
1.58426885E+02   
1.38161932E+02   
1.43614323E+02   
1.31514003E+02   
1.65629926E+02   
1.52541608E+02   
1.40128326E+02   
1.35022404E+02   
1.44251850E+02   
1.46304961E+02   
1.45728646E+02   
1.34324965E+02   
1.48729446E+02   
1.37136327E+02   
1.53283457E+02   
1.55773355E+02   
1.43028406E+02   
1.40572715E+02   
1.39534507E+02   
1.57272555E+02   
1.41557211E+02   
1.33673835E+02   
1.47373275E+02   
1.45093619E+02   
1.40809062E+02   
1.34043409E+02   
1.31687938E+02   
1.32442488E+02   
1.36026005E+02   
1.35120424E+02   
1.44128426E+02   
1.43959892E+02   
1.25027205E+02   
1.50916783E+02   
1.42252050E+02   
1.25370674E+02   
1.38130526E+02   
1.24753351E+02   
1.37861572E+02   
1.36186137E+02   
1.42888078E+02   
1.21029306E+02   
1.13022505E+02   
1.31173235E+02   
1.45156931E+02   
1.23896679E+02   
1.42337968E+02   
1.27849070E+02   
1.26571814E+02   
1.23348370E+02   
1.34026805E+02   
1.28590318E+02   
1.20402280E+02   
1.27616423E+02   
1.34864873E+02   
1.37621224E+02   
1.14702541E+02   
1.33713843E+02   
1.38866073E+02   
1.24813563E+02   
1.23527405E+02   
1.16076115E+02   
1.24577916E+02   
1.37360672E+02   
1.17407582E+02   
1.41604321E+02   
1.32441288E+02   
1.15472094E+02   
1.22198740E+02   
1.26828366E+02   
1.17221244E+02   
1.04131126E+02   
1.08831966E+02   
1.27927686E+02   
1.33482897E+02   
1.23294659E+02   
1.12839268E+02   
1.17681136E+02   
1.16822565E+02   
1.22129726E+02   
1.13889178E+02   
1.19163633E+02   
1.24528006E+02   
1.32255851E+02   
1.16563913E+02   
1.21439388E+02   
1.26809362E+02   
1.39690438E+02   
1.09902180E+02   
1.15421084E+02   
1.18692038E+02   
1.25227546E+02   
1.28556711E+02   
1.16349970E+02   
1.13404181E+02   
1.22321464E+02   
1.00981496E+02   
1.09385677E+02   
1.16497299E+02   
1.18124425E+02   
1.24350670E+02   
1.19476195E+02   
1.13190138E+02   
1.09717644E+02   
1.14369374E+02   
1.23118524E+02   
1.35026805E+02   
1.15139028E+02   
9.28346669E+01   
1.19433687E+02   
1.13474295E+02   
1.26087618E+02   
1.14735647E+02   
9.83091618E+01   
8.38706741E+01   
1.09454891E+02   
1.00787658E+02   
1.16742448E+02   
1.03021204E+02   
1.13766653E+02   
1.24988398E+02   
1.09054811E+02   
1.06781656E+02   
9.47556511E+01   
9.75479096E+01   
1.09479696E+02   
1.23780856E+02   
1.04040608E+02   
9.17648530E+01   
1.24516103E+02   
1.19775455E+02   
1.26525505E+02   
1.18773255E+02   
9.85219044E+01   
1.05265953E+02   
1.05765653E+02   
9.82677536E+01   
1.06782857E+02   
1.08762452E+02   
1.26541108E+02   
1.07238148E+02   
1.05790458E+02   
1.00285157E+02   
1.06572915E+02   
1.25004601E+02   
9.89545909E+01   
9.09949990E+01   
9.55583117E+01   
9.07214443E+01   
9.27754551E+01   
1.06081216E+02   
9.34060812E+01   
1.03291958E+02   
9.38124625E+01   
1.10538108E+02   
1.06819264E+02   
9.02617524E+01   
9.45429086E+01   
9.84560912E+01   
1.13350170E+02   
1.01499100E+02   
9.52107421E+01   
1.16020004E+02   
8.97308462E+01   
1.06889878E+02   
1.03911582E+02   
1.03076215E+02   
1.02256151E+02   
9.46048210E+01   
9.43123625E+01   
1.02207441E+02   
1.05489498E+02   
1.04654631E+02   
1.11086617E+02   
9.56945389E+01   
1.07738348E+02   
9.90049010E+01   
1.01179536E+02   
9.67898580E+01   
1.04712843E+02   
8.29405881E+01   
1.06329166E+02   
1.07248950E+02   
9.33928786E+01   
9.42453491E+01   
7.80697139E+01   
1.02735347E+02   
7.81535307E+01   
9.21992398E+01   
1.23338368E+02   
1.02662332E+02   
9.33760752E+01   
9.81178236E+01   
8.89205841E+01   
1.03222845E+02   
1.15246549E+02   
9.62594519E+01   
1.01784557E+02   
1.04353171E+02   
8.56937387E+01   
8.30177035E+01   
1.02575615E+02   
1.03912482E+02   
1.05346869E+02   
8.73420684E+01   
8.68969794E+01   
9.14988998E+01   
9.65566113E+01   
9.53615723E+01   
9.73308662E+01   
9.23627726E+01   
1.02365173E+02   
1.01323665E+02   
9.77155431E+01   
1.00936887E+02   
9.16153231E+01   
8.82908582E+01   
9.77279456E+01   
1.10377576E+02   
9.48126625E+01   
8.38749750E+01   
8.10092018E+01   
9.51710342E+01   
8.61666333E+01   
1.00232547E+02   
7.92624525E+01   
7.23176635E+01   
9.57879576E+01   
8.69759952E+01   
8.78066613E+01   
9.73871774E+01   
8.23895779E+01   
1.06554611E+02   
1.03440688E+02   
1.05481796E+02   
9.86029206E+01   
8.48509702E+01   
8.81523305E+01   
9.00567113E+01   
9.36396279E+01   
8.62556511E+01   
8.22221444E+01   
8.05786157E+01   
9.84039808E+01   
8.05199040E+01   
8.31325265E+01   
9.32412482E+01   
8.38130626E+01   
1.02769754E+02   
8.63019604E+01   
9.15637127E+01   
9.16248250E+01   
9.12197439E+01   
1.12008602E+02   
9.18268654E+01   
8.20191038E+01   
9.16156231E+01   
7.70152030E+01   
9.50258052E+01   
8.98133627E+01   
1.05036207E+02   
9.94283857E+01   
9.11802360E+01   
7.67888578E+01   
9.28854771E+01   
8.95517103E+01   
1.08120524E+02   
9.77354471E+01   
8.82619524E+01   
8.86036207E+01   
9.04070814E+01   
7.78927786E+01   
6.71099220E+01   
1.04472494E+02   
1.03981896E+02   
9.13621724E+01   
7.87135427E+01   
8.47412482E+01   
8.42518504E+01   
8.67780556E+01   
8.80169034E+01   
8.18258652E+01   
1.02069314E+02   
8.85848170E+01   
9.42626525E+01   
1.08948890E+02   
8.65898180E+01   
8.23291658E+01   
8.24579916E+01   
9.37661532E+01   
8.52045409E+01   
7.33894779E+01   
7.91292258E+01   
7.68298660E+01   
9.01698340E+01   
7.98605721E+01   
7.59127826E+01   
8.05676135E+01   
9.48211642E+01   
1.11021204E+02   
8.22996599E+01   
7.53774755E+01   
8.21065213E+01   
7.83770754E+01   
8.00976195E+01   
7.77510502E+01   
8.48350670E+01   
7.51185237E+01   
7.70172034E+01   
7.95528106E+01   
7.60160032E+01   
8.80609122E+01   
8.71484297E+01   
9.85385077E+01   
8.80804161E+01   
8.63710742E+01   
7.93025605E+01   
8.80321064E+01   
8.75940188E+01   
9.05725145E+01   
7.95888178E+01   
6.61028206E+01   
7.69331866E+01   
8.79803961E+01   
8.80556111E+01   
6.46000200E+01   
7.76077215E+01   
9.57902581E+01   
9.52193439E+01   
8.78494699E+01   
8.32737548E+01   
7.53130626E+01   
9.38290658E+01   
8.30172034E+01   
8.81633327E+01   
7.68886777E+01   
7.89931986E+01   
6.90316063E+01   
7.08454691E+01   
8.35140028E+01   
8.73518704E+01   
8.83438688E+01   
8.18574715E+01   
8.10176035E+01   
8.31693339E+01   
8.35376075E+01   
7.44919984E+01   
9.23814763E+01   
8.11369274E+01   
8.18758752E+01   
8.71785357E+01   
7.85308062E+01   
9.55652130E+01   
7.57566513E+01   
8.18902781E+01   
9.27357471E+01   
8.93394679E+01   
9.33818764E+01   
7.20405081E+01   
9.38425685E+01   
7.97094419E+01   
7.13298660E+01   
8.15416083E+01   
7.68177636E+01   
8.72726545E+01   
8.10172034E+01   
7.82630526E+01   
7.48586717E+01   
8.24650930E+01   
8.90184037E+01   
8.67101420E+01   
8.12490498E+01   
7.53226645E+01   
9.21800360E+01   
7.70877175E+01   
7.66257251E+01   
8.78017604E+01   
8.10781156E+01   
8.63743749E+01   
8.19049810E+01   
9.01172234E+01   
7.42663533E+01   
8.23130626E+01   
7.42689538E+01   
9.30847169E+01   
6.76871374E+01   
7.94226845E+01   
7.99838968E+01   
6.92504501E+01   
7.21043209E+01   
7.64298860E+01   
9.14330866E+01   
7.94708942E+01   
6.88831766E+01   
7.82885577E+01   
8.15719144E+01   
6.78856771E+01   
7.41520304E+01   
8.50134027E+01   
7.33027606E+01   
8.08742749E+01   
8.07333467E+01   
7.67242448E+01   
6.70156031E+01   
7.48750750E+01   
7.87357471E+01   
9.47592519E+01   
9.61597319E+01   
6.29374875E+01   
7.94877976E+01   
7.05685137E+01   
7.05653131E+01   
7.97768554E+01   
8.36056211E+01   
7.82906581E+01   
7.04251850E+01   
6.71513303E+01   
8.36391278E+01   
8.86372274E+01   
8.50204041E+01   
8.24957992E+01   
8.17485497E+01   
7.44833967E+01   
7.00124025E+01   
8.80968194E+01   
6.63243649E+01   
8.01670334E+01   
8.18854771E+01   
9.17553511E+01   
9.20601120E+01   
8.87156431E+01   
8.06674335E+01   
7.79821964E+01   
8.71489298E+01   
7.43048610E+01   
7.63999800E+01   
8.54816963E+01   
7.34011802E+01   
9.12564513E+01   
7.61591318E+01   
8.42690538E+01   
8.48902781E+01   
8.45151030E+01   
8.05177035E+01   
8.07673535E+01   
8.93965793E+01   
7.03801760E+01   
8.15081016E+01   
7.17673535E+01   
7.06464293E+01   
7.95267053E+01   
7.25037007E+01   
8.35299060E+01   
7.26214243E+01   
7.53763753E+01   
8.08123625E+01   
7.93767754E+01   
7.02550510E+01   
7.72534507E+01   
8.54739948E+01   
6.96737347E+01   
6.93675735E+01   
5.81305261E+01   
7.35451090E+01   
7.23639728E+01   
9.28519704E+01   
8.59014803E+01   
7.10555111E+01   
8.88647730E+01   
6.78503701E+01   
5.80116023E+01   
7.08743749E+01   
6.59221844E+01   
8.15444089E+01   
7.05929186E+01   
6.65635127E+01   
7.20136027E+01   
6.86796359E+01   
7.56820364E+01   
5.65633127E+01   
8.02484497E+01   
6.80043009E+01   
6.51225245E+01   
7.41217243E+01   
8.44697940E+01   
7.64737948E+01   
8.24777956E+01   
7.21989398E+01   
6.45486097E+01   
8.12663533E+01   
9.13168634E+01   
7.20299060E+01   
7.55923185E+01   
8.62807562E+01   
7.14360872E+01   
7.53287658E+01   
6.68449690E+01   
6.80120024E+01   
8.08798760E+01   
6.08365673E+01   
8.12174435E+01   
6.70969194E+01   
6.76239248E+01   
6.97108422E+01   
6.68189638E+01   
7.87100420E+01   
8.12162432E+01   
6.37112422E+01   
6.67056411E+01   
8.82370474E+01   
6.81157231E+01   
7.72126425E+01   
6.30869174E+01   
6.22058412E+01   
7.71773355E+01   
5.52295459E+01   
7.36695339E+01   
6.65871174E+01   
8.86839368E+01   
8.15855171E+01   
8.22630526E+01   
7.03312663E+01   
7.11069214E+01   
8.01769354E+01   
6.66644329E+01   
7.01061212E+01   
9.31792358E+01   
7.33913783E+01   
7.64700940E+01   
8.45611122E+01   
6.50156031E+01   
8.02847570E+01   
6.49250850E+01   
7.61926385E+01   
7.13680736E+01   
7.88361672E+01   
6.65395079E+01   
6.34868974E+01   
8.37963593E+01   
6.18356671E+01   
5.94409882E+01   
5.97512503E+01   
8.01564313E+01   
7.37588518E+01   
8.17612523E+01   
7.00160032E+01   
7.39322865E+01   
6.62663533E+01   
6.56785357E+01   
7.11868374E+01   
7.44265853E+01   
6.96871374E+01   
7.35848170E+01   
7.46891378E+01   
6.67728546E+01   
7.66150230E+01   
7.76553311E+01   
7.58075615E+01   
7.98266653E+01   
8.02519504E+01   
7.86246249E+01   
6.95612122E+01   
6.67102420E+01   
7.30878176E+01   
7.45512102E+01   
7.83277656E+01   
6.55464093E+01   
6.13148630E+01   
6.87123425E+01   
7.74174835E+01   
6.53132627E+01   
7.97203441E+01   
7.68232647E+01   
7.28665733E+01   
6.98681736E+01   
7.72303461E+01   
6.82279456E+01   
6.19402881E+01   
6.80120024E+01   
5.44350870E+01   
8.05188038E+01   
6.75941188E+01   
7.35989198E+01   
7.44306861E+01   
7.59462893E+01   
7.24238848E+01   
6.38096619E+01   
6.41486297E+01   
7.72771554E+01   
6.74831966E+01   
7.05437087E+01   
6.98144629E+01   
7.56862372E+01   
7.12744549E+01   
7.50132026E+01   
7.37567514E+01   
6.85245049E+01   
7.30116023E+01   
7.71937387E+01   
7.40168034E+01   
7.03273655E+01   
6.93233647E+01   
7.69514903E+01   
8.17086417E+01   
8.21967393E+01   
7.45331066E+01   
7.05546109E+01   
6.50729146E+01   
6.79542909E+01   
6.08912783E+01   
7.46710342E+01   
7.14784957E+01   
7.80136027E+01   
7.26721344E+01   
7.84115823E+01   
8.37887578E+01   
6.22933587E+01   
7.07915583E+01   
7.13987798E+01   
6.85755151E+01   
8.11230246E+01   
6.51214243E+01   
6.59598920E+01   
7.26432286E+01   
7.63839768E+01   
6.41178236E+01   
7.08059612E+01   
8.16552310E+01   
8.01699340E+01   
6.54705941E+01   
6.61126225E+01   
6.96139228E+01   
7.71627325E+01   
6.53070614E+01   
7.28171634E+01   
6.89646929E+01   
7.12040408E+01   
6.59642929E+01   
6.85898180E+01   
6.41551310E+01   
7.31066213E+01   
7.99678936E+01   
9.21531306E+01   
6.50994199E+01   
8.36114223E+01   
7.41920384E+01   
7.01451290E+01   
6.60994199E+01   
8.26687337E+01   
6.89726945E+01   
6.55209042E+01   
6.96771354E+01   
8.40553111E+01   
6.40136027E+01   
8.17300460E+01   
7.59361872E+01   
9.26598320E+01   
6.77676535E+01   
6.96630326E+01   
6.35174035E+01   
8.33637728E+01   
8.30938188E+01   
5.26145229E+01   
7.76421284E+01   
6.31977395E+01   
7.78326665E+01   
6.24436887E+01   
5.48691738E+01   
6.97327465E+01   
8.09461892E+01   
7.13229646E+01   
6.78775755E+01   
8.56809362E+01   
6.05116023E+01   
7.79469894E+01   
6.79485897E+01   
6.99818964E+01   
8.30140028E+01   
7.07358472E+01   
6.73836767E+01   
9.06214243E+01   
5.75824165E+01   
6.30104021E+01   
7.26057211E+01   
7.59019804E+01   
6.13267654E+01   
7.38746749E+01   
8.07421484E+01   
7.63689738E+01   
7.01730346E+01   
6.69071814E+01   
7.29360872E+01   
6.81409282E+01   
7.56637327E+01   
6.13365673E+01   
8.09886977E+01   
6.39894979E+01   
7.48504701E+01   
6.32454491E+01   
6.89448890E+01   
5.59693939E+01   
6.50795159E+01   
7.88427686E+01   
6.01209242E+01   
7.30144029E+01   
7.29942989E+01   
6.32118424E+01   
8.48370674E+01   
6.81845369E+01   
6.59737948E+01   
7.28305661E+01   
6.60687137E+01   
5.99624925E+01   
7.89310862E+01   
6.63146629E+01   
7.38332667E+01   
7.19519904E+01   
7.50164033E+01   
6.70760152E+01   
7.61163233E+01   
6.49696939E+01   
6.20817163E+01   
6.18781756E+01   
5.61442288E+01   
7.08736747E+01   
6.81003201E+01   
6.30830166E+01   
6.48747750E+01   
7.89933987E+01   
6.91525305E+01   
6.99501900E+01   
6.30229046E+01   
6.80035007E+01   
6.60577115E+01   
7.09346869E+01   
6.19985997E+01   
8.00387077E+01   
6.49998000E+01   
6.50359072E+01   
7.59749950E+01   
6.20957191E+01   
6.59940988E+01   
5.90018004E+01   
8.09592919E+01   
6.61166233E+01   
5.49759952E+01   
6.90009002E+01   
6.50264053E+01   
6.50145029E+01   
7.19811962E+01   
6.90412082E+01   
7.40095019E+01   
6.50142028E+01   
6.70054011E+01   
8.00092018E+01   
7.70169034E+01   
6.90138028E+01   
7.60115023E+01   
6.20146029E+01   
6.79981996E+01   
5.70339068E+01   
7.90029006E+01   
6.60421084E+01   
7.69671934E+01   
6.10419084E+01   
6.60140028E+01   
7.10054011E+01   
6.50414083E+01   
6.89849970E+01   
7.39911982E+01   
6.40293059E+01   
6.80065013E+01   
7.60258052E+01   
7.39918984E+01   
5.39969994E+01   
7.40823165E+01   
6.40065013E+01   
7.39882977E+01   
6.70041008E+01   
6.80888178E+01   
6.79169834E+01   
6.70635127E+01   
6.60140028E+01   
7.09584917E+01   
7.40695139E+01   
7.21092218E+01   
6.98818764E+01   
5.89619924E+01   
6.30374075E+01   
8.00255051E+01   
6.00402080E+01   
6.70704141E+01   
5.39853971E+01   
7.19384877E+01   
7.30895179E+01   
7.41571314E+01   
6.78056611E+01   
6.79455891E+01   
6.81305261E+01   
7.60836167E+01   
6.69256851E+01   
6.49033807E+01   
7.51978396E+01   
7.19956991E+01   
6.17998600E+01   
6.03284657E+01   
6.59148830E+01   
6.98694739E+01   
6.11593319E+01   
6.79068814E+01   
7.52752551E+01   
6.59056811E+01   
7.98108622E+01   
6.33119624E+01   
8.47582517E+01   
6.61080216E+01   
7.31355271E+01   
7.66701340E+01   
6.04120824E+01   
8.38127626E+01   
7.59617924E+01   
6.38549710E+01   
6.81706341E+01   
7.61754351E+01   
7.68501700E+01   
7.51523305E+01   
7.21280256E+01   
8.21312262E+01   
8.54358872E+01   
5.41280256E+01   
6.21611322E+01   
7.40439088E+01   
5.12903581E+01   
6.67687538E+01   
7.82349470E+01   
7.39214843E+01   
7.00160032E+01   
6.71468294E+01   
7.18189638E+01   
6.47471494E+01   
6.11137227E+01   
6.47730546E+01   
5.13574715E+01   
7.30144029E+01   
7.31209242E+01   
7.55129026E+01   
6.33730746E+01   
6.60507101E+01   
7.01257251E+01   
7.18655731E+01   
5.92414483E+01   
8.85184037E+01   
6.47079416E+01   
8.44708942E+01   
6.48942789E+01   
6.71313263E+01   
7.20531106E+01   
5.80132026E+01   
6.73009602E+01   
7.25594119E+01   
5.48020604E+01   
6.64326865E+01   
6.87146429E+01   
6.03987798E+01   
8.21449290E+01   
6.59716943E+01   
7.60595119E+01   
7.40156031E+01   
8.06547309E+01   
5.87393479E+01   
5.04690938E+01   
7.29676935E+01   
5.93872775E+01   
6.74043809E+01   
6.43916783E+01   
7.36315263E+01   
6.22048410E+01   
6.71593319E+01   
5.89652931E+01   
5.85684137E+01   
6.26093219E+01   
6.55121024E+01   
5.02647530E+01   
5.50132026E+01   
7.41677335E+01   
7.92739548E+01   
7.80164033E+01   
7.48055611E+01   
6.77492498E+01   
6.79057812E+01   
6.32276455E+01   
8.49592919E+01   
7.26849370E+01   
6.11761352E+01   
7.12895579E+01   
6.98462693E+01   
7.31254251E+01   
6.77867574E+01   
5.41262252E+01   
5.57827566E+01   
5.96482296E+01   
6.74907982E+01   
7.01881376E+01   
6.82496499E+01   
7.50743149E+01   
7.36557311E+01   
6.30731146E+01   
5.95882176E+01   
6.25604121E+01   
6.33830766E+01   
7.07068414E+01   
7.28274655E+01   
7.32640528E+01   
6.98885777E+01   
6.93315663E+01   
7.34407882E+01   
6.21410282E+01   
6.24661932E+01   
7.46904381E+01   
7.48174635E+01   
6.28150630E+01   
6.90779156E+01   
6.54122825E+01   
6.50144029E+01   
6.73519704E+01   
6.61335267E+01   
6.02844569E+01   
7.15625125E+01   
7.28777756E+01   
7.16676335E+01   
6.87123425E+01   
7.08921784E+01   
6.05865173E+01   
6.40040008E+01   
7.38709742E+01   
6.72289458E+01   
7.84482897E+01   
8.03623725E+01   
7.04518904E+01   
7.70599120E+01   
5.63408682E+01   
8.12001400E+01   
7.20592118E+01   
7.91174235E+01   
7.60895179E+01   
7.22552511E+01   
6.18577716E+01   
4.86973395E+01   
8.02472494E+01   
7.93942789E+01   
5.55566113E+01   
6.14838968E+01   
7.79143829E+01   
6.31690338E+01   
6.37272454E+01   
7.06955391E+01   
7.21742348E+01   
7.55301060E+01   
5.97686537E+01   
6.17444489E+01   
7.55059012E+01   
7.25229046E+01   
6.95181036E+01   
6.16769354E+01   
6.54305861E+01   
6.97606521E+01   
5.81073215E+01   
7.25081016E+01   
7.08437688E+01   
6.45856171E+01   
6.46985397E+01   
6.51870374E+01   
7.42753551E+01   
7.79292859E+01   
7.91910382E+01   
8.04342869E+01   
6.25680136E+01   
5.68706741E+01   
6.89962993E+01   
8.59614923E+01   
6.51801360E+01   
6.98422685E+01   
6.01905381E+01   
7.97407481E+01   
5.39326865E+01   
7.48353671E+01   
8.07414483E+01   
7.33681736E+01   
6.77593519E+01   
7.15213043E+01   
6.17017403E+01   
8.92638528E+01   
7.74468894E+01   
5.21079216E+01   
6.50639128E+01   
8.00584117E+01   
6.03393679E+01   
5.43648730E+01   
7.65308062E+01   
7.29416883E+01   
6.17725545E+01   
7.75256051E+01   
5.81139228E+01   
6.90244049E+01   
6.47082416E+01   
6.21143229E+01   
6.78141628E+01   
7.06111222E+01   
5.66079216E+01   
6.87214443E+01   
6.97078416E+01   
6.84216843E+01   
7.10895179E+01   
6.38353671E+01   
6.62206441E+01   
6.91830366E+01   
7.27846569E+01   
7.13424685E+01   
6.06935387E+01   
7.51738348E+01   
6.38029606E+01   
6.91203241E+01   
5.83740748E+01   
5.25476095E+01   
6.75839168E+01   
5.79836967E+01   
7.26078216E+01   
6.83154631E+01   
7.03608722E+01   
7.09179836E+01   
6.39984997E+01   
6.74611922E+01   
4.75644129E+01   
7.55684137E+01   
6.52341468E+01   
7.03550710E+01   
8.06798360E+01   
7.43537708E+01   
8.20937187E+01   
6.08263653E+01   
6.93075615E+01   
5.83822765E+01   
7.42121424E+01   
6.68972795E+01   
7.23982797E+01   
7.37849570E+01   
7.30385077E+01   
5.61764353E+01   
5.80132026E+01   
6.32482496E+01   
6.04243849E+01   
5.81303261E+01   
6.40809162E+01   
7.19438888E+01   
5.90562112E+01   
5.99685937E+01   
5.57717544E+01   
5.57359472E+01   
8.48928786E+01   
7.04996999E+01   
7.35521104E+01   
6.61113223E+01   
6.18912783E+01   
7.05061012E+01   
6.12858572E+01   
6.49923985E+01   
7.02700540E+01   
6.13899780E+01   
8.16382276E+01   
8.01381276E+01   
7.55177035E+01   
7.67523505E+01   
6.66590318E+01   
8.42540508E+01   
7.03969794E+01   
7.49687938E+01   
5.46774355E+01   
7.95293059E+01   
7.01121224E+01   
6.72722545E+01   
6.52344469E+01   
6.02722545E+01   
7.30582116E+01   
7.22778556E+01   
7.32794559E+01   
7.90383077E+01   
6.53495699E+01   
6.22655531E+01   
7.25516103E+01   
6.67474495E+01   
9.00793159E+01   
6.08796759E+01   
6.44177836E+01   
7.31499300E+01   
7.26599320E+01   
6.23704741E+01   
7.59245849E+01   
6.23363673E+01   
9.00990198E+01   
6.47008402E+01   
7.37393479E+01   
6.75360072E+01   
8.23829766E+01   
6.31850370E+01   
8.79535907E+01   
8.61748350E+01   
6.15733147E+01   
6.45914183E+01   
6.78712743E+01   
5.70027005E+01   
6.84405881E+01   
6.63006601E+01   
8.98749750E+01   
7.24429886E+01   
6.90148030E+01   
8.10148030E+01   
8.08704741E+01   
6.57118424E+01   
6.13010602E+01   
6.76311262E+01   
7.35595119E+01   
6.86001200E+01   
7.61360272E+01   
7.25726145E+01   
6.47177435E+01   
6.61599320E+01   
7.21990398E+01   
6.86359272E+01   
7.16496299E+01   
6.89668934E+01   
6.93601720E+01   
8.03607722E+01   
6.80100020E+01   
6.68814763E+01   
6.99568914E+01   
6.41032206E+01   
7.05554111E+01   
5.70803161E+01   
7.60233047E+01   
7.17764553E+01   
7.37040408E+01   
7.05522104E+01   
7.00140028E+01   
6.90832166E+01   
5.63226645E+01   
6.40395079E+01   
9.91416283E+01   
6.40503101E+01   
8.12895579E+01   
7.65410082E+01   
7.46441288E+01   
7.08556711E+01   
6.90136027E+01   
7.34909982E+01   
6.46101220E+01   
7.54194839E+01   
6.70528106E+01   
7.26553311E+01   
7.68196639E+01   
8.15314063E+01   
7.33102621E+01   
8.58296659E+01   
7.79280856E+01   
6.19911982E+01   
7.90336067E+01   
6.03566713E+01   
5.73114623E+01   
8.13574715E+01   
8.09963993E+01   
8.21919384E+01   
7.61879376E+01   
7.70176035E+01   
7.35142028E+01   
8.01835367E+01   
7.46821364E+01   
8.26653331E+01   
7.38424685E+01   
6.78540708E+01   
6.26889378E+01   
7.18616723E+01   
7.68460692E+01   
7.66749350E+01   
7.33318664E+01   
7.15534107E+01   
6.68160632E+01   
7.76385277E+01   
6.23894779E+01   
7.22866573E+01   
6.37025405E+01   
6.53586717E+01   
5.78820764E+01   
7.60144029E+01   
7.76649330E+01   
6.36125225E+01   
6.04146829E+01   
7.33654731E+01   
7.16617323E+01   
6.66601320E+01   
6.97728546E+01   
7.62708542E+01   
7.95712142E+01   
6.42579516E+01   
7.00124025E+01   
6.33706741E+01   
7.56290258E+01   
7.31171234E+01   
6.81131226E+01   
7.22779556E+01   
6.81099220E+01   
6.79212843E+01   
8.07433487E+01   
8.36525305E+01   
8.35545109E+01   
7.08445689E+01   
7.79159832E+01   
7.44629926E+01   
6.19075815E+01   
6.51196239E+01   
6.67163433E+01   
9.17542509E+01   
6.25702140E+01   
6.81316263E+01   
7.83353671E+01   
7.59480896E+01   
6.78268654E+01   
7.17657532E+01   
6.81456291E+01   
6.95644129E+01   
5.55259052E+01   
8.47415483E+01   
6.55307061E+01   
5.88723745E+01   
6.76360272E+01   
8.31525305E+01   
7.16305261E+01   
7.31644329E+01   
7.17845569E+01   
8.48603721E+01   
6.48212643E+01   
6.71752350E+01   
7.20467093E+01   
7.26540308E+01   
6.95169034E+01   
8.08479696E+01   
8.10387077E+01   
7.76428286E+01   
6.64042809E+01   
7.13732747E+01   
8.46372274E+01   
7.54217844E+01   
7.80235047E+01   
6.40029006E+01   
6.82182436E+01   
7.06047209E+01   
6.16134227E+01   
7.56164233E+01   
8.72186437E+01   
7.24136827E+01   
8.04072815E+01   
7.92070414E+01   
7.40019004E+01   
5.30330066E+01   
6.77971594E+01   
7.18708742E+01   
8.07798560E+01   
7.25868174E+01   
6.34636927E+01   
6.79689938E+01   
6.90381076E+01   
7.44808962E+01   
8.77538508E+01   
7.46338268E+01   
7.58811762E+01   
5.56294259E+01   
6.30846169E+01   
7.25576115E+01   
7.25105021E+01   
7.82676535E+01   
8.04358872E+01   
7.47611522E+01   
7.05961192E+01   
8.15428086E+01   
6.42768554E+01   
7.65368074E+01   
6.81274255E+01   
8.08040608E+01   
6.19538908E+01   
7.33537708E+01   
6.90997199E+01   
7.41602320E+01   
7.27291458E+01   
7.07960592E+01   
6.52311462E+01   
7.85100020E+01   
7.40909182E+01   
7.45036007E+01   
6.35268054E+01   
7.08477696E+01   
6.39654931E+01   
8.57095419E+01   
6.22303461E+01   
6.81045209E+01   
7.39210842E+01   
6.36702340E+01   
7.06967393E+01   
5.96714343E+01   
6.52500500E+01   
5.98925785E+01   
6.93380676E+01   
6.77859572E+01   
7.57948590E+01   
7.12376475E+01   
6.67904581E+01   
7.15748150E+01   
8.01214243E+01   
7.40140028E+01   
7.95844169E+01   
7.66910382E+01   
7.58659732E+01   
6.45613123E+01   
6.94634927E+01   
7.55022004E+01   
8.54702941E+01   
9.01090218E+01   
7.97884577E+01   
8.03832767E+01   
8.61912382E+01   
7.74135827E+01   
6.79285857E+01   
7.35545109E+01   
6.64726945E+01   
6.30136027E+01   
6.27055411E+01   
8.48593719E+01   
7.77074415E+01   
6.62459492E+01   
6.98731746E+01   
7.49228846E+01   
6.92471494E+01   
7.92479496E+01   
7.31432286E+01   
7.00116023E+01   
7.15421084E+01   
7.35974195E+01   
6.64284857E+01   
7.38940788E+01   
7.42503501E+01   
6.44348870E+01   
7.94396879E+01   
9.26437287E+01   
8.66808362E+01   
8.70646129E+01   
7.93001600E+01   
6.79283857E+01   
8.54251850E+01   
6.34520904E+01   
7.35341068E+01   
7.92917584E+01   
6.91831366E+01   
7.70164033E+01   
8.25003001E+01   
8.25937187E+01   
6.90132026E+01   
6.97700540E+01   
6.09353871E+01   
8.02857572E+01   
8.90390078E+01   
6.79517904E+01   
8.90778156E+01   
8.02425485E+01   
8.52627526E+01   
8.72927586E+01   
6.00144029E+01   
7.78014603E+01   
6.64846969E+01   
8.90132026E+01   
7.42747550E+01   
5.14878976E+01   
7.52701540E+01   
7.52677536E+01   
6.67652531E+01   
7.52651530E+01   
7.85107021E+01   
6.67662533E+01   
6.97624525E+01   
7.50136027E+01   
7.10230046E+01   
7.22899580E+01   
8.29935987E+01   
7.57336467E+01   
6.82501500E+01   
8.17912583E+01   
8.48348670E+01   
7.22335467E+01   
9.22723545E+01   
7.94576915E+01   
7.86783357E+01   
9.56048210E+01   
6.48136627E+01   
8.22437487E+01   
7.65311062E+01   
8.47576515E+01   
7.77218444E+01   
7.23825765E+01   
8.26828366E+01   
8.19355871E+01   
6.63551710E+01   
6.82333467E+01   
7.46259252E+01   
7.24028806E+01   
8.51578316E+01   
9.32815563E+01   
9.46038208E+01   
7.31196239E+01   
8.32736547E+01   
6.90813163E+01   
7.68473695E+01   
7.02205441E+01   
8.82560512E+01   
8.26300260E+01   
8.19525905E+01   
7.50148030E+01   
6.77480496E+01   
7.62129426E+01   
6.34211842E+01   
9.07488498E+01   
7.78695739E+01   
7.11632326E+01   
8.02855571E+01   
8.16690338E+01   
7.16650330E+01   
6.79052811E+01   
7.62033407E+01   
8.48105621E+01   
9.23044609E+01   
8.74805961E+01   
7.00108022E+01   
5.74652931E+01   
5.87415483E+01   
8.17495499E+01   
8.70180036E+01   
8.41154231E+01   
9.53710742E+01   
8.63662733E+01   
8.55970194E+01   
9.57085417E+01   
7.41861372E+01   
7.38442689E+01   
7.21238248E+01   
8.42412482E+01   
6.72364473E+01   
6.83458692E+01   
7.34073815E+01   
7.80615123E+01   
8.33243649E+01   
7.33406681E+01   
8.54947990E+01   
7.95948190E+01   
9.39643929E+01   
8.47364473E+01   
9.17356471E+01   
8.10407081E+01   
8.38833767E+01   
6.52780556E+01   
7.81804361E+01   
7.08515703E+01   
7.58785757E+01   
7.97296459E+01   
7.11585317E+01   
7.14405881E+01   
6.30131026E+01   
7.01619324E+01   
7.21488298E+01   
7.38839768E+01   
6.98532707E+01   
8.27397479E+01   
8.23027606E+01   
7.45710142E+01   
7.73260652E+01   
7.77264453E+01   
7.24653931E+01   
8.56947389E+01   
8.57236447E+01   
7.14316863E+01   
7.61794359E+01   
7.44308862E+01   
6.45987197E+01   
7.00641128E+01   
8.04996999E+01   
6.31870374E+01   
8.10748150E+01   
6.64216843E+01   
6.59571914E+01   
7.83748750E+01   
9.16079216E+01   
7.37216443E+01   
7.01645329E+01   
6.70893179E+01   
7.95290058E+01   
6.73103621E+01   
6.44172835E+01   
7.84877976E+01   
8.15246049E+01   
7.55206041E+01   
7.84108822E+01   
8.47180436E+01   
7.71157231E+01   
7.44144829E+01   
8.39302861E+01   
9.01001200E+01   
7.19210842E+01   
7.35975195E+01   
7.47380476E+01   
7.65010002E+01   
8.03183637E+01   
7.11033207E+01   
8.30576115E+01   
7.65323065E+01   
8.31656331E+01   
9.18282657E+01   
8.31206241E+01   
6.37668534E+01   
6.94672935E+01   
7.58662733E+01   
7.61665333E+01   
7.45527105E+01   
7.65550110E+01   
8.27801560E+01   
7.41777355E+01   
8.30164033E+01   
7.30865173E+01   
7.13255651E+01   
7.27048410E+01   
8.24379876E+01   
7.82305461E+01   
6.72488498E+01   
8.45794159E+01   
8.53323665E+01   
9.42726545E+01   
9.83774755E+01   
8.21540308E+01   
8.60184037E+01   
7.82969594E+01   
7.63701740E+01   
7.58635727E+01   
7.53832767E+01   
7.23307662E+01   
8.88656731E+01   
8.11639328E+01   
7.92850570E+01   
7.83804761E+01   
8.05176035E+01   
8.78323665E+01   
9.38034607E+01   
8.59806961E+01   
8.73039608E+01   
7.66555311E+01   
7.69401880E+01   
8.79449890E+01   
8.78400680E+01   
7.63371674E+01   
7.69826965E+01   
7.24029806E+01   
7.46611322E+01   
8.39569914E+01   
8.33419684E+01   
8.70722144E+01   
7.33664733E+01   
7.96410282E+01   
7.73194639E+01   
8.74110822E+01   
8.27101420E+01   
9.35493099E+01   
8.27503501E+01   
7.40007001E+01   
9.13793759E+01   
8.40023005E+01   
8.30869174E+01   
7.46457291E+01   
7.96973395E+01   
7.16234247E+01   
8.77171434E+01   
8.90399080E+01   
8.06690338E+01   
6.83467694E+01   
8.66795359E+01   
8.63545709E+01   
7.63420684E+01   
8.43525705E+01   
8.16828366E+01   
8.46820364E+01   
6.93561712E+01   
8.16750350E+01   
7.96804361E+01   
9.13507702E+01   
7.43357672E+01   
7.43590718E+01   
7.80358072E+01   
7.97034407E+01   
1.00306361E+02   
7.50569114E+01   
7.46653331E+01   
7.99519904E+01   
7.97782557E+01   
8.76796359E+01   
9.32791558E+01   
8.90988198E+01   
9.12484497E+01   
7.83782757E+01   
7.56736347E+01   
8.68282657E+01   
8.23368674E+01   
9.55365073E+01   
7.91029206E+01   
7.86744349E+01   
8.93296659E+01   
8.49836967E+01   
6.95336067E+01   
7.60203041E+01   
1.03330866E+02   
9.26373275E+01   
7.78240648E+01   
8.00539108E+01   
7.64864973E+01   
8.86285257E+01   
9.11928386E+01   
9.30546109E+01   
7.87115423E+01   
9.19506901E+01   
9.46806361E+01   
7.89626925E+01   
9.41148230E+01   
8.19251850E+01   
9.48594719E+01   
7.48289658E+01   
9.24833967E+01   
8.99081816E+01   
8.27284457E+01   
7.77798560E+01   
8.31374275E+01   
9.12485497E+01   
7.39532907E+01   
8.66604321E+01   
8.97251450E+01   
7.57267453E+01   
8.02365473E+01   
1.00232547E+02   
6.84394879E+01   
7.02996599E+01   
7.25162032E+01   
8.58797760E+01   
8.26436287E+01   
8.32421484E+01   
7.73759752E+01   
8.24214843E+01   
7.80528106E+01   
8.36132226E+01   
7.90951190E+01   
8.50975195E+01   
6.91846369E+01   
7.74837968E+01   
8.14642929E+01   
7.87514503E+01   
7.19181836E+01   
7.80160032E+01   
8.04718944E+01   
8.71026205E+01   
7.07439488E+01   
8.95714143E+01   
7.21688338E+01   
7.45991198E+01   
8.28205641E+01   
7.34176835E+01   
9.37166433E+01   
9.09581916E+01   
9.39168834E+01   
8.75461092E+01   
8.80678136E+01   
8.21223245E+01   
7.42768554E+01   
8.54253851E+01   
8.15680136E+01   
8.95691138E+01   
8.23541708E+01   
9.33613723E+01   
1.01532907E+02   
8.76468294E+01   
8.44271854E+01   
8.28640728E+01   
1.02874475E+02   
1.01901280E+02   
9.57807562E+01   
8.50164033E+01   
7.63901780E+01   
7.61449290E+01   
7.18822765E+01   
7.79064813E+01   
8.14974995E+01   
8.15401080E+01   
8.37327465E+01   
7.15251050E+01   
8.02580516E+01   
7.72866573E+01   
9.34996999E+01   
7.56352270E+01   
7.69142829E+01   
8.25809162E+01   
8.64518904E+01   
7.76799360E+01   
7.65502100E+01   
9.32010402E+01   
8.79286857E+01   
8.02532507E+01   
8.97189438E+01   
7.59334867E+01   
9.37855571E+01   
8.80965193E+01   
9.06316263E+01   
9.30160032E+01   
1.03257351E+02   
8.90204041E+01   
8.56111222E+01   
1.01788358E+02   
8.37899580E+01   
7.56288258E+01   
7.64039808E+01   
8.69001800E+01   
1.00687738E+02   
7.87963593E+01   
8.93041608E+01   
1.00293359E+02   
8.79454891E+01   
8.27506501E+01   
9.54091818E+01   
8.56689338E+01   
8.15438088E+01   
1.02272955E+02   
9.74095819E+01   
9.28376675E+01   
8.35582116E+01   
1.17171434E+02   
9.96846369E+01   
7.98601720E+01   
8.96200240E+01   
9.31573315E+01   
1.01852170E+02   
8.62059412E+01   
9.42244449E+01   
8.81805361E+01   
9.76490298E+01   
8.32422484E+01   
8.67856571E+01   
9.82285457E+01   
8.54122825E+01   
8.72267453E+01   
7.22127425E+01   
8.42170434E+01   
8.10133027E+01   
9.32187437E+01   
7.85990198E+01   
8.50516103E+01   
9.56057211E+01   
1.01850970E+02   
1.01974695E+02   
8.48056611E+01   
8.23992799E+01   
9.08661732E+01   
7.59944989E+01   
8.39904981E+01   
8.98534707E+01   
9.00770154E+01   
8.93318664E+01   
8.14223845E+01   
8.28662733E+01   
9.10188038E+01   
9.46507301E+01   
9.40204041E+01   
8.43413683E+01   
8.89708942E+01   
9.18339668E+01   
8.12954591E+01   
8.40188038E+01   
9.61805361E+01   
9.22123425E+01   
8.58982797E+01   
8.04319864E+01   
9.40099020E+01   
7.90309062E+01   
9.57808562E+01   
8.64327866E+01   
1.04159432E+02   
1.06879776E+02   
9.56048210E+01   
9.10951190E+01   
8.72030406E+01   
9.26877375E+01   
8.29270854E+01   
9.45998200E+01   
7.89274855E+01   
1.03946889E+02   
1.06856371E+02   
9.30925185E+01   
9.16681336E+01   
8.20152030E+01   
7.77914583E+01   
9.21788358E+01   
1.03119924E+02   
9.69705941E+01   
7.91728346E+01   
8.45928186E+01   
9.02338468E+01   
8.39746949E+01   
8.59473895E+01   
9.02855571E+01   
9.87115423E+01   
9.61387277E+01   
8.42013403E+01   
1.01565913E+02   
9.03188638E+01   
9.35715143E+01   
1.00316463E+02   
7.27396479E+01   
9.90176035E+01   
8.84544909E+01   
7.90152030E+01   
8.60111022E+01   
8.13031606E+01   
9.64479896E+01   
9.20153031E+01   
9.04392879E+01   
9.10342068E+01   
9.75896179E+01   
9.31735347E+01   
8.52968594E+01   
1.02314763E+02   
9.27013403E+01   
8.15848170E+01   
7.70463093E+01   
9.68213643E+01   
9.08193639E+01   
9.48141628E+01   
9.63610722E+01   
7.46733347E+01   
8.94523905E+01   
8.99684937E+01   
9.06307261E+01   
1.00944689E+02   
9.39632927E+01   
9.13948790E+01   
9.89538908E+01   
9.57052410E+01   
8.64563913E+01   
1.00528706E+02   
9.58256651E+01   
8.49424885E+01   
8.96567313E+01   
9.68999800E+01   
8.28160632E+01   
8.26944389E+01   
8.02504501E+01   
8.19930986E+01   
1.07461192E+02   
8.62480496E+01   
9.35631126E+01   
9.99156831E+01   
7.04660932E+01   
8.72367473E+01   
9.97990598E+01   
8.83441688E+01   
8.55704141E+01   
9.31514303E+01   
1.07575615E+02   
1.12681236E+02   
9.46541308E+01   
8.71770354E+01   
1.01782056E+02   
8.58812763E+01   
9.07732547E+01   
8.48119624E+01   
8.20168034E+01   
8.31168234E+01   
8.39702941E+01   
9.22743549E+01   
1.01668834E+02   
9.59568914E+01   
9.51136227E+01   
9.13739748E+01   
8.47540508E+01   
9.38287658E+01   
1.00285557E+02   
8.93815763E+01   
8.69295859E+01   
1.01657231E+02   
9.21029206E+01   
8.25711142E+01   
8.34592919E+01   
9.04249850E+01   
1.06346169E+02   
8.95604121E+01   
9.29323865E+01   
1.00980096E+02   
8.59726945E+01   
1.00266053E+02   
8.89347870E+01   
9.95021004E+01   
8.38921784E+01   
1.02959292E+02   
8.27839568E+01   
9.11037207E+01   
8.68626725E+01   
9.73264653E+01   
9.79439888E+01   
1.06557211E+02   
9.05779156E+01   
1.09606921E+02   
1.01873975E+02   
1.03127926E+02   
9.67704541E+01   
1.07625625E+02   
8.70361072E+01   
8.45379076E+01   
9.60196039E+01   
9.68203641E+01   
1.03350070E+02   
1.05629126E+02   
9.92148430E+01   
1.00678436E+02   
8.16744349E+01   
8.55472094E+01   
8.37119424E+01   
8.95601120E+01   
9.87726545E+01   
9.60193039E+01   
8.04871974E+01   
9.22607522E+01   
1.01548010E+02   
8.82404481E+01   
8.64891978E+01   
9.67487497E+01   
8.99679936E+01   
8.67556511E+01   
8.81851370E+01   
9.72248450E+01   
9.03959792E+01   
9.41196239E+01   
1.13544409E+02   
1.05449190E+02   
1.05265953E+02   
8.28009602E+01   
8.66535307E+01   
9.69303861E+01   
1.03411982E+02   
9.81492298E+01   
9.52276455E+01   
8.89747950E+01   
9.18963793E+01   
1.06303161E+02   
1.08273555E+02   
9.95925185E+01   
9.93507702E+01   
1.12875975E+02   
9.27872575E+01   
8.11204241E+01   
9.69475895E+01   
9.33687738E+01   
9.87280456E+01   
9.53743749E+01   
9.34423885E+01   
1.05594419E+02   
9.54463893E+01   
1.08478396E+02   
8.56440288E+01   
1.03504801E+02   
8.94799960E+01   
9.79699940E+01   
1.08605221E+02   
9.44603921E+01   
1.01531606E+02   
8.95524105E+01   
9.80604121E+01   
1.11427185E+02   
9.50592118E+01   
1.04362773E+02   
1.04622825E+02   
1.12429186E+02   
1.14106021E+02   
1.02529606E+02   
1.10500000E+02   
1.05597620E+02   
1.06967193E+02   
9.90096019E+01   
9.85616123E+01   
9.85040008E+01   
9.45160032E+01   
1.07516803E+02   
1.09517604E+02   
9.15256051E+01   
1.04995999E+02   
1.01047209E+02   
1.09552811E+02   
1.04988398E+02   
1.04523605E+02   
9.75324065E+01   
8.70164033E+01   
1.05014003E+02   
1.09523605E+02   
9.20184037E+01   
9.80200040E+01   
9.80288058E+01   
9.45048010E+01   
1.08054011E+02   
1.03498800E+02   
9.69871974E+01   
9.25512102E+01   
9.05384077E+01   
1.10014403E+02   
1.09012803E+02   
8.69727946E+01   
1.05480396E+02   
9.80588118E+01   
1.03523205E+02   
1.17120024E+02   
9.68743749E+01   
9.71304261E+01   
1.03529206E+02   
8.69419884E+01   
8.65096019E+01   
1.00614423E+02   
9.48563713E+01   
7.81300260E+01   
1.13469594E+02   
9.29967994E+01   
1.15592418E+02   
9.80196039E+01   
9.90660132E+01   
1.07581216E+02   
1.07899180E+02   
1.00019204E+02   
1.06230446E+02   
1.06430386E+02   
1.16452791E+02   
9.48479696E+01   
1.04738048E+02   
1.07415583E+02   
1.13722044E+02   
9.58003601E+01   
8.84039808E+01   
9.15328066E+01   
9.16024205E+01   
9.96416283E+01   
1.19949190E+02   
9.71300260E+01   
1.22540808E+02   
1.02580016E+02   
1.13945189E+02   
1.03542008E+02   
1.00379576E+02   
9.59779956E+01   
1.07667233E+02   
1.07891978E+02   
1.03585217E+02   
9.87668534E+01   
1.14887978E+02   
1.11883177E+02   
1.05972795E+02   
1.01971194E+02   
9.68356671E+01   
1.15449190E+02   
9.62451490E+01   
1.08850870E+02   
1.09867173E+02   
1.00547209E+02   
9.89139828E+01   
1.00019604E+02   
1.04602420E+02   
1.05548810E+02   
1.09663233E+02   
1.15735147E+02   
8.84899980E+01   
9.09003801E+01   
1.17317263E+02   
1.08021204E+02   
1.06367173E+02   
1.15112122E+02   
1.02710742E+02   
1.04106721E+02   
1.01133327E+02   
1.06164333E+02   
1.03821564E+02   
9.90184037E+01   
1.14232547E+02   
1.13217143E+02   
1.06279556E+02   
1.15414783E+02   
1.02304061E+02   
1.09166433E+02   
9.65143029E+01   
9.95552110E+01   
1.02002501E+02   
1.11561612E+02   
1.31948390E+02   
1.01101120E+02   
1.06941588E+02   
9.91752350E+01   
1.15559612E+02   
1.23180436E+02   
1.14239148E+02   
1.04131326E+02   
1.10777956E+02   
1.02606721E+02   
1.03224745E+02   
1.07609722E+02   
1.08735647E+02   
1.18702641E+02   
9.18212643E+01   
9.55628126E+01   
9.61968394E+01   
1.09931186E+02   
1.05565213E+02   
1.08022104E+02   
1.13380676E+02   
1.16390478E+02   
9.89287858E+01   
1.08549510E+02   
1.02565213E+02   
1.05566013E+02   
1.14760452E+02   
1.06313263E+02   
1.10079916E+02   
1.12019204E+02   
1.07519304E+02   
1.06720744E+02   
1.15817564E+02   
1.02980096E+02   
1.09126025E+02   
9.76075215E+01   
1.17810762E+02   
1.02441288E+02   
1.08809162E+02   
1.12020404E+02   
1.16574415E+02   
1.02585517E+02   
1.14010902E+02   
1.22794159E+02   
1.13359472E+02   
1.10022004E+02   
1.09473295E+02   
1.00229846E+02   
1.23721044E+02   
1.15972494E+02   
1.17713343E+02   
9.55547109E+01   
1.18959792E+02   
1.21702841E+02   
1.32301360E+02   
1.20471294E+02   
1.08944089E+02   
1.03267253E+02   
1.19097119E+02   
1.21022805E+02   
1.17460792E+02   
1.20147229E+02   
1.25520704E+02   
1.10088918E+02   
1.07005801E+02   
1.02733447E+02   
1.20895979E+02   
1.32977696E+02   
9.30704141E+01   
1.08155131E+02   
1.22326765E+02   
1.10660232E+02   
1.00852470E+02   
1.12885977E+02   
1.01560512E+02   
1.01022805E+02   
1.30412182E+02   
1.24578516E+02   
1.16093219E+02   
1.12716143E+02   
1.15453991E+02   
1.13312362E+02   
1.01447289E+02   
1.16453591E+02   
1.23452791E+02   
1.02587818E+02   
1.00170534E+02   
1.02575815E+02   
1.23883277E+02   
1.12328966E+02   
1.16449590E+02   
1.02130226E+02   
1.12365073E+02   
1.15397379E+02   
9.93513703E+01   
1.06567914E+02   
1.07820664E+02   
1.25567514E+02   
1.21408282E+02   
1.08488498E+02   
1.13713143E+02   
1.18602020E+02   
1.20866373E+02   
1.10285557E+02   
1.12340468E+02   
1.22083717E+02   
1.33187237E+02   
1.26123125E+02   
1.16700340E+02   
1.06207441E+02   
1.22152030E+02   
1.24799260E+02   
1.06518504E+02   
1.17607221E+02   
1.21939088E+02   
1.25605621E+02   
1.24450590E+02   
1.15008602E+02   
1.18947690E+02   
1.18167433E+02   
1.05363673E+02   
1.13953291E+02   
1.03675935E+02   
1.10038908E+02   
1.11880476E+02   
1.20673535E+02   
1.04377676E+02   
1.28203241E+02   
1.15777355E+02   
1.14044309E+02   
1.15667534E+02   
1.20073915E+02   
1.23479096E+02   
1.07525005E+02   
1.20984097E+02   
1.05635527E+02   
1.20197740E+02   
1.28580016E+02   
1.25512302E+02   
1.36278256E+02   
1.20400080E+02   
1.35459092E+02   
1.35592118E+02   
1.24668634E+02   
1.10257051E+02   
1.09190938E+02   
1.32124925E+02   
1.29080116E+02   
1.20248650E+02   
1.12851770E+02   
9.92045409E+01   
1.14005401E+02   
1.43408682E+02   
1.28836267E+02   
1.38229146E+02   
1.10826865E+02   
1.17825065E+02   
1.26037508E+02   
1.34019004E+02   
1.20604521E+02   
1.33062012E+02   
1.25005401E+02   
1.23039708E+02   
1.30424385E+02   
1.07990998E+02   
1.44707642E+02   
1.41987397E+02   
1.19721544E+02   
1.03229246E+02   
1.20526405E+02   
1.43663333E+02   
1.25720444E+02   
1.15450090E+02   
1.18381076E+02   
1.22604921E+02   
1.44439088E+02   
1.24756751E+02   
1.34940188E+02   
1.28633627E+02   
1.13805561E+02   
1.27074115E+02   
1.23403181E+02   
1.55259652E+02   
1.11803961E+02   
1.30637227E+02   
1.20982296E+02   
1.31844869E+02   
1.26540608E+02   
1.41642028E+02   
1.28052110E+02   
1.15252050E+02   
1.14868074E+02   
1.30559412E+02   
1.33877375E+02   
1.29488098E+02   
1.35018904E+02   
1.21953391E+02   
1.32492498E+02   
1.13534007E+02   
1.15549510E+02   
1.18906781E+02   
1.20643229E+02   
1.43164033E+02   
1.30363273E+02   
1.42321164E+02   
1.16572014E+02   
1.25464693E+02   
1.20886877E+02   
1.24783157E+02   
1.18051810E+02   
1.24351970E+02   
1.31936087E+02   
1.26627826E+02   
1.21663433E+02   
1.20152330E+02   
1.25262252E+02   
1.30523705E+02   
1.32153131E+02   
1.30902080E+02   
1.35776355E+02   
1.20140528E+02   
1.45045209E+02   
1.25267854E+02   
1.26908082E+02   
1.36399980E+02   
1.35515103E+02   
1.17768754E+02   
1.44941888E+02   
1.52546109E+02   
1.38993799E+02   
1.43657632E+02   
1.44919284E+02   
1.17781856E+02   
1.06389578E+02   
1.21863173E+02   
1.45554111E+02   
1.47822164E+02   
1.27233047E+02   
1.35027606E+02   
1.37730246E+02   
1.23742348E+02   
1.10803661E+02   
1.18564513E+02   
1.40473395E+02   
1.32952691E+02   
1.36466793E+02   
1.53214343E+02   
1.43668734E+02   
1.38757151E+02   
1.32654531E+02   
1.21750750E+02   
1.36195439E+02   
1.41606021E+02   
1.22111922E+02   
1.35388778E+02   
1.23547810E+02   
1.28789058E+02   
1.30338868E+02   
1.34741548E+02   
1.20815063E+02   
1.09787858E+02   
1.46672835E+02   
1.51459492E+02   
1.23169834E+02   
1.24877776E+02   
1.41328066E+02   
1.32452290E+02   
1.38486997E+02   
1.17860272E+02   
1.38155431E+02   
1.42487097E+02   
1.53787958E+02   
1.58626825E+02   
1.26616423E+02   
1.24615723E+02   
1.28378776E+02   
1.33190538E+02   
1.25564613E+02   
1.54517904E+02   
1.41679236E+02   
1.45079916E+02   
1.39378376E+02   
1.49377576E+02   
1.54493999E+02   
1.33787558E+02   
1.19890278E+02   
1.51854771E+02   
1.31196439E+02   
1.42985297E+02   
1.22222344E+02   
1.29371574E+02   
1.24633327E+02   
1.22879976E+02   
1.33061112E+02   
1.57204441E+02   
1.37846769E+02   
1.18461292E+02   
1.46442388E+02   
1.45402681E+02   
1.40453691E+02   
1.50238448E+02   
1.31105721E+02   
1.46051510E+02   
1.40641428E+02   
1.46285557E+02   
1.61473495E+02   
1.32706741E+02   
1.34278456E+02   
1.45081316E+02   
1.45781056E+02   
1.47290458E+02   
1.56327065E+02   
1.28751150E+02   
1.18004601E+02   
1.47018504E+02   
1.37708642E+02   
1.37697940E+02   
1.25026005E+02   
1.51017403E+02   
1.45368974E+02   
1.51353871E+02   
1.46362372E+02   
1.53029906E+02   
1.46023505E+02   
1.49046309E+02   
1.51345869E+02   
1.50380776E+02   
1.47025905E+02   
1.44992699E+02   
1.32712643E+02   
1.47428686E+02   
1.34934287E+02   
1.47404381E+02   
1.47015903E+02   
1.26356771E+02   
1.31667834E+02   
1.47026005E+02   
1.46408682E+02   
1.47663033E+02   
1.46027205E+02   
1.58833867E+02   
1.43127325E+02   
1.51893279E+02   
1.52305761E+02   
1.48785957E+02   
1.62949290E+02   
1.43059312E+02   
1.42769054E+02   
1.45711242E+02   
1.47547510E+02   
1.49384877E+02   
1.49029606E+02   
1.32416383E+02   
1.50284357E+02   
1.32912082E+02   
1.31425385E+02   
1.42109822E+02   
1.38348770E+02   
1.34766953E+02   
1.51924185E+02   
1.45437788E+02   
1.51400080E+02   
1.56542408E+02   
1.57153531E+02   
1.48663133E+02   
1.38817864E+02   
1.64663533E+02   
1.44607421E+02   
1.45400080E+02   
1.43287858E+02   
1.48540508E+02   
1.38889978E+02   
1.47595419E+02   
1.37151030E+02   
1.48780556E+02   
1.54967493E+02   
1.44472595E+02   
1.59654731E+02   
1.55896179E+02   
1.37822464E+02   
1.53955491E+02   
1.56380976E+02   
1.51740348E+02   
1.36937988E+02   
1.48954691E+02   
1.36028406E+02   
1.60183037E+02   
1.43409582E+02   
1.41492599E+02   
1.22947489E+02   
1.39273555E+02   
1.69197439E+02   
1.59253851E+02   
1.73593519E+02   
1.57121724E+02   
1.60027105E+02   
1.65312863E+02   
1.78193339E+02   
1.55546609E+02   
1.45147329E+02   
1.51141728E+02   
1.41597119E+02   
1.55827766E+02   
1.53034007E+02   
1.53436887E+02   
1.61631126E+02   
1.54725645E+02   
1.61829766E+02   
1.54326765E+02   
1.53060412E+02   
1.59207041E+02   
1.64351970E+02   
1.47410882E+02   
1.66140128E+02   
1.71660732E+02   
1.69626725E+02   
1.60285157E+02   
1.54734447E+02   
1.60145729E+02   
1.43914283E+02   
1.59087718E+02   
1.51146529E+02   
1.37132627E+02   
1.76726945E+02   
1.83793759E+02   
1.47671834E+02   
1.56443489E+02   
1.46857572E+02   
1.65409582E+02   
1.56030006E+02   
1.41899880E+02   
1.62079416E+02   
1.82881776E+02   
1.51724045E+02   
1.46295059E+02   
1.72284157E+02   
1.69882577E+02   
1.93172935E+02   
1.57050210E+02   
1.51161932E+02   
1.62608722E+02   
1.63891578E+02   
1.78180436E+02   
1.71327465E+02   
1.83597620E+02   
1.48738548E+02   
1.53733747E+02   
1.42728946E+02   
1.62482797E+02   
1.82619424E+02   
1.50288858E+02   
1.53185337E+02   
1.59219644E+02   
1.75281256E+02   
1.60546309E+02   
1.79078716E+02   
1.75514103E+02   
1.73197339E+02   
1.62381076E+02   
1.67361072E+02   
1.60924985E+02   
1.74032006E+02   
1.67083917E+02   
1.72432987E+02   
1.66799560E+02   
1.90996499E+02   
1.77587518E+02   
1.66760452E+02   
1.56508802E+02   
1.72386277E+02   
1.74938988E+02   
1.76319064E+02   
1.57119524E+02   
1.75216443E+02   
1.43299460E+02   
1.90420184E+02   
1.74016203E+02   
1.84762052E+02   
1.78011902E+02   
1.60354871E+02   
1.53353771E+02   
1.73413883E+02   
1.72687838E+02   
1.79229346E+02   
1.85841868E+02   
1.72624025E+02   
1.78447189E+02   
1.63974295E+02   
1.61165233E+02   
1.70504701E+02   
1.73232246E+02   
1.77973795E+02   
1.58954291E+02   
1.76886477E+02   
1.77536407E+02   
1.76565113E+02   
1.72509302E+02   
1.77405581E+02   
1.81406081E+02   
1.61858772E+02   
1.78858872E+02   
1.67887778E+02   
1.81723445E+02   
1.74773155E+02   
1.72508202E+02   
1.69732647E+02   
1.79515303E+02   
1.93221144E+02   
1.88485497E+02   
1.89815463E+02   
1.81844869E+02   
1.63006201E+02   
1.82152430E+02   
1.91950590E+02   
1.67881676E+02   
1.61494699E+02   
1.65499500E+02   
1.72780056E+02   
2.00035607E+02   
1.72526905E+02   
1.62607522E+02   
1.71311162E+02   
1.91633827E+02   
1.90065613E+02   
1.81601520E+02   
1.71746849E+02   
1.98766653E+02   
1.92558112E+02   
2.01770654E+02   
1.79056011E+02   
1.77782456E+02   
1.89789658E+02   
2.20295159E+02   
1.86270754E+02   
1.69283557E+02   
1.97579916E+02   
2.13024005E+02   
1.83040408E+02   
1.78754651E+02   
1.64223945E+02   
1.77880476E+02   
1.90003601E+02   
1.75506901E+02   
1.77075615E+02   
1.65480296E+02   
1.66911782E+02   
1.78257051E+02   
1.84145329E+02   
1.80904081E+02   
1.96552911E+02   
2.01038408E+02   
1.71903181E+02   
1.82826265E+02   
1.88700540E+02   
2.09800860E+02   
1.87360672E+02   
1.93950790E+02   
1.72813363E+02   
2.03145329E+02   
1.89274755E+02   
1.85653431E+02   
1.85230846E+02   
1.89883777E+02   
1.72139228E+02   
1.92200240E+02   
1.78041208E+02   
1.86516603E+02   
1.85330666E+02   
1.94980596E+02   
1.82571314E+02   
1.99210542E+02   
1.82607822E+02   
1.90672034E+02   
1.92767554E+02   
1.80360672E+02   
2.06090118E+02   
1.99040008E+02   
1.96507201E+02   
1.67187738E+02   
1.93503701E+02   
2.05982797E+02   
2.03477696E+02   
1.97893479E+02   
2.19982496E+02   
2.01926685E+02   
1.93810062E+02   
1.96128226E+02   
2.02040008E+02   
2.05760952E+02   
1.92319064E+02   
1.88169734E+02   
1.94489098E+02   
1.98984597E+02   
2.20966093E+02   
2.03814863E+02   
1.97815663E+02   
1.98946089E+02   
2.12018204E+02   
1.85492198E+02   
1.92592919E+02   
2.17377576E+02   
2.19705341E+02   
1.99138028E+02   
2.07257151E+02   
2.04951190E+02   
2.13601720E+02   
2.14846969E+02   
2.30608122E+02   
1.99328366E+02   
1.94006301E+02   
1.97601720E+02   
2.07733147E+02   
2.08955091E+02   
2.13693039E+02   
1.90690638E+02   
1.95552010E+02   
2.13235547E+02   
2.17421384E+02   
2.03020004E+02   
2.07044809E+02   
2.32829266E+02   
2.00044409E+02   
2.06241548E+02   
2.12996299E+02   
2.03354571E+02   
2.20737447E+02   
2.07199840E+02   
2.39848170E+02   
2.30143729E+02   
2.03885377E+02   
1.88931886E+02   
2.33428886E+02   
2.13975595E+02   
2.07493399E+02   
2.13132226E+02   
2.13916283E+02   
2.04758252E+02   
2.31909882E+02   
2.36666733E+02   
2.25417283E+02   
2.19806361E+02   
2.04866573E+02   
2.24786257E+02   
2.23299360E+02   
2.02677536E+02   
1.98388378E+02   
2.20044809E+02   
2.15310762E+02   
2.21198040E+02   
2.35423285E+02   
2.13862673E+02   
2.19840068E+02   
2.10846569E+02   
2.31025605E+02   
2.38849770E+02   
2.21247650E+02   
2.25249650E+02   
2.35448290E+02   
2.13421484E+02   
2.73271954E+02   
2.33641828E+02   
2.31207441E+02   
2.33309062E+02   
2.18001100E+02   
2.30007401E+02   
2.50161832E+02   
2.13113723E+02   
2.42722244E+02   
2.29462192E+02   
2.37630626E+02   
2.06985797E+02   
2.11655331E+02   
2.13519704E+02   
2.09373975E+02   
2.26005301E+02   
2.32970594E+02   
2.07453391E+02   
2.24318564E+02   
2.32233147E+02   
2.18470994E+02   
2.08372775E+02   
2.34870574E+02   
2.46914383E+02   
2.38392579E+02   
2.32652330E+02   
2.46177235E+02   
1.96985497E+02   
2.66559112E+02   
2.30157231E+02   
2.27555311E+02   
2.36164833E+02   
2.32119124E+02   
2.51419084E+02   
2.40417483E+02   
2.34890578E+02   
2.21859272E+02   
2.45638728E+02   
2.68053211E+02   
2.44246049E+02   
2.40783457E+02   
2.47221744E+02   
2.29869274E+02   
2.51232346E+02   
2.38123325E+02   
2.34961992E+02   
2.47606921E+02   
2.44715643E+02   
2.41025305E+02   
2.43122825E+02   
2.65264653E+02   
2.54628526E+02   
2.42316063E+02   
2.68148630E+02   
2.51291558E+02   
2.60464593E+02   
2.54055211E+02   
2.64406281E+02   
2.64105221E+02   
2.31750950E+02   
2.61958392E+02   
2.53142428E+02   
2.45959292E+02   
2.49007201E+02   
2.52912082E+02   
2.46323065E+02   
2.33394279E+02   
2.74250350E+02   
2.50848870E+02   
2.51732547E+02   
2.71218344E+02   
2.50178336E+02   
2.46391078E+02   
2.69205541E+02   
2.35040808E+02   
2.56085617E+02   
2.60353871E+02   
2.44245549E+02   
2.62871674E+02   
2.44722144E+02   
2.32044809E+02   
2.49061212E+02   
2.59218744E+02   
2.43364673E+02   
2.40211942E+02   
2.56389478E+02   
2.84114023E+02   
2.44183937E+02   
2.62563413E+02   
2.66681336E+02   
2.64264353E+02   
2.40349870E+02   
2.70920484E+02   
2.41826465E+02   
2.87049610E+02   
2.61965293E+02   
2.40093519E+02   
2.99942188E+02   
2.64969594E+02   
2.99737748E+02   
2.95264353E+02   
2.61900780E+02   
2.58735747E+02   
2.76480296E+02   
2.87212342E+02   
2.91524205E+02   
2.66989598E+02   
2.86474395E+02   
2.79628826E+02   
2.54432687E+02   
2.71664233E+02   
2.73442188E+02   
2.42049110E+02   
2.59354271E+02   
2.52825365E+02   
2.60202741E+02   
2.66467193E+02   
3.03632827E+02   
2.90213843E+02   
2.87570114E+02   
2.75660132E+02   
2.70556511E+02   
2.56950390E+02   
2.71156031E+02   
2.65350670E+02   
2.77124125E+02   
3.10726245E+02   
2.73667333E+02   
2.60839068E+02   
3.09356671E+02   
2.95284057E+02   
2.96969994E+02   
2.83578616E+02   
2.56619424E+02   
2.59648030E+02   
3.16299060E+02   
2.96637728E+02   
3.20916883E+02   
2.98493999E+02   
2.91485797E+02   
3.17056611E+02   
2.80058412E+02   
2.85322865E+02   
2.99475395E+02   
2.79502801E+02   
3.04335867E+02   
3.01914483E+02   
2.80822364E+02   
3.07922084E+02   
2.89587618E+02   
2.86887177E+02   
3.05537608E+02   
2.97259652E+02   
2.91407281E+02   
2.98331066E+02   
3.40057612E+02   
2.88648230E+02   
2.87464593E+02   
2.84191938E+02   
2.86517504E+02   
3.09938588E+02   
2.85847069E+02   
2.77325965E+02   
3.31386677E+02   
2.91862673E+02   
2.98193139E+02   
2.91247750E+02   
3.09478496E+02   
2.95750350E+02   
2.94549410E+02   
2.76012903E+02   
3.05803861E+02   
3.17025805E+02   
3.07969094E+02   
3.15676235E+02   
3.02475195E+02   
3.14756551E+02   
2.84382076E+02   
2.99293259E+02   
3.42890278E+02   
3.14068414E+02   
3.26705441E+02   
2.89067413E+02   
2.75188138E+02   
3.21562112E+02   
3.06808162E+02   
2.97540508E+02   
3.28336467E+02   
2.98047810E+02   
3.01391378E+02   
2.88504601E+02   
3.25989798E+02   
2.83838768E+02   
3.18846769E+02   
2.99510702E+02   
2.88816563E+02   
2.99377175E+02   
3.25097419E+02   
2.94269954E+02   
3.33738548E+02   
3.32688638E+02   
3.20407481E+02   
3.04472194E+02   
2.93646929E+02   
3.00773255E+02   
3.16341168E+02   
3.07390978E+02   
3.41066413E+02   
2.95023505E+02   
3.04797660E+02   
2.92292659E+02   
3.07974595E+02   
2.98378876E+02   
3.09741148E+02   
3.01623625E+02   
3.23923885E+02   
3.02423285E+02   
3.09815763E+02   
3.38513103E+02   
3.51188638E+02   
3.06945989E+02   
3.04925185E+02   
2.80071114E+02   
3.07169534E+02   
3.40885577E+02   
3.30959692E+02   
2.95982296E+02   
3.18229746E+02   
3.12385777E+02   
3.17636327E+02   
3.13446989E+02   
3.22034607E+02   
3.26079716E+02   
3.02749150E+02   
3.23641928E+02   
3.42958092E+02   
3.24127526E+02   
3.35859372E+02   
3.34036007E+02   
3.05228346E+02   
3.07858172E+02   
3.34452090E+02   
3.28487297E+02   
3.22543609E+02   
3.14771454E+02   
3.07862973E+02   
3.29764653E+02   
3.39160332E+02   
3.17457692E+02   
3.15973695E+02   
3.13375775E+02   
3.28612723E+02   
3.21373775E+02   
3.95579866E+02   
4.00680136E+02   
4.00680136E+02   
4.00680136E+02   
4.00680136E+02   
4.41128316E+02   
4.73866673E+02   
4.82027105E+02   
4.64306361E+02   
4.83846569E+02   
4.49026405E+02   
4.71256751E+02   
4.66648730E+02   
4.86643929E+02   
4.91808762E+02   
4.64277856E+02   
4.42183437E+02   
4.73180336E+02   
5.02751750E+02   
5.02562913E+02   
4.76617423E+02   
4.98539208E+02   
4.96062312E+02   
4.67652430E+02   
4.86290658E+02   
5.30323665E+02   
4.69404681E+02   
4.53741648E+02   
5.06719344E+02   
4.91554211E+02   
5.23157331E+02   
5.04505001E+02   
5.04943989E+02   
4.93257652E+02   
5.31184337E+02   
4.60679636E+02   
5.06866873E+02   
4.73154131E+02   
4.68158532E+02   
5.06094119E+02   
4.89703741E+02   
4.96610922E+02   
5.04535407E+02   
5.17219244E+02   
5.19584017E+02   
5.29232146E+02   
5.11657832E+02   
4.92652230E+02   
4.97880376E+02   
5.05856971E+02   
5.35869774E+02   
5.12184037E+02   
5.38875475E+02   
5.48270554E+02   
5.23016203E+02   
5.27429186E+02   
5.16258252E+02   
5.59918984E+02   
5.01444889E+02   
5.30254251E+02   
5.52302160E+02   
4.90783257E+02   
5.48221444E+02   
5.97896279E+02   
5.38615023E+02   
5.47895879E+02   
5.47414483E+02   
5.71879076E+02   
5.63992599E+02   
5.13812763E+02   
5.64012102E+02   
5.69115723E+02   
5.84666533E+02   
5.47524305E+02   
5.61316963E+02   
5.42992398E+02   
5.41567614E+02   
5.40310162E+02   
5.68989498E+02   
5.94116823E+02   
5.65158632E+02   
5.38440088E+02   
5.19224645E+02   
5.44113923E+02   
5.51996799E+02   
5.92218444E+02   
5.19860172E+02   
6.07174135E+02   
6.67388078E+02   
6.13285757E+02   
6.18102120E+02   
6.00681936E+02   
6.04969294E+02   
5.76081416E+02   
6.25985697E+02   
6.18592018E+02   
5.89243149E+02   
6.15653531E+02   
6.20370374E+02   
5.99256351E+02   
5.69970294E+02   
6.16101920E+02   
5.99423985E+02   
5.93784157E+02   
6.47845269E+02   
5.68264553E+02   
5.86061712E+02   
6.20393279E+02   
5.82452290E+02   
6.13591318E+02   
5.88883077E+02   
5.83644329E+02   
5.94962392E+02   
5.98070114E+02   
5.72410182E+02   
5.83834667E+02   
6.17375975E+02   
5.71227245E+02   
6.44113423E+02   
6.25277956E+02   
6.17126425E+02   
5.88905781E+02   
5.87603121E+02   
5.73068114E+02   
5.89639028E+02   
6.24368974E+02   
5.68528106E+02   
5.67698040E+02   
5.51128426E+02   
6.19379076E+02   
6.44486897E+02   
5.61926385E+02   
5.86114423E+02   
6.08192338E+02   
5.92601420E+02   
6.07989098E+02   
5.97162332E+02   
6.10103821E+02   
5.97086917E+02   
5.52748050E+02   
5.78496999E+02   
6.02201040E+02   
6.20876975E+02   
5.85679936E+02   
5.70984797E+02   
5.71894479E+02   
5.93886977E+02   
5.83117624E+02   
5.59338668E+02   
5.87983597E+02   
6.06417684E+02   
5.94126525E+02   
5.43415783E+02   
5.75882376E+02   
5.44933487E+02   
6.04562913E+02   
5.29548210E+02   
5.54657732E+02   
5.61390378E+02   
5.58981996E+02   
5.77074115E+02   
5.83491398E+02   
6.05057311E+02   
5.66598320E+02   
5.74713843E+02   
5.31076515E+02   
5.90371074E+02   
5.69178336E+02   
5.63475595E+02   
5.99344869E+02   
5.23461292E+02   
5.46046609E+02   
5.09010602E+02   
4.98975795E+02   
5.14575615E+02   
4.88562012E+02   
4.71227946E+02   
4.49855671E+02   
5.16422484E+02   
5.00616523E+02   
5.13822264E+02   
4.85041608E+02   
5.01309862E+02   
4.61267754E+02   
4.94909582E+02   
5.23892879E+02   
4.71535807E+02   
4.44855171E+02   
4.51557512E+02   
4.56006801E+02   
4.52946689E+02   
4.48449190E+02   
4.46334067E+02   
4.45866673E+02   
4.71168034E+02   
4.66088418E+02   
4.83920084E+02   
4.57329966E+02   
4.03659732E+02   
4.58811462E+02   
4.38669534E+02   
4.52805661E+02   
4.37862673E+02   
4.16934487E+02   
4.40662633E+02   
3.92363873E+02   
4.52173035E+02   
4.32782056E+02   
4.18396679E+02   
4.32109022E+02   
4.08146729E+02   
3.96926785E+02   
4.21182436E+02   
4.33926085E+02   
4.47040008E+02   
3.85453991E+02   
4.19796159E+02   
4.19126025E+02   
3.90083217E+02   
4.00035707E+02   
4.03130726E+02   
4.25083217E+02   
3.91257552E+02   
4.06043209E+02   
4.22828866E+02   
3.73416283E+02   
3.98950590E+02   
3.96046909E+02   
3.76157131E+02   
3.74003701E+02   
3.79131426E+02   
4.35010602E+02   
3.65223945E+02   
4.12940088E+02   
3.70089018E+02   
3.87087417E+02   
3.80077716E+02   
4.09016403E+02   
4.19101520E+02   
4.17141028E+02   
3.47098420E+02   
4.21058612E+02   
3.66074015E+02   
3.91073515E+02   
3.73076515E+02   
3.39069314E+02   
3.55100120E+02   
3.89082917E+02   
3.72056411E+02   
3.80041808E+02   
3.51074115E+02   
3.79989098E+02   
3.20168934E+02   
3.89995299E+02   
3.44079116E+02   
4.36667203E+02   
5.38307662E+02   
5.38307662E+02   
5.38307662E+02   
5.38307662E+02   
5.39017814E+02   
7.18126925E+02   
7.23563513E+02   
8.17893779E+02   
7.43240648E+02   
7.92150730E+02   
8.09880176E+02   
7.60127826E+02   
7.61277756E+02   
7.30246149E+02   
7.70253351E+02   
7.67023205E+02   
7.81142328E+02   
7.30032607E+02   
7.47774555E+02   
6.80447289E+02   
7.54907782E+02   
7.36674435E+02   
7.69042809E+02   
7.49166933E+02   
7.38795159E+02   
7.09479896E+02   
7.60497500E+02   
7.61209142E+02   
7.62402881E+02   
7.17059112E+02   
6.82349270E+02   
7.63606721E+02   
7.63102521E+02   
7.54878076E+02   
7.39960592E+02   
7.43145629E+02   
7.28224445E+02   
6.95408582E+02   
7.60377976E+02   
7.64115023E+02   
7.51900380E+02   
7.65935787E+02   
7.11681436E+02   
7.37341368E+02   
7.26852470E+02   
7.70362472E+02   
7.50496799E+02   
6.97050810E+02   
6.92562212E+02   
7.41824865E+02   
7.56631826E+02   
7.67792458E+02   
6.77282256E+02   
7.12170534E+02   
7.06679036E+02   
6.99412983E+02   
7.27178736E+02   
7.13640328E+02   
7.16141628E+02   
7.27228346E+02   
7.44080616E+02   
7.61640628E+02   
6.95677135E+02   
7.08393179E+02   
7.54355271E+02   
7.42677035E+02   
6.88890578E+02   
7.23588718E+02   
7.29339868E+02   
7.42575015E+02   
7.61318964E+02   
7.39963393E+02   
7.88469594E+02   
7.17822565E+02   
7.03524405E+02   
6.78191538E+02   
6.75598020E+02   
7.46475395E+02   
7.51708042E+02   
6.99492799E+02   
7.24597019E+02   
7.48742849E+02   
7.46619724E+02   
7.11300460E+02   
7.08239848E+02   
7.91531506E+02   
8.02543809E+02   
8.85815163E+02   
9.74128526E+02   
8.65542208E+02   
8.84169034E+02   
9.14061112E+02   
8.56555411E+02   
8.30734747E+02   
8.24565713E+02   
8.00680536E+02   
8.48510002E+02   
7.63586217E+02   
7.75020904E+02   
7.89006501E+02   
7.90704541E+02   
7.84646029E+02   
7.21270254E+02   
7.83929586E+02   
7.39345369E+02   
7.28271454E+02   
6.81998700E+02   
6.73677435E+02   
7.33712242E+02   
7.01656131E+02   
6.77796059E+02   
6.90492198E+02   
7.04686637E+02   
6.96297159E+02   
7.16248650E+02   
7.02095219E+02   
6.55511102E+02   
6.68638028E+02   
6.97928386E+02   
6.48300860E+02   
6.82320164E+02   
6.41554111E+02   
6.47075615E+02   
6.93452190E+02   
6.25623825E+02   
6.36971694E+02   
6.03127626E+02   
6.31617023E+02   
6.17386577E+02   
6.05140428E+02   
5.97002701E+02   
5.63435787E+02   
5.63350070E+02   
5.73417083E+02   
5.87230746E+02   
5.44286357E+02   
5.28079416E+02   
5.05041508E+02   
5.52513603E+02   
4.98342068E+02   
4.83510202E+02   
5.10183537E+02   
4.88991398E+02   
4.81964793E+02   
4.66466093E+02   
4.50191838E+02   
4.32882577E+02   
4.74071014E+02   
4.60380776E+02   
3.99891278E+02   
4.45039808E+02   
4.12326965E+02   
4.56267754E+02   
4.75638228E+02   
4.14281456E+02   
4.03618124E+02   
3.96322264E+02   
4.01391278E+02   
3.72301660E+02   
3.78283857E+02   
3.52342468E+02   
3.57021104E+02   
3.08813663E+02   
3.29365673E+02   
3.13939388E+02   
3.12767954E+02   
3.03130526E+02   
3.02852470E+02   
2.95048410E+02   
2.84089318E+02   
2.59780356E+02   
2.71314063E+02   
2.50825965E+02   
2.69299760E+02   
2.43390478E+02   
2.43145429E+02   
2.22650130E+02   
2.19905881E+02   
2.05424185E+02   
2.15582216E+02   
1.99123525E+02   
2.26725645E+02   
1.98712042E+02   
1.90640628E+02   
1.97346869E+02   
1.85350070E+02   
1.64077816E+02   
1.57750650E+02   
1.74228046E+02   
1.65029206E+02   
1.64435787E+02   
1.57295759E+02   
1.47013003E+02   
1.45547109E+02   
1.47356871E+02   
1.28526905E+02   
1.28191838E+02   
1.38025205E+02   
1.43771654E+02   
1.28533507E+02   
1.39708942E+02   
1.33572414E+02   
1.13678336E+02   
9.57515503E+01   
1.39246949E+02   
1.19065113E+02   
1.10407181E+02   
9.78114623E+01   
1.05871274E+02   
9.71946389E+01   
9.91962392E+01   
8.06595319E+01   
9.30081016E+01   
1.10116023E+02   
8.81080216E+01   
7.88395679E+01   
9.76454291E+01   
8.14757952E+01   
8.78321664E+01   
7.49942989E+01   
5.97320464E+01   
5.48542709E+01   
5.32026405E+01   
6.49754951E+01   
6.42955591E+01   
7.05354071E+01   
5.56800360E+01   
6.13399680E+01   
5.15891178E+01   
6.32370474E+01   
4.64957992E+01   
5.45226045E+01   
5.20092018E+01   
5.61077215E+01   
4.39106821E+01   
3.98105621E+01   
4.58089618E+01   
3.78085617E+01   
8.44076815E+01   
3.54120824E+01   
1.22199440E+02   
3.91085217E+01   
3.14965993E+01   
2.81077215E+01   
2.72851570E+01   
2.07260452E+01   
2.57609522E+01   
1.18337668E+01   
1.80040008E+01   
1.77941588E+01   
1.61085217E+01   
1.85807161E+01   
9.89587918E+00   
4.68203641E+00   
1.02890878E+01   
7.40148030E+00   
7.40148030E+00   
7.40148030E+00   
7.40148030E+00   
7.40148030E+00   
3.29698940E+00   
1.00000000E+00   
0.00000000E+00   
0.00000000E+00   
0.00000000E+00   
0.00000000E+00   
0.00000000E+00   
0.00000000E+00   
0.00000000E+00   
0.00000000E+00   
0.00000000E+00   
0.00000000E+00   
1.14122825E-01   
8.85877175E-01   
0.00000000E+00   
4.61292258E-01   
4.53870774E+00   
1.00000000E+00   
0.00000000E+00   
0.00000000E+00   
0.00000000E+00   
0.00000000E+00   
0.00000000E+00   
0.00000000E+00   
0.00000000E+00   
0.00000000E+00   
0.00000000E+00   
0.00000000E+00   
0.00000000E+00   
0.00000000E+00   
0.00000000E+00   
0.00000000E+00   
0.00000000E+00   
0.00000000E+00   
0.00000000E+00   
1.23324665E-01   
1.87667534E+00   
0.00000000E+00   
0.00000000E+00   
0.00000000E+00   
0.00000000E+00   
0.00000000E+00   
1.26125225E-01   
1.87387477E+00   
0.00000000E+00   
1.27325465E-01   
1.87267453E+00   
0.00000000E+00   
0.00000000E+00   
1.00000000E+00   
0.00000000E+00   
0.00000000E+00   
0.00000000E+00   
0.00000000E+00   
0.00000000E+00   
0.00000000E+00   
0.00000000E+00   
0.00000000E+00   
0.00000000E+00   
0.00000000E+00   
0.00000000E+00   
0.00000000E+00   
0.00000000E+00   
0.00000000E+00   
0.00000000E+00   
0.00000000E+00   
0.00000000E+00   
0.00000000E+00   
0.00000000E+00   
0.00000000E+00   
0.00000000E+00   
0.00000000E+00   
0.00000000E+00   
0.00000000E+00   
0.00000000E+00   
0.00000000E+00   
0.00000000E+00   
0.00000000E+00   
0.00000000E+00   
0.00000000E+00   
0.00000000E+00   
0.00000000E+00   
1.00000000E+00   
0.00000000E+00   
0.00000000E+00   
0.00000000E+00   
0.00000000E+00   
0.00000000E+00   
0.00000000E+00   
0.00000000E+00   
0.00000000E+00   
0.00000000E+00   
0.00000000E+00   
0.00000000E+00   
0.00000000E+00   
0.00000000E+00   
0.00000000E+00   
0.00000000E+00   
0.00000000E+00   
0.00000000E+00   
1.00000000E+00   
0.00000000E+00   
0.00000000E+00   
0.00000000E+00   
0.00000000E+00   
0.00000000E+00   
1.00000000E+00   
0.00000000E+00   
0.00000000E+00   
1.52930586E-01   
8.47069414E-01   
0.00000000E+00   
0.00000000E+00   
1.54530906E-01   
8.45469094E-01   
0.00000000E+00   
0.00000000E+00   
0.00000000E+00   
0.00000000E+00   
0.00000000E+00   
0.00000000E+00   
0.00000000E+00   
0.00000000E+00   
0.00000000E+00   
0.00000000E+00   
0.00000000E+00   
0.00000000E+00   
1.16013203E+00   
8.39867974E-01   
0.00000000E+00   
1.00000000E+00   
1.61732346E-01   
8.38267654E-01   
0.00000000E+00   
0.00000000E+00   
0.00000000E+00   
0.00000000E+00   
1.64132827E-01   
8.35867173E-01   
0.00000000E+00   
0.00000000E+00   
1.65733147E-01   
8.34266853E-01   
0.00000000E+00   
0.00000000E+00   
0.00000000E+00   
0.00000000E+00   
1.00000000E+00   
0.00000000E+00   
0.00000000E+00   
0.00000000E+00   
0.00000000E+00   
0.00000000E+00   
0.00000000E+00   
0.00000000E+00   
1.71334267E-01   
8.28665733E-01   
0.00000000E+00   
0.00000000E+00   
0.00000000E+00   
0.00000000E+00   
0.00000000E+00   
1.74134827E-01   
8.25865173E-01   
0.00000000E+00   
0.00000000E+00   
0.00000000E+00   
0.00000000E+00   
1.76535307E-01   
8.23464693E-01   
0.00000000E+00   
0.00000000E+00   
0.00000000E+00   
0.00000000E+00   
1.78935787E-01   
8.21064213E-01   
0.00000000E+00   
0.00000000E+00   
1.80536107E-01   
8.19463893E-01   
1.18133627E+00   
8.18663733E-01   
0.00000000E+00   
0.00000000E+00   
0.00000000E+00   
0.00000000E+00   
0.00000000E+00   
0.00000000E+00   
0.00000000E+00   
0.00000000E+00   
0.00000000E+00   
1.85737147E-01   
8.14262853E-01   
1.86537307E-01   
1.00040008E+00   
8.13062613E-01   
1.00000000E+00   
1.88137628E-01   
8.11862372E-01   
0.00000000E+00   
0.00000000E+00   
0.00000000E+00   
0.00000000E+00   
0.00000000E+00   
0.00000000E+00   
0.00000000E+00   
0.00000000E+00   
0.00000000E+00   
0.00000000E+00   
0.00000000E+00   
0.00000000E+00   
1.00000000E+00   
0.00000000E+00   
0.00000000E+00   
0.00000000E+00   
0.00000000E+00   
1.00000000E+00   
0.00000000E+00   
0.00000000E+00   
0.00000000E+00   
0.00000000E+00   
0.00000000E+00   
0.00000000E+00   
0.00000000E+00   
0.00000000E+00   
0.00000000E+00   
0.00000000E+00   
0.00000000E+00   
0.00000000E+00   
0.00000000E+00   
0.00000000E+00   
0.00000000E+00   
0.00000000E+00   
0.00000000E+00   
0.00000000E+00   
2.03340668E-01   
7.96659332E-01   
0.00000000E+00   
0.00000000E+00   
0.00000000E+00   
0.00000000E+00   
0.00000000E+00   
0.00000000E+00   
0.00000000E+00   
0.00000000E+00   
0.00000000E+00   
2.07741548E-01   
7.92258452E-01   
0.00000000E+00   
0.00000000E+00   
0.00000000E+00   
0.00000000E+00   
0.00000000E+00   
0.00000000E+00   
0.00000000E+00   
0.00000000E+00   
0.00000000E+00   
0.00000000E+00   
0.00000000E+00   
0.00000000E+00   
0.00000000E+00   
0.00000000E+00   
0.00000000E+00   
0.00000000E+00   
0.00000000E+00   
0.00000000E+00   
0.00000000E+00   
0.00000000E+00   
0.00000000E+00   
1.00000000E+00   
0.00000000E+00   
0.00000000E+00   
0.00000000E+00   
0.00000000E+00   
0.00000000E+00   
0.00000000E+00   
0.00000000E+00   
0.00000000E+00   
0.00000000E+00   
0.00000000E+00   
0.00000000E+00   
0.00000000E+00   
0.00000000E+00   
0.00000000E+00   
0.00000000E+00   
0.00000000E+00   
0.00000000E+00   
0.00000000E+00   
0.00000000E+00   
0.00000000E+00   
0.00000000E+00   
2.25745149E-01   
7.74254851E-01   
0.00000000E+00   
0.00000000E+00   
0.00000000E+00   
0.00000000E+00   
2.28145629E-01   
7.71854371E-01   
0.00000000E+00   
0.00000000E+00   
1.00000000E+00   
0.00000000E+00   
0.00000000E+00   
0.00000000E+00   
0.00000000E+00   
0.00000000E+00   
0.00000000E+00   
1.23254651E+00   
7.67453491E-01   
0.00000000E+00   
0.00000000E+00   
0.00000000E+00   
1.00000000E+00   
0.00000000E+00   
0.00000000E+00   
0.00000000E+00   
0.00000000E+00   
0.00000000E+00   
0.00000000E+00   
0.00000000E+00   
0.00000000E+00   
0.00000000E+00   
0.00000000E+00   
0.00000000E+00   
0.00000000E+00   
0.00000000E+00   
0.00000000E+00   
0.00000000E+00   
2.40948190E-01   
7.59051810E-01   
0.00000000E+00   
0.00000000E+00   
0.00000000E+00   
0.00000000E+00   
0.00000000E+00   
0.00000000E+00   
0.00000000E+00   
0.00000000E+00   
0.00000000E+00   
0.00000000E+00   
0.00000000E+00   
0.00000000E+00   
1.00000000E+00   
0.00000000E+00   
0.00000000E+00   
0.00000000E+00   
0.00000000E+00   
0.00000000E+00   
1.00000000E+00   
0.00000000E+00   
0.00000000E+00   
0.00000000E+00   
0.00000000E+00   
0.00000000E+00   
0.00000000E+00   
0.00000000E+00   
0.00000000E+00   
0.00000000E+00   
0.00000000E+00   
0.00000000E+00   
0.00000000E+00   
0.00000000E+00   
0.00000000E+00   
2.54950990E-01   
7.45049010E-01   
0.00000000E+00   
0.00000000E+00   
0.00000000E+00   
0.00000000E+00   
0.00000000E+00   
0.00000000E+00   
0.00000000E+00   
0.00000000E+00   
0.00000000E+00   
0.00000000E+00   
0.00000000E+00   
0.00000000E+00   
0.00000000E+00   
0.00000000E+00   
0.00000000E+00   
0.00000000E+00   
0.00000000E+00   
0.00000000E+00   
1.00000000E+00   
0.00000000E+00   
1.00000000E+00   
0.00000000E+00   
0.00000000E+00   
0.00000000E+00   
0.00000000E+00   
0.00000000E+00   
0.00000000E+00   
0.00000000E+00   
0.00000000E+00   
0.00000000E+00   
0.00000000E+00   
0.00000000E+00   
0.00000000E+00   
0.00000000E+00   
0.00000000E+00   
0.00000000E+00   
0.00000000E+00   
0.00000000E+00   
0.00000000E+00   
0.00000000E+00   
0.00000000E+00   
0.00000000E+00   
0.00000000E+00   
0.00000000E+00   
0.00000000E+00   
0.00000000E+00   
0.00000000E+00   
0.00000000E+00   
0.00000000E+00   
0.00000000E+00   
0.00000000E+00   
0.00000000E+00   
0.00000000E+00   
0.00000000E+00   
0.00000000E+00   
0.00000000E+00   
0.00000000E+00   
0.00000000E+00   
0.00000000E+00   
0.00000000E+00   
0.00000000E+00   
0.00000000E+00   
1.00000000E+00   
0.00000000E+00   
0.00000000E+00   
0.00000000E+00   
0.00000000E+00   
0.00000000E+00   
0.00000000E+00   
0.00000000E+00   
0.00000000E+00   
0.00000000E+00   
0.00000000E+00   
1.00000000E+00   
0.00000000E+00   
0.00000000E+00   
0.00000000E+00   
0.00000000E+00   
0.00000000E+00   
0.00000000E+00   
0.00000000E+00   
0.00000000E+00   
0.00000000E+00   
0.00000000E+00   
0.00000000E+00   
0.00000000E+00   
0.00000000E+00   
1.00000000E+00   
2.90958192E-01   
7.09041808E-01   
0.00000000E+00   
0.00000000E+00   
0.00000000E+00   
0.00000000E+00   
0.00000000E+00   
0.00000000E+00   
0.00000000E+00   
1.00000000E+00   
0.00000000E+00   
0.00000000E+00   
0.00000000E+00   
0.00000000E+00   
0.00000000E+00   
0.00000000E+00   
0.00000000E+00   
0.00000000E+00   
0.00000000E+00   
0.00000000E+00   
0.00000000E+00   
0.00000000E+00   
0.00000000E+00   
0.00000000E+00   
7.00000000E+00   
0.00000000E+00   
0.00000000E+00   
0.00000000E+00   
0.00000000E+00   
0.00000000E+00   
0.00000000E+00   
0.00000000E+00   
0.00000000E+00   
0.00000000E+00   
0.00000000E+00   
0.00000000E+00   
0.00000000E+00   
0.00000000E+00   
0.00000000E+00   
0.00000000E+00   
0.00000000E+00   
0.00000000E+00   
0.00000000E+00   
0.00000000E+00   
0.00000000E+00   
0.00000000E+00   
0.00000000E+00   
0.00000000E+00   
0.00000000E+00   
0.00000000E+00   
0.00000000E+00   
0.00000000E+00   
0.00000000E+00   
0.00000000E+00   
0.00000000E+00   
0.00000000E+00   
0.00000000E+00   
0.00000000E+00   
0.00000000E+00   
0.00000000E+00   
0.00000000E+00   
0.00000000E+00   
0.00000000E+00   
0.00000000E+00   
0.00000000E+00   
0.00000000E+00   
0.00000000E+00   
0.00000000E+00   
0.00000000E+00   
0.00000000E+00   
0.00000000E+00   
0.00000000E+00   
0.00000000E+00   
0.00000000E+00   
0.00000000E+00   
0.00000000E+00   
0.00000000E+00   
0.00000000E+00   
0.00000000E+00   
0.00000000E+00   
0.00000000E+00   
0.00000000E+00   
0.00000000E+00   
0.00000000E+00   
0.00000000E+00   
0.00000000E+00   
0.00000000E+00   
0.00000000E+00   
0.00000000E+00   
0.00000000E+00   
0.00000000E+00   
0.00000000E+00   
0.00000000E+00   
0.00000000E+00   
0.00000000E+00   
0.00000000E+00   
0.00000000E+00   
1.00000000E+00   
0.00000000E+00   
0.00000000E+00   
0.00000000E+00   
0.00000000E+00   
0.00000000E+00   
1.00000000E+00   
0.00000000E+00   
0.00000000E+00   
0.00000000E+00   
0.00000000E+00   
0.00000000E+00   
0.00000000E+00   
0.00000000E+00   
0.00000000E+00   
0.00000000E+00   
0.00000000E+00   
0.00000000E+00   
0.00000000E+00   
0.00000000E+00   
0.00000000E+00   
0.00000000E+00   
0.00000000E+00   
0.00000000E+00   
0.00000000E+00   
0.00000000E+00   
0.00000000E+00   
0.00000000E+00   
1.00000000E+00   
3.41368274E-01   
6.58631726E-01   
0.00000000E+00   
0.00000000E+00   
0.00000000E+00   
0.00000000E+00   
0.00000000E+00   
0.00000000E+00   
3.44568914E-01   
6.55431086E-01   
0.00000000E+00   
0.00000000E+00   
0.00000000E+00   
0.00000000E+00   
3.46969394E-01   
6.53030606E-01   
0.00000000E+00   
0.00000000E+00   
0.00000000E+00   
0.00000000E+00   
0.00000000E+00   
0.00000000E+00   
0.00000000E+00   
0.00000000E+00   
0.00000000E+00   
0.00000000E+00   
0.00000000E+00   
0.00000000E+00   
0.00000000E+00   
3.52970594E-01   
6.47029406E-01   
0.00000000E+00   
0.00000000E+00   
0.00000000E+00   
0.00000000E+00   
0.00000000E+00   
0.00000000E+00   
0.00000000E+00   
0.00000000E+00   
0.00000000E+00   
0.00000000E+00   
0.00000000E+00   
0.00000000E+00   
0.00000000E+00   
0.00000000E+00   
0.00000000E+00   
0.00000000E+00   
0.00000000E+00   
0.00000000E+00   
0.00000000E+00   
0.00000000E+00   
0.00000000E+00   
0.00000000E+00   
0.00000000E+00   
0.00000000E+00   
0.00000000E+00   
0.00000000E+00   
0.00000000E+00   
0.00000000E+00   
0.00000000E+00   
0.00000000E+00   
0.00000000E+00   
0.00000000E+00   
0.00000000E+00   
0.00000000E+00   
0.00000000E+00   
0.00000000E+00   
0.00000000E+00   
0.00000000E+00   
0.00000000E+00   
0.00000000E+00   
0.00000000E+00   
0.00000000E+00   
0.00000000E+00   
0.00000000E+00   
0.00000000E+00   
0.00000000E+00   
0.00000000E+00   
0.00000000E+00   
0.00000000E+00   
0.00000000E+00   
0.00000000E+00   
0.00000000E+00   
0.00000000E+00   
0.00000000E+00   
0.00000000E+00   
0.00000000E+00   
0.00000000E+00   
0.00000000E+00   
0.00000000E+00   
0.00000000E+00   
0.00000000E+00   
0.00000000E+00   
0.00000000E+00   
0.00000000E+00   
0.00000000E+00   
0.00000000E+00   
0.00000000E+00   
0.00000000E+00   
0.00000000E+00   
0.00000000E+00   
0.00000000E+00   
0.00000000E+00   
0.00000000E+00   
0.00000000E+00   
0.00000000E+00   
0.00000000E+00   
0.00000000E+00   
0.00000000E+00   
0.00000000E+00   
0.00000000E+00   
0.00000000E+00   
0.00000000E+00   
0.00000000E+00   
0.00000000E+00   
0.00000000E+00   
0.00000000E+00   
0.00000000E+00   
0.00000000E+00   
0.00000000E+00   
0.00000000E+00   
0.00000000E+00   
0.00000000E+00   
0.00000000E+00   
0.00000000E+00   
0.00000000E+00   
0.00000000E+00   
0.00000000E+00   
0.00000000E+00   
0.00000000E+00   
0.00000000E+00   
0.00000000E+00   
0.00000000E+00   
0.00000000E+00   
0.00000000E+00   
0.00000000E+00   
0.00000000E+00   
3.96179236E-01   
6.03820764E-01   
0.00000000E+00   
0.00000000E+00   
0.00000000E+00   
0.00000000E+00   
0.00000000E+00   
0.00000000E+00   
0.00000000E+00   
0.00000000E+00   
0.00000000E+00   
0.00000000E+00   
0.00000000E+00   
0.00000000E+00   
0.00000000E+00   
0.00000000E+00   
8.05161032E-01   
1.19483897E+00   
0.00000000E+00   
0.00000000E+00   
0.00000000E+00   
0.00000000E+00   
0.00000000E+00   
0.00000000E+00   
0.00000000E+00   
0.00000000E+00   
0.00000000E+00   
0.00000000E+00   
0.00000000E+00   
0.00000000E+00   
0.00000000E+00   
0.00000000E+00   
0.00000000E+00   
0.00000000E+00   
0.00000000E+00   
0.00000000E+00   
0.00000000E+00   
0.00000000E+00   
0.00000000E+00   
0.00000000E+00   
0.00000000E+00   
0.00000000E+00   
0.00000000E+00   
0.00000000E+00   
0.00000000E+00   
0.00000000E+00   
0.00000000E+00   
0.00000000E+00   
0.00000000E+00   
0.00000000E+00   
0.00000000E+00   
0.00000000E+00   
0.00000000E+00   
0.00000000E+00   
0.00000000E+00   
0.00000000E+00   
0.00000000E+00   
0.00000000E+00   
0.00000000E+00   
0.00000000E+00   
0.00000000E+00   
0.00000000E+00   
0.00000000E+00   
0.00000000E+00   
0.00000000E+00   
0.00000000E+00   
0.00000000E+00   
0.00000000E+00   
0.00000000E+00   
0.00000000E+00   
0.00000000E+00   
0.00000000E+00   
0.00000000E+00   
0.00000000E+00   
0.00000000E+00   
0.00000000E+00   
0.00000000E+00   
0.00000000E+00   
0.00000000E+00   
0.00000000E+00   
0.00000000E+00   
0.00000000E+00   
0.00000000E+00   
0.00000000E+00   
0.00000000E+00   
0.00000000E+00   
0.00000000E+00   
0.00000000E+00   
0.00000000E+00   
0.00000000E+00   
0.00000000E+00   
0.00000000E+00   
0.00000000E+00   
0.00000000E+00   
0.00000000E+00   
0.00000000E+00   
0.00000000E+00   
0.00000000E+00   
0.00000000E+00   
0.00000000E+00   
0.00000000E+00   
0.00000000E+00   
0.00000000E+00   
0.00000000E+00   
0.00000000E+00   
0.00000000E+00   
0.00000000E+00   
0.00000000E+00   
0.00000000E+00   
0.00000000E+00   
0.00000000E+00   
0.00000000E+00   
0.00000000E+00   
0.00000000E+00   
0.00000000E+00   
0.00000000E+00   
0.00000000E+00   
0.00000000E+00   
0.00000000E+00   
0.00000000E+00   
0.00000000E+00   
0.00000000E+00   
0.00000000E+00   
0.00000000E+00   
0.00000000E+00   
0.00000000E+00   
0.00000000E+00   
0.00000000E+00   
0.00000000E+00   
0.00000000E+00   
0.00000000E+00   
0.00000000E+00   
0.00000000E+00   
0.00000000E+00   
0.00000000E+00   
0.00000000E+00   
0.00000000E+00   
0.00000000E+00   
0.00000000E+00   
0.00000000E+00   
0.00000000E+00   
0.00000000E+00   
0.00000000E+00   
0.00000000E+00   
0.00000000E+00   
0.00000000E+00   
0.00000000E+00   
0.00000000E+00   
0.00000000E+00   
0.00000000E+00   
0.00000000E+00   
0.00000000E+00   
0.00000000E+00   
0.00000000E+00   
0.00000000E+00   
0.00000000E+00   
0.00000000E+00   
0.00000000E+00   
0.00000000E+00   
0.00000000E+00   
0.00000000E+00   
0.00000000E+00   
0.00000000E+00   
0.00000000E+00   
0.00000000E+00   
0.00000000E+00   
0.00000000E+00   
0.00000000E+00   
0.00000000E+00   
0.00000000E+00   
0.00000000E+00   
0.00000000E+00   
0.00000000E+00   
0.00000000E+00   
0.00000000E+00   
0.00000000E+00   
0.00000000E+00   
0.00000000E+00   
0.00000000E+00   
0.00000000E+00   
0.00000000E+00   
0.00000000E+00   
0.00000000E+00   
0.00000000E+00   
0.00000000E+00   
0.00000000E+00   
0.00000000E+00   
0.00000000E+00   
0.00000000E+00   
0.00000000E+00   
0.00000000E+00   
0.00000000E+00   
0.00000000E+00   
0.00000000E+00   
0.00000000E+00   
0.00000000E+00   
0.00000000E+00   
0.00000000E+00   
0.00000000E+00   
0.00000000E+00   
0.00000000E+00   
0.00000000E+00   
0.00000000E+00   
0.00000000E+00   
0.00000000E+00   
0.00000000E+00   
0.00000000E+00   
0.00000000E+00   
0.00000000E+00   
0.00000000E+00   
0.00000000E+00   
0.00000000E+00   
0.00000000E+00   
0.00000000E+00   
0.00000000E+00   
0.00000000E+00   
0.00000000E+00   
0.00000000E+00   
0.00000000E+00   
0.00000000E+00   
0.00000000E+00   
0.00000000E+00   
0.00000000E+00   
0.00000000E+00   
0.00000000E+00   
0.00000000E+00   
0.00000000E+00   
0.00000000E+00   
0.00000000E+00   
0.00000000E+00   
0.00000000E+00   
0.00000000E+00   
0.00000000E+00   
0.00000000E+00   
0.00000000E+00   
0.00000000E+00   
0.00000000E+00   
0.00000000E+00   
0.00000000E+00   
0.00000000E+00   
0.00000000E+00   
0.00000000E+00   
0.00000000E+00   
0.00000000E+00   
0.00000000E+00   
0.00000000E+00   
0.00000000E+00   
0.00000000E+00   
0.00000000E+00   
0.00000000E+00   
0.00000000E+00   
0.00000000E+00   
0.00000000E+00   
0.00000000E+00   
0.00000000E+00   
0.00000000E+00   
0.00000000E+00   
0.00000000E+00   
0.00000000E+00   
0.00000000E+00   
0.00000000E+00   
!IDEND=

