!FILE=Disk 
!KIND=Spectrum 
!LABORATORY=Oslo Cyclotron Laboratory (OCL) 
!EXPERIMENT= oslo_method_python 
!COMMENT=Made by OMpy 
!TIME=DATE:08-Sep-20 09:58:01   
!CALIBRATION EkeV=6, 0.000000E+00, 2.000400E+00, 0.000000E+00 
!PRECISION=16 
!DIMENSION=1,0:4999 
!CHANNEL=(0:4999) 
2.74041208E+02   
4.62108822E+02   
5.21603021E+02   
5.77669834E+02   
5.91117223E+02   
5.94115623E+02   
6.50223245E+02   
6.90734247E+02   
7.64141628E+02   
7.83216043E+02   
7.83785057E+02   
8.38579816E+02   
8.27704641E+02   
8.94303661E+02   
8.84679436E+02   
8.88903481E+02   
9.84624525E+02   
1.04575025E+03   
1.11500590E+03   
1.14091228E+03   
1.18460262E+03   
1.19213953E+03   
1.36999220E+03   
1.40219284E+03   
1.55996889E+03   
1.73551480E+03   
1.79025035E+03   
1.92314793E+03   
2.12258182E+03   
2.25546609E+03   
2.35224835E+03   
2.37114203E+03   
2.64864403E+03   
2.73584407E+03   
2.86851710E+03   
2.85255051E+03   
3.12087427E+03   
3.09380736E+03   
3.21680276E+03   
3.32307341E+03   
3.39789978E+03   
3.48794039E+03   
3.57899430E+03   
3.77474155E+03   
3.75222324E+03   
3.75247860E+03   
3.74726505E+03   
3.81085757E+03   
3.92153981E+03   
3.94821534E+03   
3.93731296E+03   
3.95943209E+03   
3.99756061E+03   
4.01055661E+03   
4.07544299E+03   
4.08412202E+03   
4.13131646E+03   
4.02526505E+03   
4.01622144E+03   
3.99111872E+03   
4.11423565E+03   
4.06149680E+03   
4.07309202E+03   
3.93976505E+03   
3.94689338E+03   
3.98252761E+03   
3.96275315E+03   
3.98937768E+03   
4.04924185E+03   
3.95050040E+03   
3.86816523E+03   
3.93903121E+03   
3.81939578E+03   
3.91025095E+03   
3.73574605E+03   
3.85036337E+03   
3.89127085E+03   
3.73528516E+03   
3.83387518E+03   
3.74580186E+03   
3.96234267E+03   
3.75994419E+03   
3.81719514E+03   
3.71789508E+03   
3.64574735E+03   
3.83452170E+03   
3.91939388E+03   
4.03288928E+03   
3.88599950E+03   
4.02717794E+03   
3.97170474E+03   
3.86085647E+03   
3.84986147E+03   
3.73943119E+03   
3.77280316E+03   
3.76375245E+03   
3.69105841E+03   
3.70276135E+03   
3.58002480E+03   
3.43636977E+03   
3.53015713E+03   
3.50258782E+03   
3.42977295E+03   
3.38313063E+03   
3.29379126E+03   
3.31452340E+03   
3.25693559E+03   
3.23083077E+03   
3.15688088E+03   
3.18272214E+03   
3.10914273E+03   
3.10538918E+03   
3.10096829E+03   
2.96594049E+03   
2.96696749E+03   
3.01573875E+03   
3.01404071E+03   
3.01182657E+03   
2.89390858E+03   
2.77864533E+03   
2.76683977E+03   
2.82721944E+03   
2.84404281E+03   
2.85844809E+03   
2.90243439E+03   
2.81572444E+03   
2.85433917E+03   
2.78482517E+03   
2.81358632E+03   
2.82984077E+03   
2.78718704E+03   
2.74332997E+03   
2.74396099E+03   
2.70598670E+03   
2.63363393E+03   
2.53797600E+03   
2.60550560E+03   
2.55824155E+03   
2.52878736E+03   
2.55230096E+03   
2.61908412E+03   
2.53561792E+03   
2.46351340E+03   
2.51358592E+03   
2.39182146E+03   
2.42051540E+03   
2.45058582E+03   
2.34944779E+03   
2.39834897E+03   
2.38030016E+03   
2.31770394E+03   
2.36439528E+03   
2.37261352E+03   
2.31411142E+03   
2.27535337E+03   
2.32317614E+03   
2.21051760E+03   
2.24192799E+03   
2.24113963E+03   
2.27036347E+03   
2.10448270E+03   
2.12248570E+03   
2.14101000E+03   
2.04853901E+03   
2.05428206E+03   
2.12837638E+03   
2.07408342E+03   
1.99532507E+03   
1.96065323E+03   
1.93642188E+03   
1.93456951E+03   
1.85695189E+03   
1.86943439E+03   
1.77785037E+03   
1.74643209E+03   
1.74067303E+03   
1.73817323E+03   
1.73734477E+03   
1.78792128E+03   
1.67991518E+03   
1.64862623E+03   
1.59672755E+03   
1.64992248E+03   
1.62127766E+03   
1.60766743E+03   
1.67579686E+03   
1.64030806E+03   
1.56071554E+03   
1.56385997E+03   
1.48997229E+03   
1.48259922E+03   
1.55192729E+03   
1.51585397E+03   
1.52164923E+03   
1.49010172E+03   
1.46084307E+03   
1.48228216E+03   
1.48645669E+03   
1.42927646E+03   
1.43238258E+03   
1.37756311E+03   
1.46383317E+03   
1.40847049E+03   
1.41357662E+03   
1.36426395E+03   
1.38103271E+03   
1.37782597E+03   
1.38134677E+03   
1.37018954E+03   
1.39343409E+03   
1.31299210E+03   
1.32095039E+03   
1.36526605E+03   
1.38743899E+03   
1.34933567E+03   
1.29843699E+03   
1.27118714E+03   
1.28058342E+03   
1.28557902E+03   
1.25008592E+03   
1.27030486E+03   
1.26372054E+03   
1.21540068E+03   
1.21617083E+03   
1.22209842E+03   
1.27247379E+03   
1.19678696E+03   
1.27183907E+03   
1.23009252E+03   
1.16923445E+03   
1.18812783E+03   
1.19182156E+03   
1.14223075E+03   
1.17204321E+03   
1.17735507E+03   
1.15355311E+03   
1.14099570E+03   
1.13378896E+03   
1.25072054E+03   
1.10423735E+03   
1.09272034E+03   
1.10688318E+03   
1.10460002E+03   
1.12952851E+03   
1.12525885E+03   
1.03380546E+03   
1.03938418E+03   
1.08381346E+03   
1.09540498E+03   
1.08802651E+03   
1.07481546E+03   
1.08141118E+03   
1.07042118E+03   
8.31833007E+02   
7.68953791E+02   
7.68953791E+02   
7.68953791E+02   
7.68953791E+02   
6.90871154E+02   
5.00629426E+02   
4.61907081E+02   
4.36212442E+02   
4.43618124E+02   
4.45088818E+02   
4.15894279E+02   
4.41628026E+02   
4.52672434E+02   
4.45877976E+02   
4.41276755E+02   
4.43749250E+02   
4.32392779E+02   
4.67597820E+02   
4.94529706E+02   
4.59125625E+02   
4.43697840E+02   
4.22190638E+02   
4.36711842E+02   
4.51028906E+02   
3.87970994E+02   
4.38915083E+02   
4.62284157E+02   
4.52580416E+02   
4.16891378E+02   
4.25222344E+02   
4.11811962E+02   
4.24035107E+02   
4.07354971E+02   
4.18081216E+02   
3.98466293E+02   
4.32543609E+02   
4.05163533E+02   
4.31467794E+02   
4.04892478E+02   
3.77518004E+02   
4.01988098E+02   
3.93191238E+02   
4.22076415E+02   
3.53553011E+02   
4.10413483E+02   
3.95502400E+02   
3.96798560E+02   
4.12700240E+02   
4.09016403E+02   
3.92393779E+02   
3.49713243E+02   
3.52974395E+02   
3.77246149E+02   
3.65659832E+02   
3.92192338E+02   
3.80581916E+02   
3.83712242E+02   
3.59691238E+02   
3.66572915E+02   
3.97700640E+02   
3.45075215E+02   
3.73308062E+02   
3.55709242E+02   
3.53462392E+02   
3.64782356E+02   
3.54696639E+02   
3.50582116E+02   
3.79213943E+02   
3.49298660E+02   
3.44405581E+02   
3.33956291E+02   
3.27521404E+02   
3.20524605E+02   
3.33740848E+02   
3.37850870E+02   
3.44070514E+02   
3.39480896E+02   
3.46225945E+02   
3.03661132E+02   
3.06269054E+02   
3.31193639E+02   
3.13061612E+02   
3.29965493E+02   
3.37683137E+02   
3.35796759E+02   
3.37604221E+02   
3.48891678E+02   
3.37166733E+02   
3.26315963E+02   
3.03156631E+02   
3.28179136E+02   
3.16515103E+02   
3.34705041E+02   
3.21369174E+02   
2.96649030E+02   
2.98466193E+02   
3.13819664E+02   
2.73967393E+02   
2.91026805E+02   
2.51360872E+02   
2.91666233E+02   
3.27862472E+02   
2.76699840E+02   
3.09632126E+02   
2.85630526E+02   
3.01828066E+02   
2.71851270E+02   
2.50701440E+02   
2.64316863E+02   
2.88343269E+02   
2.61407381E+02   
2.51651830E+02   
2.73912783E+02   
2.76181936E+02   
2.62169834E+02   
2.78291158E+02   
2.58627025E+02   
2.48480996E+02   
2.66616623E+02   
2.55347670E+02   
2.65446889E+02   
2.64450490E+02   
2.50059012E+02   
2.39335867E+02   
2.32001500E+02   
2.43870374E+02   
2.54183137E+02   
2.38565413E+02   
2.36451990E+02   
2.30745149E+02   
2.45820564E+02   
2.32664933E+02   
2.28194039E+02   
2.47009902E+02   
2.30390578E+02   
2.15389778E+02   
2.30295059E+02   
2.37361672E+02   
2.39879676E+02   
2.05153231E+02   
2.09615923E+02   
1.99484597E+02   
2.29526305E+02   
2.34589718E+02   
2.39392178E+02   
2.20174235E+02   
2.07762152E+02   
2.08950290E+02   
2.07215843E+02   
2.14602020E+02   
2.13718744E+02   
2.01326165E+02   
2.21708642E+02   
2.14426985E+02   
2.17377776E+02   
1.92402480E+02   
1.87051410E+02   
2.11991698E+02   
2.10382677E+02   
2.06717744E+02   
1.92369674E+02   
1.81371274E+02   
1.98372575E+02   
1.87037407E+02   
1.85039108E+02   
2.07048510E+02   
2.02719244E+02   
2.15363973E+02   
1.97020304E+02   
1.74013103E+02   
1.98704241E+02   
1.93396679E+02   
1.90367373E+02   
1.94669334E+02   
2.10120224E+02   
2.07666933E+02   
1.86627125E+02   
1.83086517E+02   
1.78420684E+02   
1.89284957E+02   
1.58012903E+02   
2.02889078E+02   
1.90598320E+02   
1.79637327E+02   
1.87411582E+02   
1.89388078E+02   
1.90598620E+02   
1.62769254E+02   
1.78973395E+02   
1.86807562E+02   
1.69936687E+02   
1.92241848E+02   
1.67110822E+02   
1.79501400E+02   
1.80562613E+02   
1.61150530E+02   
1.77593719E+02   
1.55822865E+02   
1.68414383E+02   
1.81718644E+02   
1.86401280E+02   
1.79991698E+02   
1.80162933E+02   
1.67665933E+02   
1.70081516E+02   
1.79870774E+02   
1.82720644E+02   
1.88451890E+02   
1.65771354E+02   
1.76032807E+02   
1.61603621E+02   
1.56520704E+02   
1.74840468E+02   
1.58860872E+02   
1.62025805E+02   
1.45969694E+02   
1.49643729E+02   
1.50354371E+02   
1.67097920E+02   
1.66236947E+02   
1.73998200E+02   
1.60719444E+02   
1.45410882E+02   
1.47794559E+02   
1.62872074E+02   
1.74110322E+02   
1.49036907E+02   
1.54801360E+02   
1.53943789E+02   
1.51121024E+02   
1.55276955E+02   
1.57482096E+02   
1.71063113E+02   
1.66392579E+02   
1.58165533E+02   
1.61030806E+02   
1.51208242E+02   
1.50976895E+02   
1.53604321E+02   
1.26359372E+02   
1.29120324E+02   
1.50519204E+02   
1.52523205E+02   
1.66332967E+02   
1.46834967E+02   
1.33030806E+02   
1.50926885E+02   
1.59633127E+02   
1.50319764E+02   
1.38652731E+02   
1.46208242E+02   
1.42432887E+02   
1.36137127E+02   
1.48733447E+02   
1.27886077E+02   
1.58879376E+02   
1.46439688E+02   
1.31415983E+02   
1.26302661E+02   
1.41679436E+02   
1.28377375E+02   
1.51790958E+02   
1.20199440E+02   
1.43215943E+02   
1.31784957E+02   
1.42105621E+02   
1.56697139E+02   
1.20609722E+02   
1.24860172E+02   
1.16478396E+02   
1.50412182E+02   
1.47055511E+02   
1.19156331E+02   
1.49402280E+02   
1.37340468E+02   
1.37198540E+02   
1.37420284E+02   
1.41042308E+02   
1.41036707E+02   
1.16177335E+02   
1.40297660E+02   
1.45171534E+02   
1.26312863E+02   
1.42612623E+02   
1.36863773E+02   
1.33445589E+02   
1.21617724E+02   
1.31027606E+02   
1.43876475E+02   
1.40200840E+02   
1.32262753E+02   
1.34742649E+02   
1.29960392E+02   
1.34246349E+02   
1.41781556E+02   
1.31309362E+02   
1.38868074E+02   
1.29424385E+02   
1.48072915E+02   
1.50749850E+02   
1.37254051E+02   
1.40137027E+02   
1.29636827E+02   
1.22687738E+02   
1.27747049E+02   
1.27986297E+02   
1.23613223E+02   
1.13646429E+02   
1.22825565E+02   
1.48086417E+02   
1.27082717E+02   
1.34368574E+02   
1.34402881E+02   
1.19471894E+02   
1.14118824E+02   
1.05205541E+02   
1.23490398E+02   
1.16741948E+02   
1.14295359E+02   
1.21482897E+02   
1.11996499E+02   
1.04132126E+02   
1.20868374E+02   
1.18791758E+02   
1.24918284E+02   
1.29782557E+02   
1.10951790E+02   
1.21291758E+02   
9.70283057E+01   
9.97531506E+01   
9.87505501E+01   
1.26424285E+02   
1.16571614E+02   
1.23881076E+02   
1.19817263E+02   
1.11286557E+02   
1.20966993E+02   
1.10813663E+02   
1.09600120E+02   
9.24948990E+01   
1.02710042E+02   
1.09640328E+02   
1.16269054E+02   
1.04029506E+02   
1.21412883E+02   
1.12420884E+02   
1.08766653E+02   
1.10435787E+02   
1.04171534E+02   
1.12058612E+02   
1.06539108E+02   
1.00084017E+02   
1.02702641E+02   
1.14022404E+02   
1.22226545E+02   
1.26355171E+02   
1.06229746E+02   
1.11256751E+02   
1.24024005E+02   
1.19514903E+02   
1.22058012E+02   
1.11036607E+02   
1.20486497E+02   
1.01806461E+02   
1.09221144E+02   
1.02070214E+02   
1.00760452E+02   
1.16261752E+02   
1.19024005E+02   
1.13026205E+02   
9.25245049E+01   
1.08017804E+02   
1.01527506E+02   
9.97666533E+01   
1.02518304E+02   
1.02035207E+02   
9.92533507E+01   
1.16783257E+02   
9.12445489E+01   
1.14087417E+02   
1.15257151E+02   
1.29583917E+02   
1.04654431E+02   
7.92439488E+01   
9.65281056E+01   
1.00088218E+02   
1.25585317E+02   
1.08407081E+02   
1.02833067E+02   
1.05478496E+02   
1.07778656E+02   
1.07779456E+02   
1.12332166E+02   
1.06747249E+02   
1.09263753E+02   
1.07983397E+02   
1.09459692E+02   
9.40188038E+01   
1.03346169E+02   
1.09975795E+02   
1.11209642E+02   
1.05732346E+02   
1.02067413E+02   
9.98858772E+01   
1.11548910E+02   
1.01092719E+02   
9.97818564E+01   
1.06018004E+02   
9.01927385E+01   
9.10160032E+01   
9.34403881E+01   
1.23617924E+02   
1.01789458E+02   
1.06585617E+02   
9.58791758E+01   
1.01069114E+02   
9.96446289E+01   
9.77882577E+01   
1.14712843E+02   
9.81715343E+01   
8.63263653E+01   
9.00180036E+01   
9.62473495E+01   
1.00559712E+02   
8.72180436E+01   
9.78187638E+01   
6.92068414E+01   
8.08760752E+01   
8.41070214E+01   
8.39225845E+01   
9.63964793E+01   
9.19558912E+01   
8.67906581E+01   
9.44172835E+01   
8.96155231E+01   
9.35508102E+01   
1.09349570E+02   
1.01575315E+02   
9.09275855E+01   
9.35689138E+01   
8.75712142E+01   
9.89061812E+01   
9.34681936E+01   
1.10346069E+02   
9.43563713E+01   
1.00679636E+02   
7.73364673E+01   
7.91382276E+01   
1.10484597E+02   
8.75829166E+01   
9.57659532E+01   
7.23240648E+01   
1.10537708E+02   
9.93232647E+01   
1.09235747E+02   
9.05865173E+01   
1.07235347E+02   
8.58805761E+01   
8.71670334E+01   
9.96500300E+01   
1.05377175E+02   
9.53799760E+01   
8.19404881E+01   
7.38038608E+01   
8.43795759E+01   
9.93212643E+01   
1.11327666E+02   
9.74629926E+01   
8.28601720E+01   
9.16988398E+01   
8.50192038E+01   
8.60679136E+01   
7.90639128E+01   
8.11347269E+01   
8.48529706E+01   
1.12895079E+02   
9.58928786E+01   
8.86416283E+01   
8.24669934E+01   
8.87436487E+01   
1.06020004E+02   
9.92257451E+01   
8.50463093E+01   
1.02197840E+02   
9.50192038E+01   
7.86523305E+01   
8.07935587E+01   
1.02205041E+02   
9.66288258E+01   
1.02436587E+02   
1.04398880E+02   
8.82296459E+01   
8.26141228E+01   
9.12232446E+01   
9.28092619E+01   
9.50196039E+01   
8.88198640E+01   
8.86147229E+01   
9.02210442E+01   
7.88052611E+01   
8.32222444E+01   
7.82254451E+01   
7.99913983E+01   
7.54078816E+01   
9.24408882E+01   
7.21932386E+01   
7.92310462E+01   
8.92342468E+01   
8.17969594E+01   
1.05681136E+02   
8.40204041E+01   
9.33765753E+01   
8.89842969E+01   
7.11732346E+01   
8.45475095E+01   
9.23260652E+01   
8.74403881E+01   
9.25908182E+01   
8.59605921E+01   
9.42138428E+01   
9.78301660E+01   
7.62988598E+01   
8.27745549E+01   
8.26930386E+01   
8.45840168E+01   
9.15121024E+01   
6.87751550E+01   
7.97010402E+01   
8.50152030E+01   
8.32690538E+01   
8.46445289E+01   
9.02033407E+01   
9.87198440E+01   
9.76501300E+01   
7.87115423E+01   
9.15935187E+01   
9.64109822E+01   
7.96672334E+01   
8.01842368E+01   
7.61128226E+01   
9.22831566E+01   
9.04750950E+01   
8.10180036E+01   
7.90180036E+01   
8.37542509E+01   
9.02817564E+01   
8.78153631E+01   
8.15033007E+01   
9.63774755E+01   
1.01483197E+02   
9.70200040E+01   
8.69750950E+01   
7.17249450E+01   
7.13678736E+01   
9.38947790E+01   
8.38418684E+01   
8.80184037E+01   
7.45444089E+01   
9.47665533E+01   
8.22206441E+01   
8.64126825E+01   
8.09739948E+01   
8.30988198E+01   
1.08998900E+02   
7.98213643E+01   
9.34675935E+01   
8.23942789E+01   
6.73878776E+01   
8.28174635E+01   
6.63578716E+01   
8.45264053E+01   
8.61477295E+01   
8.38658732E+01   
8.21861372E+01   
8.58482697E+01   
7.60260052E+01   
6.61825365E+01   
8.98390678E+01   
9.58510702E+01   
9.60200040E+01   
7.66861372E+01   
9.20184037E+01   
8.45064013E+01   
8.23550710E+01   
8.38518704E+01   
7.41657331E+01   
7.90316063E+01   
8.08330666E+01   
8.73626725E+01   
1.00740548E+02   
8.24535907E+01   
8.22365473E+01   
6.97626525E+01   
7.69210842E+01   
9.02157431E+01   
1.03180536E+02   
8.38186637E+01   
7.61333267E+01   
7.60152030E+01   
8.87469494E+01   
7.13346669E+01   
9.31753351E+01   
7.31185237E+01   
8.47589518E+01   
9.35480096E+01   
9.17994599E+01   
8.70168034E+01   
7.41041208E+01   
7.30844169E+01   
7.46345269E+01   
6.47854571E+01   
7.13978796E+01   
8.34077816E+01   
7.50917183E+01   
6.63063613E+01   
7.55783157E+01   
8.55361072E+01   
7.51661332E+01   
7.85616123E+01   
7.07145429E+01   
7.53166633E+01   
7.01653331E+01   
6.85672134E+01   
7.56121224E+01   
8.67868574E+01   
8.52058412E+01   
8.77221444E+01   
9.19023805E+01   
7.71629326E+01   
7.34551910E+01   
8.04527906E+01   
6.51790358E+01   
9.09407882E+01   
8.06154231E+01   
9.18722745E+01   
8.18819764E+01   
8.27334467E+01   
6.97228446E+01   
8.00164033E+01   
7.75888178E+01   
7.63069614E+01   
8.58699740E+01   
8.21478296E+01   
8.10275055E+01   
8.70168034E+01   
8.24371874E+01   
6.79936987E+01   
8.46195239E+01   
7.07114423E+01   
8.32918584E+01   
7.94614923E+01   
6.68419684E+01   
8.24638928E+01   
8.20148030E+01   
7.70148030E+01   
7.99257852E+01   
6.76966393E+01   
7.74746949E+01   
7.99620924E+01   
6.48802761E+01   
1.02003301E+02   
7.72247449E+01   
8.35509102E+01   
8.18830766E+01   
7.10164033E+01   
8.41485297E+01   
8.03332667E+01   
7.93047610E+01   
7.84573915E+01   
8.07075415E+01   
7.11469294E+01   
8.62758552E+01   
8.86276255E+01   
5.84349870E+01   
8.14700940E+01   
8.77359472E+01   
7.24479896E+01   
7.96130226E+01   
7.36526305E+01   
8.76486297E+01   
8.12572515E+01   
7.00164033E+01   
8.05151030E+01   
8.03921784E+01   
8.00212042E+01   
7.88748750E+01   
7.75261052E+01   
7.43855771E+01   
7.20144029E+01   
7.49314863E+01   
7.97079416E+01   
8.75779156E+01   
7.77189438E+01   
7.14101820E+01   
8.11373275E+01   
7.03377676E+01   
8.39766953E+01   
8.27347469E+01   
7.99677936E+01   
7.95391078E+01   
7.19516903E+01   
6.62551510E+01   
6.60722144E+01   
7.32478496E+01   
7.11488298E+01   
6.88775755E+01   
8.18974795E+01   
6.85902180E+01   
1.03287758E+02   
7.14756951E+01   
6.52442488E+01   
7.66740348E+01   
7.46963393E+01   
6.87881576E+01   
6.41400280E+01   
8.05532106E+01   
7.60160032E+01   
7.00160032E+01   
5.86815363E+01   
8.01294259E+01   
7.55585117E+01   
7.96945389E+01   
5.58905781E+01   
6.34681936E+01   
6.49914983E+01   
7.35787157E+01   
6.93664733E+01   
7.80152030E+01   
8.97321464E+01   
9.16591318E+01   
7.49726945E+01   
7.63311662E+01   
8.96436287E+01   
7.30672134E+01   
7.05959192E+01   
6.23279656E+01   
7.93548710E+01   
6.82938588E+01   
6.50857171E+01   
8.72727546E+01   
8.69626925E+01   
7.57096419E+01   
6.83199640E+01   
7.04276855E+01   
7.54008802E+01   
6.63159632E+01   
5.33107622E+01   
6.02146429E+01   
6.57156431E+01   
6.71121224E+01   
6.03075615E+01   
8.85690138E+01   
7.44549910E+01   
5.92058412E+01   
8.04320864E+01   
6.73019604E+01   
7.78209642E+01   
8.60600120E+01   
7.28714743E+01   
8.52574515E+01   
6.68285657E+01   
8.72050410E+01   
7.48566713E+01   
8.48052611E+01   
8.27408482E+01   
5.68619724E+01   
9.11861372E+01   
7.37412482E+01   
6.38346669E+01   
7.06507301E+01   
7.39242849E+01   
6.24633927E+01   
7.72089418E+01   
7.78166633E+01   
7.48620724E+01   
8.19872975E+01   
7.11013203E+01   
7.27512503E+01   
6.57097419E+01   
7.51460292E+01   
7.40152030E+01   
7.45295059E+01   
7.55624125E+01   
8.60386077E+01   
7.35922184E+01   
6.63532707E+01   
8.60152030E+01   
6.61818364E+01   
5.73460692E+01   
6.94351870E+01   
7.66725345E+01   
7.76855371E+01   
6.51766353E+01   
5.66895379E+01   
8.26122224E+01   
6.44974995E+01   
6.14926985E+01   
6.68533707E+01   
8.19338868E+01   
7.37776555E+01   
7.85457091E+01   
8.08613723E+01   
7.84041808E+01   
8.32464493E+01   
6.68612723E+01   
6.90913183E+01   
6.63933787E+01   
6.00881176E+01   
8.42893579E+01   
6.66609322E+01   
7.10493099E+01   
6.24922985E+01   
8.19835967E+01   
8.95052010E+01   
8.15260052E+01   
7.75829166E+01   
6.96634327E+01   
7.16578316E+01   
7.24418884E+01   
6.82255451E+01   
6.62932587E+01   
7.10112022E+01   
7.58032607E+01   
6.58056611E+01   
7.57395479E+01   
6.35601120E+01   
6.84025805E+01   
6.98136627E+01   
7.26190238E+01   
7.00132026E+01   
6.81454291E+01   
8.06181236E+01   
7.57535507E+01   
6.46006201E+01   
7.25612122E+01   
9.05027005E+01   
6.99744949E+01   
7.45696139E+01   
7.20156031E+01   
7.00156031E+01   
7.48292659E+01   
7.39550910E+01   
7.39558912E+01   
8.19566913E+01   
6.82282456E+01   
7.69279856E+01   
6.94351870E+01   
5.87854571E+01   
7.11255251E+01   
6.32492498E+01   
8.14905981E+01   
7.76520304E+01   
6.01274255E+01   
7.95567113E+01   
6.82977596E+01   
6.91254251E+01   
8.04552911E+01   
6.94035807E+01   
8.04095819E+01   
7.14540908E+01   
7.31771354E+01   
7.10136027E+01   
8.33738748E+01   
6.88649730E+01   
7.19069814E+01   
8.34395879E+01   
8.97586517E+01   
7.12757552E+01   
8.89662933E+01   
6.44216843E+01   
6.64152831E+01   
6.69614923E+01   
7.17650530E+01   
7.56223245E+01   
8.23078616E+01   
6.24473895E+01   
6.07722545E+01   
6.50601120E+01   
6.47309462E+01   
6.01078216E+01   
6.88756751E+01   
7.23351670E+01   
8.67405481E+01   
6.91046209E+01   
7.19694939E+01   
6.52790558E+01   
7.76186237E+01   
6.61022204E+01   
7.01435287E+01   
7.96735347E+01   
7.94272855E+01   
6.81485297E+01   
5.98463693E+01   
7.00541108E+01   
7.84456891E+01   
8.65398080E+01   
7.36955391E+01   
6.82522505E+01   
6.83252651E+01   
7.24716943E+01   
6.80545109E+01   
7.03176635E+01   
6.68635727E+01   
7.37191438E+01   
7.05287057E+01   
7.69036807E+01   
8.74418884E+01   
6.27610522E+01   
5.70461092E+01   
7.07002400E+01   
7.10485097E+01   
7.31151230E+01   
8.58129626E+01   
7.70152030E+01   
5.73402681E+01   
7.86259252E+01   
6.30477095E+01   
7.40782156E+01   
5.61384277E+01   
7.31657331E+01   
5.29810962E+01   
5.99818964E+01   
7.08361672E+01   
6.81589318E+01   
6.88983797E+01   
6.68453691E+01   
5.82103421E+01   
7.00409082E+01   
6.40132026E+01   
7.49071814E+01   
8.17537508E+01   
5.85586117E+01   
4.90610122E+01   
6.68850770E+01   
8.28155631E+01   
5.94004801E+01   
6.77002400E+01   
6.31767353E+01   
7.57588518E+01   
5.22852571E+01   
7.36567313E+01   
6.31470294E+01   
6.22061412E+01   
5.70108022E+01   
8.48467694E+01   
6.20743149E+01   
7.28551710E+01   
7.10546109E+01   
8.21097219E+01   
6.71612322E+01   
7.09556911E+01   
6.68695739E+01   
6.11009202E+01   
7.18433687E+01   
7.20659132E+01   
7.70313063E+01   
8.39205841E+01   
8.11396279E+01   
5.71630326E+01   
7.18649730E+01   
7.49716943E+01   
6.51385277E+01   
6.31180236E+01   
6.99438888E+01   
6.39353871E+01   
7.79159832E+01   
6.60979196E+01   
8.09792959E+01   
5.50362072E+01   
8.39715943E+01   
6.80657131E+01   
6.70617123E+01   
6.69832967E+01   
7.99589918E+01   
5.70658132E+01   
7.69475895E+01   
6.61080216E+01   
7.89158832E+01   
6.21195239E+01   
7.49579916E+01   
7.49826965E+01   
6.90323065E+01   
6.70299060E+01   
7.10079016E+01   
7.39951990E+01   
6.00353071E+01   
6.69905981E+01   
7.30383077E+01   
6.00182036E+01   
7.19890978E+01   
5.10530106E+01   
7.29756951E+01   
6.70247049E+01   
5.60173035E+01   
7.60043009E+01   
7.50159032E+01   
7.90128026E+01   
6.60130026E+01   
6.80234047E+01   
7.90089018E+01   
6.30125025E+01   
7.70071014E+01   
5.80263053E+01   
7.50148030E+01   
6.90113023E+01   
5.70339068E+01   
7.90293059E+01   
7.39752951E+01   
6.50497099E+01   
7.19067814E+01   
5.90619124E+01   
6.89998000E+01   
6.80183037E+01   
6.50759152E+01   
8.39855971E+01   
6.69665933E+01   
6.80116023E+01   
6.20551110E+01   
6.70227045E+01   
5.59759952E+01   
6.30025005E+01   
6.71150230E+01   
7.29624925E+01   
7.00695139E+01   
7.18779756E+01   
5.78921784E+01   
5.71917383E+01   
6.88988798E+01   
5.21406281E+01   
6.59325865E+01   
7.01224245E+01   
7.80430086E+01   
7.38828766E+01   
5.20116023E+01   
6.49650930E+01   
6.02171434E+01   
7.39014803E+01   
6.60629126E+01   
6.79797960E+01   
6.91182236E+01   
6.38365673E+01   
5.93044609E+01   
7.48870774E+01   
7.62253451E+01   
8.09025805E+01   
7.18579716E+01   
7.88921784E+01   
7.23014603E+01   
7.87006401E+01   
5.30757151E+01   
7.49685937E+01   
5.81677335E+01   
8.58554711E+01   
5.45892178E+01   
9.66455291E+01   
7.31347269E+01   
7.27255451E+01   
7.39876975E+01   
6.51124225E+01   
6.20391078E+01   
7.61176235E+01   
6.74631926E+01   
6.55413083E+01   
6.96628326E+01   
6.27899580E+01   
4.95370074E+01   
7.10993199E+01   
7.51017203E+01   
8.26675335E+01   
7.00710142E+01   
7.39529906E+01   
6.33150630E+01   
7.29545909E+01   
7.60463093E+01   
6.77950590E+01   
5.36299260E+01   
5.53310662E+01   
6.35026005E+01   
7.06869374E+01   
6.70810162E+01   
7.44383877E+01   
5.09685937E+01   
8.17415483E+01   
9.15947189E+01   
6.12597520E+01   
7.22294459E+01   
6.07622525E+01   
7.02338468E+01   
8.25707141E+01   
6.70862172E+01   
5.73531706E+01   
8.01305261E+01   
7.74361872E+01   
6.24018804E+01   
7.78962793E+01   
6.84924985E+01   
8.00587117E+01   
8.11002200E+01   
8.57863573E+01   
4.05887177E+01   
6.54322865E+01   
7.13402681E+01   
6.42243449E+01   
6.10559112E+01   
6.58826765E+01   
5.78363673E+01   
7.21876375E+01   
6.52802561E+01   
6.58339668E+01   
5.89217844E+01   
6.73333667E+01   
7.48758752E+01   
7.12938588E+01   
7.48275655E+01   
5.82519504E+01   
7.52498500E+01   
6.12998600E+01   
6.73533707E+01   
7.44258852E+01   
6.22084417E+01   
5.84112823E+01   
6.92667534E+01   
7.18143629E+01   
7.26578316E+01   
5.99914983E+01   
8.28783757E+01   
5.97439488E+01   
7.43319664E+01   
6.62775555E+01   
6.60675135E+01   
8.28230646E+01   
7.27169434E+01   
6.44484897E+01   
8.10140028E+01   
5.85699140E+01   
6.42903581E+01   
6.08438688E+01   
5.94085817E+01   
7.00715143E+01   
8.06697339E+01   
6.26494299E+01   
8.52587518E+01   
6.93051610E+01   
6.25407081E+01   
5.04269854E+01   
6.78334667E+01   
5.73738748E+01   
6.60144029E+01   
6.94032807E+01   
6.08715743E+01   
7.54587918E+01   
5.90747149E+01   
5.79500900E+01   
6.39492899E+01   
5.65836167E+01   
7.88464693E+01   
9.94772955E+01   
4.92053411E+01   
5.19472895E+01   
5.88809762E+01   
6.18680736E+01   
8.40217043E+01   
7.06775355E+01   
6.30144029E+01   
5.88118624E+01   
6.06736347E+01   
6.74210842E+01   
6.94945989E+01   
7.47075415E+01   
9.06996399E+01   
7.18729746E+01   
7.27151430E+01   
7.20867173E+01   
7.45897179E+01   
8.74430886E+01   
7.27287457E+01   
6.95809162E+01   
7.29576915E+01   
7.29939988E+01   
6.74530906E+01   
6.74969994E+01   
7.45318064E+01   
7.29396879E+01   
6.38402681E+01   
7.59428886E+01   
8.65625125E+01   
8.35577115E+01   
6.03200640E+01   
7.79376875E+01   
6.94717944E+01   
6.67778556E+01   
6.26369274E+01   
8.00136027E+01   
8.06465293E+01   
6.94601920E+01   
7.46144229E+01   
6.53332667E+01   
7.04485897E+01   
5.97408482E+01   
7.50144029E+01   
8.17686537E+01   
7.00132026E+01   
7.52613523E+01   
6.25157031E+01   
6.77658532E+01   
9.16777355E+01   
6.59296859E+01   
6.44205841E+01   
7.07768554E+01   
7.54157832E+01   
6.88707742E+01   
8.39292859E+01   
6.89284857E+01   
7.07534507E+01   
5.92761552E+01   
6.17839568E+01   
6.14507902E+01   
5.50758152E+01   
7.31248250E+01   
6.48176635E+01   
7.55769154E+01   
5.40930186E+01   
6.61047209E+01   
6.27387477E+01   
6.22900580E+01   
6.84628926E+01   
6.78428686E+01   
6.95321064E+01   
6.37784557E+01   
8.36427285E+01   
7.41699340E+01   
6.16718344E+01   
6.23094619E+01   
4.77193439E+01   
7.55368074E+01   
6.51083217E+01   
6.90723145E+01   
7.61795359E+01   
6.18836767E+01   
8.05008002E+01   
8.26235247E+01   
7.28169634E+01   
7.01243249E+01   
6.20995199E+01   
6.76155231E+01   
7.00120024E+01   
6.31123225E+01   
6.33145629E+01   
6.94068814E+01   
5.26051210E+01   
6.02326465E+01   
8.07306461E+01   
7.77845569E+01   
6.22498500E+01   
7.66714343E+01   
6.50120024E+01   
5.92638528E+01   
8.06554311E+01   
6.28013603E+01   
6.49604921E+01   
7.49084817E+01   
7.22266453E+01   
7.54139828E+01   
5.51159232E+01   
5.98370674E+01   
7.89367874E+01   
5.71454291E+01   
5.65309062E+01   
6.90144029E+01   
5.93572715E+01   
7.02211442E+01   
7.49131826E+01   
6.43445689E+01   
7.17915583E+01   
8.21278256E+01   
7.06810362E+01   
7.84648930E+01   
8.48899780E+01   
6.53525705E+01   
7.46521304E+01   
5.92627526E+01   
6.63858772E+01   
9.11832366E+01   
6.85519104E+01   
5.20505101E+01   
7.76666333E+01   
5.56642328E+01   
5.46461292E+01   
8.40806161E+01   
7.50144029E+01   
7.59577916E+01   
7.16092218E+01   
8.26451290E+01   
6.48454691E+01   
6.70144029E+01   
7.17339468E+01   
7.49338868E+01   
6.36510302E+01   
7.29499900E+01   
7.85601120E+01   
7.94766953E+01   
7.85719144E+01   
4.61149230E+01   
7.17677536E+01   
6.67543509E+01   
7.21395279E+01   
7.57727546E+01   
7.71367273E+01   
6.80124025E+01   
7.67697540E+01   
7.61365273E+01   
6.75205041E+01   
7.71297259E+01   
6.66496299E+01   
7.69755951E+01   
5.94167834E+01   
7.95273055E+01   
7.62730546E+01   
7.44999000E+01   
8.02167433E+01   
8.48639728E+01   
5.35727145E+01   
6.16672334E+01   
7.45732146E+01   
6.58525705E+01   
7.29613923E+01   
6.86166233E+01   
7.56142228E+01   
5.95437087E+01   
7.96151230E+01   
8.25444089E+01   
6.84161832E+01   
7.49365873E+01   
6.42814563E+01   
6.51475295E+01   
6.42357471E+01   
8.00617123E+01   
7.23295659E+01   
5.21082216E+01   
6.91519304E+01   
7.74630926E+01   
5.65665133E+01   
8.08760752E+01   
5.98752751E+01   
6.43163633E+01   
7.26127225E+01   
6.66919384E+01   
7.09978996E+01   
7.27454491E+01   
6.44365873E+01   
7.00067013E+01   
7.38736747E+01   
7.85874175E+01   
8.27281456E+01   
6.28747750E+01   
7.62963593E+01   
6.54366873E+01   
6.51571314E+01   
6.48676735E+01   
6.93221644E+01   
7.62433487E+01   
5.64959992E+01   
7.21348270E+01   
6.38357672E+01   
5.78947790E+01   
7.62309462E+01   
8.22763553E+01   
7.72312462E+01   
6.40990198E+01   
7.24186837E+01   
7.46658332E+01   
6.34168834E+01   
7.17570514E+01   
6.96165233E+01   
7.75590118E+01   
7.45317063E+01   
7.53407682E+01   
7.66084217E+01   
7.00281056E+01   
7.83953791E+01   
7.58621724E+01   
5.51722344E+01   
8.27793559E+01   
6.63242649E+01   
6.83258652E+01   
7.50800160E+01   
6.64821964E+01   
7.04845969E+01   
7.13870774E+01   
7.21167233E+01   
8.12271454E+01   
7.58564713E+01   
6.55382076E+01   
7.71723345E+01   
6.36945389E+01   
6.22518504E+01   
8.20564113E+01   
8.40872174E+01   
6.53002601E+01   
8.76297259E+01   
8.46945389E+01   
7.65566113E+01   
6.63394679E+01   
7.18516703E+01   
6.85238048E+01   
6.28492699E+01   
6.71771354E+01   
6.74957992E+01   
7.17049410E+01   
6.91699340E+01   
7.18524705E+01   
6.70112022E+01   
7.70120024E+01   
7.51859372E+01   
9.18356671E+01   
6.36753351E+01   
6.60404081E+01   
8.66925385E+01   
8.41291258E+01   
5.21795359E+01   
4.73306661E+01   
6.47341468E+01   
7.66981396E+01   
7.95034007E+01   
7.97017403E+01   
7.95014003E+01   
7.61543309E+01   
6.58412683E+01   
7.68792759E+01   
6.84125825E+01   
5.50532106E+01   
5.32323465E+01   
7.51895379E+01   
7.66649330E+01   
7.79079816E+01   
5.57689538E+01   
7.96586317E+01   
8.93685737E+01   
6.98992799E+01   
7.88380676E+01   
7.94137828E+01   
7.21899380E+01   
6.92292458E+01   
7.99443889E+01   
7.71191238E+01   
6.79351870E+01   
6.10944189E+01   
6.82799560E+01   
7.84741948E+01   
8.52010402E+01   
7.11040208E+01   
7.12854571E+01   
7.35614123E+01   
7.61132226E+01   
7.95485097E+01   
6.30136027E+01   
7.89352871E+01   
6.13529706E+01   
6.60120024E+01   
7.77541508E+01   
6.14557912E+01   
6.33850770E+01   
7.44407882E+01   
8.24569914E+01   
7.64545909E+01   
7.36401280E+01   
6.64501900E+01   
7.61464293E+01   
6.83141628E+01   
6.89604921E+01   
6.94839968E+01   
9.15456091E+01   
7.76796359E+01   
5.84385877E+01   
6.77346469E+01   
6.85902180E+01   
6.80922184E+01   
5.49752951E+01   
6.92067413E+01   
6.61429286E+01   
7.84971994E+01   
7.04018804E+01   
7.84823965E+01   
6.87164433E+01   
7.90610122E+01   
6.97555511E+01   
7.76436287E+01   
7.61467293E+01   
8.97008402E+01   
6.80128026E+01   
8.21798360E+01   
7.68374675E+01   
7.30022004E+01   
8.50274055E+01   
7.50171034E+01   
6.46126225E+01   
7.18170634E+01   
9.02146429E+01   
6.30046009E+01   
6.40197039E+01   
7.00043009E+01   
7.08213643E+01   
6.18656731E+01   
8.50055011E+01   
7.49837968E+01   
7.78506701E+01   
8.75667133E+01   
7.41950390E+01   
6.51918384E+01   
7.79160832E+01   
7.05768154E+01   
7.27141428E+01   
5.94563913E+01   
6.60834167E+01   
7.66009202E+01   
7.48072615E+01   
7.21397279E+01   
5.50986197E+01   
7.54334867E+01   
7.74350870E+01   
7.55472094E+01   
7.82760552E+01   
7.83841768E+01   
7.49594919E+01   
7.84362873E+01   
6.57423485E+01   
6.82856571E+01   
7.39286857E+01   
8.58861772E+01   
7.38677736E+01   
7.27267453E+01   
8.55889178E+01   
6.97299460E+01   
6.65849170E+01   
7.66786357E+01   
9.46458292E+01   
6.84206841E+01   
6.80957191E+01   
6.91454291E+01   
6.94053811E+01   
7.37476495E+01   
6.50676135E+01   
7.57352470E+01   
6.22018404E+01   
7.39166833E+01   
6.44317864E+01   
6.09319864E+01   
7.27638528E+01   
6.76911382E+01   
7.30156031E+01   
8.42325465E+01   
9.51327265E+01   
7.90133027E+01   
7.32375475E+01   
6.73441688E+01   
7.49093819E+01   
7.75856171E+01   
8.09952991E+01   
6.58886777E+01   
8.31401280E+01   
6.46922384E+01   
6.96575315E+01   
6.28271654E+01   
7.31078216E+01   
6.01046209E+01   
6.99249850E+01   
8.57549510E+01   
8.15034007E+01   
6.79528906E+01   
7.16184237E+01   
7.35545109E+01   
6.78618724E+01   
6.53960792E+01   
8.92451490E+01   
8.15513103E+01   
7.87816563E+01   
6.43161632E+01   
7.40377075E+01   
7.76183237E+01   
8.19128826E+01   
6.16488298E+01   
6.44361872E+01   
6.13570714E+01   
6.84838968E+01   
6.97210442E+01   
8.25999200E+01   
7.80857171E+01   
7.62551510E+01   
7.53587718E+01   
6.86903381E+01   
8.12934587E+01   
7.51108222E+01   
7.47756551E+01   
8.12097419E+01   
7.52555511E+01   
7.82563513E+01   
6.88536707E+01   
7.04946989E+01   
7.77374475E+01   
6.99475895E+01   
7.26633327E+01   
6.71923385E+01   
6.42285457E+01   
6.72873575E+01   
6.70930186E+01   
5.76700340E+01   
7.82837568E+01   
8.22813563E+01   
6.35241048E+01   
7.66790358E+01   
9.30698140E+01   
5.65383077E+01   
7.20140028E+01   
7.67896579E+01   
7.74662933E+01   
8.77696539E+01   
7.17886577E+01   
6.15145029E+01   
5.57552511E+01   
6.47680536E+01   
6.32597520E+01   
8.10184037E+01   
7.05053011E+01   
7.07696539E+01   
7.12597520E+01   
7.30444089E+01   
9.07390478E+01   
8.20254051E+01   
8.12817564E+01   
8.15109022E+01   
9.27632527E+01   
7.42363473E+01   
6.97782557E+01   
7.57600520E+01   
7.65481096E+01   
8.04814963E+01   
7.12711542E+01   
6.99881976E+01   
6.90994199E+01   
7.42155431E+01   
7.51781356E+01   
6.50780156E+01   
7.37556511E+01   
6.64956991E+01   
7.25323065E+01   
7.80936187E+01   
7.74550910E+01   
7.50578116E+01   
7.77552511E+01   
7.34466893E+01   
7.33233647E+01   
7.44414883E+01   
6.83269654E+01   
7.61731346E+01   
7.06479296E+01   
7.56408282E+01   
6.28979796E+01   
6.73923785E+01   
6.73389678E+01   
8.62185437E+01   
7.71523305E+01   
6.12074415E+01   
7.96152230E+01   
7.68824765E+01   
6.52125425E+01   
7.06742348E+01   
6.74271854E+01   
8.36281256E+01   
7.85956191E+01   
7.34752951E+01   
7.03633727E+01   
7.21231246E+01   
8.16986397E+01   
9.34961992E+01   
8.75720144E+01   
7.39245849E+01   
7.10067013E+01   
7.17427485E+01   
7.64681936E+01   
6.43817764E+01   
8.85639128E+01   
7.19193839E+01   
7.24879976E+01   
7.37908582E+01   
6.59400880E+01   
6.49101820E+01   
7.48813763E+01   
8.19109822E+01   
7.71849370E+01   
7.84029806E+01   
9.28510702E+01   
8.66781356E+01   
6.91949390E+01   
8.13446689E+01   
7.80172034E+01   
7.93374675E+01   
8.21737347E+01   
6.81366273E+01   
7.98586717E+01   
7.30164033E+01   
7.74524905E+01   
8.28626725E+01   
7.80375075E+01   
7.92792559E+01   
7.05843169E+01   
8.45982196E+01   
7.04472895E+01   
7.65981196E+01   
7.18580716E+01   
7.65894179E+01   
7.95888178E+01   
9.45870174E+01   
7.62889578E+01   
7.88831766E+01   
8.57280456E+01   
7.98633727E+01   
7.16273255E+01   
8.23998800E+01   
7.60618124E+01   
9.54400880E+01   
8.88288658E+01   
7.11429286E+01   
6.70481096E+01   
7.78890778E+01   
7.53927786E+01   
6.98890778E+01   
8.04296859E+01   
6.67701540E+01   
7.01886377E+01   
7.97335467E+01   
6.49499900E+01   
7.47805561E+01   
7.73006601E+01   
8.11910382E+01   
6.83764753E+01   
8.27192438E+01   
8.12747550E+01   
7.84580916E+01   
8.76888378E+01   
8.60424085E+01   
7.16099220E+01   
7.51197239E+01   
6.71173235E+01   
7.95082016E+01   
7.92126425E+01   
7.78161632E+01   
8.42158432E+01   
8.14144829E+01   
7.59186837E+01   
7.74132827E+01   
7.63175635E+01   
7.46900380E+01   
6.72226445E+01   
7.32258452E+01   
9.72290458E+01   
7.31926385E+01   
8.74488898E+01   
8.27124425E+01   
8.87961592E+01   
7.80152030E+01   
8.26271254E+01   
7.04205841E+01   
7.53843769E+01   
7.12430486E+01   
6.15555111E+01   
7.99366873E+01   
7.03223645E+01   
7.29406881E+01   
8.13247650E+01   
7.63725745E+01   
7.41797359E+01   
6.04956991E+01   
7.35299060E+01   
7.93904781E+01   
7.45045009E+01   
8.34467894E+01   
9.12083417E+01   
8.05798160E+01   
7.38863773E+01   
8.36411282E+01   
8.07008402E+01   
7.91580316E+01   
8.37593519E+01   
6.87561512E+01   
8.19085817E+01   
7.83856771E+01   
7.82313463E+01   
7.75849170E+01   
7.20140028E+01   
8.58720744E+01   
7.39301860E+01   
7.10601120E+01   
9.09750950E+01   
9.39133827E+01   
7.62505501E+01   
8.22962593E+01   
8.54939988E+01   
7.77305461E+01   
7.25448090E+01   
8.00164033E+01   
8.43042609E+01   
9.60509102E+01   
8.78582717E+01   
9.07606521E+01   
9.11958392E+01   
6.69284857E+01   
8.10433087E+01   
7.45105021E+01   
9.91212242E+01   
7.77161432E+01   
8.67129426E+01   
8.83833767E+01   
8.69343869E+01   
8.57278456E+01   
7.30325065E+01   
7.06860372E+01   
7.53121624E+01   
7.56602320E+01   
8.37142428E+01   
8.30156031E+01   
8.43152631E+01   
8.87337467E+01   
7.09900980E+01   
7.70298060E+01   
7.40250050E+01   
6.60161032E+01   
5.40021004E+01   
8.00076015E+01   
9.76865373E+01   
8.43504701E+01   
9.26828366E+01   
8.30040008E+01   
8.30288058E+01   
8.53515703E+01   
7.96812362E+01   
9.26883377E+01   
7.43353671E+01   
8.03416683E+01   
7.13745749E+01   
7.93293659E+01   
7.26911382E+01   
7.99706941E+01   
7.30776155E+01   
8.23213643E+01   
8.07130426E+01   
8.10769154E+01   
9.15538108E+01   
7.26724345E+01   
8.07421484E+01   
8.37238448E+01   
8.03858772E+01   
8.99382877E+01   
8.03304661E+01   
8.50447089E+01   
9.40778156E+01   
8.92989598E+01   
7.59505901E+01   
7.84277856E+01   
7.76720344E+01   
9.37079416E+01   
7.89417884E+01   
9.00543109E+01   
7.57502501E+01   
8.69768954E+01   
7.26269254E+01   
7.79277856E+01   
7.83740748E+01   
9.21863373E+01   
7.66217243E+01   
8.96185237E+01   
9.74649930E+01   
9.48646729E+01   
6.60667133E+01   
7.58249650E+01   
9.49640928E+01   
8.31294259E+01   
9.09628926E+01   
8.30800160E+01   
7.90727145E+01   
8.14893979E+01   
7.31235247E+01   
7.62021404E+01   
8.44686937E+01   
7.42744549E+01   
8.22393479E+01   
8.84390878E+01   
9.18785757E+01   
7.36576315E+01   
7.10140028E+01   
7.80867173E+01   
8.80891178E+01   
7.79412883E+01   
8.26029206E+01   
7.59907982E+01   
7.42837568E+01   
8.77830566E+01   
8.90551110E+01   
7.72932587E+01   
7.76257251E+01   
8.88258652E+01   
8.92101420E+01   
9.12200440E+01   
8.26393279E+01   
8.58314663E+01   
7.16547309E+01   
7.81084217E+01   
8.18321664E+01   
8.25694139E+01   
8.59063813E+01   
6.78410682E+01   
8.36492298E+01   
9.59457892E+01   
8.54160832E+01   
7.67214443E+01   
8.17110422E+01   
7.87515503E+01   
9.08582717E+01   
8.58555711E+01   
8.55504101E+01   
8.16926385E+01   
8.37551510E+01   
8.54604921E+01   
8.33130626E+01   
8.11609322E+01   
9.42716543E+01   
8.85019004E+01   
8.10156031E+01   
7.58972795E+01   
7.59998000E+01   
8.42704541E+01   
9.05127025E+01   
7.90184037E+01   
9.16418284E+01   
8.65191038E+01   
8.72698540E+01   
8.01311262E+01   
7.57773555E+01   
8.29014803E+01   
8.27565513E+01   
8.13947790E+01   
8.07735547E+01   
9.32616523E+01   
8.05025005E+01   
8.76034207E+01   
7.79834967E+01   
9.53211642E+01   
9.31559312E+01   
9.21121224E+01   
9.72069414E+01   
7.77684537E+01   
8.21782356E+01   
9.48142629E+01   
7.76571314E+01   
7.26739348E+01   
8.74840968E+01   
9.23206641E+01   
8.79441888E+01   
7.60181036E+01   
9.31694339E+01   
8.50172034E+01   
8.07190438E+01   
8.87927586E+01   
8.13794759E+01   
9.35339068E+01   
9.17229446E+01   
8.56272254E+01   
7.71218244E+01   
8.24067814E+01   
7.58508702E+01   
9.23546709E+01   
8.77298460E+01   
8.26248250E+01   
6.90148030E+01   
8.54500900E+01   
8.31037207E+01   
8.09226845E+01   
8.01141228E+01   
7.69122825E+01   
7.49790958E+01   
7.83445689E+01   
8.40798160E+01   
9.16493299E+01   
7.94079816E+01   
7.79412883E+01   
9.28328666E+01   
8.56827365E+01   
6.73721744E+01   
7.52550510E+01   
8.55862172E+01   
8.08224645E+01   
7.60039008E+01   
9.01787357E+01   
9.88532707E+01   
7.90119024E+01   
9.22167433E+01   
8.84191838E+01   
9.82188438E+01   
9.20149030E+01   
9.38191638E+01   
8.68049610E+01   
7.78282657E+01   
8.22124425E+01   
8.65997199E+01   
7.86585317E+01   
7.91945389E+01   
7.79968994E+01   
8.98454691E+01   
7.86367273E+01   
8.93466693E+01   
7.02582517E+01   
7.96108222E+01   
7.97972595E+01   
8.43033607E+01   
9.32060412E+01   
8.97968594E+01   
8.93864773E+01   
7.63832767E+01   
8.28327666E+01   
9.05170034E+01   
9.70204041E+01   
9.95106021E+01   
9.02471494E+01   
9.24818964E+01   
8.69636927E+01   
9.12523505E+01   
8.43146629E+01   
9.84857972E+01   
9.02559512E+01   
9.89528906E+01   
7.51217243E+01   
7.08419684E+01   
7.85285057E+01   
9.50637127E+01   
9.84521904E+01   
8.16771354E+01   
8.15922184E+01   
7.97750550E+01   
7.15994199E+01   
9.25161032E+01   
9.03574715E+01   
8.92739548E+01   
9.55822164E+01   
9.35541108E+01   
1.02412182E+02   
7.28229646E+01   
8.46947389E+01   
8.33348670E+01   
8.42226445E+01   
8.77035407E+01   
8.38045609E+01   
8.32823565E+01   
9.33966793E+01   
7.73701740E+01   
8.42482496E+01   
9.03260652E+01   
8.90188038E+01   
8.88968794E+01   
9.64415883E+01   
8.17179436E+01   
8.81885377E+01   
1.04794759E+02   
9.54994999E+01   
8.33120624E+01   
8.58719744E+01   
7.61701340E+01   
7.28707742E+01   
8.10143029E+01   
8.27335467E+01   
1.01874075E+02   
8.50109022E+01   
8.07351470E+01   
8.08775755E+01   
8.78636727E+01   
9.14650930E+01   
9.86083217E+01   
9.74292859E+01   
8.78835767E+01   
8.05868174E+01   
1.07452390E+02   
8.11524305E+01   
9.78867774E+01   
1.01069414E+02   
9.20133027E+01   
9.57538508E+01   
8.91927385E+01   
8.68368674E+01   
9.36878376E+01   
9.22039408E+01   
8.98410682E+01   
8.75143029E+01   
8.08927786E+01   
9.15105021E+01   
8.84531906E+01   
9.21634327E+01   
1.00822464E+02   
9.50184037E+01   
9.32203441E+01   
9.44940988E+01   
9.29878976E+01   
9.75792158E+01   
1.00020404E+02   
8.98084617E+01   
8.64760952E+01   
8.78902781E+01   
9.92375475E+01   
9.00257051E+01   
9.21292258E+01   
1.04906781E+02   
9.93602721E+01   
9.81110222E+01   
8.51506301E+01   
9.34325865E+01   
8.54611922E+01   
7.30148030E+01   
7.07768554E+01   
7.91806361E+01   
9.86063213E+01   
1.03432086E+02   
9.23078616E+01   
8.90330066E+01   
1.02366773E+02   
1.00468394E+02   
9.24691938E+01   
9.74699940E+01   
1.02019204E+02   
8.82510502E+01   
1.07263453E+02   
8.00903181E+01   
8.07528506E+01   
8.77488498E+01   
9.14687938E+01   
8.91030206E+01   
9.22917584E+01   
7.97475495E+01   
1.00474395E+02   
9.63871774E+01   
1.08564013E+02   
8.37360472E+01   
9.43895779E+01   
9.67647530E+01   
1.07021604E+02   
9.86464293E+01   
8.20204041E+01   
9.15101020E+01   
8.41519304E+01   
1.08619124E+02   
1.03721244E+02   
1.01413283E+02   
8.68664733E+01   
1.01553411E+02   
9.49357872E+01   
8.12507502E+01   
9.76447289E+01   
8.43673735E+01   
7.71111222E+01   
8.89439888E+01   
8.82675535E+01   
9.13012603E+01   
8.39467894E+01   
9.69483897E+01   
9.28139628E+01   
9.63564713E+01   
9.03503701E+01   
1.13091918E+02   
1.05139328E+02   
9.03758752E+01   
9.38084617E+01   
9.38012603E+01   
1.10116323E+02   
1.04082817E+02   
9.34911982E+01   
8.23209642E+01   
8.64266853E+01   
8.10188038E+01   
1.02848370E+02   
9.33572715E+01   
9.60164033E+01   
9.30164033E+01   
7.90700140E+01   
7.84891978E+01   
9.52819564E+01   
1.08070814E+02   
9.80188038E+01   
9.50684137E+01   
9.51644329E+01   
8.27275455E+01   
9.28787758E+01   
1.02778056E+02   
1.13835967E+02   
1.06842368E+02   
1.04074915E+02   
9.16259252E+01   
9.74460892E+01   
8.66811362E+01   
9.35000000E+01   
1.00700840E+02   
1.06340768E+02   
9.91360272E+01   
1.00056011E+02   
1.02315163E+02   
9.59360872E+01   
1.05072715E+02   
9.17120424E+01   
9.29511902E+01   
9.31184237E+01   
9.15336067E+01   
1.07861172E+02   
9.95060012E+01   
9.45956191E+01   
9.22212442E+01   
7.83599720E+01   
9.60456091E+01   
1.19293159E+02   
9.92036407E+01   
9.38451690E+01   
1.04728446E+02   
9.43667734E+01   
1.09134827E+02   
7.96160232E+01   
9.03591718E+01   
1.03531206E+02   
9.95304061E+01   
9.86216243E+01   
9.89103821E+01   
1.01579616E+02   
9.84619924E+01   
1.00543609E+02   
8.55556111E+01   
1.03469994E+02   
1.10552410E+02   
9.74763953E+01   
1.00054811E+02   
1.02956391E+02   
9.90812162E+01   
9.25144029E+01   
8.64991998E+01   
9.70140028E+01   
9.65380076E+01   
1.00020004E+02   
9.35320064E+01   
9.05080016E+01   
1.02537608E+02   
8.84951990E+01   
1.00524805E+02   
9.85256051E+01   
8.70168034E+01   
9.05164033E+01   
9.05332066E+01   
1.09521204E+02   
1.02518804E+02   
9.85004001E+01   
9.30324065E+01   
9.20204041E+01   
9.40396079E+01   
1.01008402E+02   
1.00517203E+02   
1.04994399E+02   
9.05712142E+01   
9.85072014E+01   
1.00493599E+02   
8.79955991E+01   
1.00562813E+02   
9.54459892E+01   
1.03074015E+02   
9.24967994E+01   
8.94623925E+01   
9.25408082E+01   
9.75608122E+01   
1.10239648E+02   
1.14855571E+02   
1.05981196E+02   
9.96548310E+01   
1.13895179E+02   
1.03087217E+02   
1.15975995E+02   
1.04652831E+02   
1.18950790E+02   
1.01356371E+02   
9.56892378E+01   
1.09968394E+02   
1.02423185E+02   
9.75616123E+01   
1.06078816E+02   
1.00414783E+02   
1.03534007E+02   
9.30508102E+01   
8.99211842E+01   
9.68028606E+01   
1.00265953E+02   
1.07194039E+02   
9.91660332E+01   
1.12914783E+02   
8.43159632E+01   
9.85760152E+01   
1.08578416E+02   
9.94207842E+01   
1.06580016E+02   
1.10790458E+02   
1.06419184E+02   
1.04588018E+02   
1.01716343E+02   
9.05412082E+01   
1.07633227E+02   
1.02789158E+02   
9.98712743E+01   
1.14211142E+02   
9.92132426E+01   
1.00694839E+02   
1.14872775E+02   
1.13277656E+02   
1.14291558E+02   
9.98635727E+01   
1.01760852E+02   
1.05387177E+02   
1.05604021E+02   
1.02966393E+02   
1.09436387E+02   
8.99051810E+01   
1.22602921E+02   
1.18260352E+02   
1.11433187E+02   
1.03082817E+02   
9.05299060E+01   
8.16100220E+01   
9.58020604E+01   
9.44891978E+01   
1.09150430E+02   
1.07759952E+02   
9.66188238E+01   
8.32179436E+01   
1.11356871E+02   
1.07486397E+02   
1.07694439E+02   
1.00740748E+02   
1.04802561E+02   
1.09483797E+02   
8.34532907E+01   
9.31163233E+01   
9.46284257E+01   
1.04856471E+02   
9.37175435E+01   
1.06248850E+02   
1.10176035E+02   
1.10404781E+02   
1.08100420E+02   
9.65419084E+01   
1.05744549E+02   
1.05779556E+02   
1.12315963E+02   
1.09602521E+02   
1.05269454E+02   
1.23272855E+02   
1.04049910E+02   
1.00275655E+02   
1.00454891E+02   
1.19022805E+02   
1.15845169E+02   
1.11028306E+02   
9.56497299E+01   
1.10478496E+02   
1.15198240E+02   
1.05565613E+02   
9.45664133E+01   
1.09661632E+02   
1.12854471E+02   
9.98998800E+01   
1.22083817E+02   
1.26088318E+02   
1.14728746E+02   
1.05021604E+02   
1.09371574E+02   
1.01369174E+02   
1.27773255E+02   
1.03816363E+02   
9.23647730E+01   
1.04434487E+02   
1.06336067E+02   
1.12893679E+02   
1.19622224E+02   
1.03573615E+02   
9.62364473E+01   
1.12032306E+02   
1.06908782E+02   
1.09462392E+02   
1.19128926E+02   
8.83453691E+01   
1.11592719E+02   
9.66609322E+01   
1.00601820E+02   
1.16483297E+02   
1.17771454E+02   
1.07370874E+02   
1.13610922E+02   
1.14230746E+02   
1.07869074E+02   
1.14220644E+02   
1.20105521E+02   
1.26539108E+02   
1.11899980E+02   
1.11898380E+02   
1.05086717E+02   
1.09703841E+02   
1.06709042E+02   
1.11215743E+02   
1.21643129E+02   
1.19970494E+02   
1.20509902E+02   
9.12442488E+01   
1.23451890E+02   
1.08369874E+02   
1.19588018E+02   
1.09190338E+02   
1.03886777E+02   
1.07691738E+02   
1.20158832E+02   
1.25640228E+02   
1.16861272E+02   
1.10883577E+02   
9.74666933E+01   
1.15839868E+02   
1.33734847E+02   
1.00906481E+02   
1.01587618E+02   
9.48747750E+01   
1.15732547E+02   
1.31600620E+02   
1.10578116E+02   
1.07173735E+02   
1.07716643E+02   
1.16900980E+02   
9.90043009E+01   
1.15338168E+02   
1.06000300E+02   
1.03720344E+02   
1.14531906E+02   
1.33179636E+02   
1.13229346E+02   
1.22134727E+02   
1.11290758E+02   
1.09570714E+02   
1.10622124E+02   
1.08911282E+02   
9.05483097E+01   
1.19494099E+02   
9.51231246E+01   
1.18079316E+02   
1.20084917E+02   
1.27605621E+02   
1.30144529E+02   
1.06508102E+02   
1.11766853E+02   
1.18340668E+02   
1.27206441E+02   
1.08351070E+02   
1.12193239E+02   
1.10594419E+02   
1.01290358E+02   
1.18271554E+02   
1.13076115E+02   
1.05288558E+02   
1.15123725E+02   
1.16678736E+02   
8.96755351E+01   
1.19195639E+02   
1.19960092E+02   
1.11907882E+02   
1.21079116E+02   
1.19384377E+02   
1.11297159E+02   
1.10861872E+02   
1.07203641E+02   
1.05843569E+02   
1.23704241E+02   
1.33342969E+02   
1.13431986E+02   
1.19207241E+02   
1.18763353E+02   
1.19655931E+02   
1.20127325E+02   
9.48004601E+01   
1.12396879E+02   
1.18267053E+02   
9.16140228E+01   
1.17757451E+02   
1.15451090E+02   
1.11790558E+02   
1.17832767E+02   
1.12847069E+02   
1.13827566E+02   
1.24168834E+02   
1.15275555E+02   
1.24414483E+02   
1.20417684E+02   
1.16829466E+02   
1.16816263E+02   
1.20026305E+02   
1.14419784E+02   
1.22822464E+02   
1.23241948E+02   
1.42824765E+02   
1.27211042E+02   
1.11240948E+02   
1.20615523E+02   
1.21389778E+02   
1.26471494E+02   
1.19610322E+02   
1.42135327E+02   
1.33075715E+02   
9.89954991E+01   
1.21470194E+02   
1.26689438E+02   
1.20601920E+02   
1.14778256E+02   
1.23201540E+02   
1.18022004E+02   
1.06413983E+02   
1.12804761E+02   
1.12935487E+02   
1.43635227E+02   
1.22807161E+02   
1.29585517E+02   
1.15751050E+02   
1.14075315E+02   
1.10912983E+02   
1.25521804E+02   
1.21306961E+02   
1.34351070E+02   
1.10669334E+02   
1.17829966E+02   
1.14206841E+02   
1.11000700E+02   
1.35722645E+02   
1.23865273E+02   
1.13559012E+02   
1.15944389E+02   
1.11490798E+02   
1.27107321E+02   
1.26475795E+02   
1.35133627E+02   
1.29325065E+02   
1.23702240E+02   
1.24933487E+02   
1.20974195E+02   
1.34026805E+02   
1.36787558E+02   
1.09625525E+02   
1.23981396E+02   
1.21746149E+02   
1.34372174E+02   
1.46756151E+02   
1.32516903E+02   
1.41918284E+02   
1.23800160E+02   
1.23763753E+02   
1.25908682E+02   
1.27280656E+02   
1.20891078E+02   
1.28527506E+02   
1.25899080E+02   
1.32658832E+02   
1.33013603E+02   
1.32408582E+02   
1.37892278E+02   
1.35533307E+02   
1.16674635E+02   
1.24121324E+02   
1.33823165E+02   
1.27113723E+02   
1.22947890E+02   
1.22697540E+02   
1.40843969E+02   
1.27246649E+02   
1.26765153E+02   
1.36763553E+02   
1.14025205E+02   
1.03393179E+02   
1.33084217E+02   
1.40762352E+02   
1.44193339E+02   
1.30960192E+02   
1.26464193E+02   
1.33684537E+02   
1.21198940E+02   
1.17039308E+02   
1.29734947E+02   
1.37398080E+02   
1.18934187E+02   
1.26843369E+02   
1.33759852E+02   
1.66157231E+02   
1.51795359E+02   
1.12917784E+02   
1.37493799E+02   
1.24613223E+02   
1.46274155E+02   
1.28507401E+02   
1.19187437E+02   
1.40231746E+02   
1.35541008E+02   
1.41610522E+02   
1.20874975E+02   
1.19807061E+02   
1.16314863E+02   
1.32456291E+02   
1.42086317E+02   
1.17037608E+02   
1.36160232E+02   
1.22827866E+02   
1.34963693E+02   
1.34611722E+02   
1.44800660E+02   
1.23210942E+02   
1.12203741E+02   
1.31257752E+02   
1.30261752E+02   
1.40321664E+02   
1.31323265E+02   
1.32676035E+02   
1.40079916E+02   
1.20427886E+02   
1.35825165E+02   
1.41728746E+02   
1.41584617E+02   
1.30216843E+02   
1.39903981E+02   
1.35713843E+02   
1.08718844E+02   
1.10242248E+02   
1.39821264E+02   
1.32682436E+02   
1.38029206E+02   
1.35139328E+02   
1.21335267E+02   
1.24715943E+02   
1.20681236E+02   
1.35369974E+02   
1.37712743E+02   
1.32534107E+02   
1.44285957E+02   
1.34803561E+02   
1.43371974E+02   
1.44712743E+02   
1.37734647E+02   
1.28322965E+02   
1.33049910E+02   
1.35327766E+02   
1.44350470E+02   
1.33761252E+02   
1.39381076E+02   
1.33332567E+02   
1.44350470E+02   
1.35715043E+02   
1.39688038E+02   
1.47657932E+02   
1.18747850E+02   
1.40655231E+02   
1.41350170E+02   
1.33376175E+02   
1.44005701E+02   
1.45370674E+02   
1.53043009E+02   
1.30356571E+02   
1.46360572E+02   
1.21693939E+02   
1.50036307E+02   
1.31691038E+02   
1.39008002E+02   
1.56388078E+02   
1.55037708E+02   
1.35013403E+02   
1.37389078E+02   
1.36941588E+02   
1.30730746E+02   
1.28368874E+02   
1.55012302E+02   
1.10633627E+02   
1.38435687E+02   
1.46465393E+02   
1.46589018E+02   
1.48437187E+02   
1.41965293E+02   
1.23632527E+02   
1.45024805E+02   
1.47101920E+02   
1.39811662E+02   
1.53949290E+02   
1.45117924E+02   
1.31850570E+02   
1.58444289E+02   
1.41963793E+02   
1.45027205E+02   
1.41882176E+02   
1.44245249E+02   
1.53029606E+02   
1.51748150E+02   
1.43910882E+02   
1.37429786E+02   
1.13327866E+02   
1.18556511E+02   
1.39612623E+02   
1.55119024E+02   
1.30119824E+02   
1.49758952E+02   
1.57762152E+02   
1.49714443E+02   
1.49031206E+02   
1.39924585E+02   
1.61246849E+02   
1.57866473E+02   
1.56086917E+02   
1.37461392E+02   
1.53855271E+02   
1.42282256E+02   
1.53217343E+02   
1.61090318E+02   
1.51648130E+02   
1.51171234E+02   
1.51768354E+02   
1.57543509E+02   
1.48343169E+02   
1.56892178E+02   
1.24744749E+02   
1.47097720E+02   
1.49247550E+02   
1.44571814E+02   
1.66872274E+02   
1.52492999E+02   
1.30561712E+02   
1.40878276E+02   
1.64271154E+02   
1.47420084E+02   
1.51116123E+02   
1.66644329E+02   
1.55033207E+02   
1.49163733E+02   
1.45422484E+02   
1.43370374E+02   
1.41995199E+02   
1.54700440E+02   
1.47082416E+02   
1.57819364E+02   
1.39345969E+02   
1.48012803E+02   
1.67313963E+02   
1.61241048E+02   
1.42630326E+02   
1.50329166E+02   
1.40533407E+02   
1.47628726E+02   
1.63433687E+02   
1.31904681E+02   
1.40026005E+02   
1.63568614E+02   
1.32373675E+02   
1.29283057E+02   
1.54327165E+02   
1.37873075E+02   
1.38911082E+02   
1.64539708E+02   
1.59271154E+02   
1.54795259E+02   
1.39436587E+02   
1.58629826E+02   
1.42131826E+02   
1.48658832E+02   
1.38812462E+02   
1.64987497E+02   
1.65701940E+02   
1.68836067E+02   
1.59265253E+02   
1.61901480E+02   
1.59293059E+02   
1.38189438E+02   
1.66897479E+02   
1.38067013E+02   
1.40553211E+02   
1.55319564E+02   
1.55872875E+02   
1.72469794E+02   
1.47479296E+02   
1.46590418E+02   
1.52458992E+02   
1.70466693E+02   
1.63022204E+02   
1.46314363E+02   
1.52190038E+02   
1.46436287E+02   
1.56781456E+02   
1.65710642E+02   
1.76382476E+02   
1.56676735E+02   
1.49311162E+02   
1.78313363E+02   
1.43991098E+02   
1.63858172E+02   
1.46594719E+02   
1.51947790E+02   
1.44957692E+02   
1.47214143E+02   
1.56294759E+02   
1.53647029E+02   
1.71032406E+02   
1.71758452E+02   
1.59571114E+02   
1.63013703E+02   
1.78247249E+02   
1.56098620E+02   
1.64725745E+02   
1.66428486E+02   
1.54990198E+02   
1.78212943E+02   
1.52412883E+02   
1.54756451E+02   
1.60120424E+02   
1.69939588E+02   
1.46214143E+02   
1.73759652E+02   
1.82777756E+02   
1.63202440E+02   
1.67222144E+02   
1.69764453E+02   
1.67113023E+02   
1.47302360E+02   
1.69107822E+02   
1.47251450E+02   
1.69026405E+02   
1.69802460E+02   
1.63441588E+02   
1.71433087E+02   
1.53096719E+02   
1.55762452E+02   
1.69028806E+02   
1.61498500E+02   
1.70852571E+02   
1.71091818E+02   
1.60672334E+02   
1.63920384E+02   
1.60242549E+02   
1.89982196E+02   
1.78395979E+02   
1.73363873E+02   
1.60960092E+02   
1.69419284E+02   
1.70209542E+02   
1.72954791E+02   
1.68900280E+02   
1.72815063E+02   
1.71553511E+02   
1.57999400E+02   
1.74877876E+02   
1.64611122E+02   
1.56967193E+02   
1.74030806E+02   
1.57517303E+02   
1.73186337E+02   
1.68573315E+02   
1.77268554E+02   
1.53312162E+02   
1.72072414E+02   
1.79655031E+02   
1.93582316E+02   
1.84560112E+02   
1.80808462E+02   
1.76791858E+02   
1.49294159E+02   
1.62030406E+02   
1.85490098E+02   
1.82794259E+02   
1.66305361E+02   
1.86278756E+02   
1.64533907E+02   
1.82035007E+02   
1.63034807E+02   
1.64039808E+02   
1.63500100E+02   
1.64052210E+02   
1.80814263E+02   
1.77250550E+02   
1.72292158E+02   
1.75570114E+02   
1.89315963E+02   
1.89076015E+02   
1.93740248E+02   
1.79976195E+02   
1.84857872E+02   
1.80966993E+02   
1.89381576E+02   
1.90417483E+02   
1.91819864E+02   
1.93096819E+02   
1.74216343E+02   
1.79552110E+02   
1.97177636E+02   
1.97209142E+02   
1.71365073E+02   
1.77232647E+02   
1.93685937E+02   
1.69458792E+02   
1.94257852E+02   
1.98755851E+02   
1.82419084E+02   
1.78273155E+02   
1.87035207E+02   
1.62798460E+02   
1.78562913E+02   
1.93328566E+02   
2.00211042E+02   
2.05985497E+02   
1.89629826E+02   
1.88324065E+02   
1.61844969E+02   
1.91092218E+02   
2.03144729E+02   
2.21482597E+02   
2.04997099E+02   
1.79504301E+02   
1.94734247E+02   
1.70661332E+02   
1.75492198E+02   
1.99270654E+02   
1.90039608E+02   
1.87335067E+02   
1.82723045E+02   
1.75864373E+02   
1.87235947E+02   
2.06532206E+02   
1.87553011E+02   
1.88623625E+02   
1.99089118E+02   
1.86210842E+02   
1.95358572E+02   
1.92135427E+02   
1.99913483E+02   
1.82288658E+02   
1.64178036E+02   
1.99193539E+02   
1.96175235E+02   
2.06932587E+02   
1.90597620E+02   
2.34921684E+02   
1.97486197E+02   
1.87705041E+02   
2.14587217E+02   
1.76270454E+02   
1.79039608E+02   
1.84118824E+02   
2.02764953E+02   
1.77207341E+02   
1.97723545E+02   
2.20234847E+02   
2.06662533E+02   
1.72568714E+02   
1.67733247E+02   
2.09958292E+02   
2.12044009E+02   
2.02635327E+02   
1.80823665E+02   
1.82115323E+02   
2.15098520E+02   
2.08618924E+02   
2.05972294E+02   
2.27830466E+02   
2.17241548E+02   
2.09272755E+02   
2.01804061E+02   
2.22256251E+02   
2.13532006E+02   
2.12004401E+02   
1.96993199E+02   
2.00775155E+02   
1.92409782E+02   
2.04993099E+02   
2.01461092E+02   
2.06920684E+02   
2.08329966E+02   
2.12746849E+02   
2.18302661E+02   
1.79395579E+02   
2.12522605E+02   
2.04345469E+02   
2.10742549E+02   
2.08277255E+02   
2.16041608E+02   
1.75522204E+02   
2.15195739E+02   
2.08202941E+02   
1.97820764E+02   
1.89294659E+02   
2.30388678E+02   
2.08306061E+02   
1.99794059E+02   
2.33020104E+02   
2.26060612E+02   
2.18450390E+02   
2.28845469E+02   
2.13840068E+02   
2.22638928E+02   
2.13243449E+02   
2.10439088E+02   
1.93437487E+02   
2.10872975E+02   
2.00207041E+02   
2.42125825E+02   
1.88741148E+02   
1.86075015E+02   
2.15495199E+02   
2.31243149E+02   
2.33022905E+02   
2.04550510E+02   
2.13317263E+02   
2.13146629E+02   
2.20779356E+02   
2.20363673E+02   
2.30150130E+02   
2.16008902E+02   
2.16621024E+02   
2.28086317E+02   
2.54370074E+02   
2.24773755E+02   
2.11136227E+02   
2.29004601E+02   
2.36566313E+02   
2.16262152E+02   
2.23831466E+02   
1.94248550E+02   
2.32905381E+02   
2.04425085E+02   
1.99538108E+02   
2.11171034E+02   
2.39620024E+02   
2.09022605E+02   
2.10525505E+02   
1.96371774E+02   
2.21270554E+02   
2.74706641E+02   
1.98756451E+02   
2.30597419E+02   
2.24679336E+02   
2.12142829E+02   
2.20867373E+02   
2.30492899E+02   
2.30587117E+02   
2.53062513E+02   
2.62788058E+02   
2.29400380E+02   
2.22549210E+02   
2.05399880E+02   
2.13248650E+02   
2.29541708E+02   
2.39584617E+02   
2.24895379E+02   
2.30556511E+02   
2.21744849E+02   
2.18764253E+02   
2.30691738E+02   
2.10100820E+02   
2.56005501E+02   
2.37628226E+02   
2.27174735E+02   
2.49004401E+02   
2.15575115E+02   
2.43877576E+02   
2.34917684E+02   
2.44359072E+02   
2.32498300E+02   
2.63636527E+02   
2.15965293E+02   
2.35673335E+02   
2.21167534E+02   
2.65220344E+02   
2.49389478E+02   
2.39370674E+02   
2.45881276E+02   
2.49219544E+02   
2.59050410E+02   
2.35225945E+02   
2.58377475E+02   
2.25216343E+02   
2.58215143E+02   
2.51882476E+02   
2.42376275E+02   
2.26866473E+02   
2.44243149E+02   
2.23709342E+02   
2.44034807E+02   
2.24226745E+02   
2.37086017E+02   
2.58010802E+02   
2.57722945E+02   
2.25399880E+02   
2.39565013E+02   
2.61828866E+02   
2.43275155E+02   
2.23694939E+02   
2.35936387E+02   
2.54203141E+02   
2.40490298E+02   
2.59707441E+02   
2.53803661E+02   
2.79203241E+02   
2.86639728E+02   
2.39104321E+02   
2.46036707E+02   
2.67282056E+02   
2.54023505E+02   
2.60523605E+02   
2.45634427E+02   
2.48117223E+02   
2.44216643E+02   
2.59723545E+02   
2.63286357E+02   
2.70593319E+02   
2.26963493E+02   
2.72075415E+02   
2.88209142E+02   
2.62727646E+02   
2.65658132E+02   
2.79143629E+02   
2.51299160E+02   
2.77002501E+02   
2.92207542E+02   
2.76253451E+02   
2.47650530E+02   
2.79118924E+02   
2.77464293E+02   
2.61461592E+02   
2.68754951E+02   
2.80168034E+02   
2.76227045E+02   
2.69025705E+02   
2.76344669E+02   
2.54234947E+02   
2.63708042E+02   
2.67962893E+02   
2.87704241E+02   
2.61347069E+02   
2.96354871E+02   
2.75193239E+02   
2.57197139E+02   
2.72773055E+02   
2.49321964E+02   
2.76793259E+02   
3.09222945E+02   
2.78018104E+02   
2.79931786E+02   
2.77736747E+02   
2.72657532E+02   
3.10943789E+02   
3.05198740E+02   
2.77102821E+02   
2.65947389E+02   
2.62091318E+02   
2.71331066E+02   
3.06192739E+02   
2.61782957E+02   
3.00745649E+02   
2.72367173E+02   
2.89029506E+02   
2.79544409E+02   
2.95535607E+02   
3.05241148E+02   
2.97993799E+02   
2.90594619E+02   
2.70384877E+02   
2.59656631E+02   
2.91284357E+02   
2.91482897E+02   
2.73266053E+02   
3.06355771E+02   
2.72103021E+02   
2.70498100E+02   
3.15119124E+02   
2.71040808E+02   
2.48501700E+02   
3.10404881E+02   
2.65313763E+02   
2.79777155E+02   
3.21293659E+02   
2.97932086E+02   
2.87427586E+02   
2.93690838E+02   
3.04180536E+02   
2.97810762E+02   
2.97934687E+02   
2.86683837E+02   
2.75058012E+02   
3.51858172E+02   
2.88149730E+02   
3.09098020E+02   
3.27658232E+02   
3.06940888E+02   
3.00913883E+02   
3.31606921E+02   
3.28978696E+02   
2.75715943E+02   
2.96539708E+02   
3.28548410E+02   
2.83925785E+02   
2.71025305E+02   
3.23959292E+02   
3.13356871E+02   
3.15771954E+02   
3.29181536E+02   
3.20297459E+02   
3.01226445E+02   
3.12943289E+02   
3.14406181E+02   
3.41453491E+02   
3.05466393E+02   
3.30311862E+02   
3.01229746E+02   
2.96284657E+02   
2.88604321E+02   
3.06029406E+02   
3.09087417E+02   
3.03163033E+02   
2.94730746E+02   
3.12836767E+02   
2.86717544E+02   
3.03630426E+02   
2.92502501E+02   
3.06185037E+02   
3.33482997E+02   
3.27624325E+02   
3.11544309E+02   
2.91174335E+02   
3.35743449E+02   
3.23924185E+02   
2.97637127E+02   
3.39789758E+02   
3.26917784E+02   
3.02122424E+02   
3.16012002E+02   
3.10266353E+02   
2.79954491E+02   
3.08747449E+02   
3.10093519E+02   
3.17583617E+02   
3.05887778E+02   
3.12676735E+02   
3.18920084E+02   
3.21373375E+02   
3.05786657E+02   
2.88075215E+02   
2.96046409E+02   
3.09561212E+02   
3.16570014E+02   
3.18456491E+02   
3.04458092E+02   
3.18373375E+02   
3.12595619E+02   
3.35655531E+02   
3.08621924E+02   
3.07674735E+02   
2.99544809E+02   
3.37142829E+02   
3.25406481E+02   
3.25300160E+02   
3.14595719E+02   
3.23446089E+02   
2.97945589E+02   
3.27246249E+02   
3.33568514E+02   
3.25303161E+02   
3.31826465E+02   
3.51329466E+02   
3.13800160E+02   
3.58062513E+02   
3.72799160E+02   
3.62519904E+02   
3.46989398E+02   
3.28848270E+02   
3.20565513E+02   
3.13289958E+02   
3.42207341E+02   
3.29268354E+02   
3.23959992E+02   
3.41634427E+02   
3.10066513E+02   
3.42077516E+02   
3.11649530E+02   
3.33948290E+02   
3.29554511E+02   
3.63457992E+02   
3.28761552E+02   
3.48983297E+02   
3.26489598E+02   
4.15004601E+02   
4.20884177E+02   
4.20884177E+02   
4.20884177E+02   
4.20884177E+02   
4.74730766E+02   
4.94094119E+02   
5.12566813E+02   
4.70737648E+02   
4.79019804E+02   
4.88572314E+02   
4.63197239E+02   
4.83366673E+02   
5.08111322E+02   
4.71318064E+02   
5.26937988E+02   
5.27878276E+02   
4.85704341E+02   
4.81323765E+02   
4.85037608E+02   
5.10199040E+02   
4.71496099E+02   
4.98943789E+02   
5.13910582E+02   
5.14540708E+02   
4.67120824E+02   
4.53600620E+02   
5.03714843E+02   
5.15730046E+02   
4.89461592E+02   
5.08528706E+02   
5.15736047E+02   
5.43002200E+02   
5.24211042E+02   
4.89422384E+02   
4.94089718E+02   
5.45212342E+02   
5.15477095E+02   
5.18744549E+02   
5.04515903E+02   
5.46833267E+02   
5.26116723E+02   
5.40369974E+02   
4.92366073E+02   
5.10380176E+02   
4.97774855E+02   
5.36917884E+02   
5.33815863E+02   
5.29761852E+02   
5.41128626E+02   
4.60072314E+02   
5.12578716E+02   
4.88037908E+02   
5.46797059E+02   
5.54244449E+02   
5.20700140E+02   
5.58493699E+02   
5.30562012E+02   
5.60970094E+02   
5.39056511E+02   
5.41293759E+02   
5.45467493E+02   
5.25229446E+02   
5.54633227E+02   
5.18373675E+02   
5.67986497E+02   
5.67511402E+02   
5.39012603E+02   
5.29496599E+02   
5.38268954E+02   
4.77376775E+02   
5.00223845E+02   
5.87933187E+02   
5.31116323E+02   
5.21605121E+02   
5.53192739E+02   
5.49575315E+02   
5.89269454E+02   
5.91541808E+02   
5.58456491E+02   
5.48544609E+02   
5.97336367E+02   
6.20081116E+02   
6.47819964E+02   
5.39247149E+02   
5.44759052E+02   
5.78011102E+02   
6.11591418E+02   
6.14085417E+02   
6.18596619E+02   
6.28181436E+02   
6.20505301E+02   
5.95749250E+02   
6.44818964E+02   
6.40589518E+02   
5.69754351E+02   
5.85937187E+02   
6.23048110E+02   
6.01308962E+02   
6.08517203E+02   
5.84285957E+02   
5.83427886E+02   
6.12652230E+02   
6.44828666E+02   
6.40709742E+02   
5.99868774E+02   
6.23307461E+02   
6.41726545E+02   
5.95168934E+02   
5.72876175E+02   
5.80193839E+02   
5.84037407E+02   
6.06077315E+02   
5.84343469E+02   
5.81175935E+02   
5.93863873E+02   
6.30163133E+02   
5.90888478E+02   
5.73261252E+02   
5.69968194E+02   
6.31772354E+02   
5.92642228E+02   
5.76184237E+02   
6.07131526E+02   
6.14293959E+02   
5.77786557E+02   
6.22037107E+02   
6.11581916E+02   
5.77240748E+02   
6.17070314E+02   
5.88931986E+02   
6.31375875E+02   
6.06122424E+02   
5.76883177E+02   
6.42538708E+02   
6.07236447E+02   
6.46089718E+02   
5.53222745E+02   
6.16042809E+02   
5.67475995E+02   
5.80544009E+02   
5.98934687E+02   
6.03677235E+02   
5.72167433E+02   
5.81166233E+02   
6.06411482E+02   
6.03952691E+02   
6.12468694E+02   
5.50839968E+02   
5.96899280E+02   
5.43391678E+02   
5.90065213E+02   
5.78864073E+02   
5.62333867E+02   
5.96110822E+02   
5.58005301E+02   
5.85885077E+02   
5.69137528E+02   
5.89335767E+02   
6.10917383E+02   
6.51906281E+02   
5.75821564E+02   
5.66456691E+02   
5.81442288E+02   
6.08850270E+02   
5.49631926E+02   
5.52273855E+02   
5.55874575E+02   
5.91949390E+02   
5.24344969E+02   
5.50015803E+02   
5.36417584E+02   
4.99000300E+02   
5.29964193E+02   
5.18188238E+02   
5.39222745E+02   
4.80431486E+02   
4.85103121E+02   
4.99911882E+02   
4.86004401E+02   
4.81033007E+02   
5.59748850E+02   
4.97527305E+02   
4.70208142E+02   
4.72161332E+02   
5.09001000E+02   
4.55270054E+02   
4.52112923E+02   
4.66047309E+02   
4.48043809E+02   
4.45119624E+02   
4.59116423E+02   
4.30188838E+02   
4.45987197E+02   
4.23154031E+02   
4.32930186E+02   
4.55085817E+02   
4.39220744E+02   
4.33041508E+02   
4.55990798E+02   
4.37174435E+02   
4.73025605E+02   
4.54175935E+02   
4.61048810E+02   
3.93148830E+02   
4.46049610E+02   
4.23090918E+02   
4.52095619E+02   
4.02087918E+02   
4.14074515E+02   
4.26082116E+02   
4.44095219E+02   
4.35115023E+02   
4.44127325E+02   
4.41965893E+02   
4.02077215E+02   
3.98106921E+02   
4.23084517E+02   
4.03109922E+02   
4.16160532E+02   
4.35992799E+02   
4.27072214E+02   
4.32127626E+02   
4.16957091E+02   
3.76102821E+02   
4.18326865E+02   
4.47829966E+02   
3.92985997E+02   
3.87057411E+02   
3.95200340E+02   
3.88829566E+02   
3.53318764E+02   
4.11981396E+02   
3.57932987E+02   
3.63131826E+02   
3.49158432E+02   
3.66097019E+02   
3.80086917E+02   
3.81063513E+02   
3.68300260E+02   
3.91727546E+02   
4.45397379E+02   
3.99587918E+02   
3.27560412E+02   
3.82921284E+02   
3.58210542E+02   
3.78636227E+02   
3.72131226E+02   
3.49747950E+02   
3.09672635E+02   
3.73144429E+02   
3.71888078E+02   
3.94127125E+02   
3.59894179E+02   
3.52219244E+02   
4.62451180E+02   
5.49509902E+02   
5.49509902E+02   
5.49509902E+02   
5.49509902E+02   
5.51711112E+02   
7.47938988E+02   
7.37278256E+02   
7.04393579E+02   
7.39884777E+02   
7.73829366E+02   
7.00540608E+02   
7.88606021E+02   
6.89961592E+02   
7.29033107E+02   
7.52979296E+02   
7.63302661E+02   
7.46693039E+02   
7.59073215E+02   
7.14295859E+02   
7.46900580E+02   
7.44475795E+02   
7.22649730E+02   
7.41574615E+02   
7.99907381E+02   
7.08317463E+02   
7.14908382E+02   
7.40325065E+02   
7.41470294E+02   
8.26729446E+02   
7.32237147E+02   
7.26396079E+02   
7.33275655E+02   
7.38737748E+02   
7.05457892E+02   
6.89926585E+02   
7.23579416E+02   
7.30185337E+02   
7.31708642E+02   
7.25974295E+02   
7.32179736E+02   
7.27980096E+02   
7.29917383E+02   
7.40816063E+02   
7.19597520E+02   
7.06747249E+02   
7.40559212E+02   
7.25135127E+02   
6.98095119E+02   
7.40958692E+02   
7.37828766E+02   
7.09630526E+02   
7.29469694E+02   
7.72714043E+02   
7.42421684E+02   
7.12998200E+02   
7.08123825E+02   
7.45184737E+02   
7.64520404E+02   
7.03316063E+02   
7.48748350E+02   
7.46070514E+02   
7.19755151E+02   
7.28413483E+02   
7.48993999E+02   
7.42847369E+02   
7.63071814E+02   
7.23868974E+02   
7.42267954E+02   
6.75810862E+02   
7.06259452E+02   
7.27089418E+02   
7.42864973E+02   
7.30935787E+02   
6.65671634E+02   
7.43349970E+02   
7.04714843E+02   
7.36071914E+02   
7.51151030E+02   
7.46388978E+02   
7.48244649E+02   
7.25579216E+02   
7.40793959E+02   
7.24181736E+02   
6.91177135E+02   
7.39668634E+02   
7.40420684E+02   
7.95447690E+02   
9.50858172E+02   
8.78616523E+02   
8.90151930E+02   
8.50215343E+02   
9.18063813E+02   
8.70507902E+02   
8.67814563E+02   
8.52071814E+02   
8.41422585E+02   
8.11777355E+02   
7.99663733E+02   
8.05519604E+02   
7.94340068E+02   
8.60783057E+02   
7.08965593E+02   
8.51983697E+02   
7.42874575E+02   
7.91726845E+02   
7.61433687E+02   
7.11879776E+02   
7.16026005E+02   
7.08887177E+02   
7.03330166E+02   
7.42472394E+02   
7.18730146E+02   
7.32584817E+02   
7.07848470E+02   
7.20078316E+02   
6.74424385E+02   
6.87889878E+02   
6.88924185E+02   
6.65002601E+02   
6.45934087E+02   
6.52479896E+02   
6.90855071E+02   
6.84270254E+02   
6.35284957E+02   
6.46159232E+02   
6.08088818E+02   
6.20381176E+02   
6.29025505E+02   
6.14132026E+02   
5.89311962E+02   
6.30626825E+02   
6.01330366E+02   
6.21791058E+02   
6.20057612E+02   
5.36126425E+02   
5.36304761E+02   
5.40453091E+02   
4.90500600E+02   
5.24621624E+02   
5.14878076E+02   
4.94218744E+02   
4.81183037E+02   
4.80903081E+02   
4.56254651E+02   
4.84794659E+02   
4.84709242E+02   
4.97694739E+02   
4.41086417E+02   
4.52536807E+02   
4.46925785E+02   
4.27051710E+02   
3.91360172E+02   
4.10999700E+02   
4.17906781E+02   
4.09939988E+02   
3.80831966E+02   
3.98018504E+02   
3.86321964E+02   
3.80324365E+02   
3.67673435E+02   
3.43732346E+02   
3.83488798E+02   
3.70071614E+02   
3.64367073E+02   
3.36587317E+02   
3.41042208E+02   
2.81204041E+02   
2.79143329E+02   
2.97327265E+02   
2.64874875E+02   
3.01875075E+02   
2.52135727E+02   
2.51607822E+02   
2.40134927E+02   
2.34691138E+02   
2.26384977E+02   
2.28987698E+02   
2.02582717E+02   
2.30130626E+02   
2.15412683E+02   
2.02311462E+02   
2.07322865E+02   
2.08478396E+02   
1.98112422E+02   
1.84241548E+02   
2.04198940E+02   
1.84660332E+02   
1.66068914E+02   
1.78864073E+02   
1.53693239E+02   
1.59031606E+02   
1.78371674E+02   
1.60691538E+02   
1.55259452E+02   
1.38028406E+02   
1.39347169E+02   
1.37514203E+02   
1.41340768E+02   
1.36221844E+02   
1.30629926E+02   
1.25619924E+02   
1.25228646E+02   
1.15724045E+02   
1.26121324E+02   
1.15921484E+02   
1.18920684E+02   
1.05123325E+02   
1.04941088E+02   
1.21692839E+02   
9.54028806E+01   
8.26047209E+01   
9.92610522E+01   
8.68758752E+01   
9.16439288E+01   
9.24388878E+01   
9.61250250E+01   
8.06479296E+01   
7.87588518E+01   
7.81666333E+01   
6.88709742E+01   
7.99455891E+01   
7.31530306E+01   
6.49577916E+01   
7.64994999E+01   
6.73596719E+01   
6.40108022E+01   
6.84496899E+01   
6.73427686E+01   
5.51241248E+01   
6.95703141E+01   
6.42331466E+01   
5.61213243E+01   
4.25524105E+01   
3.74675935E+01   
4.14453891E+01   
4.43479696E+01   
4.21229246E+01   
4.45802160E+01   
7.47518504E+01   
3.84668934E+01   
1.17855571E+02   
3.31205241E+01   
2.27729546E+01   
2.44704941E+01   
3.06552310E+01   
2.10048010E+01   
2.45339068E+01   
1.50032006E+01   
1.30032006E+01   
1.50032006E+01   
1.96452290E+01   
2.26006201E+01   
1.52832567E+01   
1.01221244E+01   
8.00200040E+00   
1.00020004E+01   
1.00020004E+01   
1.00020004E+01   
1.00020004E+01   
1.00020004E+01   
4.38537708E+00   
0.00000000E+00   
0.00000000E+00   
0.00000000E+00   
0.00000000E+00   
0.00000000E+00   
0.00000000E+00   
0.00000000E+00   
0.00000000E+00   
1.00000000E+00   
0.00000000E+00   
0.00000000E+00   
0.00000000E+00   
0.00000000E+00   
0.00000000E+00   
7.75955191E-01   
5.35377075E+00   
8.70274055E-01   
0.00000000E+00   
0.00000000E+00   
0.00000000E+00   
0.00000000E+00   
0.00000000E+00   
0.00000000E+00   
0.00000000E+00   
0.00000000E+00   
0.00000000E+00   
1.34126825E-01   
8.65873175E-01   
0.00000000E+00   
0.00000000E+00   
0.00000000E+00   
0.00000000E+00   
0.00000000E+00   
0.00000000E+00   
0.00000000E+00   
0.00000000E+00   
0.00000000E+00   
0.00000000E+00   
0.00000000E+00   
0.00000000E+00   
0.00000000E+00   
2.00000000E+00   
0.00000000E+00   
0.00000000E+00   
0.00000000E+00   
0.00000000E+00   
0.00000000E+00   
0.00000000E+00   
0.00000000E+00   
0.00000000E+00   
1.43728746E-01   
8.56271254E-01   
1.00000000E+00   
0.00000000E+00   
0.00000000E+00   
0.00000000E+00   
0.00000000E+00   
0.00000000E+00   
0.00000000E+00   
0.00000000E+00   
0.00000000E+00   
0.00000000E+00   
1.14852971E+00   
1.85147029E+00   
0.00000000E+00   
0.00000000E+00   
0.00000000E+00   
0.00000000E+00   
0.00000000E+00   
0.00000000E+00   
1.51730346E-01   
8.48269654E-01   
0.00000000E+00   
0.00000000E+00   
0.00000000E+00   
0.00000000E+00   
0.00000000E+00   
0.00000000E+00   
0.00000000E+00   
0.00000000E+00   
0.00000000E+00   
0.00000000E+00   
0.00000000E+00   
0.00000000E+00   
0.00000000E+00   
0.00000000E+00   
0.00000000E+00   
1.58531706E-01   
1.00040008E+00   
8.41068214E-01   
0.00000000E+00   
0.00000000E+00   
0.00000000E+00   
0.00000000E+00   
0.00000000E+00   
0.00000000E+00   
0.00000000E+00   
0.00000000E+00   
0.00000000E+00   
0.00000000E+00   
0.00000000E+00   
0.00000000E+00   
0.00000000E+00   
0.00000000E+00   
0.00000000E+00   
0.00000000E+00   
0.00000000E+00   
0.00000000E+00   
0.00000000E+00   
0.00000000E+00   
0.00000000E+00   
3.36267253E-01   
1.66373275E+00   
1.68933787E-01   
8.31066213E-01   
0.00000000E+00   
0.00000000E+00   
0.00000000E+00   
0.00000000E+00   
0.00000000E+00   
0.00000000E+00   
0.00000000E+00   
0.00000000E+00   
0.00000000E+00   
0.00000000E+00   
0.00000000E+00   
0.00000000E+00   
0.00000000E+00   
0.00000000E+00   
0.00000000E+00   
0.00000000E+00   
0.00000000E+00   
1.00000000E+00   
0.00000000E+00   
0.00000000E+00   
0.00000000E+00   
1.78135627E-01   
8.21864373E-01   
0.00000000E+00   
0.00000000E+00   
0.00000000E+00   
0.00000000E+00   
0.00000000E+00   
0.00000000E+00   
1.00000000E+00   
0.00000000E+00   
1.82136427E-01   
2.00040008E+00   
8.17463493E-01   
0.00000000E+00   
0.00000000E+00   
0.00000000E+00   
0.00000000E+00   
0.00000000E+00   
1.00000000E+00   
0.00000000E+00   
0.00000000E+00   
0.00000000E+00   
0.00000000E+00   
0.00000000E+00   
0.00000000E+00   
0.00000000E+00   
0.00000000E+00   
0.00000000E+00   
0.00000000E+00   
0.00000000E+00   
0.00000000E+00   
1.90538108E-01   
8.09461892E-01   
0.00000000E+00   
0.00000000E+00   
0.00000000E+00   
0.00000000E+00   
0.00000000E+00   
0.00000000E+00   
1.93738748E-01   
1.00040008E+00   
8.05861172E-01   
0.00000000E+00   
1.00000000E+00   
0.00000000E+00   
0.00000000E+00   
0.00000000E+00   
1.00000000E+00   
0.00000000E+00   
0.00000000E+00   
0.00000000E+00   
0.00000000E+00   
0.00000000E+00   
0.00000000E+00   
0.00000000E+00   
0.00000000E+00   
4.01080216E-01   
2.59891978E+00   
0.00000000E+00   
0.00000000E+00   
1.00000000E+00   
0.00000000E+00   
1.00000000E+00   
0.00000000E+00   
0.00000000E+00   
1.00000000E+00   
0.00000000E+00   
0.00000000E+00   
0.00000000E+00   
0.00000000E+00   
0.00000000E+00   
0.00000000E+00   
0.00000000E+00   
0.00000000E+00   
0.00000000E+00   
0.00000000E+00   
0.00000000E+00   
0.00000000E+00   
0.00000000E+00   
0.00000000E+00   
0.00000000E+00   
0.00000000E+00   
0.00000000E+00   
0.00000000E+00   
0.00000000E+00   
0.00000000E+00   
0.00000000E+00   
0.00000000E+00   
0.00000000E+00   
0.00000000E+00   
0.00000000E+00   
1.00000000E+00   
0.00000000E+00   
0.00000000E+00   
0.00000000E+00   
0.00000000E+00   
0.00000000E+00   
0.00000000E+00   
2.17343469E-01   
1.00040008E+00   
7.82256451E-01   
0.00000000E+00   
0.00000000E+00   
0.00000000E+00   
0.00000000E+00   
0.00000000E+00   
0.00000000E+00   
0.00000000E+00   
0.00000000E+00   
0.00000000E+00   
0.00000000E+00   
2.22544509E-01   
7.77455491E-01   
0.00000000E+00   
0.00000000E+00   
0.00000000E+00   
0.00000000E+00   
0.00000000E+00   
0.00000000E+00   
0.00000000E+00   
0.00000000E+00   
0.00000000E+00   
0.00000000E+00   
0.00000000E+00   
0.00000000E+00   
0.00000000E+00   
0.00000000E+00   
0.00000000E+00   
0.00000000E+00   
1.00000000E+00   
0.00000000E+00   
0.00000000E+00   
0.00000000E+00   
0.00000000E+00   
0.00000000E+00   
0.00000000E+00   
0.00000000E+00   
0.00000000E+00   
2.33346669E-01   
7.66653331E-01   
0.00000000E+00   
0.00000000E+00   
0.00000000E+00   
1.00000000E+00   
0.00000000E+00   
0.00000000E+00   
0.00000000E+00   
0.00000000E+00   
0.00000000E+00   
0.00000000E+00   
0.00000000E+00   
0.00000000E+00   
2.38947790E-01   
7.61052210E-01   
0.00000000E+00   
0.00000000E+00   
0.00000000E+00   
0.00000000E+00   
0.00000000E+00   
0.00000000E+00   
0.00000000E+00   
0.00000000E+00   
0.00000000E+00   
0.00000000E+00   
0.00000000E+00   
0.00000000E+00   
0.00000000E+00   
0.00000000E+00   
0.00000000E+00   
0.00000000E+00   
0.00000000E+00   
0.00000000E+00   
0.00000000E+00   
0.00000000E+00   
0.00000000E+00   
0.00000000E+00   
0.00000000E+00   
0.00000000E+00   
0.00000000E+00   
0.00000000E+00   
0.00000000E+00   
0.00000000E+00   
0.00000000E+00   
0.00000000E+00   
0.00000000E+00   
0.00000000E+00   
0.00000000E+00   
0.00000000E+00   
0.00000000E+00   
2.53750750E-01   
7.46249250E-01   
0.00000000E+00   
0.00000000E+00   
0.00000000E+00   
0.00000000E+00   
0.00000000E+00   
0.00000000E+00   
0.00000000E+00   
1.00000000E+00   
0.00000000E+00   
0.00000000E+00   
0.00000000E+00   
0.00000000E+00   
0.00000000E+00   
0.00000000E+00   
0.00000000E+00   
0.00000000E+00   
2.60952190E-01   
7.39047810E-01   
2.61752350E-01   
7.38247650E-01   
0.00000000E+00   
0.00000000E+00   
0.00000000E+00   
0.00000000E+00   
0.00000000E+00   
0.00000000E+00   
0.00000000E+00   
0.00000000E+00   
0.00000000E+00   
0.00000000E+00   
0.00000000E+00   
0.00000000E+00   
0.00000000E+00   
0.00000000E+00   
0.00000000E+00   
0.00000000E+00   
0.00000000E+00   
0.00000000E+00   
0.00000000E+00   
0.00000000E+00   
0.00000000E+00   
0.00000000E+00   
0.00000000E+00   
0.00000000E+00   
0.00000000E+00   
0.00000000E+00   
0.00000000E+00   
0.00000000E+00   
0.00000000E+00   
0.00000000E+00   
0.00000000E+00   
0.00000000E+00   
0.00000000E+00   
0.00000000E+00   
0.00000000E+00   
0.00000000E+00   
2.76955391E-01   
1.00040008E+00   
7.22644529E-01   
0.00000000E+00   
0.00000000E+00   
0.00000000E+00   
0.00000000E+00   
0.00000000E+00   
0.00000000E+00   
0.00000000E+00   
0.00000000E+00   
0.00000000E+00   
0.00000000E+00   
1.00000000E+00   
0.00000000E+00   
0.00000000E+00   
0.00000000E+00   
0.00000000E+00   
0.00000000E+00   
2.84556911E-01   
7.15443089E-01   
0.00000000E+00   
0.00000000E+00   
0.00000000E+00   
0.00000000E+00   
0.00000000E+00   
1.00000000E+00   
0.00000000E+00   
0.00000000E+00   
0.00000000E+00   
0.00000000E+00   
0.00000000E+00   
0.00000000E+00   
0.00000000E+00   
0.00000000E+00   
0.00000000E+00   
0.00000000E+00   
0.00000000E+00   
0.00000000E+00   
0.00000000E+00   
0.00000000E+00   
0.00000000E+00   
1.00000000E+00   
0.00000000E+00   
2.94558912E-01   
7.05441088E-01   
0.00000000E+00   
0.00000000E+00   
0.00000000E+00   
0.00000000E+00   
0.00000000E+00   
0.00000000E+00   
0.00000000E+00   
0.00000000E+00   
0.00000000E+00   
0.00000000E+00   
0.00000000E+00   
0.00000000E+00   
0.00000000E+00   
0.00000000E+00   
0.00000000E+00   
0.00000000E+00   
0.00000000E+00   
0.00000000E+00   
1.00000000E+00   
0.00000000E+00   
0.00000000E+00   
0.00000000E+00   
1.00000000E+00   
0.00000000E+00   
0.00000000E+00   
0.00000000E+00   
0.00000000E+00   
0.00000000E+00   
0.00000000E+00   
0.00000000E+00   
2.00000000E+00   
0.00000000E+00   
1.00000000E+00   
0.00000000E+00   
0.00000000E+00   
0.00000000E+00   
0.00000000E+00   
0.00000000E+00   
0.00000000E+00   
0.00000000E+00   
0.00000000E+00   
0.00000000E+00   
0.00000000E+00   
0.00000000E+00   
0.00000000E+00   
0.00000000E+00   
0.00000000E+00   
0.00000000E+00   
4.00000000E+00   
1.00000000E+00   
0.00000000E+00   
0.00000000E+00   
0.00000000E+00   
0.00000000E+00   
0.00000000E+00   
0.00000000E+00   
0.00000000E+00   
0.00000000E+00   
0.00000000E+00   
0.00000000E+00   
3.19363873E-01   
6.80636127E-01   
0.00000000E+00   
0.00000000E+00   
0.00000000E+00   
0.00000000E+00   
0.00000000E+00   
0.00000000E+00   
0.00000000E+00   
1.00000000E+00   
0.00000000E+00   
0.00000000E+00   
0.00000000E+00   
0.00000000E+00   
0.00000000E+00   
0.00000000E+00   
0.00000000E+00   
0.00000000E+00   
0.00000000E+00   
0.00000000E+00   
0.00000000E+00   
1.00000000E+00   
0.00000000E+00   
0.00000000E+00   
0.00000000E+00   
0.00000000E+00   
0.00000000E+00   
0.00000000E+00   
0.00000000E+00   
0.00000000E+00   
0.00000000E+00   
0.00000000E+00   
0.00000000E+00   
0.00000000E+00   
1.00000000E+00   
0.00000000E+00   
0.00000000E+00   
0.00000000E+00   
0.00000000E+00   
3.34966993E-01   
6.65033007E-01   
0.00000000E+00   
1.00000000E+00   
0.00000000E+00   
0.00000000E+00   
0.00000000E+00   
0.00000000E+00   
0.00000000E+00   
0.00000000E+00   
0.00000000E+00   
0.00000000E+00   
0.00000000E+00   
0.00000000E+00   
0.00000000E+00   
0.00000000E+00   
0.00000000E+00   
0.00000000E+00   
0.00000000E+00   
0.00000000E+00   
0.00000000E+00   
0.00000000E+00   
0.00000000E+00   
0.00000000E+00   
0.00000000E+00   
3.44968994E-01   
6.55031006E-01   
0.00000000E+00   
0.00000000E+00   
0.00000000E+00   
0.00000000E+00   
0.00000000E+00   
0.00000000E+00   
0.00000000E+00   
0.00000000E+00   
3.48969794E-01   
6.51030206E-01   
0.00000000E+00   
0.00000000E+00   
0.00000000E+00   
0.00000000E+00   
0.00000000E+00   
0.00000000E+00   
0.00000000E+00   
0.00000000E+00   
0.00000000E+00   
1.00000000E+00   
0.00000000E+00   
0.00000000E+00   
0.00000000E+00   
0.00000000E+00   
0.00000000E+00   
0.00000000E+00   
0.00000000E+00   
0.00000000E+00   
0.00000000E+00   
0.00000000E+00   
0.00000000E+00   
3.58171634E-01   
6.41828366E-01   
0.00000000E+00   
0.00000000E+00   
0.00000000E+00   
0.00000000E+00   
0.00000000E+00   
0.00000000E+00   
0.00000000E+00   
0.00000000E+00   
0.00000000E+00   
0.00000000E+00   
0.00000000E+00   
0.00000000E+00   
0.00000000E+00   
0.00000000E+00   
0.00000000E+00   
0.00000000E+00   
0.00000000E+00   
0.00000000E+00   
0.00000000E+00   
0.00000000E+00   
0.00000000E+00   
0.00000000E+00   
0.00000000E+00   
0.00000000E+00   
0.00000000E+00   
0.00000000E+00   
0.00000000E+00   
3.69773955E-01   
6.30226045E-01   
0.00000000E+00   
0.00000000E+00   
0.00000000E+00   
0.00000000E+00   
0.00000000E+00   
0.00000000E+00   
0.00000000E+00   
0.00000000E+00   
0.00000000E+00   
0.00000000E+00   
0.00000000E+00   
0.00000000E+00   
0.00000000E+00   
3.75775155E-01   
6.24224845E-01   
1.00000000E+00   
0.00000000E+00   
0.00000000E+00   
0.00000000E+00   
0.00000000E+00   
0.00000000E+00   
3.78975795E-01   
6.21024205E-01   
0.00000000E+00   
0.00000000E+00   
0.00000000E+00   
0.00000000E+00   
0.00000000E+00   
0.00000000E+00   
0.00000000E+00   
0.00000000E+00   
0.00000000E+00   
0.00000000E+00   
0.00000000E+00   
0.00000000E+00   
0.00000000E+00   
0.00000000E+00   
0.00000000E+00   
0.00000000E+00   
0.00000000E+00   
0.00000000E+00   
0.00000000E+00   
0.00000000E+00   
0.00000000E+00   
0.00000000E+00   
0.00000000E+00   
0.00000000E+00   
0.00000000E+00   
0.00000000E+00   
0.00000000E+00   
0.00000000E+00   
0.00000000E+00   
0.00000000E+00   
0.00000000E+00   
0.00000000E+00   
0.00000000E+00   
0.00000000E+00   
0.00000000E+00   
0.00000000E+00   
0.00000000E+00   
0.00000000E+00   
0.00000000E+00   
0.00000000E+00   
0.00000000E+00   
0.00000000E+00   
0.00000000E+00   
0.00000000E+00   
0.00000000E+00   
0.00000000E+00   
0.00000000E+00   
0.00000000E+00   
0.00000000E+00   
0.00000000E+00   
0.00000000E+00   
0.00000000E+00   
0.00000000E+00   
0.00000000E+00   
0.00000000E+00   
0.00000000E+00   
0.00000000E+00   
0.00000000E+00   
0.00000000E+00   
0.00000000E+00   
0.00000000E+00   
0.00000000E+00   
0.00000000E+00   
0.00000000E+00   
0.00000000E+00   
0.00000000E+00   
0.00000000E+00   
0.00000000E+00   
0.00000000E+00   
0.00000000E+00   
0.00000000E+00   
0.00000000E+00   
0.00000000E+00   
0.00000000E+00   
0.00000000E+00   
0.00000000E+00   
1.23054611E+00   
1.76945389E+00   
0.00000000E+00   
0.00000000E+00   
0.00000000E+00   
0.00000000E+00   
0.00000000E+00   
0.00000000E+00   
0.00000000E+00   
0.00000000E+00   
0.00000000E+00   
0.00000000E+00   
0.00000000E+00   
0.00000000E+00   
0.00000000E+00   
0.00000000E+00   
8.33166633E-01   
1.16683337E+00   
0.00000000E+00   
0.00000000E+00   
0.00000000E+00   
0.00000000E+00   
0.00000000E+00   
0.00000000E+00   
0.00000000E+00   
0.00000000E+00   
0.00000000E+00   
0.00000000E+00   
0.00000000E+00   
0.00000000E+00   
0.00000000E+00   
0.00000000E+00   
0.00000000E+00   
0.00000000E+00   
0.00000000E+00   
0.00000000E+00   
0.00000000E+00   
0.00000000E+00   
0.00000000E+00   
0.00000000E+00   
0.00000000E+00   
0.00000000E+00   
0.00000000E+00   
0.00000000E+00   
0.00000000E+00   
0.00000000E+00   
0.00000000E+00   
0.00000000E+00   
0.00000000E+00   
0.00000000E+00   
0.00000000E+00   
0.00000000E+00   
0.00000000E+00   
0.00000000E+00   
0.00000000E+00   
0.00000000E+00   
0.00000000E+00   
0.00000000E+00   
0.00000000E+00   
0.00000000E+00   
0.00000000E+00   
0.00000000E+00   
0.00000000E+00   
0.00000000E+00   
0.00000000E+00   
0.00000000E+00   
0.00000000E+00   
0.00000000E+00   
0.00000000E+00   
0.00000000E+00   
0.00000000E+00   
0.00000000E+00   
0.00000000E+00   
0.00000000E+00   
0.00000000E+00   
0.00000000E+00   
0.00000000E+00   
0.00000000E+00   
0.00000000E+00   
0.00000000E+00   
0.00000000E+00   
0.00000000E+00   
0.00000000E+00   
0.00000000E+00   
0.00000000E+00   
0.00000000E+00   
0.00000000E+00   
0.00000000E+00   
0.00000000E+00   
0.00000000E+00   
0.00000000E+00   
0.00000000E+00   
0.00000000E+00   
0.00000000E+00   
0.00000000E+00   
0.00000000E+00   
0.00000000E+00   
0.00000000E+00   
0.00000000E+00   
0.00000000E+00   
0.00000000E+00   
0.00000000E+00   
0.00000000E+00   
0.00000000E+00   
0.00000000E+00   
0.00000000E+00   
0.00000000E+00   
0.00000000E+00   
0.00000000E+00   
0.00000000E+00   
0.00000000E+00   
0.00000000E+00   
0.00000000E+00   
0.00000000E+00   
0.00000000E+00   
0.00000000E+00   
0.00000000E+00   
0.00000000E+00   
0.00000000E+00   
0.00000000E+00   
0.00000000E+00   
0.00000000E+00   
0.00000000E+00   
0.00000000E+00   
0.00000000E+00   
0.00000000E+00   
0.00000000E+00   
0.00000000E+00   
0.00000000E+00   
0.00000000E+00   
0.00000000E+00   
0.00000000E+00   
0.00000000E+00   
0.00000000E+00   
0.00000000E+00   
0.00000000E+00   
0.00000000E+00   
0.00000000E+00   
0.00000000E+00   
0.00000000E+00   
0.00000000E+00   
0.00000000E+00   
0.00000000E+00   
0.00000000E+00   
0.00000000E+00   
0.00000000E+00   
0.00000000E+00   
0.00000000E+00   
0.00000000E+00   
0.00000000E+00   
0.00000000E+00   
0.00000000E+00   
0.00000000E+00   
0.00000000E+00   
0.00000000E+00   
0.00000000E+00   
0.00000000E+00   
0.00000000E+00   
0.00000000E+00   
0.00000000E+00   
0.00000000E+00   
0.00000000E+00   
0.00000000E+00   
0.00000000E+00   
0.00000000E+00   
0.00000000E+00   
0.00000000E+00   
0.00000000E+00   
0.00000000E+00   
0.00000000E+00   
0.00000000E+00   
0.00000000E+00   
0.00000000E+00   
0.00000000E+00   
0.00000000E+00   
0.00000000E+00   
0.00000000E+00   
0.00000000E+00   
0.00000000E+00   
0.00000000E+00   
0.00000000E+00   
0.00000000E+00   
0.00000000E+00   
0.00000000E+00   
0.00000000E+00   
0.00000000E+00   
0.00000000E+00   
0.00000000E+00   
0.00000000E+00   
0.00000000E+00   
0.00000000E+00   
0.00000000E+00   
0.00000000E+00   
0.00000000E+00   
0.00000000E+00   
0.00000000E+00   
0.00000000E+00   
0.00000000E+00   
0.00000000E+00   
0.00000000E+00   
0.00000000E+00   
0.00000000E+00   
0.00000000E+00   
0.00000000E+00   
0.00000000E+00   
0.00000000E+00   
0.00000000E+00   
0.00000000E+00   
0.00000000E+00   
0.00000000E+00   
0.00000000E+00   
0.00000000E+00   
0.00000000E+00   
0.00000000E+00   
0.00000000E+00   
0.00000000E+00   
0.00000000E+00   
0.00000000E+00   
0.00000000E+00   
0.00000000E+00   
0.00000000E+00   
0.00000000E+00   
0.00000000E+00   
0.00000000E+00   
0.00000000E+00   
0.00000000E+00   
!IDEND=

