!FILE=Disk 
!KIND=Spectrum 
!LABORATORY=Oslo Cyclotron Laboratory (OCL) 
!EXPERIMENT= oslo_method_python 
!COMMENT=Made by OMpy 
!TIME=DATE:08-Sep-20 09:58:32   
!CALIBRATION EkeV=6, 0.000000E+00, 2.000400E+00, 0.000000E+00 
!PRECISION=16 
!DIMENSION=1,0:4999 
!CHANNEL=(0:4999) 
4.90571814E+02   
6.48632226E+02   
6.52136027E+02   
7.62743849E+02   
8.05647029E+02   
8.29704241E+02   
8.49750650E+02   
9.25805461E+02   
9.36579816E+02   
9.54306461E+02   
9.70197640E+02   
1.04028046E+03   
1.07924485E+03   
1.09834847E+03   
1.10071264E+03   
1.16461492E+03   
1.25649450E+03   
1.32876585E+03   
1.30807752E+03   
1.40167504E+03   
1.43814033E+03   
1.55916663E+03   
1.72379816E+03   
1.76659362E+03   
1.98089208E+03   
2.15903581E+03   
2.31159102E+03   
2.51801580E+03   
2.79204291E+03   
2.85347680E+03   
3.01696909E+03   
3.23958082E+03   
3.44937007E+03   
3.59837257E+03   
3.70156951E+03   
3.87459202E+03   
3.92196089E+03   
4.11451840E+03   
4.23139538E+03   
4.43897459E+03   
4.47079186E+03   
4.52595399E+03   
4.67321314E+03   
4.66596669E+03   
4.81680996E+03   
4.96941048E+03   
4.96431026E+03   
5.07385917E+03   
5.12167213E+03   
5.20242408E+03   
5.21223215E+03   
5.08019484E+03   
5.18788008E+03   
5.16749300E+03   
5.30413203E+03   
5.26881806E+03   
5.46254421E+03   
5.41587628E+03   
5.31886847E+03   
5.23876205E+03   
5.23933357E+03   
5.26673585E+03   
5.29378496E+03   
5.19441828E+03   
5.25861342E+03   
5.25636787E+03   
5.20338668E+03   
5.16820434E+03   
5.38698800E+03   
5.17548500E+03   
5.16659622E+03   
5.07208472E+03   
4.98737658E+03   
5.12781546E+03   
4.92487087E+03   
4.99607562E+03   
5.03998200E+03   
4.99006591E+03   
4.95889208E+03   
4.79928166E+03   
4.84627606E+03   
4.90351810E+03   
4.75636187E+03   
4.85770554E+03   
4.90584417E+03   
4.92083807E+03   
5.06057101E+03   
5.09680046E+03   
5.13155671E+03   
5.11806151E+03   
5.10686147E+03   
5.00737497E+03   
4.99909042E+03   
4.93776145E+03   
4.89954241E+03   
4.76876895E+03   
4.84341748E+03   
4.75615143E+03   
4.62740528E+03   
4.61747660E+03   
4.56192488E+03   
4.50495359E+03   
4.42375845E+03   
4.34537568E+03   
4.30602480E+03   
4.23927566E+03   
4.28748200E+03   
4.22424795E+03   
4.11386147E+03   
4.05025105E+03   
3.99178336E+03   
3.88311272E+03   
3.91722414E+03   
3.96860572E+03   
3.93214053E+03   
3.81433857E+03   
3.82712402E+03   
3.67445429E+03   
3.67035037E+03   
3.74762943E+03   
3.67906911E+03   
3.65467293E+03   
3.64760792E+03   
3.51354121E+03   
3.58029136E+03   
3.54182216E+03   
3.56971494E+03   
3.59969424E+03   
3.50763283E+03   
3.56008742E+03   
3.44962593E+03   
3.50053591E+03   
3.44038938E+03   
3.43442629E+03   
3.34602731E+03   
3.31077516E+03   
3.25841868E+03   
3.27977465E+03   
3.22632837E+03   
3.20509252E+03   
3.12358562E+03   
3.17116833E+03   
3.16047029E+03   
3.01304381E+03   
3.09540028E+03   
3.13853011E+03   
3.17756941E+03   
3.10327355E+03   
2.90515393E+03   
3.00522324E+03   
2.94697229E+03   
2.89679326E+03   
2.84155841E+03   
2.90769654E+03   
2.91610202E+03   
2.86036497E+03   
2.83419664E+03   
2.80860162E+03   
2.80629526E+03   
2.75025975E+03   
2.68757371E+03   
2.63630546E+03   
2.70488008E+03   
2.73497469E+03   
2.70539618E+03   
2.74541838E+03   
2.54447550E+03   
2.57007471E+03   
2.60292398E+03   
2.45029466E+03   
2.39427896E+03   
2.32351720E+03   
2.29639898E+03   
2.31829106E+03   
2.16211182E+03   
2.25569054E+03   
2.18824815E+03   
2.08828516E+03   
2.14512282E+03   
2.09356831E+03   
2.13357522E+03   
2.09611352E+03   
2.06411572E+03   
2.08991838E+03   
2.03658192E+03   
2.04040728E+03   
2.02395269E+03   
1.95191088E+03   
2.01604001E+03   
1.96036087E+03   
2.00897630E+03   
2.00775125E+03   
1.91912312E+03   
1.94831426E+03   
1.86918804E+03   
1.88182967E+03   
1.89775635E+03   
1.86331216E+03   
1.90133177E+03   
1.83430236E+03   
1.77993789E+03   
1.84868974E+03   
1.83872555E+03   
1.77077856E+03   
1.78336617E+03   
1.73189028E+03   
1.74835317E+03   
1.78236187E+03   
1.74968394E+03   
1.70125375E+03   
1.67682176E+03   
1.69860742E+03   
1.71705941E+03   
1.64322665E+03   
1.67334617E+03   
1.63096489E+03   
1.72364443E+03   
1.64787728E+03   
1.62798040E+03   
1.64567263E+03   
1.61633747E+03   
1.63745009E+03   
1.64944269E+03   
1.61405691E+03   
1.58198120E+03   
1.53804301E+03   
1.57689108E+03   
1.49143799E+03   
1.53930366E+03   
1.56709912E+03   
1.60157592E+03   
1.60764473E+03   
1.53656921E+03   
1.52628856E+03   
1.55361352E+03   
1.55339348E+03   
1.53073085E+03   
1.47894209E+03   
1.48946919E+03   
1.47592649E+03   
1.39190798E+03   
1.45998930E+03   
1.43956311E+03   
1.36085297E+03   
1.47710732E+03   
1.41861302E+03   
1.38111982E+03   
1.36320404E+03   
1.36711412E+03   
1.40146859E+03   
1.32406531E+03   
1.36646529E+03   
1.34706281E+03   
1.04530019E+03   
9.76795359E+02   
9.76795359E+02   
9.76795359E+02   
9.76795359E+02   
8.67395189E+02   
5.93180136E+02   
5.78084017E+02   
5.66267353E+02   
5.89514603E+02   
5.78119224E+02   
5.97068914E+02   
5.69138428E+02   
5.44117223E+02   
5.91938288E+02   
5.74155531E+02   
5.55885777E+02   
5.70283757E+02   
5.45629626E+02   
5.96253951E+02   
5.75343869E+02   
5.41932687E+02   
5.44324865E+02   
5.64751350E+02   
5.58789758E+02   
5.78391578E+02   
5.58218244E+02   
5.80619624E+02   
5.48599620E+02   
5.77113323E+02   
5.18383777E+02   
5.66831766E+02   
5.48378976E+02   
5.48381776E+02   
5.34572815E+02   
5.19181036E+02   
5.22722745E+02   
5.10571714E+02   
5.76073615E+02   
5.50760252E+02   
5.31135327E+02   
5.09961492E+02   
5.39665633E+02   
5.16765953E+02   
5.15587918E+02   
4.95573315E+02   
4.81592819E+02   
5.04044309E+02   
5.03238248E+02   
4.96650430E+02   
4.60503201E+02   
4.36143229E+02   
4.57441588E+02   
4.65390178E+02   
4.85787457E+02   
4.61557311E+02   
4.59510602E+02   
4.45058812E+02   
4.48988298E+02   
4.70579716E+02   
4.61590718E+02   
4.45342869E+02   
4.32062613E+02   
4.49147429E+02   
4.66320064E+02   
4.65112222E+02   
4.56584717E+02   
4.35042809E+02   
4.34374275E+02   
4.41398580E+02   
4.23902681E+02   
4.13748450E+02   
4.17125425E+02   
4.47176835E+02   
4.30841668E+02   
4.41664833E+02   
4.20927586E+02   
4.40087618E+02   
4.11169834E+02   
3.76941188E+02   
4.03283857E+02   
4.26715843E+02   
3.79522004E+02   
4.22258352E+02   
4.20817163E+02   
3.90200740E+02   
3.96440588E+02   
3.88255651E+02   
4.61181236E+02   
4.63990898E+02   
4.10063413E+02   
3.92888878E+02   
4.01031706E+02   
3.90758952E+02   
4.26052110E+02   
4.32283557E+02   
3.95855471E+02   
3.48669734E+02   
3.59271154E+02   
3.81890578E+02   
3.44910882E+02   
3.49185037E+02   
3.55715843E+02   
3.46221444E+02   
3.54066013E+02   
3.31570014E+02   
3.50260752E+02   
3.31761452E+02   
3.51605721E+02   
3.43872474E+02   
2.90707942E+02   
3.21183837E+02   
3.15042308E+02   
3.20469394E+02   
3.31951090E+02   
3.45954891E+02   
3.31129726E+02   
3.22589718E+02   
3.26824865E+02   
2.86032507E+02   
3.10748950E+02   
3.07123725E+02   
2.90408182E+02   
3.10497800E+02   
3.09470494E+02   
3.11014703E+02   
2.93935987E+02   
3.14143929E+02   
3.07104921E+02   
3.19244949E+02   
3.08838568E+02   
3.03909182E+02   
2.94477596E+02   
2.84982196E+02   
2.99056811E+02   
2.75023105E+02   
2.71155531E+02   
2.57179636E+02   
2.90332767E+02   
2.90448490E+02   
2.70108122E+02   
3.05359672E+02   
2.54581316E+02   
2.75981296E+02   
2.82762052E+02   
2.72888278E+02   
2.56984497E+02   
2.64408682E+02   
2.59369274E+02   
2.49031906E+02   
2.89002901E+02   
2.44126125E+02   
2.59252350E+02   
2.81095519E+02   
3.03359872E+02   
2.66443889E+02   
2.60716243E+02   
2.76395879E+02   
2.50764653E+02   
2.31037107E+02   
2.57671634E+02   
2.64083117E+02   
2.35700840E+02   
2.38383377E+02   
2.52056211E+02   
2.63375575E+02   
2.44717043E+02   
2.38054311E+02   
2.43027205E+02   
2.53433787E+02   
2.16938988E+02   
2.54501600E+02   
2.82373875E+02   
2.40616723E+02   
2.11397980E+02   
2.48144929E+02   
2.45632026E+02   
2.52768754E+02   
2.49341968E+02   
2.19298160E+02   
2.36511102E+02   
2.17899880E+02   
2.38246349E+02   
2.22464493E+02   
2.15265953E+02   
1.97761452E+02   
2.06010102E+02   
2.13237347E+02   
2.11044809E+02   
2.27951490E+02   
2.24396579E+02   
2.42786357E+02   
1.97940688E+02   
2.18578016E+02   
2.22010902E+02   
2.25893579E+02   
2.09081516E+02   
2.11043209E+02   
2.14278756E+02   
1.90359372E+02   
2.32447189E+02   
1.97496299E+02   
2.28232446E+02   
2.18127826E+02   
2.24923085E+02   
2.19063513E+02   
2.10776555E+02   
2.05200940E+02   
2.13669034E+02   
1.82998600E+02   
1.87358972E+02   
2.20358172E+02   
1.82005101E+02   
2.16602821E+02   
2.06469194E+02   
2.00973695E+02   
1.94907782E+02   
2.04744249E+02   
1.89500100E+02   
1.95145929E+02   
2.05770354E+02   
1.74931886E+02   
1.82667634E+02   
2.02113923E+02   
2.03970094E+02   
2.15967694E+02   
1.86657131E+02   
2.01424485E+02   
2.03884977E+02   
1.78098520E+02   
1.92737347E+02   
1.99217744E+02   
1.94380676E+02   
1.92200640E+02   
1.93510402E+02   
1.61387377E+02   
1.73903681E+02   
1.88516803E+02   
1.93430886E+02   
2.02493999E+02   
1.92372575E+02   
1.87781056E+02   
1.80014803E+02   
1.84310562E+02   
1.95868974E+02   
1.68530806E+02   
1.86135127E+02   
1.71535607E+02   
1.75544409E+02   
1.71514803E+02   
1.74343769E+02   
1.79089618E+02   
1.88299360E+02   
1.69227445E+02   
1.81145529E+02   
1.82113523E+02   
1.72996399E+02   
1.70524105E+02   
1.80107121E+02   
1.94446889E+02   
1.65743049E+02   
1.74743849E+02   
2.08388478E+02   
1.75621924E+02   
1.80085117E+02   
1.57031606E+02   
1.96064913E+02   
1.59290058E+02   
1.58739848E+02   
1.41068314E+02   
1.63866573E+02   
1.46320564E+02   
1.69496299E+02   
1.57746649E+02   
1.59558112E+02   
1.58547810E+02   
1.68360372E+02   
1.80866673E+02   
1.73749050E+02   
1.76897680E+02   
1.63333967E+02   
1.76309562E+02   
1.49035407E+02   
1.53890278E+02   
1.53162833E+02   
1.42888178E+02   
1.54175535E+02   
1.51029206E+02   
1.69778856E+02   
1.74469294E+02   
1.44731346E+02   
1.50265953E+02   
1.57210042E+02   
1.51282456E+02   
1.39276055E+02   
1.52572414E+02   
1.60633627E+02   
1.52792258E+02   
1.71677335E+02   
1.50102921E+02   
1.58308562E+02   
1.43473295E+02   
1.49641228E+02   
1.46864873E+02   
1.63523805E+02   
1.44751050E+02   
1.45028006E+02   
1.46994699E+02   
1.53510602E+02   
1.46928986E+02   
1.50481296E+02   
1.51224445E+02   
1.45301760E+02   
1.81467093E+02   
1.45950390E+02   
1.45939788E+02   
1.50936687E+02   
1.46583017E+02   
1.37544909E+02   
1.51623225E+02   
1.42740748E+02   
1.61571514E+02   
1.21727946E+02   
1.39565113E+02   
1.31253051E+02   
1.39603821E+02   
1.35806561E+02   
1.45832466E+02   
1.39760652E+02   
1.44693639E+02   
1.53030406E+02   
1.68836567E+02   
1.35489998E+02   
1.48295359E+02   
1.54645029E+02   
1.37117924E+02   
1.46967393E+02   
1.44124325E+02   
1.21820064E+02   
1.22184237E+02   
1.28873375E+02   
1.56980196E+02   
1.25956691E+02   
1.33978996E+02   
1.36286957E+02   
1.29286157E+02   
1.35122925E+02   
1.30226245E+02   
1.49095519E+02   
1.22468794E+02   
1.24436887E+02   
1.12349770E+02   
1.27249550E+02   
1.16796059E+02   
1.31939388E+02   
1.43001400E+02   
1.35566113E+02   
1.31469294E+02   
1.32818264E+02   
1.49792859E+02   
1.31572314E+02   
1.35972995E+02   
1.33550110E+02   
1.35731646E+02   
1.14124825E+02   
1.21471694E+02   
1.40276955E+02   
1.48017403E+02   
1.19539508E+02   
1.22516303E+02   
1.29274955E+02   
1.24022805E+02   
1.42026205E+02   
9.87710542E+01   
1.35537508E+02   
1.32022605E+02   
1.36778656E+02   
1.45027205E+02   
1.41295759E+02   
1.37240348E+02   
1.16517904E+02   
1.22808662E+02   
1.22502100E+02   
1.18006601E+02   
1.08308962E+02   
1.28738248E+02   
1.31802861E+02   
1.18244349E+02   
1.22536907E+02   
1.16295559E+02   
1.16540508E+02   
1.14932186E+02   
1.19021604E+02   
1.12262953E+02   
1.36202240E+02   
1.22713043E+02   
1.08628626E+02   
1.26383177E+02   
1.22024805E+02   
1.12936387E+02   
1.21783057E+02   
1.07783857E+02   
1.14833667E+02   
1.23499100E+02   
1.19260552E+02   
1.19259752E+02   
1.27731246E+02   
1.20721144E+02   
1.34439288E+02   
1.17669434E+02   
1.09725645E+02   
1.14679336E+02   
1.15959792E+02   
1.12056711E+02   
1.07222645E+02   
1.10650630E+02   
1.07091418E+02   
1.19094619E+02   
1.24254551E+02   
1.22560912E+02   
1.18101420E+02   
1.24247249E+02   
1.18181636E+02   
1.14417383E+02   
1.09315063E+02   
1.18821964E+02   
1.20658332E+02   
1.23040008E+02   
9.80208042E+01   
1.18113023E+02   
1.08873675E+02   
1.07944989E+02   
1.26216843E+02   
1.18856871E+02   
1.15794259E+02   
1.25100520E+02   
1.17473095E+02   
1.21471494E+02   
1.30789758E+02   
1.25587818E+02   
1.15911682E+02   
1.11469994E+02   
1.09243749E+02   
1.09800260E+02   
9.99172835E+01   
1.15347269E+02   
1.05480596E+02   
1.12925685E+02   
1.09439188E+02   
9.22409482E+01   
1.09803061E+02   
1.03585717E+02   
9.64179836E+01   
1.16888878E+02   
1.16544609E+02   
1.12590118E+02   
1.03240148E+02   
1.27102320E+02   
9.77443489E+01   
8.68034607E+01   
9.25170034E+01   
1.09379176E+02   
1.25954091E+02   
1.10731546E+02   
1.02975695E+02   
1.05067514E+02   
1.04355171E+02   
1.02746749E+02   
1.05540208E+02   
1.10444289E+02   
1.11653231E+02   
9.56001200E+01   
1.20553011E+02   
1.01745449E+02   
9.38098620E+01   
9.81850370E+01   
9.44370874E+01   
1.17734847E+02   
9.41712342E+01   
1.07635927E+02   
1.00157632E+02   
1.01400380E+02   
1.14316663E+02   
1.19875275E+02   
1.14638428E+02   
1.04045109E+02   
9.52245449E+01   
1.06612523E+02   
8.28174635E+01   
1.09991798E+02   
1.12430286E+02   
1.00854371E+02   
1.01597920E+02   
1.02231646E+02   
8.72362472E+01   
1.09806161E+02   
1.17620924E+02   
9.24201840E+01   
1.03620524E+02   
9.72189438E+01   
9.14166833E+01   
1.00829966E+02   
9.78234647E+01   
1.05600320E+02   
9.70490098E+01   
9.86293259E+01   
9.79652931E+01   
1.08234247E+02   
1.24479396E+02   
1.12439188E+02   
1.01386977E+02   
9.13227646E+01   
9.56907381E+01   
9.69870974E+01   
9.12113423E+01   
1.16092619E+02   
1.02982697E+02   
1.07020004E+02   
1.08828666E+02   
1.03256651E+02   
1.13736847E+02   
1.11546609E+02   
9.91620324E+01   
9.19678936E+01   
9.68302661E+01   
1.05076915E+02   
1.11586017E+02   
8.93996799E+01   
1.03831066E+02   
1.10830466E+02   
9.63261652E+01   
1.00831466E+02   
1.05532106E+02   
8.93185637E+01   
1.19874475E+02   
9.95314063E+01   
9.13603721E+01   
1.01837467E+02   
1.02471594E+02   
9.44009802E+01   
8.43826765E+01   
8.83775755E+01   
9.87473495E+01   
9.02934587E+01   
7.46391278E+01   
1.14484897E+02   
1.02117323E+02   
9.97389478E+01   
8.98663733E+01   
9.31704341E+01   
9.38398680E+01   
9.89094819E+01   
1.02594919E+02   
1.06955991E+02   
9.78533707E+01   
9.30741148E+01   
1.00372675E+02   
1.04019604E+02   
8.57209442E+01   
1.02219044E+02   
1.04118824E+02   
1.01193739E+02   
9.46717343E+01   
9.74066813E+01   
8.60168034E+01   
9.01189238E+01   
9.07097419E+01   
9.51913383E+01   
9.58758752E+01   
1.05940388E+02   
1.05388678E+02   
9.28926785E+01   
8.56589318E+01   
9.23586717E+01   
1.14498800E+02   
8.48878776E+01   
9.10072014E+01   
8.81861372E+01   
8.23526705E+01   
9.56849370E+01   
1.04018004E+02   
8.53454691E+01   
8.50316063E+01   
9.48486697E+01   
7.88446689E+01   
8.30052010E+01   
8.13590718E+01   
8.05084017E+01   
9.53626725E+01   
8.13210642E+01   
9.20640128E+01   
8.74783957E+01   
8.06921384E+01   
8.31777355E+01   
1.01958292E+02   
9.34683937E+01   
1.01219344E+02   
1.07862272E+02   
7.98463693E+01   
9.18341668E+01   
9.50696139E+01   
7.70834167E+01   
8.90135027E+01   
8.20180036E+01   
7.24303861E+01   
8.93882777E+01   
9.97669534E+01   
1.14552010E+02   
1.02020404E+02   
8.32598520E+01   
9.00172034E+01   
9.26300260E+01   
9.56357271E+01   
8.79391878E+01   
9.81816363E+01   
9.42418484E+01   
8.58662733E+01   
8.06878376E+01   
9.10144029E+01   
9.47125425E+01   
8.17141428E+01   
9.07666533E+01   
9.80675135E+01   
8.43631726E+01   
8.50156031E+01   
8.67582517E+01   
8.65323065E+01   
7.84948990E+01   
1.05067013E+02   
9.37277455E+01   
8.63668734E+01   
7.98927786E+01   
8.95563113E+01   
8.47269454E+01   
8.93082617E+01   
9.08613723E+01   
9.20297059E+01   
8.00241048E+01   
8.24418884E+01   
9.11592318E+01   
7.87295459E+01   
8.47301460E+01   
8.70231046E+01   
8.91593319E+01   
8.81450290E+01   
8.04685937E+01   
8.01207241E+01   
7.90566113E+01   
1.06764453E+02   
8.05502100E+01   
7.62643529E+01   
8.57708542E+01   
9.00535107E+01   
9.51577315E+01   
7.72523505E+01   
7.45625125E+01   
8.53341668E+01   
7.98810762E+01   
7.78818764E+01   
8.38826765E+01   
8.61525305E+01   
9.09445889E+01   
9.77533507E+01   
8.14214843E+01   
6.45461092E+01   
8.27477495E+01   
8.96353271E+01   
8.88649730E+01   
8.95405081E+01   
7.37517504E+01   
8.97091418E+01   
7.63196639E+01   
8.57171434E+01   
6.79582917E+01   
7.52388478E+01   
8.06292258E+01   
8.04003801E+01   
8.01207241E+01   
8.54181836E+01   
6.91247249E+01   
7.63955791E+01   
7.42760552E+01   
6.15079016E+01   
8.11325265E+01   
6.61427285E+01   
9.62676535E+01   
7.02584517E+01   
8.33945789E+01   
8.01385277E+01   
6.17523505E+01   
6.20322064E+01   
7.76262252E+01   
8.28918784E+01   
7.99220844E+01   
9.44129826E+01   
9.28632727E+01   
7.62180436E+01   
7.84141828E+01   
7.54181836E+01   
9.00168034E+01   
7.52020404E+01   
7.34221844E+01   
8.14261852E+01   
8.64301860E+01   
7.83049610E+01   
7.86648330E+01   
8.28994799E+01   
9.06273255E+01   
7.59812963E+01   
7.46692338E+01   
8.22442488E+01   
9.55308062E+01   
7.63842769E+01   
8.06549310E+01   
9.18100620E+01   
8.26665333E+01   
7.93761752E+01   
7.42311462E+01   
8.04612923E+01   
8.26833367E+01   
9.04612923E+01   
9.76783357E+01   
7.03443689E+01   
8.39046809E+01   
7.61430286E+01   
7.98857772E+01   
9.50682136E+01   
9.49138828E+01   
7.28123625E+01   
8.27285457E+01   
7.65903181E+01   
6.83975795E+01   
7.90613123E+01   
8.24897980E+01   
8.61233247E+01   
9.72863573E+01   
9.33331666E+01   
7.08865773E+01   
7.60825165E+01   
8.38838768E+01   
8.77380476E+01   
6.81409282E+01   
7.47925585E+01   
7.18285657E+01   
7.96111222E+01   
8.26195239E+01   
7.76135227E+01   
7.30156031E+01   
8.79230846E+01   
8.01081216E+01   
7.84244849E+01   
7.58029606E+01   
6.88193639E+01   
7.65022004E+01   
9.41413283E+01   
6.19823965E+01   
8.58209642E+01   
6.71097219E+01   
7.90604121E+01   
7.41125225E+01   
6.15295059E+01   
8.03519704E+01   
7.09198840E+01   
8.32006401E+01   
8.97123425E+01   
8.41113223E+01   
8.16632326E+01   
9.21901380E+01   
6.70282056E+01   
8.51012202E+01   
7.70144029E+01   
8.18341668E+01   
7.21049210E+01   
8.87643529E+01   
8.04430886E+01   
6.98369674E+01   
8.24860972E+01   
7.80698140E+01   
7.67899580E+01   
8.03656731E+01   
6.88815763E+01   
6.83568714E+01   
9.97250450E+01   
7.65902180E+01   
5.87171434E+01   
8.09120824E+01   
9.01001200E+01   
7.78481696E+01   
8.43498700E+01   
8.45171034E+01   
7.10172034E+01   
7.40026005E+01   
7.45221044E+01   
6.61774355E+01   
6.45804161E+01   
6.46891378E+01   
8.66122224E+01   
7.22539508E+01   
7.59342869E+01   
6.84874975E+01   
7.53834767E+01   
7.07804561E+01   
7.42491498E+01   
8.51643329E+01   
6.90960192E+01   
7.25545109E+01   
7.35488098E+01   
7.47860572E+01   
8.58637728E+01   
6.08392679E+01   
7.94891978E+01   
7.10877175E+01   
8.50549110E+01   
8.80917183E+01   
5.63304661E+01   
7.18505701E+01   
6.58104621E+01   
7.61522304E+01   
7.48020604E+01   
7.67295459E+01   
7.07904581E+01   
6.69402881E+01   
7.43833767E+01   
8.43905781E+01   
8.23625725E+01   
7.65641128E+01   
6.69446889E+01   
8.01329266E+01   
7.83549710E+01   
7.26855371E+01   
7.66798360E+01   
7.14110822E+01   
7.45520104E+01   
7.55576115E+01   
7.40825165E+01   
7.23397680E+01   
7.53357672E+01   
6.95672134E+01   
6.87124425E+01   
8.79420884E+01   
9.03932787E+01   
7.89540908E+01   
8.12632527E+01   
7.91564313E+01   
6.37259452E+01   
6.44645929E+01   
6.30128026E+01   
8.54156831E+01   
8.10761152E+01   
6.62520504E+01   
7.47807562E+01   
7.42488498E+01   
9.08416683E+01   
6.33598720E+01   
6.70705141E+01   
7.80697139E+01   
7.22372474E+01   
7.04540908E+01   
8.89045809E+01   
7.11258252E+01   
7.75246049E+01   
7.46681336E+01   
6.98528706E+01   
7.47486497E+01   
8.14404881E+01   
8.23838768E+01   
8.80709142E+01   
8.10184037E+01   
6.83775755E+01   
7.41174235E+01   
7.67622525E+01   
8.58163633E+01   
8.82669534E+01   
7.90657131E+01   
6.82605521E+01   
7.30625125E+01   
7.48692739E+01   
7.39670934E+01   
7.50152030E+01   
6.79213843E+01   
6.24345869E+01   
6.51507301E+01   
7.36912382E+01   
6.22405481E+01   
8.34281856E+01   
7.23287658E+01   
7.47497499E+01   
6.43664733E+01   
6.82301460E+01   
5.81832366E+01   
5.86699340E+01   
8.76342268E+01   
6.06841368E+01   
7.51842368E+01   
7.37138428E+01   
7.47685537E+01   
8.36129226E+01   
6.46930386E+01   
7.05788158E+01   
7.60545109E+01   
6.84772955E+01   
7.56674335E+01   
7.68631726E+01   
7.12767554E+01   
5.45295059E+01   
7.68754751E+01   
7.94528906E+01   
5.99433887E+01   
7.19449890E+01   
8.00862172E+01   
7.21191238E+01   
7.50826165E+01   
6.78113623E+01   
7.70160032E+01   
6.44766953E+01   
7.87178436E+01   
7.08855771E+01   
6.51741348E+01   
6.89822965E+01   
6.71685337E+01   
7.58594719E+01   
6.88935787E+01   
6.82235447E+01   
9.73094619E+01   
5.68028606E+01   
6.96980396E+01   
7.40722144E+01   
6.62368474E+01   
6.58208642E+01   
6.51493299E+01   
9.16152230E+01   
6.53320664E+01   
7.32453491E+01   
6.77826565E+01   
6.59641928E+01   
7.89657932E+01   
5.63530706E+01   
6.67729546E+01   
8.18042609E+01   
6.63153631E+01   
7.09448890E+01   
7.09030806E+01   
7.01458292E+01   
7.87788558E+01   
7.60176035E+01   
7.42226445E+01   
6.09331866E+01   
7.40152030E+01   
6.50345069E+01   
7.30904181E+01   
7.59391878E+01   
6.61234247E+01   
6.80301060E+01   
8.08908782E+01   
6.60148030E+01   
6.01468294E+01   
6.38666733E+01   
6.99994999E+01   
6.12145429E+01   
7.48017604E+01   
8.41030206E+01   
6.80559112E+01   
6.99712943E+01   
6.30535107E+01   
7.49220844E+01   
6.20777155E+01   
6.20495099E+01   
7.59534907E+01   
7.60027005E+01   
6.31452290E+01   
5.58940788E+01   
6.70342068E+01   
8.88773755E+01   
8.69536907E+01   
7.21284257E+01   
7.40848170E+01   
6.80703141E+01   
6.39491898E+01   
8.49774955E+01   
6.80988198E+01   
6.39981996E+01   
7.20059012E+01   
7.29496899E+01   
6.30804161E+01   
6.60071014E+01   
6.60034007E+01   
6.60214043E+01   
7.79679936E+01   
7.70337067E+01   
7.00297059E+01   
7.70207041E+01   
5.60099020E+01   
6.20107021E+01   
6.00076015E+01   
6.70171034E+01   
6.40152030E+01   
8.00097019E+01   
8.50141028E+01   
6.50166033E+01   
7.20148030E+01   
7.20133027E+01   
5.90087017E+01   
6.40178036E+01   
6.30302060E+01   
7.70319064E+01   
8.99903981E+01   
6.90308062E+01   
7.10039008E+01   
6.50015003E+01   
7.10246049E+01   
8.39821964E+01   
7.09891978E+01   
6.70553111E+01   
7.30140028E+01   
7.39926985E+01   
5.89827966E+01   
6.30586117E+01   
7.80468094E+01   
7.28933787E+01   
5.52189438E+01   
9.98287658E+01   
7.40900180E+01   
6.31376275E+01   
8.48689738E+01   
6.70798160E+01   
6.98430686E+01   
6.31048210E+01   
6.39143829E+01   
6.40731146E+01   
6.30509102E+01   
7.59722945E+01   
6.20533107E+01   
6.20986197E+01   
6.18681736E+01   
6.71320264E+01   
6.80144029E+01   
6.41257251E+01   
8.08215643E+01   
7.80291058E+01   
6.69785957E+01   
5.90820164E+01   
6.81389278E+01   
6.49797960E+01   
7.50156031E+01   
7.88436687E+01   
6.40315063E+01   
6.60522104E+01   
6.39319864E+01   
6.61358272E+01   
7.10140028E+01   
6.50570114E+01   
6.29928986E+01   
7.48136627E+01   
6.33967794E+01   
8.27634527E+01   
7.10367073E+01   
6.60614123E+01   
7.38199640E+01   
5.81347269E+01   
5.69629926E+01   
6.31399280E+01   
6.30662132E+01   
7.80415083E+01   
6.90156031E+01   
7.20427085E+01   
6.88234647E+01   
5.80690138E+01   
7.38441688E+01   
5.70403081E+01   
6.51866373E+01   
6.62799560E+01   
8.67488498E+01   
6.48931786E+01   
6.38285657E+01   
8.10415083E+01   
5.42628526E+01   
7.09182837E+01   
5.58512703E+01   
5.85014003E+01   
8.20830166E+01   
6.69170834E+01   
6.65078016E+01   
5.51819364E+01   
5.77347469E+01   
5.10794159E+01   
5.42940588E+01   
6.17618524E+01   
5.81193239E+01   
6.83052611E+01   
7.40148030E+01   
7.22398480E+01   
5.92211442E+01   
6.16217243E+01   
7.63184637E+01   
5.59465893E+01   
7.75040008E+01   
7.22518504E+01   
7.47729546E+01   
6.68902781E+01   
6.60523105E+01   
5.41776355E+01   
6.72646529E+01   
6.87617524E+01   
7.22694539E+01   
7.42827566E+01   
5.10958192E+01   
5.24925985E+01   
5.86786357E+01   
8.14387878E+01   
7.40148030E+01   
6.91058212E+01   
6.59696939E+01   
6.57373475E+01   
6.48726745E+01   
6.31529306E+01   
6.08702741E+01   
6.22032406E+01   
6.20132026E+01   
7.11593319E+01   
6.96215243E+01   
6.84567914E+01   
8.71146229E+01   
8.05628126E+01   
7.13669734E+01   
6.69636927E+01   
6.70659132E+01   
6.34437888E+01   
5.59057812E+01   
5.64839968E+01   
6.22787558E+01   
8.48546709E+01   
6.59600920E+01   
5.85791158E+01   
6.77216443E+01   
7.07400480E+01   
7.25695139E+01   
5.66749350E+01   
6.74157832E+01   
7.45643129E+01   
7.41290258E+01   
7.54979996E+01   
6.74752951E+01   
6.50735147E+01   
7.64284857E+01   
6.51889378E+01   
6.88342669E+01   
6.10715143E+01   
6.13738748E+01   
6.98322665E+01   
6.73187638E+01   
7.08306661E+01   
6.85187037E+01   
5.43846769E+01   
6.53894779E+01   
7.57000400E+01   
8.65852170E+01   
7.63141628E+01   
6.74982997E+01   
5.67861572E+01   
7.34701940E+01   
7.87551510E+01   
7.76201240E+01   
7.08142629E+01   
5.83455691E+01   
6.84837968E+01   
6.66117223E+01   
7.59651930E+01   
7.15171034E+01   
7.04921984E+01   
6.21522304E+01   
6.48062613E+01   
7.28038608E+01   
6.32233447E+01   
7.01550310E+01   
7.52988598E+01   
6.90148030E+01   
6.18733747E+01   
7.15090018E+01   
6.36488298E+01   
5.34490898E+01   
6.63068614E+01   
6.49404881E+01   
7.58653731E+01   
7.01626325E+01   
6.66900380E+01   
8.20359072E+01   
6.49233847E+01   
7.86435287E+01   
4.83168634E+01   
6.23971794E+01   
5.60136027E+01   
6.95590118E+01   
7.37633527E+01   
5.25610122E+01   
6.45666133E+01   
8.24926985E+01   
8.24995999E+01   
6.99741948E+01   
7.48851770E+01   
5.99829966E+01   
8.89328866E+01   
6.39490898E+01   
6.15850170E+01   
6.25980196E+01   
5.04199840E+01   
7.28497700E+01   
5.84303861E+01   
6.26030206E+01   
6.90837167E+01   
6.38409682E+01   
5.40104021E+01   
6.34399880E+01   
5.39260852E+01   
5.94049810E+01   
5.42288458E+01   
5.70148030E+01   
6.47510502E+01   
6.90421084E+01   
6.78076615E+01   
5.54583917E+01   
7.76567313E+01   
6.74845969E+01   
4.73546709E+01   
7.41096219E+01   
5.69239848E+01   
7.07422484E+01   
7.63721744E+01   
7.49204841E+01   
6.91051210E+01   
6.53852771E+01   
7.90144029E+01   
6.12630526E+01   
5.87657532E+01   
7.05827165E+01   
7.59704941E+01   
7.01079216E+01   
6.44923985E+01   
6.77626525E+01   
6.74603921E+01   
6.90156031E+01   
6.88205641E+01   
7.41127225E+01   
6.14252851E+01   
5.87166433E+01   
6.26063213E+01   
8.10140028E+01   
5.76143229E+01   
5.99120824E+01   
6.14220844E+01   
7.60064013E+01   
6.86227245E+01   
7.22006401E+01   
7.90128026E+01   
6.94508902E+01   
7.24403881E+01   
5.17682537E+01   
6.53269654E+01   
7.42861572E+01   
7.21183237E+01   
6.03832767E+01   
6.49060812E+01   
7.04348870E+01   
5.78633727E+01   
6.65891178E+01   
7.24428886E+01   
8.85859172E+01   
6.28272655E+01   
5.81183237E+01   
4.82063413E+01   
5.83421684E+01   
8.00303061E+01   
6.23421684E+01   
5.49103821E+01   
5.53382677E+01   
6.77921584E+01   
6.45675135E+01   
6.17954591E+01   
7.15655131E+01   
5.76895379E+01   
6.41287257E+01   
7.10377075E+01   
8.56272254E+01   
6.09257852E+01   
7.39321864E+01   
7.28302661E+01   
5.94323865E+01   
5.64716943E+01   
5.60096019E+01   
4.88928786E+01   
5.41804361E+01   
7.30153031E+01   
4.85394079E+01   
6.82482496E+01   
7.27932587E+01   
7.71594319E+01   
5.93235647E+01   
6.40132026E+01   
6.81709342E+01   
5.16140228E+01   
7.07391478E+01   
6.84071814E+01   
6.67443489E+01   
7.44035807E+01   
5.82586517E+01   
6.20290058E+01   
7.20108022E+01   
5.90108022E+01   
7.47567514E+01   
6.52626525E+01   
6.77647530E+01   
7.28866773E+01   
6.38942789E+01   
7.71419284E+01   
7.21427285E+01   
7.18892779E+01   
7.15059012E+01   
7.79909982E+01   
6.32412482E+01   
5.40386077E+01   
6.30120024E+01   
6.88462693E+01   
4.73076615E+01   
6.87943589E+01   
7.52304461E+01   
7.20124025E+01   
7.85385077E+01   
6.68820764E+01   
7.34842969E+01   
7.62065413E+01   
6.82168434E+01   
6.18796759E+01   
5.99502901E+01   
7.48066613E+01   
6.88772755E+01   
6.78764753E+01   
6.42822565E+01   
6.16042208E+01   
6.78287658E+01   
6.41928386E+01   
6.13419684E+01   
7.40549110E+01   
6.80493099E+01   
7.52569514E+01   
7.83219644E+01   
8.21527305E+01   
7.92930586E+01   
7.51957391E+01   
6.81322264E+01   
6.87164433E+01   
7.20148030E+01   
6.20241048E+01   
7.45732146E+01   
6.50201040E+01   
7.62999600E+01   
6.32997600E+01   
6.68716743E+01   
7.45905181E+01   
7.04390878E+01   
5.92780556E+01   
5.31869374E+01   
7.19785957E+01   
5.83237648E+01   
7.28676735E+01   
6.02528506E+01   
5.76272254E+01   
7.41607321E+01   
6.68656731E+01   
6.86782356E+01   
5.83481696E+01   
6.14605921E+01   
7.09676935E+01   
5.32110422E+01   
6.74134827E+01   
7.00132026E+01   
5.91643329E+01   
6.05590118E+01   
6.71643329E+01   
5.74500900E+01   
7.92700540E+01   
6.91651330E+01   
6.14729946E+01   
6.64742949E+01   
5.50096019E+01   
5.97947590E+01   
7.08449690E+01   
6.25665133E+01   
7.17677536E+01   
6.59499900E+01   
6.17009402E+01   
6.57565513E+01   
6.19486897E+01   
8.68617724E+01   
5.56957391E+01   
5.63766753E+01   
5.81239248E+01   
5.60128026E+01   
7.02535507E+01   
5.77720544E+01   
6.89771954E+01   
8.43706741E+01   
8.05290058E+01   
4.62027405E+01   
5.76337267E+01   
7.38752751E+01   
6.55222044E+01   
6.28092619E+01   
6.41951390E+01   
7.60128026E+01   
5.73770754E+01   
5.48228646E+01   
6.49971994E+01   
7.68496699E+01   
6.91835367E+01   
6.91799360E+01   
7.01807361E+01   
6.08516703E+01   
7.45274055E+01   
7.63262653E+01   
6.48320664E+01   
5.46869374E+01   
7.07073415E+01   
6.85062012E+01   
7.56741348E+01   
7.12091418E+01   
6.81343269E+01   
7.43846769E+01   
7.42646529E+01   
5.85942188E+01   
7.80152030E+01   
6.41495299E+01   
8.03602721E+01   
7.20576115E+01   
7.70987197E+01   
6.70604121E+01   
5.83138628E+01   
6.91351270E+01   
6.93535707E+01   
7.24916983E+01   
6.18940788E+01   
5.64181836E+01   
5.70740148E+01   
7.32994599E+01   
5.76146229E+01   
6.68344669E+01   
7.57293459E+01   
6.06553311E+01   
7.41935387E+01   
6.85713143E+01   
6.59144829E+01   
6.40128026E+01   
6.74681936E+01   
6.90129026E+01   
7.47453491E+01   
6.82765553E+01   
5.46598320E+01   
8.78127626E+01   
5.96425285E+01   
6.04842969E+01   
6.81212242E+01   
7.48300660E+01   
7.60148030E+01   
6.06429286E+01   
7.45233047E+01   
6.80108022E+01   
6.65079016E+01   
6.99510902E+01   
6.33854771E+01   
5.88937788E+01   
6.26932386E+01   
6.83898780E+01   
7.42019404E+01   
7.52027405E+01   
6.83001600E+01   
5.62984597E+01   
7.39118824E+01   
6.35423085E+01   
6.18212643E+01   
7.14357872E+01   
6.78188638E+01   
6.33974795E+01   
5.80120024E+01   
6.52059412E+01   
6.11218244E+01   
7.62924585E+01   
6.02326465E+01   
7.14026805E+01   
5.52083417E+01   
7.77981596E+01   
6.99980996E+01   
7.66364273E+01   
7.22234447E+01   
6.78037608E+01   
7.14185837E+01   
6.24035807E+01   
6.48160632E+01   
6.86134227E+01   
7.64161832E+01   
7.14154831E+01   
7.18074615E+01   
6.56260252E+01   
7.20164033E+01   
8.96125225E+01   
7.70156031E+01   
6.43936787E+01   
5.74186837E+01   
6.09777956E+01   
5.72525505E+01   
6.74439888E+01   
7.58116623E+01   
6.78108622E+01   
6.57823565E+01   
5.51894379E+01   
6.32813563E+01   
7.19485897E+01   
6.02548510E+01   
6.04861972E+01   
5.08790758E+01   
5.51778356E+01   
5.76795359E+01   
7.27316463E+01   
7.42939588E+01   
6.33221644E+01   
6.92275455E+01   
6.76994399E+01   
7.02800560E+01   
7.01310262E+01   
7.94762953E+01   
7.15901180E+01   
6.11630326E+01   
6.77175435E+01   
6.88801760E+01   
6.58673735E+01   
5.97988598E+01   
6.56570314E+01   
5.49382877E+01   
6.42275455E+01   
5.52283457E+01   
6.25272054E+01   
7.50156031E+01   
7.21927385E+01   
6.35332066E+01   
6.18849770E+01   
6.77964593E+01   
8.05456091E+01   
7.27300460E+01   
5.67916583E+01   
5.74301860E+01   
6.11338268E+01   
7.57795559E+01   
7.03630726E+01   
7.45628126E+01   
7.21270254E+01   
6.77919584E+01   
7.63434687E+01   
6.56893379E+01   
6.96751350E+01   
6.90140028E+01   
7.65653131E+01   
6.55864173E+01   
7.28902781E+01   
6.51118224E+01   
7.38199640E+01   
6.91102220E+01   
6.68279656E+01   
5.92471494E+01   
7.17872575E+01   
7.25098020E+01   
6.42411482E+01   
6.52682537E+01   
5.30707141E+01   
6.69301860E+01   
6.45430086E+01   
8.20290058E+01   
6.16225245E+01   
7.31664333E+01   
6.47808562E+01   
6.50842168E+01   
6.20309062E+01   
7.61793359E+01   
7.36187237E+01   
6.97455491E+01   
5.37114423E+01   
5.68855771E+01   
6.58402681E+01   
6.36580316E+01   
7.81304261E+01   
6.97756551E+01   
6.60112022E+01   
6.44846969E+01   
7.71977395E+01   
6.76385277E+01   
5.81033207E+01   
7.38700740E+01   
5.94440888E+01   
7.12097419E+01   
7.68600720E+01   
5.77724545E+01   
6.25313063E+01   
5.77334467E+01   
6.67358472E+01   
6.59797960E+01   
6.63859772E+01   
7.15832166E+01   
7.73481696E+01   
7.70414083E+01   
5.89865973E+01   
7.07700540E+01   
6.65249050E+01   
6.40128026E+01   
6.47288458E+01   
6.92611522E+01   
6.92943589E+01   
6.67668534E+01   
7.02465493E+01   
6.97904581E+01   
6.74964993E+01   
7.12533507E+01   
7.52771554E+01   
6.17640528E+01   
7.30090018E+01   
7.52653531E+01   
5.45129026E+01   
6.55141028E+01   
7.10114023E+01   
5.50220044E+01   
6.40036007E+01   
7.00128026E+01   
6.87792559E+01   
7.02573515E+01   
7.87864573E+01   
7.99887978E+01   
5.82363473E+01   
6.35025005E+01   
5.90294059E+01   
5.62671534E+01   
6.82235447E+01   
5.83369674E+01   
6.92457491E+01   
7.12703541E+01   
6.12425485E+01   
6.58458692E+01   
8.21479296E+01   
5.53363673E+01   
5.96860372E+01   
5.92703541E+01   
6.61262252E+01   
7.48571714E+01   
5.76549310E+01   
6.91903381E+01   
7.35797159E+01   
7.12305461E+01   
7.30140028E+01   
7.40140028E+01   
7.42257451E+01   
6.41181236E+01   
5.16439288E+01   
6.17484497E+01   
6.30694139E+01   
6.85431086E+01   
6.48931786E+01   
5.62767554E+01   
7.02030406E+01   
7.02874575E+01   
6.54772955E+01   
5.64143829E+01   
5.96056211E+01   
6.52972595E+01   
7.91860372E+01   
6.07717544E+01   
7.45924185E+01   
6.67067413E+01   
6.96654331E+01   
6.35539108E+01   
6.39092819E+01   
7.22206441E+01   
6.46405281E+01   
7.35575115E+01   
6.23802761E+01   
5.81030206E+01   
5.75552110E+01   
5.42926585E+01   
6.50148030E+01   
7.03686737E+01   
6.54628926E+01   
6.27631526E+01   
7.45667133E+01   
6.53606721E+01   
6.49740948E+01   
6.63933787E+01   
7.17831566E+01   
6.61829366E+01   
6.84584917E+01   
7.41785357E+01   
5.95699140E+01   
5.68506701E+01   
7.57779556E+01   
6.07715543E+01   
6.15312062E+01   
5.90116023E+01   
5.63854771E+01   
7.37639528E+01   
6.92951590E+01   
6.79900980E+01   
7.58853771E+01   
6.15990198E+01   
5.35799160E+01   
5.44456891E+01   
6.71407281E+01   
7.54543909E+01   
6.81542308E+01   
7.01585317E+01   
6.71561312E+01   
6.34400880E+01   
5.71517303E+01   
5.94566913E+01   
7.05649130E+01   
6.11783357E+01   
7.22850570E+01   
6.00341068E+01   
8.14131826E+01   
8.04597920E+01   
6.77240448E+01   
5.87557512E+01   
7.95622124E+01   
6.83432687E+01   
7.72678536E+01   
7.17228446E+01   
6.76755351E+01   
6.09387878E+01   
6.97220444E+01   
7.22534507E+01   
5.35426085E+01   
6.43652731E+01   
6.37188438E+01   
7.56035207E+01   
5.91273255E+01   
7.04208842E+01   
6.57537508E+01   
8.08637728E+01   
5.53099620E+01   
5.96083217E+01   
8.56956391E+01   
7.02438488E+01   
6.49987998E+01   
7.39210842E+01   
6.45102020E+01   
7.54144829E+01   
6.49146829E+01   
6.69094819E+01   
5.28073615E+01   
5.79150830E+01   
6.14272855E+01   
7.33171634E+01   
6.02903581E+01   
5.96179236E+01   
6.45302060E+01   
6.46708342E+01   
6.23579716E+01   
8.19286857E+01   
7.08794759E+01   
7.27628526E+01   
7.77925585E+01   
6.60148030E+01   
7.18674735E+01   
7.34692939E+01   
6.95547109E+01   
6.31677335E+01   
7.88649730E+01   
6.33857772E+01   
6.87211442E+01   
8.27064413E+01   
7.80156031E+01   
8.20845169E+01   
7.17036407E+01   
6.58809762E+01   
6.60314063E+01   
6.16253251E+01   
8.28913783E+01   
7.37026405E+01   
6.43864773E+01   
6.78933787E+01   
7.27585517E+01   
6.60995199E+01   
6.78146629E+01   
7.19606921E+01   
7.01230246E+01   
7.11215243E+01   
7.64882977E+01   
7.70160032E+01   
7.86503301E+01   
7.33816763E+01   
7.08363673E+01   
6.65589118E+01   
6.90589118E+01   
8.70140028E+01   
7.34161832E+01   
6.92116423E+01   
7.64141828E+01   
7.90517103E+01   
6.75821164E+01   
6.15141028E+01   
5.79762953E+01   
6.73010602E+01   
7.43676735E+01   
7.28598720E+01   
8.28120624E+01   
5.97173435E+01   
8.52014403E+01   
8.57446489E+01   
6.40642128E+01   
9.33150630E+01   
6.90365073E+01   
6.46868374E+01   
6.27254451E+01   
5.46458292E+01   
7.72703541E+01   
7.20333067E+01   
7.53443689E+01   
8.20438088E+01   
7.13431686E+01   
8.29804961E+01   
7.33681736E+01   
7.97123425E+01   
6.33504701E+01   
7.06540308E+01   
7.30050010E+01   
8.00303061E+01   
6.60144029E+01   
6.76799360E+01   
7.36835367E+01   
6.93468694E+01   
6.46793359E+01   
7.10198040E+01   
7.40117023E+01   
7.46796359E+01   
6.96788358E+01   
6.43420684E+01   
6.40041008E+01   
6.60532106E+01   
6.43309662E+01   
7.20402080E+01   
6.76653331E+01   
5.99400880E+01   
7.00911182E+01   
7.33722745E+01   
7.26028206E+01   
6.67516503E+01   
6.66127225E+01   
5.59454891E+01   
6.71263253E+01   
6.93069614E+01   
6.83806761E+01   
6.93025605E+01   
7.40407081E+01   
6.72682537E+01   
5.64767954E+01   
7.93276655E+01   
7.83591718E+01   
7.46361272E+01   
7.17039408E+01   
7.06688338E+01   
7.36680336E+01   
7.39353871E+01   
7.07450490E+01   
7.10962192E+01   
7.76680336E+01   
7.59273855E+01   
6.30579116E+01   
6.86189238E+01   
7.31549310E+01   
5.82194439E+01   
7.64126825E+01   
6.29632927E+01   
6.83116623E+01   
6.67147429E+01   
7.11773355E+01   
7.46089218E+01   
7.16628326E+01   
6.99564913E+01   
6.80731146E+01   
6.88326665E+01   
7.72763553E+01   
8.58091618E+01   
7.00767153E+01   
6.21446289E+01   
7.53935787E+01   
6.35705141E+01   
6.38765753E+01   
5.98014603E+01   
6.18661732E+01   
4.84422885E+01   
5.92976595E+01   
5.95793159E+01   
6.57287457E+01   
7.18853771E+01   
6.62960592E+01   
5.67746549E+01   
6.46956391E+01   
6.15729146E+01   
7.66532306E+01   
6.97598520E+01   
7.27160432E+01   
7.39284857E+01   
8.61027205E+01   
7.27419484E+01   
6.57442488E+01   
6.52885577E+01   
6.97370474E+01   
7.11889378E+01   
6.60277055E+01   
7.39184837E+01   
7.04521904E+01   
7.58430686E+01   
7.65806161E+01   
6.57114423E+01   
7.06287257E+01   
7.97078416E+01   
8.67006401E+01   
6.53313663E+01   
8.30160032E+01   
7.23855771E+01   
6.99466893E+01   
7.08638728E+01   
6.51601320E+01   
6.40949190E+01   
6.75027005E+01   
7.05301060E+01   
6.95269054E+01   
8.91331266E+01   
8.47623525E+01   
7.55339068E+01   
7.21175235E+01   
8.46552310E+01   
6.36362272E+01   
7.88886777E+01   
6.48890778E+01   
6.77729546E+01   
7.42534507E+01   
7.50274055E+01   
8.40164033E+01   
7.43733747E+01   
6.49034807E+01   
7.73669734E+01   
7.25581116E+01   
7.77091418E+01   
7.49098820E+01   
7.71539308E+01   
8.63955791E+01   
6.77309462E+01   
8.43002601E+01   
6.82524505E+01   
7.50148030E+01   
7.54561912E+01   
7.10423085E+01   
7.54617924E+01   
7.61810362E+01   
6.75570114E+01   
6.60061012E+01   
7.05514103E+01   
5.68625725E+01   
6.80869174E+01   
6.10829166E+01   
7.68064613E+01   
7.95358072E+01   
6.30132026E+01   
6.27262452E+01   
7.64640928E+01   
6.19073815E+01   
7.09550910E+01   
7.84616923E+01   
8.09542909E+01   
7.36236247E+01   
8.51362272E+01   
7.24993999E+01   
6.89686937E+01   
7.39305861E+01   
7.69230846E+01   
7.53678736E+01   
8.44809962E+01   
6.19782957E+01   
7.93758752E+01   
7.14408882E+01   
6.75927185E+01   
6.44898980E+01   
6.47533507E+01   
8.49938988E+01   
8.28702741E+01   
6.52200440E+01   
7.57411482E+01   
7.07082416E+01   
6.99599920E+01   
8.38224645E+01   
7.22265453E+01   
6.93928786E+01   
7.98294659E+01   
7.98127626E+01   
7.66143229E+01   
7.02152430E+01   
7.08167634E+01   
7.34230846E+01   
8.04120824E+01   
8.11930386E+01   
5.76096219E+01   
6.04421884E+01   
6.79841968E+01   
7.68191638E+01   
7.28008602E+01   
6.88422685E+01   
6.58478696E+01   
7.77498500E+01   
6.86343269E+01   
7.14494899E+01   
8.30160032E+01   
7.96431286E+01   
7.97242448E+01   
7.77185437E+01   
8.01621324E+01   
9.16487297E+01   
6.95202040E+01   
6.74674935E+01   
7.45573115E+01   
7.37022404E+01   
6.54263853E+01   
8.36595319E+01   
8.29620924E+01   
7.13696739E+01   
7.71904381E+01   
7.33126625E+01   
8.94934987E+01   
7.69950990E+01   
8.54938988E+01   
8.71546309E+01   
7.34605921E+01   
7.25770154E+01   
7.51125225E+01   
7.96004201E+01   
6.97676535E+01   
6.98471694E+01   
7.93494699E+01   
7.13434687E+01   
7.24405881E+01   
7.10172034E+01   
7.40885177E+01   
7.00144029E+01   
6.81760352E+01   
7.98877776E+01   
6.90395079E+01   
7.47950590E+01   
7.49112823E+01   
7.82767554E+01   
7.38575715E+01   
7.62811562E+01   
7.86373275E+01   
6.79726945E+01   
8.04014803E+01   
8.06305261E+01   
7.10481096E+01   
7.34082817E+01   
7.25916183E+01   
7.83152631E+01   
7.62911582E+01   
7.82573515E+01   
9.04946989E+01   
8.25626125E+01   
8.68836767E+01   
7.73141628E+01   
6.87210442E+01   
7.45892178E+01   
7.08732747E+01   
7.90152030E+01   
7.35785157E+01   
6.41421284E+01   
6.48818764E+01   
7.80275055E+01   
7.58405681E+01   
7.02101420E+01   
7.21297259E+01   
7.54730946E+01   
8.07188438E+01   
6.89513903E+01   
6.90806161E+01   
7.20539108E+01   
8.64124825E+01   
6.76251250E+01   
8.41021204E+01   
7.21440288E+01   
7.54503901E+01   
7.05784157E+01   
7.89454891E+01   
7.91386277E+01   
8.63335667E+01   
7.27058412E+01   
7.79484897E+01   
6.48919784E+01   
6.98192639E+01   
5.71340268E+01   
6.97322464E+01   
7.81733347E+01   
6.85395079E+01   
7.00164033E+01   
8.48995799E+01   
6.62713543E+01   
7.56663333E+01   
7.18004601E+01   
6.26715343E+01   
7.26763353E+01   
7.55773155E+01   
5.70132026E+01   
8.41267253E+01   
7.50093019E+01   
6.40124025E+01   
7.77022404E+01   
8.33225645E+01   
6.71399280E+01   
6.19904981E+01   
6.66971394E+01   
6.30140028E+01   
6.76011202E+01   
8.11196239E+01   
8.67115423E+01   
6.83757752E+01   
8.07119424E+01   
6.86632326E+01   
6.39718944E+01   
7.50176035E+01   
8.40501100E+01   
7.54651930E+01   
6.81088218E+01   
7.32574515E+01   
7.94085817E+01   
7.70939188E+01   
8.00152030E+01   
8.70152030E+01   
7.78370674E+01   
8.98348670E+01   
9.37404481E+01   
8.19124825E+01   
7.28586717E+01   
7.82780556E+01   
6.99872975E+01   
8.29606921E+01   
7.96432286E+01   
7.78904781E+01   
8.37294459E+01   
8.45097019E+01   
6.91768354E+01   
6.08535707E+01   
8.85399080E+01   
8.17257451E+01   
6.83963793E+01   
6.68596719E+01   
6.90923185E+01   
7.22404481E+01   
7.68054611E+01   
8.04095819E+01   
7.88949790E+01   
6.73315663E+01   
7.75492098E+01   
7.32244449E+01   
7.30583117E+01   
7.28783757E+01   
8.50176035E+01   
7.96184237E+01   
9.52820564E+01   
7.21523305E+01   
6.80037007E+01   
7.43515703E+01   
7.10136027E+01   
6.66072214E+01   
8.40503101E+01   
7.36873375E+01   
6.56495299E+01   
7.22479496E+01   
8.88976795E+01   
6.98399680E+01   
7.12424485E+01   
7.26199240E+01   
6.53488698E+01   
7.24855971E+01   
8.05307061E+01   
8.09692939E+01   
7.71176235E+01   
7.39607922E+01   
7.61851370E+01   
8.03156631E+01   
6.90132026E+01   
8.75811162E+01   
8.98744749E+01   
6.75376075E+01   
7.99227846E+01   
8.88811762E+01   
7.55840168E+01   
7.47544509E+01   
6.14911982E+01   
8.07631526E+01   
7.40992198E+01   
8.98559712E+01   
7.62936587E+01   
8.13023605E+01   
7.85368074E+01   
8.15360072E+01   
7.47152430E+01   
6.95656131E+01   
6.69427886E+01   
6.84963993E+01   
6.94315863E+01   
7.10476095E+01   
8.39523905E+01   
7.06836367E+01   
7.20416083E+01   
7.92375475E+01   
8.55328066E+01   
8.79639928E+01   
9.20992198E+01   
8.25304061E+01   
9.40916183E+01   
9.19667934E+01   
8.10396079E+01   
7.50380076E+01   
7.85256051E+01   
6.70352070E+01   
6.85436087E+01   
7.34067814E+01   
7.45260052E+01   
8.24547910E+01   
9.56116223E+01   
7.35548110E+01   
8.33835767E+01   
8.95844169E+01   
6.60296059E+01   
7.34959992E+01   
8.09923985E+01   
8.00516103E+01   
7.00364073E+01   
8.64707942E+01   
8.85660132E+01   
7.65012002E+01   
9.34891978E+01   
6.95396079E+01   
7.94779956E+01   
8.45172034E+01   
7.00400080E+01   
8.20288058E+01   
6.95116023E+01   
7.20020004E+01   
8.05232046E+01   
7.50144029E+01   
7.55180036E+01   
8.50164033E+01   
8.25184037E+01   
7.60176035E+01   
7.85236047E+01   
7.09899980E+01   
7.35112022E+01   
8.20648130E+01   
7.44659932E+01   
7.65740148E+01   
9.40200040E+01   
8.64479896E+01   
6.80140028E+01   
8.40812162E+01   
8.61028206E+01   
8.59347870E+01   
7.79779956E+01   
7.49443889E+01   
5.95656131E+01   
7.09831966E+01   
8.30808162E+01   
7.64199840E+01   
8.41044209E+01   
7.40356071E+01   
8.24671934E+01   
7.96088218E+01   
8.54215843E+01   
8.64815963E+01   
6.49675935E+01   
6.29403881E+01   
6.61588318E+01   
8.60404081E+01   
7.76080216E+01   
7.78007602E+01   
7.41520304E+01   
8.24727946E+01   
8.91628326E+01   
7.34427886E+01   
7.69543909E+01   
7.39831966E+01   
8.33995799E+01   
7.42468494E+01   
8.79827966E+01   
8.14283857E+01   
8.30144029E+01   
7.98303661E+01   
6.83864773E+01   
8.36912382E+01   
8.48259652E+01   
8.09779956E+01   
8.38539708E+01   
8.86596319E+01   
7.59743949E+01   
6.78431686E+01   
6.39247850E+01   
6.97128426E+01   
8.26744349E+01   
7.48783757E+01   
7.77276455E+01   
9.04947990E+01   
7.76767353E+01   
8.49344869E+01   
9.64943989E+01   
7.48655731E+01   
7.09647930E+01   
7.95952190E+01   
7.83295659E+01   
8.88136627E+01   
5.46323265E+01   
7.56532306E+01   
7.53163633E+01   
7.37140428E+01   
7.63072615E+01   
7.50159032E+01   
6.85424085E+01   
7.77256451E+01   
7.06696339E+01   
8.90176035E+01   
7.85492098E+01   
8.88700740E+01   
8.85039008E+01   
6.74175835E+01   
8.62804561E+01   
7.83499700E+01   
8.83459692E+01   
8.69612923E+01   
8.69495899E+01   
7.58775755E+01   
8.89455891E+01   
8.76960392E+01   
8.50180036E+01   
8.77971594E+01   
8.00900180E+01   
7.61779356E+01   
6.62467493E+01   
6.22404481E+01   
6.20900180E+01   
7.42484497E+01   
7.98571714E+01   
6.59339868E+01   
7.07960592E+01   
7.73424685E+01   
7.65247049E+01   
5.75151030E+01   
8.06438288E+01   
8.49690938E+01   
7.71008202E+01   
8.28184637E+01   
8.94751950E+01   
7.18582717E+01   
7.78117624E+01   
9.60267053E+01   
7.89274855E+01   
7.89221844E+01   
8.73799760E+01   
8.84703941E+01   
8.19227846E+01   
8.15821164E+01   
7.94727946E+01   
9.50879176E+01   
7.56291258E+01   
8.26596319E+01   
8.93509702E+01   
9.78762753E+01   
8.73661732E+01   
9.75187037E+01   
8.87139428E+01   
8.57724545E+01   
8.39506901E+01   
7.69099820E+01   
8.48800760E+01   
8.08047610E+01   
9.13336667E+01   
6.75879176E+01   
7.18916783E+01   
7.95708142E+01   
8.55716143E+01   
9.62380476E+01   
8.41295259E+01   
9.14599920E+01   
9.20156031E+01   
8.89132827E+01   
8.09039808E+01   
8.01143229E+01   
8.71750350E+01   
9.95555111E+01   
7.39019804E+01   
7.82227445E+01   
7.73379676E+01   
7.86956391E+01   
9.49396879E+01   
7.97290458E+01   
8.68713743E+01   
9.69109822E+01   
8.68809762E+01   
8.05191038E+01   
8.43920784E+01   
8.15119024E+01   
7.92141428E+01   
9.00188038E+01   
9.27120424E+01   
9.46311262E+01   
6.30611122E+01   
8.21053211E+01   
8.39242849E+01   
7.84483897E+01   
7.54475895E+01   
8.17156431E+01   
9.11504301E+01   
6.84479896E+01   
6.41735347E+01   
8.18210642E+01   
8.89137828E+01   
7.62932587E+01   
7.50164033E+01   
8.88684737E+01   
9.11600320E+01   
1.04307061E+02   
7.63029606E+01   
8.15834167E+01   
9.44557912E+01   
8.44370874E+01   
7.60289058E+01   
7.85469094E+01   
6.84552911E+01   
8.42251450E+01   
9.12272454E+01   
8.09157832E+01   
1.01018004E+02   
8.29537908E+01   
8.50822164E+01   
8.41716343E+01   
8.54010802E+01   
9.86798360E+01   
9.82414483E+01   
7.59096819E+01   
8.45467093E+01   
9.40223045E+01   
8.71713343E+01   
8.41780356E+01   
8.29558912E+01   
8.22735547E+01   
7.78523705E+01   
9.89014803E+01   
9.55445089E+01   
8.52553511E+01   
8.41890378E+01   
8.20957191E+01   
8.26030206E+01   
9.77732547E+01   
8.60873175E+01   
8.36004201E+01   
7.83568714E+01   
9.15313063E+01   
8.35039008E+01   
7.20855171E+01   
8.81233247E+01   
8.34311862E+01   
8.50180036E+01   
8.50180036E+01   
7.36643329E+01   
9.01381276E+01   
8.38407682E+01   
9.58391678E+01   
9.10978196E+01   
9.65278056E+01   
7.78822765E+01   
8.11976395E+01   
8.51154231E+01   
1.05060712E+02   
7.60946189E+01   
8.05717143E+01   
8.12375475E+01   
7.42032406E+01   
8.16706341E+01   
8.09852971E+01   
7.63944789E+01   
9.02311462E+01   
6.98243649E+01   
7.32068414E+01   
8.68048610E+01   
9.53881776E+01   
8.96454291E+01   
9.13834767E+01   
8.80719144E+01   
8.10045009E+01   
9.01943389E+01   
9.06282256E+01   
9.08164633E+01   
9.54186837E+01   
8.74159832E+01   
9.38143629E+01   
7.46164233E+01   
8.64301860E+01   
9.08050610E+01   
8.96188238E+01   
8.42224445E+01   
9.10176035E+01   
8.06212242E+01   
9.24742949E+01   
8.97705541E+01   
9.19464893E+01   
8.00650130E+01   
7.28336667E+01   
8.72300460E+01   
7.88380676E+01   
9.01313263E+01   
8.11931386E+01   
8.96974395E+01   
8.44099820E+01   
8.27165433E+01   
8.06216243E+01   
8.74500900E+01   
7.91859372E+01   
7.68436687E+01   
7.54564913E+01   
8.30705141E+01   
1.00739848E+02   
8.08504701E+01   
9.96889378E+01   
9.69570914E+01   
8.40813163E+01   
9.18208642E+01   
7.85358072E+01   
8.64027806E+01   
9.30885177E+01   
9.60925185E+01   
9.09442889E+01   
9.48621724E+01   
8.60945189E+01   
8.96328266E+01   
8.36336267E+01   
8.87205441E+01   
7.99314863E+01   
1.03996099E+02   
9.25654131E+01   
9.47783557E+01   
7.79689938E+01   
9.81595319E+01   
7.21571314E+01   
9.70815163E+01   
8.72962593E+01   
9.42612523E+01   
1.00451990E+02   
9.34532907E+01   
9.27965593E+01   
7.93939788E+01   
8.93789758E+01   
8.90302060E+01   
9.51283257E+01   
8.77769554E+01   
8.37675535E+01   
8.47659532E+01   
1.00020604E+02   
8.62626525E+01   
7.72692539E+01   
8.05245049E+01   
7.48826765E+01   
6.88786757E+01   
8.75269054E+01   
8.73879776E+01   
9.72736547E+01   
8.46122224E+01   
8.24213843E+01   
9.50570114E+01   
9.74982997E+01   
7.50793159E+01   
9.51701340E+01   
7.36476295E+01   
9.21203241E+01   
8.39124825E+01   
9.38759752E+01   
8.52571514E+01   
9.34505901E+01   
9.04561912E+01   
9.90208042E+01   
1.12211842E+02   
8.81127225E+01   
7.43815763E+01   
8.85572114E+01   
8.69306861E+01   
7.61047209E+01   
9.36702340E+01   
1.02734047E+02   
1.03208142E+02   
8.01047209E+01   
7.59352871E+01   
1.00380776E+02   
9.70196039E+01   
1.10139828E+02   
9.04950990E+01   
8.54238848E+01   
9.10424085E+01   
8.13723745E+01   
8.78541708E+01   
9.25973195E+01   
8.50176035E+01   
8.57311462E+01   
7.73731746E+01   
8.50328066E+01   
9.18665733E+01   
8.64015803E+01   
9.33455691E+01   
8.30180036E+01   
9.07259452E+01   
9.90672134E+01   
8.83798760E+01   
8.95462092E+01   
8.94278856E+01   
9.03128626E+01   
8.87207441E+01   
8.91539308E+01   
1.04775055E+02   
1.01668834E+02   
7.91693339E+01   
9.26664333E+01   
8.76197239E+01   
1.00413083E+02   
8.79261852E+01   
9.08025605E+01   
1.06539908E+02   
1.00408282E+02   
9.26712342E+01   
1.01632927E+02   
8.14796959E+01   
9.63982797E+01   
8.05627125E+01   
8.26393279E+01   
8.43643729E+01   
1.00707542E+02   
7.97366473E+01   
8.27916583E+01   
7.49274855E+01   
1.00592318E+02   
9.97039408E+01   
8.60933187E+01   
9.66979396E+01   
8.91771354E+01   
1.05746949E+02   
8.17803561E+01   
8.52799560E+01   
8.63062613E+01   
9.47329466E+01   
9.73881776E+01   
7.93686737E+01   
8.86395279E+01   
1.03984697E+02   
8.57272454E+01   
9.20093019E+01   
9.03634727E+01   
9.13468694E+01   
9.66836367E+01   
8.70149030E+01   
6.83733747E+01   
9.30033007E+01   
9.50167033E+01   
1.23689238E+02   
9.56883377E+01   
9.76838368E+01   
8.86757351E+01   
8.96852370E+01   
9.13548710E+01   
8.00103021E+01   
8.90168034E+01   
1.04377075E+02   
1.11360872E+02   
9.73374675E+01   
9.06493299E+01   
9.54337868E+01   
8.93024605E+01   
1.03725845E+02   
8.89660932E+01   
8.03447690E+01   
8.80803161E+01   
9.03029606E+01   
9.47161432E+01   
1.15743849E+02   
9.22961592E+01   
9.83981796E+01   
9.73178636E+01   
9.56968394E+01   
9.46366273E+01   
8.83098620E+01   
9.70830166E+01   
1.00799960E+02   
9.62039408E+01   
9.06607321E+01   
8.74137828E+01   
7.15436087E+01   
8.07754551E+01   
9.38636727E+01   
1.11469894E+02   
1.01401680E+02   
1.05153131E+02   
9.95196039E+01   
8.54770954E+01   
9.47036407E+01   
9.09217844E+01   
8.71206241E+01   
1.08337167E+02   
9.09674935E+01   
9.14318864E+01   
9.49777956E+01   
1.06963493E+02   
1.12937688E+02   
1.16846469E+02   
1.01707642E+02   
9.12105421E+01   
1.00643129E+02   
9.78338668E+01   
9.53972795E+01   
1.04710042E+02   
1.03993799E+02   
1.05980496E+02   
8.92602521E+01   
9.93996799E+01   
7.23478696E+01   
9.72212442E+01   
1.16247550E+02   
1.04029906E+02   
1.01327065E+02   
1.03101020E+02   
9.77828566E+01   
8.64056811E+01   
9.22430486E+01   
8.93231646E+01   
9.44913983E+01   
8.88477696E+01   
1.03494999E+02   
9.81069214E+01   
9.88057612E+01   
9.81753351E+01   
1.10262352E+02   
9.59530906E+01   
9.01113223E+01   
9.04152831E+01   
1.01513403E+02   
8.98257652E+01   
9.24180836E+01   
1.00519804E+02   
8.77132426E+01   
9.23215643E+01   
8.95114023E+01   
8.77172434E+01   
9.39098820E+01   
1.10253851E+02   
1.14021204E+02   
8.48790758E+01   
9.65342068E+01   
9.35382076E+01   
1.04202240E+02   
8.66748350E+01   
9.55934187E+01   
1.16137728E+02   
8.98434687E+01   
1.00429686E+02   
9.54312863E+01   
1.06847369E+02   
9.16047209E+01   
1.08515703E+02   
9.28986797E+01   
9.20609122E+01   
9.54384877E+01   
9.75690138E+01   
8.56324265E+01   
1.04281856E+02   
9.97565513E+01   
8.51955391E+01   
8.45730146E+01   
1.00985397E+02   
1.09322865E+02   
1.09880676E+02   
1.05591518E+02   
1.00012703E+02   
1.13732346E+02   
9.38776755E+01   
8.44460892E+01   
9.03086617E+01   
1.09735247E+02   
1.05007702E+02   
1.02315863E+02   
1.05585917E+02   
9.80188038E+01   
1.06607021E+02   
9.87388478E+01   
1.03836767E+02   
9.57679536E+01   
9.43358672E+01   
8.69102821E+01   
9.36952390E+01   
9.45380076E+01   
1.01180936E+02   
9.40196039E+01   
7.69680936E+01   
1.03457692E+02   
1.00910582E+02   
9.34648930E+01   
9.81270254E+01   
9.15711142E+01   
1.07085917E+02   
1.08367073E+02   
9.53246649E+01   
1.06644229E+02   
1.20904681E+02   
9.80530106E+01   
9.64700940E+01   
9.79253851E+01   
1.07474095E+02   
1.00207441E+02   
1.06649230E+02   
1.07217443E+02   
1.07651730E+02   
1.14022404E+02   
8.16998400E+01   
1.05614923E+02   
9.81002200E+01   
1.03519404E+02   
9.27901580E+01   
1.08873175E+02   
8.80425085E+01   
8.61443289E+01   
1.07088618E+02   
1.02283857E+02   
1.04355771E+02   
1.19490098E+02   
1.19022805E+02   
1.00613723E+02   
8.12564513E+01   
8.84625925E+01   
1.10758452E+02   
8.80845169E+01   
9.82242448E+01   
1.07285157E+02   
1.23398480E+02   
1.05431386E+02   
9.59745949E+01   
1.01589318E+02   
9.29339868E+01   
9.16267253E+01   
9.27194439E+01   
1.09059412E+02   
1.06278756E+02   
9.15017003E+01   
1.18403081E+02   
1.03089218E+02   
1.13507301E+02   
9.93375675E+01   
1.11425085E+02   
1.14819664E+02   
1.11790258E+02   
1.17510102E+02   
9.83183637E+01   
1.07178136E+02   
1.12586917E+02   
1.13480896E+02   
9.95741148E+01   
1.01727846E+02   
9.65845169E+01   
8.82393479E+01   
7.97754551E+01   
1.03251350E+02   
1.03032006E+02   
9.72733547E+01   
7.95197039E+01   
1.00515503E+02   
9.00176035E+01   
1.05782056E+02   
9.67656531E+01   
1.11766653E+02   
1.13516303E+02   
1.01762252E+02   
9.15241048E+01   
1.10798460E+02   
1.01761852E+02   
1.09332366E+02   
1.27045409E+02   
9.68739748E+01   
1.07834667E+02   
9.95329066E+01   
9.70466093E+01   
1.14754651E+02   
1.10807061E+02   
1.01452290E+02   
9.47172434E+01   
1.05566313E+02   
1.27363373E+02   
1.06918584E+02   
9.89459892E+01   
1.23450190E+02   
1.09024405E+02   
1.13138528E+02   
9.17800560E+01   
1.04497099E+02   
9.25887177E+01   
1.11593519E+02   
1.04211342E+02   
1.11021604E+02   
1.07364373E+02   
1.12915183E+02   
1.05369574E+02   
1.16788458E+02   
1.07492198E+02   
1.08260852E+02   
1.08429286E+02   
1.08318964E+02   
1.08423285E+02   
9.97864573E+01   
1.07856271E+02   
1.02254351E+02   
1.18861872E+02   
9.88021604E+01   
9.30188038E+01   
9.47880576E+01   
1.08255051E+02   
9.30133027E+01   
1.18952891E+02   
1.08313863E+02   
8.97046409E+01   
1.02221944E+02   
1.34113823E+02   
1.14033207E+02   
9.57912583E+01   
9.36990398E+01   
1.14433187E+02   
1.23049610E+02   
1.17089018E+02   
1.18995699E+02   
1.04250350E+02   
1.24352170E+02   
1.15698240E+02   
1.10037107E+02   
1.04806761E+02   
1.09899980E+02   
9.98027606E+01   
1.10686637E+02   
9.15704141E+01   
9.31225245E+01   
1.10820664E+02   
1.01903781E+02   
1.15800860E+02   
1.10801660E+02   
1.24925885E+02   
1.19804861E+02   
1.12805661E+02   
1.01421784E+02   
1.10497199E+02   
1.15719944E+02   
1.17975895E+02   
1.02968694E+02   
1.00154231E+02   
1.00588518E+02   
1.19008402E+02   
1.12676635E+02   
1.17447089E+02   
1.11237948E+02   
1.07877776E+02   
1.01874575E+02   
1.00807662E+02   
1.02322064E+02   
1.37600120E+02   
1.14294059E+02   
1.20588418E+02   
1.05299360E+02   
1.17810462E+02   
9.94907982E+01   
1.05970694E+02   
9.60661132E+01   
1.06930986E+02   
1.15272454E+02   
1.08604121E+02   
1.04020804E+02   
1.05849370E+02   
1.08951790E+02   
1.14435887E+02   
1.16022404E+02   
9.02833567E+01   
9.66591318E+01   
1.06510502E+02   
1.03884377E+02   
1.13018004E+02   
1.15540108E+02   
1.14261352E+02   
1.05211442E+02   
1.24238048E+02   
1.05425485E+02   
1.22610022E+02   
1.02035007E+02   
1.14815163E+02   
1.05621324E+02   
1.06822565E+02   
1.28624425E+02   
1.12218844E+02   
1.04214043E+02   
1.03440788E+02   
1.24420284E+02   
1.24838368E+02   
1.26208842E+02   
1.32646429E+02   
1.16204441E+02   
1.07375275E+02   
1.13259352E+02   
1.14413083E+02   
1.08243049E+02   
1.15383977E+02   
1.15214743E+02   
1.17085017E+02   
1.19024405E+02   
1.10795359E+02   
1.04253451E+02   
1.05792158E+02   
1.07831266E+02   
1.22449790E+02   
1.08215143E+02   
1.27168934E+02   
1.14778456E+02   
1.10640928E+02   
1.05940288E+02   
1.21213943E+02   
1.08908182E+02   
9.07725545E+01   
1.16143829E+02   
1.05146029E+02   
1.13526905E+02   
9.81420284E+01   
1.11649730E+02   
1.10836867E+02   
1.03540408E+02   
9.56899380E+01   
9.77597520E+01   
1.16020804E+02   
9.82043409E+01   
1.10470994E+02   
1.20376975E+02   
1.22113523E+02   
1.34571714E+02   
1.23024205E+02   
1.05478196E+02   
1.32131026E+02   
1.17176935E+02   
9.33798760E+01   
1.16428486E+02   
1.13997700E+02   
1.08559012E+02   
1.03199940E+02   
1.19241848E+02   
1.11090418E+02   
1.02605721E+02   
1.24849270E+02   
1.19555411E+02   
1.07488298E+02   
1.08790858E+02   
9.75478096E+01   
1.05195939E+02   
1.17800460E+02   
1.09849670E+02   
1.25024005E+02   
1.19465793E+02   
1.15209642E+02   
1.10051910E+02   
1.29572214E+02   
1.26276655E+02   
9.62791558E+01   
1.33605321E+02   
1.14583017E+02   
1.16041608E+02   
1.12002400E+02   
1.04205941E+02   
1.27307061E+02   
1.29374675E+02   
1.23207942E+02   
1.14339068E+02   
1.27357471E+02   
1.09195939E+02   
1.14688938E+02   
1.21193539E+02   
1.37032006E+02   
1.20844069E+02   
1.07835267E+02   
1.21732146E+02   
1.16141528E+02   
1.25566213E+02   
1.14330266E+02   
1.04486597E+02   
1.05882076E+02   
1.20268354E+02   
1.13643329E+02   
1.12057211E+02   
1.19633727E+02   
1.04786057E+02   
1.26898480E+02   
1.23106421E+02   
1.20139528E+02   
1.26546609E+02   
1.19499000E+02   
1.17075215E+02   
1.17552611E+02   
1.20597720E+02   
9.73954791E+01   
1.11649330E+02   
1.19619024E+02   
1.45870474E+02   
1.35026405E+02   
1.21264253E+02   
1.28640528E+02   
1.10253051E+02   
1.25329566E+02   
1.16563413E+02   
1.47122124E+02   
1.31859572E+02   
9.93692739E+01   
1.11654231E+02   
1.08323865E+02   
1.26458392E+02   
1.12883877E+02   
1.04870074E+02   
1.25525105E+02   
1.20068314E+02   
1.05277956E+02   
1.25836967E+02   
1.26026805E+02   
1.14239748E+02   
1.08020804E+02   
1.14406781E+02   
1.15610522E+02   
1.45688738E+02   
1.31194239E+02   
1.07493999E+02   
1.28125425E+02   
1.23460992E+02   
1.51860372E+02   
1.41332066E+02   
1.19319264E+02   
1.24594619E+02   
1.17735647E+02   
1.24318864E+02   
1.25885277E+02   
1.14732847E+02   
1.09432486E+02   
1.13477596E+02   
1.21704741E+02   
1.32044109E+02   
1.17858372E+02   
1.34217744E+02   
1.27303061E+02   
1.28404881E+02   
1.27508802E+02   
1.28300260E+02   
1.36478296E+02   
1.15344369E+02   
1.22252951E+02   
1.20431786E+02   
1.17807862E+02   
1.17913783E+02   
1.16604121E+02   
1.33627425E+02   
1.37698040E+02   
1.15025305E+02   
1.34571514E+02   
1.30282356E+02   
1.07136827E+02   
1.40205341E+02   
1.38162332E+02   
1.27684437E+02   
1.27983697E+02   
1.30542509E+02   
1.26596419E+02   
1.48638228E+02   
1.23898080E+02   
1.07593719E+02   
1.20948990E+02   
1.33921484E+02   
1.06932887E+02   
1.35105321E+02   
1.21050410E+02   
1.13400580E+02   
1.22142929E+02   
1.27274655E+02   
1.59529106E+02   
1.30399180E+02   
1.34770754E+02   
1.05765953E+02   
1.40668034E+02   
1.38290458E+02   
1.25640828E+02   
1.29124525E+02   
1.11023605E+02   
1.19660232E+02   
1.13714943E+02   
1.21936287E+02   
1.36583717E+02   
1.21027606E+02   
1.25504101E+02   
1.29144729E+02   
1.41079016E+02   
1.43736347E+02   
1.18496499E+02   
1.25322064E+02   
1.28976695E+02   
1.31030806E+02   
1.21001500E+02   
1.33677435E+02   
1.27831066E+02   
1.26989898E+02   
1.39683037E+02   
1.21596819E+02   
1.25819864E+02   
1.34099320E+02   
1.24494599E+02   
1.40451490E+02   
1.32372675E+02   
1.21136327E+02   
1.26024305E+02   
1.21131726E+02   
1.30813963E+02   
1.30578016E+02   
1.28245449E+02   
1.24243849E+02   
1.23459692E+02   
1.17456491E+02   
1.15481996E+02   
1.18701040E+02   
1.48167834E+02   
1.29707842E+02   
1.43029206E+02   
1.33241048E+02   
1.52133927E+02   
1.21499700E+02   
1.09279056E+02   
1.32348470E+02   
1.28231846E+02   
1.35402080E+02   
1.26581916E+02   
1.23366573E+02   
1.34286557E+02   
1.23275055E+02   
1.32922484E+02   
1.35810962E+02   
1.38626325E+02   
1.18538808E+02   
1.26922484E+02   
1.26029206E+02   
1.22723045E+02   
1.10198240E+02   
1.29132727E+02   
1.24629526E+02   
1.24852571E+02   
1.37124725E+02   
1.27510802E+02   
1.38254651E+02   
1.40452891E+02   
1.38985997E+02   
1.38646329E+02   
1.33123125E+02   
1.26254151E+02   
1.41050510E+02   
1.38714543E+02   
1.33024005E+02   
1.31302160E+02   
1.40176435E+02   
1.24696439E+02   
1.61273655E+02   
1.44215743E+02   
1.36118824E+02   
1.42939688E+02   
1.18019504E+02   
1.34757451E+02   
1.22651030E+02   
1.51225945E+02   
1.40646229E+02   
1.45618524E+02   
1.37606921E+02   
1.40066113E+02   
1.41768654E+02   
1.23324765E+02   
1.64907081E+02   
1.69088518E+02   
1.39565713E+02   
1.39263953E+02   
1.27873175E+02   
1.34277756E+02   
1.36358872E+02   
1.36527105E+02   
1.52932887E+02   
1.41868774E+02   
1.45862973E+02   
1.47027606E+02   
1.40676535E+02   
1.33136527E+02   
1.23153231E+02   
1.34383877E+02   
1.37867373E+02   
1.44919584E+02   
1.47426385E+02   
1.60169334E+02   
1.20827265E+02   
1.43793459E+02   
1.51947590E+02   
1.53569814E+02   
1.33174735E+02   
1.32581616E+02   
1.27258152E+02   
1.39405981E+02   
1.54355971E+02   
1.44032006E+02   
1.38992899E+02   
1.10761952E+02   
1.46706741E+02   
1.70739148E+02   
1.45754751E+02   
1.57589318E+02   
1.47108322E+02   
1.38669634E+02   
1.54470294E+02   
1.27792659E+02   
1.43815063E+02   
1.54705241E+02   
1.48310062E+02   
1.49306861E+02   
1.43440288E+02   
1.45688438E+02   
1.46030006E+02   
1.40365573E+02   
1.34761152E+02   
1.39294859E+02   
1.24555311E+02   
1.57518004E+02   
1.36466493E+02   
1.63730946E+02   
1.27190838E+02   
1.17962092E+02   
1.72502100E+02   
1.48108922E+02   
1.32283457E+02   
1.30398080E+02   
1.51034607E+02   
1.49031606E+02   
1.59970494E+02   
1.24124825E+02   
1.58456691E+02   
1.44694239E+02   
1.63435687E+02   
1.40980596E+02   
1.45734847E+02   
1.42321964E+02   
1.30954991E+02   
1.52871774E+02   
1.42915783E+02   
1.52484497E+02   
1.35196539E+02   
1.55746849E+02   
1.37972895E+02   
1.47643029E+02   
1.41633427E+02   
1.54212543E+02   
1.34518404E+02   
1.29671734E+02   
1.43706141E+02   
1.21974495E+02   
1.53556811E+02   
1.51342669E+02   
1.51131826E+02   
1.41283557E+02   
1.46569614E+02   
1.37079916E+02   
1.63580016E+02   
1.66735747E+02   
1.56329866E+02   
1.59666033E+02   
1.59496199E+02   
1.23229746E+02   
1.52834267E+02   
1.44843569E+02   
1.55080316E+02   
1.35190938E+02   
1.51380476E+02   
1.64846769E+02   
1.77849970E+02   
1.43210842E+02   
1.50163333E+02   
1.64326665E+02   
1.38992799E+02   
1.32681936E+02   
1.46072715E+02   
1.47241148E+02   
1.37069514E+02   
1.50985697E+02   
1.55534307E+02   
1.50195239E+02   
1.31312963E+02   
1.54509202E+02   
1.61349270E+02   
1.49951790E+02   
1.43263053E+02   
1.46530406E+02   
1.48223145E+02   
1.40406681E+02   
1.56545209E+02   
1.56363173E+02   
1.42883977E+02   
1.44174435E+02   
1.65745149E+02   
1.45207942E+02   
1.60134527E+02   
1.61343069E+02   
1.59613623E+02   
1.77125725E+02   
1.63306061E+02   
1.56594019E+02   
1.60289658E+02   
1.44187538E+02   
1.52647930E+02   
1.57999700E+02   
1.66000500E+02   
1.25789258E+02   
1.45423485E+02   
1.44000100E+02   
1.53088218E+02   
1.65598620E+02   
1.45488098E+02   
1.68526505E+02   
1.71980996E+02   
1.48606021E+02   
1.33509102E+02   
1.72337267E+02   
1.60057512E+02   
1.44056711E+02   
1.66905281E+02   
1.48403381E+02   
1.72467794E+02   
1.62370674E+02   
1.66818864E+02   
1.49519204E+02   
1.68526105E+02   
1.72079016E+02   
1.49165033E+02   
1.55945189E+02   
1.59075015E+02   
1.63073415E+02   
1.62112422E+02   
1.60089318E+02   
1.45106421E+02   
1.42873975E+02   
1.50329266E+02   
1.53822264E+02   
1.58920584E+02   
1.60030406E+02   
1.43013303E+02   
1.69880476E+02   
1.55181136E+02   
1.59999000E+02   
1.63171134E+02   
1.46922284E+02   
1.68869074E+02   
1.52264053E+02   
1.64764653E+02   
1.70995899E+02   
1.50365173E+02   
1.53989498E+02   
1.55991898E+02   
1.57994299E+02   
1.71870174E+02   
1.32281056E+02   
1.56060112E+02   
1.91789858E+02   
1.53105321E+02   
1.70833667E+02   
1.82150830E+02   
1.64115123E+02   
1.59016603E+02   
1.63105121E+02   
1.59015403E+02   
1.68002801E+02   
1.45140028E+02   
1.67944489E+02   
1.77996199E+02   
1.54045009E+02   
1.49125025E+02   
1.47007201E+02   
1.48027606E+02   
1.53008102E+02   
1.69001600E+02   
1.66029706E+02   
1.70003501E+02   
1.61074415E+02   
1.54050210E+02   
1.56016703E+02   
1.82013503E+02   
1.82033907E+02   
1.73036907E+02   
1.60036907E+02   
1.57029806E+02   
1.64036207E+02   
1.79016303E+02   
1.49034807E+02   
1.58065313E+02   
1.71016403E+02   
1.79053511E+02   
1.87979896E+02   
1.68088418E+02   
1.78043809E+02   
1.70009402E+02   
1.71970294E+02   
1.58124225E+02   
1.77916283E+02   
1.51984897E+02   
1.55239348E+02   
1.73962092E+02   
1.60194239E+02   
1.84957692E+02   
1.82094719E+02   
1.75921784E+02   
1.69990698E+02   
1.69958792E+02   
1.68097920E+02   
1.74194439E+02   
1.75871174E+02   
1.73032807E+02   
1.72897179E+02   
1.39121624E+02   
1.62043309E+02   
1.56219144E+02   
1.86089218E+02   
1.89919484E+02   
1.84898580E+02   
1.51214943E+02   
1.72877275E+02   
1.60360272E+02   
1.96811662E+02   
1.69783957E+02   
1.62238148E+02   
1.73133027E+02   
1.90002601E+02   
1.66914483E+02   
1.64997399E+02   
1.79086317E+02   
1.43014703E+02   
1.74881576E+02   
1.45782456E+02   
2.06532907E+02   
1.83914183E+02   
1.60524505E+02   
2.01895679E+02   
1.89719644E+02   
1.77337067E+02   
1.96530406E+02   
1.73412182E+02   
1.68150930E+02   
1.71828666E+02   
1.80342969E+02   
1.86582016E+02   
1.67179436E+02   
1.73607622E+02   
1.86461992E+02   
1.72163333E+02   
1.90219544E+02   
1.89774555E+02   
1.82143229E+02   
1.81173735E+02   
1.84956091E+02   
1.80897479E+02   
1.63636927E+02   
1.66146029E+02   
1.68266453E+02   
1.85559912E+02   
1.58841668E+02   
1.93551510E+02   
1.62744049E+02   
2.03541508E+02   
1.86814063E+02   
1.86354271E+02   
1.88322064E+02   
1.63423285E+02   
1.69800060E+02   
1.66637127E+02   
1.83594219E+02   
1.76171134E+02   
2.02207842E+02   
1.86177235E+02   
1.81144729E+02   
1.75713843E+02   
1.83217744E+02   
1.89926485E+02   
1.86185237E+02   
1.76698240E+02   
1.67300760E+02   
1.86383377E+02   
1.77378976E+02   
1.58190838E+02   
1.76439588E+02   
1.70590718E+02   
2.01561412E+02   
2.02894579E+02   
1.46978896E+02   
1.88662633E+02   
1.68160732E+02   
1.69865573E+02   
1.67420184E+02   
1.86037608E+02   
1.86425685E+02   
1.69252551E+02   
1.77989498E+02   
1.88066513E+02   
1.79635027E+02   
2.12176335E+02   
1.82086517E+02   
1.93250150E+02   
1.82080916E+02   
1.77892478E+02   
1.80128626E+02   
1.68515103E+02   
2.08892478E+02   
1.63987898E+02   
2.00381576E+02   
2.03287758E+02   
1.80289558E+02   
1.80681636E+02   
1.89999700E+02   
1.86321664E+02   
1.67654931E+02   
2.05768754E+02   
2.09469494E+02   
1.70461392E+02   
1.88190638E+02   
1.79929786E+02   
1.76685737E+02   
2.08477295E+02   
2.08946189E+02   
1.81866073E+02   
1.90095319E+02   
2.03877275E+02   
1.96759052E+02   
2.04811962E+02   
1.92184237E+02   
1.99660932E+02   
1.96036407E+02   
1.88387477E+02   
1.93099220E+02   
2.08681836E+02   
1.76633927E+02   
2.07958792E+02   
1.82215143E+02   
1.78303861E+02   
1.72869374E+02   
2.19746049E+02   
1.90337968E+02   
1.83416883E+02   
2.00604221E+02   
1.92598420E+02   
1.93975095E+02   
1.89910182E+02   
1.88618224E+02   
2.00651730E+02   
1.88385677E+02   
1.82100520E+02   
1.97960792E+02   
2.08710542E+02   
1.97568114E+02   
1.96843769E+02   
2.03566813E+02   
2.01242348E+02   
2.03340968E+02   
2.28771154E+02   
2.10866873E+02   
1.96177836E+02   
1.84496699E+02   
1.66665033E+02   
1.76814063E+02   
1.95322064E+02   
2.09400180E+02   
2.10402581E+02   
2.06101320E+02   
1.85382577E+02   
1.95768354E+02   
2.10334067E+02   
2.12189038E+02   
1.82147429E+02   
1.83160532E+02   
2.16988398E+02   
1.87037207E+02   
1.89493899E+02   
1.79733547E+02   
1.92576415E+02   
2.20582016E+02   
2.10188738E+02   
1.97132827E+02   
2.10573715E+02   
1.92227345E+02   
1.77412683E+02   
2.16646629E+02   
2.03161932E+02   
1.85843969E+02   
2.08505401E+02   
1.95661532E+02   
1.97510002E+02   
1.81986997E+02   
2.03055011E+02   
2.24454991E+02   
2.15458792E+02   
2.26709742E+02   
2.09369874E+02   
2.10913183E+02   
2.17420784E+02   
2.12661832E+02   
2.23562613E+02   
2.15036807E+02   
2.02594119E+02   
2.02610322E+02   
1.95255251E+02   
2.01178736E+02   
2.12514903E+02   
1.94447890E+02   
2.06567514E+02   
1.98393679E+02   
2.08576315E+02   
2.08392178E+02   
2.26779156E+02   
1.96404481E+02   
2.15042408E+02   
2.21042408E+02   
2.10042408E+02   
2.14782557E+02   
2.05651830E+02   
2.02252751E+02   
2.08732747E+02   
1.96886277E+02   
2.18192138E+02   
2.11849370E+02   
2.06371174E+02   
1.98662833E+02   
2.21234647E+02   
2.13691938E+02   
2.00231446E+02   
2.07330366E+02   
2.01798560E+02   
2.24575015E+02   
2.03124525E+02   
2.35144129E+02   
2.13853771E+02   
2.08542208E+02   
1.97339168E+02   
2.25050410E+02   
2.29332366E+02   
2.21675535E+02   
2.31796559E+02   
2.05591818E+02   
2.29536207E+02   
2.35194239E+02   
2.30449190E+02   
2.40289558E+02   
2.28837768E+02   
2.16836167E+02   
2.32569014E+02   
2.11414483E+02   
2.29946989E+02   
2.13079816E+02   
2.17318264E+02   
2.16900180E+02   
2.28438188E+02   
2.26011502E+02   
2.15721244E+02   
2.15393279E+02   
2.27804461E+02   
2.11044809E+02   
2.21264253E+02   
2.24375975E+02   
2.27278456E+02   
2.06374875E+02   
2.14153131E+02   
2.19492498E+02   
2.18925985E+02   
2.14380776E+02   
2.04931486E+02   
2.22157331E+02   
2.22499300E+02   
2.36301360E+02   
2.22843769E+02   
2.11188438E+02   
2.31697239E+02   
2.24620624E+02   
2.29669734E+02   
2.35933087E+02   
2.44529206E+02   
2.08742448E+02   
2.34581016E+02   
2.14336067E+02   
2.42309262E+02   
2.49132326E+02   
2.28804961E+02   
2.33437287E+02   
2.26047710E+02   
2.18643429E+02   
2.38824065E+02   
2.47412282E+02   
2.16744149E+02   
2.26946489E+02   
2.13674435E+02   
2.21024205E+02   
2.35674035E+02   
2.21641028E+02   
2.49175335E+02   
2.27681836E+02   
2.21420784E+02   
2.49420384E+02   
2.20294659E+02   
2.37296259E+02   
2.38930486E+02   
2.18412983E+02   
2.39846769E+02   
2.41817664E+02   
2.10600520E+02   
2.34845369E+02   
2.42570614E+02   
2.13558112E+02   
2.17042408E+02   
2.47685937E+02   
2.45878876E+02   
2.39002601E+02   
2.59491398E+02   
2.48099420E+02   
2.21606621E+02   
2.60592218E+02   
2.20450490E+02   
2.25040808E+02   
2.19645529E+02   
2.36667033E+02   
2.70634927E+02   
2.50128626E+02   
2.49375775E+02   
2.53407682E+02   
2.57467994E+02   
2.18862372E+02   
2.34600520E+02   
2.49677536E+02   
2.28076815E+02   
2.84226845E+02   
2.79191738E+02   
2.45330066E+02   
2.18851270E+02   
2.23067113E+02   
2.30367273E+02   
2.53387578E+02   
2.53949590E+02   
2.22150430E+02   
2.57616923E+02   
2.45335867E+02   
2.53914483E+02   
2.31902981E+02   
2.34199740E+02   
2.87048710E+02   
2.27331366E+02   
2.37339068E+02   
2.42297159E+02   
2.39368474E+02   
2.46843569E+02   
2.20694039E+02   
2.63438988E+02   
2.40278856E+02   
2.71055211E+02   
2.62577916E+02   
2.48384377E+02   
2.90757752E+02   
2.77309362E+02   
2.53545309E+02   
2.75756551E+02   
2.67304561E+02   
2.80010102E+02   
2.55700040E+02   
2.60995499E+02   
2.67658932E+02   
2.47270654E+02   
2.74531506E+02   
2.66605921E+02   
2.47106321E+02   
2.89984997E+02   
2.44126825E+02   
2.39594519E+02   
2.73278556E+02   
2.69740548E+02   
2.66607722E+02   
2.51180836E+02   
2.53110422E+02   
2.69773455E+02   
2.61152931E+02   
2.70319364E+02   
2.71315063E+02   
2.57955591E+02   
2.65038308E+02   
2.48775755E+02   
2.67200240E+02   
2.66175235E+02   
2.69816263E+02   
2.67445489E+02   
2.54405481E+02   
2.63930786E+02   
2.92734547E+02   
2.80245349E+02   
2.76241348E+02   
2.76727345E+02   
2.80398280E+02   
2.60230946E+02   
2.77821064E+02   
2.86278156E+02   
2.48569614E+02   
2.51186937E+02   
2.88044009E+02   
2.85895879E+02   
2.73554811E+02   
2.73899080E+02   
2.72016403E+02   
2.57743349E+02   
2.74266553E+02   
3.07373875E+02   
2.82381876E+02   
2.87264153E+02   
2.94788658E+02   
2.92073615E+02   
2.89274955E+02   
3.03145329E+02   
2.80485897E+02   
2.72542809E+02   
2.88920684E+02   
2.82390778E+02   
2.42515903E+02   
2.81624925E+02   
2.60708442E+02   
2.96649430E+02   
2.64896179E+02   
2.88933087E+02   
2.93192238E+02   
2.67157532E+02   
2.80352871E+02   
2.58538908E+02   
2.96355871E+02   
3.21487397E+02   
2.52255251E+02   
2.72484297E+02   
2.91522404E+02   
2.81264653E+02   
2.65593219E+02   
2.70514803E+02   
2.77206341E+02   
3.24053511E+02   
3.40342268E+02   
3.25611222E+02   
2.89242348E+02   
2.89503301E+02   
2.72980196E+02   
2.73942889E+02   
2.67787758E+02   
2.78394379E+02   
3.10714443E+02   
2.76835167E+02   
2.58501800E+02   
3.11869374E+02   
2.82149930E+02   
2.62169634E+02   
2.62913183E+02   
3.20377175E+02   
3.12312462E+02   
3.01311862E+02   
3.24513803E+02   
3.09344569E+02   
3.09909082E+02   
3.65740348E+02   
2.96144329E+02   
2.71249050E+02   
3.04729446E+02   
2.99193139E+02   
2.98673735E+02   
2.86405781E+02   
2.95247349E+02   
2.73551410E+02   
2.93374475E+02   
3.06221644E+02   
3.11867473E+02   
3.15088518E+02   
3.04644029E+02   
2.93427786E+02   
3.08867473E+02   
3.07963193E+02   
2.76035107E+02   
2.96599320E+02   
3.09442989E+02   
3.25877976E+02   
3.16863873E+02   
3.09267453E+02   
3.14640928E+02   
3.19273155E+02   
3.12062312E+02   
3.01463793E+02   
3.21269054E+02   
3.20454591E+02   
2.83464293E+02   
3.02264153E+02   
3.33297059E+02   
3.26626025E+02   
3.14438888E+02   
3.43262553E+02   
3.07078316E+02   
3.05061612E+02   
3.03084317E+02   
3.16703141E+02   
3.03549310E+02   
2.99292458E+02   
3.21358672E+02   
3.08099520E+02   
3.25516103E+02   
3.13437988E+02   
3.27551710E+02   
3.25896179E+02   
3.20022505E+02   
3.24272154E+02   
3.34413083E+02   
3.32231046E+02   
3.34807562E+02   
3.19434087E+02   
2.94010402E+02   
3.18640128E+02   
3.30885877E+02   
3.07420284E+02   
3.44106321E+02   
3.55520304E+02   
3.19030506E+02   
3.21050010E+02   
3.17772354E+02   
3.77074015E+02   
3.46343269E+02   
3.37508702E+02   
3.23364073E+02   
3.62665733E+02   
3.71777556E+02   
3.62650830E+02   
3.21064413E+02   
3.29588618E+02   
3.57302661E+02   
3.46957592E+02   
3.54533007E+02   
3.39817564E+02   
3.17559612E+02   
3.62673135E+02   
3.46185837E+02   
3.21264353E+02   
3.52524605E+02   
3.36066913E+02   
3.60075515E+02   
3.53071214E+02   
3.51949990E+02   
3.31745749E+02   
3.42727946E+02   
3.49964593E+02   
3.51824165E+02   
3.32390778E+02   
3.57374075E+02   
3.53592418E+02   
3.74784957E+02   
3.73208742E+02   
3.61177435E+02   
3.64570014E+02   
3.56703941E+02   
3.47928886E+02   
3.63067614E+02   
3.49851770E+02   
3.62787758E+02   
3.74766453E+02   
3.68935787E+02   
3.53382476E+02   
3.61840768E+02   
3.82766553E+02   
3.58917283E+02   
4.05359672E+02   
3.41020904E+02   
3.90432186E+02   
3.50483297E+02   
3.64736547E+02   
3.67367574E+02   
3.66303361E+02   
3.56298260E+02   
3.63898780E+02   
3.77546809E+02   
3.87713743E+02   
3.41651930E+02   
3.57438288E+02   
3.86769154E+02   
3.79327465E+02   
3.72264053E+02   
3.72031706E+02   
3.72989598E+02   
3.52815563E+02   
3.72025105E+02   
4.23284757E+02   
3.82553411E+02   
3.91257852E+02   
3.63551510E+02   
3.75311362E+02   
3.50070014E+02   
3.75163533E+02   
4.03835467E+02   
4.12131226E+02   
3.49806061E+02   
4.09029206E+02   
3.94345569E+02   
3.98873475E+02   
3.75944189E+02   
4.03856871E+02   
3.91591318E+02   
3.79850070E+02   
3.78797259E+02   
4.15449190E+02   
3.79041008E+02   
3.67035807E+02   
4.15156231E+02   
3.47022204E+02   
4.01575715E+02   
3.48321364E+02   
3.91330966E+02   
4.09324565E+02   
3.98097019E+02   
4.20107622E+02   
4.19735647E+02   
3.82179836E+02   
4.11461292E+02   
4.13910282E+02   
4.03213943E+02   
3.82694739E+02   
3.88793459E+02   
3.84786257E+02   
3.88917684E+02   
3.99527706E+02   
4.05542709E+02   
4.15173235E+02   
4.20489498E+02   
3.65964393E+02   
3.65414783E+02   
3.82157732E+02   
4.32798160E+02   
3.86335767E+02   
3.69077616E+02   
3.90040208E+02   
3.93050310E+02   
4.26264153E+02   
3.79568614E+02   
3.88681936E+02   
3.94599120E+02   
3.80882777E+02   
4.02960892E+02   
3.95013503E+02   
4.02925785E+02   
3.79973295E+02   
4.14509602E+02   
4.23557712E+02   
4.21762452E+02   
4.13963593E+02   
4.03957191E+02   
4.40027506E+02   
4.00441488E+02   
4.26961792E+02   
4.17681636E+02   
4.23955491E+02   
4.26250950E+02   
3.99023305E+02   
3.65374875E+02   
4.00084417E+02   
3.91737648E+02   
4.01970694E+02   
4.35137528E+02   
4.12385677E+02   
4.24880576E+02   
4.42836567E+02   
4.31848370E+02   
3.90504901E+02   
4.21001000E+02   
4.52273255E+02   
4.16532306E+02   
4.33999500E+02   
4.24861372E+02   
4.01290558E+02   
4.18006301E+02   
4.28084417E+02   
4.33914783E+02   
4.08187137E+02   
4.00556111E+02   
4.17618324E+02   
4.18423085E+02   
4.12696039E+02   
4.18248350E+02   
4.07917283E+02   
4.10082817E+02   
4.13920884E+02   
4.28601820E+02   
4.40126525E+02   
4.38451490E+02   
4.38089618E+02   
4.59530306E+02   
4.54986097E+02   
4.02545009E+02   
4.20341268E+02   
4.10801060E+02   
4.16233547E+02   
4.20393579E+02   
4.05569214E+02   
4.17438888E+02   
4.17492599E+02   
4.28805661E+02   
4.16651230E+02   
3.91231946E+02   
3.97929986E+02   
4.44498200E+02   
3.98789858E+02   
4.12242148E+02   
4.13945689E+02   
3.99908282E+02   
3.93123425E+02   
4.32083617E+02   
4.25952891E+02   
4.07924185E+02   
4.18630476E+02   
4.88697740E+02   
4.88697740E+02   
4.88697740E+02   
4.88697740E+02   
4.88697740E+02   
5.26008492E+02   
5.69893479E+02   
6.00222545E+02   
5.76421884E+02   
5.99765553E+02   
6.09003701E+02   
6.27596819E+02   
5.82685637E+02   
5.88042909E+02   
5.96078816E+02   
5.75802360E+02   
5.67837367E+02   
5.70711942E+02   
6.29869374E+02   
6.00080916E+02   
5.79267053E+02   
6.46843869E+02   
6.18721544E+02   
5.76724745E+02   
5.87029306E+02   
6.07420184E+02   
6.13645629E+02   
6.01439688E+02   
5.70614123E+02   
6.19498900E+02   
5.96794559E+02   
6.34061812E+02   
6.40074515E+02   
6.45051910E+02   
5.77245549E+02   
5.97811462E+02   
5.90894579E+02   
5.82700840E+02   
6.00345069E+02   
6.29202340E+02   
6.10120824E+02   
6.10813463E+02   
6.05274755E+02   
5.96349770E+02   
6.14290858E+02   
6.46297459E+02   
6.01245449E+02   
5.88388778E+02   
6.39065413E+02   
6.05398780E+02   
6.51260252E+02   
6.04207742E+02   
6.03027706E+02   
6.44759752E+02   
6.34748550E+02   
6.63507702E+02   
6.68370474E+02   
6.47911382E+02   
6.28942388E+02   
6.45355371E+02   
6.16499700E+02   
6.75614023E+02   
6.49327866E+02   
6.54084017E+02   
6.70856271E+02   
6.36641428E+02   
6.45626525E+02   
6.82433887E+02   
6.70809862E+02   
6.81482897E+02   
6.21851070E+02   
6.62830866E+02   
6.15144129E+02   
6.53177636E+02   
7.03257752E+02   
6.68423085E+02   
6.76893079E+02   
6.54492699E+02   
6.67982597E+02   
6.73001600E+02   
6.81563813E+02   
6.83503701E+02   
6.77302661E+02   
6.37007301E+02   
7.08309562E+02   
6.93351270E+02   
6.81958892E+02   
6.83277355E+02   
7.18752551E+02   
7.30452691E+02   
7.39992999E+02   
6.96630426E+02   
7.14037808E+02   
7.33135027E+02   
7.28429786E+02   
6.92688338E+02   
6.83240848E+02   
6.88859772E+02   
6.84694939E+02   
7.15192238E+02   
7.38747449E+02   
7.24109022E+02   
7.27506901E+02   
7.45439688E+02   
7.18184937E+02   
7.02807962E+02   
7.07151030E+02   
6.95480296E+02   
7.17443089E+02   
6.86474495E+02   
6.82521704E+02   
7.28817163E+02   
7.49446489E+02   
7.07805461E+02   
6.82756151E+02   
6.66254751E+02   
7.11123825E+02   
6.94065813E+02   
7.22196439E+02   
7.21001900E+02   
6.93369074E+02   
7.03651530E+02   
7.27094819E+02   
6.90754451E+02   
6.78625325E+02   
6.90915183E+02   
6.97006501E+02   
6.37743749E+02   
6.96004701E+02   
6.79325165E+02   
7.32255251E+02   
7.25337267E+02   
7.00982897E+02   
7.25080616E+02   
7.05731246E+02   
7.18563413E+02   
7.30717443E+02   
6.86326965E+02   
7.13376675E+02   
6.74955891E+02   
6.97024905E+02   
6.77017704E+02   
6.80010502E+02   
6.90092318E+02   
6.69787057E+02   
6.99255351E+02   
7.20243049E+02   
6.96808662E+02   
6.91089118E+02   
6.69969694E+02   
6.76113923E+02   
6.96304461E+02   
6.56759952E+02   
6.68038108E+02   
6.97423685E+02   
6.72364173E+02   
6.59072214E+02   
6.62791958E+02   
6.63013003E+02   
6.90099620E+02   
6.66656431E+02   
6.44650830E+02   
6.55154831E+02   
6.69842368E+02   
6.43991398E+02   
6.40412082E+02   
6.32700540E+02   
6.55126025E+02   
6.36722144E+02   
6.59772755E+02   
6.56626625E+02   
6.30038908E+02   
6.12152430E+02   
5.72116923E+02   
5.71519804E+02   
5.98590418E+02   
5.64678336E+02   
6.09294559E+02   
5.90992098E+02   
5.89855271E+02   
5.55232947E+02   
5.34819364E+02   
5.70197840E+02   
5.54573315E+02   
5.48823765E+02   
5.48457491E+02   
5.71103221E+02   
5.09834767E+02   
5.14780556E+02   
5.28527205E+02   
5.66481396E+02   
5.13892178E+02   
4.97896579E+02   
5.18523605E+02   
5.13518004E+02   
5.10747249E+02   
5.14091918E+02   
4.96472194E+02   
4.86958992E+02   
4.95505501E+02   
5.26908382E+02   
5.06409782E+02   
5.02834667E+02   
4.71905681E+02   
5.14667634E+02   
5.15837367E+02   
5.13936387E+02   
4.45083417E+02   
5.05225545E+02   
4.87214743E+02   
4.73848970E+02   
4.63967293E+02   
4.56582717E+02   
4.66720444E+02   
4.77738648E+02   
4.57572314E+02   
4.79883977E+02   
4.90120624E+02   
4.92000000E+02   
4.59767453E+02   
4.63862472E+02   
4.18498400E+02   
4.53379776E+02   
4.56472995E+02   
4.35648930E+02   
4.22181936E+02   
4.35991698E+02   
4.24141028E+02   
4.28389078E+02   
4.42434887E+02   
4.11169534E+02   
4.23165533E+02   
4.12372174E+02   
4.29771554E+02   
4.52096519E+02   
4.57550910E+02   
4.43693939E+02   
4.14682737E+02   
4.43504801E+02   
4.22861972E+02   
4.71438488E+02   
4.34182537E+02   
4.04484497E+02   
4.00054911E+02   
4.14687437E+02   
3.75688238E+02   
3.94790458E+02   
4.04780156E+02   
4.27725745E+02   
4.01221744E+02   
4.05239848E+02   
4.02953791E+02   
3.90328266E+02   
4.07208142E+02   
3.97819764E+02   
5.39103941E+02   
6.09321864E+02   
6.09321864E+02   
6.09321864E+02   
6.09321864E+02   
6.48977756E+02   
8.12138928E+02   
7.96580916E+02   
7.91577716E+02   
7.80177936E+02   
8.38656131E+02   
8.41569814E+02   
8.53775055E+02   
8.41217944E+02   
8.33365273E+02   
8.64151430E+02   
8.07967493E+02   
8.20762452E+02   
7.68962092E+02   
8.10175135E+02   
8.01159032E+02   
8.17919284E+02   
8.50053111E+02   
8.44543909E+02   
7.97896579E+02   
7.88769554E+02   
8.05352470E+02   
8.41177335E+02   
8.03585517E+02   
8.15895679E+02   
8.09595119E+02   
8.17618324E+02   
8.39832366E+02   
8.05497399E+02   
7.76813063E+02   
8.01062412E+02   
8.32099720E+02   
7.74449090E+02   
7.72397880E+02   
8.04895779E+02   
7.89482797E+02   
8.10517704E+02   
7.76761452E+02   
8.12062613E+02   
7.72875775E+02   
8.02787858E+02   
8.06058312E+02   
7.76801660E+02   
7.35561812E+02   
7.48373875E+02   
7.89162332E+02   
7.82169634E+02   
7.86066113E+02   
7.95019304E+02   
7.84692238E+02   
7.87676135E+02   
7.69609822E+02   
7.90401780E+02   
7.58253951E+02   
7.93223145E+02   
7.72908682E+02   
7.91827966E+02   
7.85577816E+02   
7.78887678E+02   
7.58712843E+02   
7.78378376E+02   
7.69824065E+02   
7.64221144E+02   
8.00837568E+02   
7.82699740E+02   
7.68352871E+02   
7.81787457E+02   
7.53779756E+02   
7.60261752E+02   
7.93211042E+02   
8.14940588E+02   
7.71343169E+02   
8.14168434E+02   
7.84918584E+02   
7.65882677E+02   
7.31430186E+02   
7.84753351E+02   
8.43184637E+02   
7.91645529E+02   
8.33972695E+02   
8.26506901E+02   
7.84755151E+02   
8.01516103E+02   
9.62871174E+02   
9.85346369E+02   
9.46609522E+02   
9.60480796E+02   
9.50741248E+02   
9.19449990E+02   
8.55580016E+02   
8.72707642E+02   
8.53068614E+02   
8.84718544E+02   
8.24670634E+02   
8.53994499E+02   
8.00379876E+02   
8.15867874E+02   
8.75789258E+02   
8.44421684E+02   
7.92334267E+02   
7.43404981E+02   
7.53037407E+02   
8.09336967E+02   
8.02756151E+02   
7.89042008E+02   
7.79379176E+02   
7.23903781E+02   
7.38838868E+02   
7.22512703E+02   
7.06231546E+02   
7.30495499E+02   
7.41114223E+02   
6.98216543E+02   
7.19901580E+02   
7.10855371E+02   
7.10454191E+02   
7.14462192E+02   
7.05657632E+02   
7.01398380E+02   
6.87469394E+02   
6.88410182E+02   
6.66120924E+02   
6.86571914E+02   
6.56589118E+02   
6.42795159E+02   
6.32895279E+02   
6.09364773E+02   
6.13913183E+02   
6.22176435E+02   
5.76116423E+02   
5.82540508E+02   
5.59849770E+02   
5.48824465E+02   
5.52631726E+02   
5.87184237E+02   
5.30667333E+02   
5.44736447E+02   
5.00252150E+02   
5.27656231E+02   
5.35556611E+02   
5.22184637E+02   
4.82521204E+02   
4.62577616E+02   
4.95950990E+02   
4.89530306E+02   
4.88061812E+02   
4.85223445E+02   
4.64750450E+02   
4.21260652E+02   
4.69728646E+02   
4.20906281E+02   
4.30712943E+02   
4.21552310E+02   
4.01543809E+02   
4.17522104E+02   
3.74772154E+02   
3.67929786E+02   
3.37731946E+02   
3.68571114E+02   
3.30619024E+02   
3.77536207E+02   
3.39052210E+02   
3.32630926E+02   
3.10903181E+02   
3.17603421E+02   
3.17829566E+02   
3.01685637E+02   
2.72207241E+02   
2.81439388E+02   
2.58502901E+02   
2.54753151E+02   
2.22004201E+02   
2.23607522E+02   
2.30654231E+02   
2.36974795E+02   
2.11606521E+02   
1.99851470E+02   
2.16091718E+02   
1.96447289E+02   
2.02502300E+02   
1.96175235E+02   
2.07302460E+02   
1.78377375E+02   
1.82763053E+02   
1.74665733E+02   
1.71347469E+02   
1.64609622E+02   
1.55876575E+02   
1.49754951E+02   
1.48618224E+02   
1.45202841E+02   
1.57097319E+02   
1.37729846E+02   
1.47946689E+02   
1.45694739E+02   
1.28447389E+02   
1.46189238E+02   
1.31132026E+02   
1.21654631E+02   
1.21074415E+02   
1.14597820E+02   
1.10120024E+02   
1.06302160E+02   
1.12166433E+02   
1.16685037E+02   
9.34493899E+01   
1.01200440E+02   
9.25386077E+01   
1.06710742E+02   
1.00278456E+02   
1.03369774E+02   
8.22256451E+01   
8.85358072E+01   
8.54161832E+01   
7.26918384E+01   
8.14185837E+01   
7.45714143E+01   
8.53505701E+01   
7.47494499E+01   
7.13561712E+01   
7.92544509E+01   
6.88115623E+01   
7.59831966E+01   
6.43324665E+01   
6.07927586E+01   
5.96790358E+01   
5.39511902E+01   
5.40112022E+01   
5.05802160E+01   
4.80628126E+01   
5.14165833E+01   
4.45482096E+01   
4.25702140E+01   
5.48891778E+01   
6.40568114E+01   
4.25646129E+01   
1.38092418E+02   
2.54329866E+01   
2.94973995E+01   
3.45358072E+01   
2.25334067E+01   
2.15138028E+01   
2.65294059E+01   
1.79723945E+01   
1.85422084E+01   
1.50312062E+01   
8.50820164E+00   
2.24701940E+01   
1.55322064E+01   
9.99039808E+00   
6.70500100E+00   
8.80176035E+00   
8.80176035E+00   
8.80176035E+00   
8.80176035E+00   
8.80176035E+00   
2.21320264E+00   
0.00000000E+00   
4.98199640E-01   
5.01800360E-01   
0.00000000E+00   
0.00000000E+00   
0.00000000E+00   
0.00000000E+00   
!IDEND=

