!FILE=Disk 
!KIND=Spectrum 
!LABORATORY=Oslo Cyclotron Laboratory (OCL) 
!EXPERIMENT= oslo_method_python 
!COMMENT=Made by OMpy 
!TIME=DATE:08-Sep-20 09:58:24   
!CALIBRATION EkeV=6, 0.000000E+00, 2.000400E+00, 0.000000E+00 
!PRECISION=16 
!DIMENSION=1,0:4999 
!CHANNEL=(0:4999) 
4.38557411E+02   
6.00631026E+02   
6.59143629E+02   
6.37637027E+02   
7.09700640E+02   
7.51629026E+02   
7.48119224E+02   
8.12890278E+02   
8.33194839E+02   
8.76627425E+02   
9.19843869E+02   
9.92243249E+02   
9.95727846E+02   
1.06948730E+03   
1.06618244E+03   
1.06300630E+03   
1.20752410E+03   
1.22499630E+03   
1.28383187E+03   
1.34022204E+03   
1.35244689E+03   
1.49142038E+03   
1.60386337E+03   
1.74542238E+03   
1.90096299E+03   
2.01276765E+03   
2.16405101E+03   
2.35078116E+03   
2.53961822E+03   
2.71280456E+03   
2.86082276E+03   
3.01335147E+03   
3.15143259E+03   
3.36865563E+03   
3.41220974E+03   
3.64595439E+03   
3.74068544E+03   
3.80060422E+03   
4.04526495E+03   
4.11828186E+03   
4.18974875E+03   
4.27791538E+03   
4.42191418E+03   
4.48478256E+03   
4.57915153E+03   
4.61827666E+03   
4.58595779E+03   
4.62665663E+03   
4.70518024E+03   
4.87805141E+03   
4.78701970E+03   
4.79915633E+03   
4.83073195E+03   
5.07154901E+03   
4.95464083E+03   
5.02336897E+03   
5.07365633E+03   
5.03027686E+03   
4.95234717E+03   
5.00162753E+03   
4.97388128E+03   
4.99163003E+03   
4.96446899E+03   
4.94496079E+03   
4.82554191E+03   
4.94438088E+03   
4.89030816E+03   
4.95308602E+03   
4.81753751E+03   
4.78413533E+03   
4.86293479E+03   
4.77985117E+03   
4.75698590E+03   
4.65332346E+03   
4.69123165E+03   
4.68187738E+03   
4.73148820E+03   
4.69417263E+03   
4.54007231E+03   
4.62355681E+03   
4.62655761E+03   
4.64974165E+03   
4.66353701E+03   
4.59183187E+03   
4.47210832E+03   
4.76577215E+03   
4.72179056E+03   
4.83245489E+03   
4.84123515E+03   
4.85280386E+03   
4.79446629E+03   
4.70027926E+03   
4.59630276E+03   
4.54777666E+03   
4.51139258E+03   
4.55933927E+03   
4.47720574E+03   
4.47245859E+03   
4.42873135E+03   
4.41721964E+03   
4.31864043E+03   
4.18073345E+03   
4.14650850E+03   
4.07995339E+03   
3.93636527E+03   
4.04557421E+03   
3.97715193E+03   
3.93436947E+03   
3.98565983E+03   
3.88023955E+03   
3.87829356E+03   
3.78420554E+03   
3.75502490E+03   
3.70507091E+03   
3.53698260E+03   
3.54796249E+03   
3.60424595E+03   
3.45734077E+03   
3.45064913E+03   
3.57130056E+03   
3.45679226E+03   
3.52201330E+03   
3.35284847E+03   
3.29846329E+03   
3.44324565E+03   
3.42926965E+03   
3.30002551E+03   
3.35442328E+03   
3.30016423E+03   
3.34690008E+03   
3.24628966E+03   
3.21143049E+03   
3.18343739E+03   
3.20363003E+03   
3.22900850E+03   
3.13399170E+03   
3.12385717E+03   
3.09161122E+03   
3.02296129E+03   
3.09203881E+03   
2.91271714E+03   
3.03676165E+03   
2.98829996E+03   
2.90521504E+03   
2.94678016E+03   
2.91664013E+03   
2.85562633E+03   
2.94110642E+03   
2.87470884E+03   
2.83260442E+03   
2.82636017E+03   
2.78990048E+03   
2.71964043E+03   
2.78278056E+03   
2.64048020E+03   
2.72870804E+03   
2.73511452E+03   
2.67602000E+03   
2.64990858E+03   
2.55997800E+03   
2.59325765E+03   
2.57962823E+03   
2.58570254E+03   
2.55946509E+03   
2.50383347E+03   
2.51121364E+03   
2.50150410E+03   
2.44391308E+03   
2.36266913E+03   
2.38927796E+03   
2.34996259E+03   
2.22625815E+03   
2.23190718E+03   
2.15653441E+03   
2.11655571E+03   
2.14477015E+03   
2.06681536E+03   
1.96339848E+03   
2.05125485E+03   
2.03284827E+03   
2.04220924E+03   
1.99685417E+03   
2.03702911E+03   
1.95716743E+03   
1.87591658E+03   
1.96693959E+03   
1.93257632E+03   
1.86828846E+03   
1.85318234E+03   
1.89248280E+03   
1.90941928E+03   
1.85182136E+03   
1.82113423E+03   
1.79012943E+03   
1.80009512E+03   
1.80198860E+03   
1.77225285E+03   
1.78521374E+03   
1.74392258E+03   
1.77457972E+03   
1.73152981E+03   
1.67179556E+03   
1.70317814E+03   
1.65331546E+03   
1.69597970E+03   
1.65869344E+03   
1.69786097E+03   
1.66600500E+03   
1.69142599E+03   
1.63441818E+03   
1.68625635E+03   
1.64772184E+03   
1.60824645E+03   
1.58609142E+03   
1.58082687E+03   
1.60204051E+03   
1.58739168E+03   
1.56177686E+03   
1.54149720E+03   
1.57033497E+03   
1.51603491E+03   
1.48994889E+03   
1.50517894E+03   
1.51919344E+03   
1.46432436E+03   
1.46587237E+03   
1.46190708E+03   
1.46978766E+03   
1.36526845E+03   
1.39419144E+03   
1.44358702E+03   
1.41056011E+03   
1.39030066E+03   
1.47862833E+03   
1.37581346E+03   
1.46822364E+03   
1.39782847E+03   
1.32285567E+03   
1.39444599E+03   
1.37865463E+03   
1.32916733E+03   
1.32997670E+03   
1.34939808E+03   
1.35318084E+03   
1.29344039E+03   
1.33074985E+03   
1.30938638E+03   
1.23464893E+03   
1.30523705E+03   
1.31526735E+03   
1.29246159E+03   
1.23183197E+03   
1.23902430E+03   
9.38025355E+02   
8.79175835E+02   
8.79175835E+02   
8.79175835E+02   
8.79175835E+02   
7.79913133E+02   
5.09391578E+02   
5.43973595E+02   
5.06012402E+02   
5.14777155E+02   
4.98892378E+02   
5.39978096E+02   
5.32133427E+02   
5.34394379E+02   
5.43079316E+02   
5.41860472E+02   
5.28600120E+02   
5.20320464E+02   
5.44147930E+02   
5.35061712E+02   
5.17370774E+02   
4.97350470E+02   
5.16321664E+02   
5.48367574E+02   
5.33726245E+02   
5.33715043E+02   
5.12835667E+02   
5.70354471E+02   
5.13613123E+02   
4.72033207E+02   
5.09825865E+02   
5.19743749E+02   
4.95292358E+02   
4.91073415E+02   
4.94108322E+02   
5.01944689E+02   
4.96873675E+02   
4.97941788E+02   
5.05665733E+02   
4.90725745E+02   
5.08351770E+02   
4.88918184E+02   
5.10548010E+02   
4.75483797E+02   
4.78483497E+02   
4.72145729E+02   
4.77801060E+02   
5.08914883E+02   
4.82096819E+02   
4.76023505E+02   
4.74441588E+02   
4.84094419E+02   
4.48427786E+02   
4.59591818E+02   
4.37441988E+02   
4.50384577E+02   
4.59892378E+02   
4.19858972E+02   
4.63189538E+02   
4.65467794E+02   
4.30220344E+02   
4.36694239E+02   
4.17344669E+02   
4.16833167E+02   
4.40950490E+02   
4.22201340E+02   
4.03338068E+02   
4.49250150E+02   
4.42401780E+02   
4.18710642E+02   
4.04482496E+02   
3.87676235E+02   
3.97675735E+02   
4.21124225E+02   
4.19772154E+02   
3.76449890E+02   
4.22552511E+02   
3.98451790E+02   
3.72492098E+02   
3.75418284E+02   
3.78205641E+02   
3.87824365E+02   
3.91209242E+02   
3.80640428E+02   
3.68729746E+02   
3.66169734E+02   
3.83340568E+02   
4.21532106E+02   
4.37630826E+02   
3.96891978E+02   
4.08727145E+02   
3.91121024E+02   
3.89918284E+02   
3.77738748E+02   
3.87021404E+02   
3.41595219E+02   
3.60987898E+02   
3.50350070E+02   
3.54429786E+02   
3.52352070E+02   
3.09242248E+02   
3.46750350E+02   
3.38082016E+02   
3.07713443E+02   
3.18632126E+02   
2.93066413E+02   
3.15721444E+02   
3.15204641E+02   
3.25844469E+02   
3.21550410E+02   
3.26999100E+02   
3.18418184E+02   
3.12601320E+02   
3.06525905E+02   
2.97123025E+02   
3.05004201E+02   
3.44233147E+02   
2.80060012E+02   
2.98005901E+02   
3.22027706E+02   
3.03393579E+02   
3.24664733E+02   
2.79208142E+02   
3.04060012E+02   
2.94664133E+02   
3.14198740E+02   
3.04050110E+02   
2.97456991E+02   
2.89098520E+02   
2.93830966E+02   
2.70853471E+02   
2.76173535E+02   
2.77596719E+02   
2.68439888E+02   
3.10052711E+02   
2.77128326E+02   
2.92366073E+02   
2.63774055E+02   
2.61294059E+02   
2.61469394E+02   
2.61655631E+02   
2.71873275E+02   
2.39657231E+02   
2.49369674E+02   
2.55643529E+02   
2.58911982E+02   
2.23325465E+02   
2.62953491E+02   
2.50485897E+02   
2.49456191E+02   
2.59903081E+02   
2.46862072E+02   
2.48328166E+02   
2.30710642E+02   
2.37330866E+02   
2.45814463E+02   
2.54646729E+02   
2.66379676E+02   
2.27070314E+02   
2.52388278E+02   
2.41054211E+02   
2.40373575E+02   
2.32037307E+02   
2.60055511E+02   
2.19717844E+02   
2.52047009E+02   
2.28356871E+02   
2.21040408E+02   
2.27750350E+02   
2.45365973E+02   
2.28087918E+02   
2.48731746E+02   
2.23298160E+02   
2.16738448E+02   
2.15678536E+02   
2.15672134E+02   
2.32492599E+02   
2.13588218E+02   
2.00349870E+02   
2.24962392E+02   
2.31971394E+02   
2.34942488E+02   
2.25021304E+02   
2.24511602E+02   
2.09873875E+02   
2.25444689E+02   
2.18961892E+02   
2.19573515E+02   
2.01831466E+02   
2.09487798E+02   
2.12399680E+02   
2.27079116E+02   
2.32863873E+02   
2.22122024E+02   
2.16289958E+02   
2.00796459E+02   
2.19881076E+02   
2.02606521E+02   
2.14877576E+02   
2.24169734E+02   
2.21406881E+02   
1.91499100E+02   
1.93310262E+02   
2.23277155E+02   
1.98699840E+02   
1.97186137E+02   
2.19406481E+02   
1.95723345E+02   
2.12617323E+02   
1.85352971E+02   
1.74812362E+02   
1.96722945E+02   
1.93694939E+02   
1.84980096E+02   
1.88725845E+02   
1.83164833E+02   
1.77723045E+02   
1.93047409E+02   
1.96107922E+02   
1.85707642E+02   
1.91931586E+02   
1.92244449E+02   
1.85103921E+02   
1.70581216E+02   
1.78560712E+02   
2.00035607E+02   
2.08023405E+02   
2.01431386E+02   
1.93422585E+02   
1.68730246E+02   
1.61329466E+02   
1.97521104E+02   
1.93981596E+02   
1.73150430E+02   
1.83680636E+02   
1.73866973E+02   
1.78037207E+02   
1.71201140E+02   
1.72783357E+02   
1.68550810E+02   
1.69336567E+02   
1.87199040E+02   
1.77661132E+02   
1.83131126E+02   
1.79434487E+02   
1.64042809E+02   
1.68832567E+02   
1.68432887E+02   
1.63229046E+02   
1.47741448E+02   
1.63318564E+02   
1.74241048E+02   
1.47605521E+02   
1.69756651E+02   
1.69656331E+02   
1.73628326E+02   
1.69661432E+02   
1.68449790E+02   
1.70991998E+02   
1.52919284E+02   
1.56382176E+02   
1.76625125E+02   
1.68917283E+02   
1.56675035E+02   
1.47031206E+02   
1.60860972E+02   
1.81572014E+02   
1.66034807E+02   
1.64200240E+02   
1.74869374E+02   
1.58812062E+02   
1.44288658E+02   
1.47668134E+02   
1.55868174E+02   
1.43894079E+02   
1.57006101E+02   
1.57130126E+02   
1.70639728E+02   
1.56833767E+02   
1.57363773E+02   
1.62597620E+02   
1.40469394E+02   
1.48167233E+02   
1.49745949E+02   
1.66032006E+02   
1.44885677E+02   
1.40620924E+02   
1.44440688E+02   
1.53464093E+02   
1.39275955E+02   
1.36765153E+02   
1.36439588E+02   
1.63137628E+02   
1.53695639E+02   
1.54494799E+02   
1.50168034E+02   
1.48995899E+02   
1.52871274E+02   
1.45662432E+02   
1.40283357E+02   
1.47096519E+02   
1.42028006E+02   
1.27139028E+02   
1.55311362E+02   
1.56248850E+02   
1.49412783E+02   
1.50990298E+02   
1.45892979E+02   
1.28925385E+02   
1.39653631E+02   
1.48226845E+02   
1.54559812E+02   
1.51673335E+02   
1.32848470E+02   
1.52662432E+02   
1.30844969E+02   
1.27757752E+02   
1.36658932E+02   
1.41684337E+02   
1.38741948E+02   
1.28110622E+02   
1.35595419E+02   
1.23616223E+02   
1.26407481E+02   
1.29294959E+02   
1.36071514E+02   
1.32711542E+02   
1.28419484E+02   
1.60424285E+02   
1.40098620E+02   
1.43895079E+02   
1.35961792E+02   
1.37028006E+02   
1.40824065E+02   
1.35231946E+02   
1.31938088E+02   
1.37797159E+02   
1.16612523E+02   
1.37710842E+02   
1.32870274E+02   
1.43451490E+02   
1.42602120E+02   
1.27597319E+02   
1.16149530E+02   
1.32811662E+02   
1.28506501E+02   
1.20930686E+02   
1.17204141E+02   
1.27581316E+02   
1.27692238E+02   
1.33216543E+02   
1.45352571E+02   
1.14376375E+02   
1.15990998E+02   
1.17022004E+02   
1.19456491E+02   
1.36745249E+02   
1.21818264E+02   
1.20769854E+02   
1.21810262E+02   
1.34277355E+02   
1.06530706E+02   
1.15021604E+02   
1.09741448E+02   
1.28542909E+02   
1.19265153E+02   
1.16284757E+02   
1.30497499E+02   
1.18289758E+02   
1.25274955E+02   
1.25023605E+02   
1.10523905E+02   
1.17274555E+02   
1.28025605E+02   
1.16519304E+02   
1.12520304E+02   
1.31811262E+02   
1.24499300E+02   
1.29767253E+02   
1.03740448E+02   
1.10800660E+02   
1.16761652E+02   
1.13547510E+02   
1.33288358E+02   
1.36780656E+02   
1.03449690E+02   
1.15160832E+02   
1.30954991E+02   
1.09755251E+02   
1.03425285E+02   
1.03048210E+02   
1.26208442E+02   
1.35447089E+02   
1.16266953E+02   
1.16543309E+02   
1.12153131E+02   
1.11662432E+02   
1.16379176E+02   
1.18781456E+02   
1.23959092E+02   
1.04276055E+02   
1.13399580E+02   
1.27121624E+02   
1.14925585E+02   
9.92083417E+01   
1.13967794E+02   
1.27422384E+02   
1.26495899E+02   
1.16376175E+02   
1.20080716E+02   
1.09021204E+02   
1.07660232E+02   
1.17745949E+02   
1.14424085E+02   
1.22158032E+02   
1.13954991E+02   
1.19648230E+02   
1.18007702E+02   
1.12264453E+02   
1.05020004E+02   
9.68672735E+01   
1.13101420E+02   
1.19942589E+02   
1.12728546E+02   
1.11520704E+02   
1.03902581E+02   
1.04023605E+02   
1.16162332E+02   
1.23293459E+02   
1.08749750E+02   
1.31662332E+02   
1.24571714E+02   
1.07508002E+02   
9.68936787E+01   
9.66972394E+01   
1.20551210E+02   
1.12387778E+02   
9.54670934E+01   
1.16445289E+02   
1.09369374E+02   
1.07461392E+02   
9.99098820E+01   
1.15468894E+02   
1.19129926E+02   
9.99049810E+01   
1.11696339E+02   
1.07682436E+02   
9.95813163E+01   
1.13898980E+02   
1.07363173E+02   
1.00021204E+02   
1.10712342E+02   
1.15547810E+02   
1.03847369E+02   
1.07411182E+02   
1.02103121E+02   
9.06668334E+01   
1.21839368E+02   
1.04256951E+02   
1.03740348E+02   
9.96612322E+01   
8.27315463E+01   
9.31638328E+01   
9.59404881E+01   
1.06822665E+02   
9.86360272E+01   
1.14561012E+02   
1.03506601E+02   
9.88102621E+01   
1.09967293E+02   
1.00550510E+02   
9.61786357E+01   
1.05455191E+02   
1.09492999E+02   
1.09576815E+02   
9.61838368E+01   
9.54358872E+01   
9.89413883E+01   
9.98521704E+01   
1.02021204E+02   
9.98146629E+01   
1.16784757E+02   
9.71101220E+01   
9.62500500E+01   
1.19711842E+02   
1.09046709E+02   
9.88592719E+01   
1.09573515E+02   
8.80566113E+01   
1.07425085E+02   
1.05208242E+02   
9.54135827E+01   
1.05635127E+02   
9.75952190E+01   
1.09431386E+02   
1.02824165E+02   
1.11419284E+02   
9.32181436E+01   
9.68257652E+01   
9.12099420E+01   
1.00818664E+02   
8.88194639E+01   
9.38202641E+01   
9.10184037E+01   
9.40184037E+01   
9.48391678E+01   
1.09824665E+02   
1.03957291E+02   
8.12338468E+01   
9.44066813E+01   
1.01821464E+02   
8.70457091E+01   
8.89870974E+01   
9.89229846E+01   
9.05310062E+01   
9.10176035E+01   
8.88254651E+01   
8.64427886E+01   
9.78278656E+01   
9.72105421E+01   
1.04113823E+02   
1.11164033E+02   
1.04502901E+02   
9.79173835E+01   
8.39646929E+01   
1.05075315E+02   
8.45251050E+01   
9.66413283E+01   
1.06766953E+02   
8.96421284E+01   
8.33225645E+01   
8.97585517E+01   
9.62263453E+01   
8.55744149E+01   
9.07226445E+01   
1.00127225E+02   
9.38334667E+01   
7.96716343E+01   
8.63643729E+01   
8.03838768E+01   
1.04199740E+02   
9.15597119E+01   
9.89286857E+01   
9.56553311E+01   
8.47328466E+01   
1.01221544E+02   
9.56609322E+01   
1.03999100E+02   
9.92242448E+01   
8.83477696E+01   
8.40525105E+01   
8.51584317E+01   
7.55492098E+01   
8.47734547E+01   
7.79022805E+01   
9.44267854E+01   
8.37237447E+01   
8.05448090E+01   
9.45617123E+01   
9.99958992E+01   
9.84915983E+01   
8.47129426E+01   
8.81037207E+01   
9.63258652E+01   
9.18478696E+01   
9.06092218E+01   
8.33922785E+01   
7.46381276E+01   
9.58158632E+01   
7.58726745E+01   
9.22874575E+01   
7.67445489E+01   
9.84883977E+01   
8.36969394E+01   
8.35112022E+01   
9.75136027E+01   
9.15248050E+01   
9.18514703E+01   
8.81909382E+01   
7.73474695E+01   
1.02188138E+02   
9.08470694E+01   
9.56901380E+01   
9.80272054E+01   
9.55164033E+01   
8.75012002E+01   
8.63906781E+01   
9.23330666E+01   
7.44699940E+01   
9.03846769E+01   
8.14807962E+01   
9.28794759E+01   
8.75320064E+01   
9.01797359E+01   
1.03569614E+02   
8.67874575E+01   
9.08570714E+01   
1.04857872E+02   
9.85840168E+01   
8.84055811E+01   
9.45400080E+01   
8.18586717E+01   
1.02913083E+02   
8.79639928E+01   
8.86453291E+01   
7.64247850E+01   
8.17633527E+01   
7.81713343E+01   
7.13938788E+01   
9.17069414E+01   
9.46268254E+01   
8.62542509E+01   
9.11717343E+01   
9.80976195E+01   
8.54668934E+01   
1.05183237E+02   
6.66046209E+01   
6.10116023E+01   
7.71036207E+01   
6.95612122E+01   
8.60583117E+01   
8.35700140E+01   
8.34172835E+01   
7.16125225E+01   
8.36307261E+01   
8.17626525E+01   
7.69067814E+01   
9.22769554E+01   
9.10176035E+01   
8.58421684E+01   
8.23652731E+01   
8.38453691E+01   
6.89120824E+01   
9.63964793E+01   
7.70486097E+01   
8.40023005E+01   
8.63139628E+01   
8.62884577E+01   
7.31646329E+01   
7.87289458E+01   
7.61581316E+01   
9.65939188E+01   
8.91688338E+01   
7.70002000E+01   
8.55797159E+01   
9.97496499E+01   
6.38396679E+01   
7.45936187E+01   
7.57353471E+01   
7.49872975E+01   
8.42111422E+01   
7.70503101E+01   
7.40859172E+01   
7.76407281E+01   
1.00154931E+02   
1.00334967E+02   
8.09253851E+01   
7.16926385E+01   
8.45761152E+01   
8.03684737E+01   
7.90152030E+01   
7.70763153E+01   
1.00686637E+02   
8.64160832E+01   
8.82171434E+01   
9.65594119E+01   
7.83998800E+01   
8.17509502E+01   
8.44091818E+01   
9.09191838E+01   
7.78035607E+01   
8.03192639E+01   
7.96248250E+01   
9.19805961E+01   
7.75341068E+01   
8.68882777E+01   
8.10172034E+01   
5.70826165E+01   
7.72064413E+01   
8.36510302E+01   
8.84960992E+01   
6.95327065E+01   
7.73857772E+01   
8.12670534E+01   
8.38906781E+01   
7.75141028E+01   
8.03937788E+01   
7.10164033E+01   
7.50164033E+01   
7.43851770E+01   
8.28926785E+01   
8.21377275E+01   
8.27717544E+01   
6.96226245E+01   
6.45303061E+01   
7.11361272E+01   
7.82554511E+01   
6.90144029E+01   
8.37757552E+01   
6.92530506E+01   
7.38958792E+01   
8.28966793E+01   
8.67202440E+01   
8.34888978E+01   
5.51226245E+01   
7.43116623E+01   
1.02226245E+02   
7.97586517E+01   
8.37087417E+01   
7.75890178E+01   
8.57219444E+01   
8.68192639E+01   
8.76764353E+01   
7.67186437E+01   
7.47706541E+01   
7.19173835E+01   
6.25746149E+01   
7.19002801E+01   
6.60105021E+01   
7.17958592E+01   
8.42414483E+01   
7.62398480E+01   
8.03479696E+01   
9.29082817E+01   
7.83447690E+01   
8.47997600E+01   
7.27475495E+01   
7.30417083E+01   
7.49415883E+01   
8.15534107E+01   
9.40581116E+01   
7.68244649E+01   
7.21193239E+01   
7.30132026E+01   
7.38590718E+01   
7.96899380E+01   
7.41782356E+01   
7.61846369E+01   
9.18109622E+01   
7.46359272E+01   
8.48109622E+01   
7.44464893E+01   
7.49094819E+01   
6.90997199E+01   
7.51161232E+01   
8.55122024E+01   
7.52170434E+01   
7.79134827E+01   
8.08205641E+01   
8.11053211E+01   
8.00128026E+01   
7.78353671E+01   
8.48221644E+01   
9.15318064E+01   
5.83464693E+01   
8.11769354E+01   
8.02679536E+01   
7.66303261E+01   
8.00616123E+01   
7.83035607E+01   
7.14901980E+01   
7.68273655E+01   
7.63912783E+01   
8.28281656E+01   
7.91085217E+01   
7.54777956E+01   
7.66447289E+01   
7.84733947E+01   
7.95562112E+01   
7.56511302E+01   
7.96500300E+01   
8.26618324E+01   
7.20962192E+01   
7.04613923E+01   
8.41906381E+01   
6.43923785E+01   
6.58078616E+01   
6.74848970E+01   
6.99262853E+01   
7.36663333E+01   
7.47942589E+01   
7.71842368E+01   
8.79825965E+01   
7.21013203E+01   
7.45061012E+01   
6.42857572E+01   
7.48343669E+01   
8.61850370E+01   
7.26000200E+01   
7.50969194E+01   
8.52709542E+01   
8.69350870E+01   
9.23638728E+01   
9.03460692E+01   
7.05047009E+01   
7.22583517E+01   
9.76951390E+01   
7.20535107E+01   
6.60913183E+01   
7.31435287E+01   
7.50945189E+01   
8.56250250E+01   
8.23284657E+01   
6.94025805E+01   
7.19370874E+01   
6.03204641E+01   
7.30994199E+01   
7.20176035E+01   
7.57916583E+01   
6.39177836E+01   
7.09394879E+01   
6.36073215E+01   
7.07163433E+01   
7.42327465E+01   
7.02824565E+01   
6.45957191E+01   
6.45797159E+01   
7.17996599E+01   
8.38020604E+01   
8.74426885E+01   
9.25917183E+01   
7.82976595E+01   
8.63641728E+01   
7.40136027E+01   
7.71514303E+01   
6.50128026E+01   
7.19229846E+01   
8.74254851E+01   
7.24879976E+01   
7.88801760E+01   
8.76157231E+01   
7.16783357E+01   
6.46046209E+01   
7.69645929E+01   
6.91458292E+01   
8.48861772E+01   
6.95930186E+01   
8.96301260E+01   
6.93946789E+01   
7.35091018E+01   
7.20781156E+01   
6.32636527E+01   
7.58901780E+01   
6.78917784E+01   
6.78324665E+01   
7.21374275E+01   
7.13161632E+01   
7.37747550E+01   
7.78372675E+01   
7.74876975E+01   
7.33110622E+01   
7.73666733E+01   
6.25350070E+01   
7.89230846E+01   
6.72716543E+01   
7.35022004E+01   
8.57899580E+01   
7.50160032E+01   
8.67947590E+01   
7.69626925E+01   
7.36721344E+01   
6.38508702E+01   
6.35515103E+01   
8.67971594E+01   
7.68532707E+01   
7.47506501E+01   
7.08588718E+01   
6.54817964E+01   
7.00128026E+01   
6.22164433E+01   
6.19606921E+01   
6.09614923E+01   
7.38131626E+01   
7.21122224E+01   
8.13280656E+01   
8.01639328E+01   
7.88728746E+01   
6.98771754E+01   
7.73015603E+01   
9.24542909E+01   
6.78126625E+01   
8.36924385E+01   
8.25208042E+01   
8.84245849E+01   
7.06924385E+01   
6.65232046E+01   
7.61936387E+01   
6.61030206E+01   
5.92313463E+01   
7.01415283E+01   
6.85865173E+01   
6.22261452E+01   
7.28467694E+01   
7.20978196E+01   
7.08507702E+01   
6.91780356E+01   
6.10545109E+01   
7.40934187E+01   
6.61311262E+01   
8.05840168E+01   
7.60934187E+01   
6.83204641E+01   
6.30501100E+01   
7.08254651E+01   
7.69032807E+01   
7.22707542E+01   
6.29040808E+01   
6.99421884E+01   
7.28731746E+01   
7.31207241E+01   
8.10493099E+01   
5.93213643E+01   
7.64040808E+01   
6.83510702E+01   
8.80140028E+01   
8.09489898E+01   
6.32716543E+01   
5.90433087E+01   
7.56042208E+01   
7.12327465E+01   
7.79830966E+01   
6.62247449E+01   
6.67141428E+01   
7.19858972E+01   
5.14491898E+01   
5.69525905E+01   
7.47293459E+01   
7.78204641E+01   
8.50718144E+01   
6.65007001E+01   
7.66116223E+01   
6.52240448E+01   
7.17292458E+01   
7.11935387E+01   
7.39139828E+01   
7.72847570E+01   
6.49866973E+01   
7.76793359E+01   
6.73197640E+01   
7.19657932E+01   
7.08323665E+01   
9.38829766E+01   
8.09962993E+01   
7.72101420E+01   
6.90357071E+01   
5.51989398E+01   
6.79102821E+01   
7.68354671E+01   
7.20743149E+01   
7.20908182E+01   
7.49950990E+01   
6.70502100E+01   
7.99777956E+01   
7.28928786E+01   
6.32365473E+01   
7.28465693E+01   
7.11605321E+01   
6.69334867E+01   
7.68915783E+01   
6.51662332E+01   
5.01437287E+01   
7.18544709E+01   
6.90003001E+01   
7.50011002E+01   
6.50148030E+01   
6.60023005E+01   
6.20999200E+01   
6.40709142E+01   
8.88069614E+01   
6.52356471E+01   
7.58100620E+01   
7.01182236E+01   
7.69258852E+01   
7.60261052E+01   
6.81054211E+01   
8.49018804E+01   
7.00905181E+01   
6.20756151E+01   
6.79450890E+01   
6.90489098E+01   
7.39863973E+01   
8.49895979E+01   
5.40897179E+01   
6.59361872E+01   
6.90356071E+01   
8.29963993E+01   
5.90939188E+01   
7.09565913E+01   
7.20140028E+01   
8.69994999E+01   
7.30185037E+01   
8.50177035E+01   
6.10152030E+01   
5.60204041E+01   
6.50118024E+01   
7.40144029E+01   
7.10137027E+01   
5.10127025E+01   
5.70189038E+01   
6.80101020E+01   
6.30136027E+01   
6.70098020E+01   
7.40220044E+01   
6.80063013E+01   
6.00070014E+01   
6.40264053E+01   
6.99827966E+01   
5.30452090E+01   
6.19669934E+01   
5.70661132E+01   
6.89593919E+01   
6.00222044E+01   
5.10238048E+01   
7.39985997E+01   
5.30751150E+01   
6.60073015E+01   
6.79748950E+01   
6.10539108E+01   
6.80753151E+01   
8.09898980E+01   
7.99304861E+01   
5.50124025E+01   
6.99814963E+01   
5.91182236E+01   
7.50152030E+01   
7.99001800E+01   
6.81183237E+01   
7.39286857E+01   
7.30247049E+01   
5.50517103E+01   
6.10676135E+01   
7.10430086E+01   
7.00446089E+01   
7.79579916E+01   
7.09698940E+01   
6.98434687E+01   
6.22799560E+01   
7.38207642E+01   
4.81619324E+01   
6.38783757E+01   
5.89069814E+01   
6.51707341E+01   
7.40315063E+01   
7.10697139E+01   
7.09001800E+01   
6.29928986E+01   
7.00319064E+01   
7.51951390E+01   
8.58503701E+01   
7.78650730E+01   
6.42680536E+01   
6.78614723E+01   
6.41458292E+01   
6.78327666E+01   
5.71498300E+01   
6.81076215E+01   
6.79673935E+01   
7.11602320E+01   
7.77697540E+01   
6.39876975E+01   
6.83439688E+01   
8.06808362E+01   
5.88282657E+01   
5.64101820E+01   
6.55548110E+01   
5.41738348E+01   
6.34018804E+01   
7.61583317E+01   
7.75882176E+01   
7.52165433E+01   
6.96615323E+01   
6.33696739E+01   
6.96822364E+01   
6.01954391E+01   
8.00447089E+01   
6.79509902E+01   
5.63003601E+01   
6.87583517E+01   
7.34060812E+01   
7.37866573E+01   
6.91831366E+01   
7.96785357E+01   
6.99449890E+01   
6.60822164E+01   
6.70487097E+01   
7.97299460E+01   
6.02262452E+01   
6.28316663E+01   
5.62681536E+01   
7.47171434E+01   
6.43108622E+01   
6.56349270E+01   
5.55846169E+01   
7.05515103E+01   
6.19329866E+01   
6.84844969E+01   
7.85762152E+01   
6.11317263E+01   
6.72969594E+01   
7.26037207E+01   
6.10108022E+01   
6.72622525E+01   
5.70132026E+01   
6.83121624E+01   
6.78435687E+01   
6.75793159E+01   
6.34933987E+01   
6.93501700E+01   
6.65900180E+01   
6.11042208E+01   
6.87872575E+01   
6.24718944E+01   
7.98315663E+01   
7.57816563E+01   
7.37305461E+01   
6.12958592E+01   
6.47736547E+01   
6.60595119E+01   
6.69141828E+01   
5.55510102E+01   
7.88666733E+01   
6.66646329E+01   
6.38602721E+01   
5.35171034E+01   
7.48317664E+01   
7.91962392E+01   
6.20140028E+01   
7.17001400E+01   
5.85387077E+01   
6.70156031E+01   
6.61226245E+01   
7.43694739E+01   
6.43917784E+01   
6.66314263E+01   
6.15627125E+01   
7.88490698E+01   
6.56789358E+01   
5.54624925E+01   
7.11853371E+01   
7.15024005E+01   
7.08977796E+01   
7.21278256E+01   
6.10128026E+01   
6.31889378E+01   
6.53095619E+01   
7.44803961E+01   
6.61921384E+01   
6.37120424E+01   
5.24972995E+01   
7.02814563E+01   
6.49326865E+01   
8.33968794E+01   
6.93858772E+01   
5.45754151E+01   
6.58222645E+01   
5.81374275E+01   
6.61390278E+01   
6.91696339E+01   
7.53073615E+01   
6.82985597E+01   
5.55345069E+01   
6.56181236E+01   
6.14753951E+01   
6.32134427E+01   
5.09487898E+01   
6.79472895E+01   
7.46748350E+01   
7.18321664E+01   
6.83987798E+01   
6.13591718E+01   
7.98070614E+01   
6.30144029E+01   
6.02409482E+01   
6.61414283E+01   
8.10919184E+01   
6.17978596E+01   
7.16560312E+01   
7.43028606E+01   
6.20152030E+01   
6.42109422E+01   
6.07459492E+01   
7.12365473E+01   
7.36444289E+01   
6.64162833E+01   
6.26868374E+01   
7.37878576E+01   
6.10891178E+01   
6.62425485E+01   
6.74010802E+01   
6.07031406E+01   
5.84750950E+01   
5.89344869E+01   
6.97951590E+01   
7.99372875E+01   
7.35409082E+01   
7.45361072E+01   
6.18509702E+01   
6.27328466E+01   
7.08521704E+01   
6.86617323E+01   
6.20378076E+01   
5.78303661E+01   
7.44389878E+01   
6.35161032E+01   
6.16749350E+01   
5.86813363E+01   
6.83520704E+01   
7.37650530E+01   
6.54237848E+01   
7.18437688E+01   
6.80132026E+01   
6.60991198E+01   
6.53588718E+01   
7.52753551E+01   
7.97550510E+01   
7.95403081E+01   
7.25780156E+01   
7.20441088E+01   
6.16322264E+01   
7.52813563E+01   
7.68361672E+01   
5.77446489E+01   
6.60067013E+01   
7.73846769E+01   
6.10127025E+01   
6.87402480E+01   
5.83812763E+01   
7.16304261E+01   
6.50291058E+01   
6.73860772E+01   
7.17994599E+01   
5.05735147E+01   
6.93896779E+01   
6.33928786E+01   
7.33009602E+01   
7.69660932E+01   
8.28348670E+01   
8.02862573E+01   
5.60456091E+01   
5.14655931E+01   
6.83321664E+01   
7.24036807E+01   
6.55220044E+01   
5.95052010E+01   
6.93197640E+01   
5.46031206E+01   
7.93185637E+01   
6.58161632E+01   
7.59168834E+01   
7.60060012E+01   
6.73177636E+01   
6.64855971E+01   
4.60316063E+01   
7.09096819E+01   
6.77338468E+01   
6.80148030E+01   
6.49108822E+01   
6.92230446E+01   
6.63868774E+01   
5.45923185E+01   
6.63277656E+01   
6.41183237E+01   
7.21823365E+01   
8.10567113E+01   
5.74420884E+01   
6.56174235E+01   
6.72258452E+01   
6.88773755E+01   
6.12529506E+01   
6.41024205E+01   
6.93580716E+01   
5.94631926E+01   
6.20108022E+01   
5.93429686E+01   
6.93453691E+01   
7.12325465E+01   
6.56892378E+01   
7.69040808E+01   
6.61142228E+01   
6.38996799E+01   
6.03746749E+01   
7.51058212E+01   
6.52137427E+01   
5.34700940E+01   
6.65884177E+01   
6.38992799E+01   
7.18984797E+01   
5.18976795E+01   
6.68968794E+01   
6.37159432E+01   
6.40156031E+01   
7.50722144E+01   
7.87223445E+01   
7.00833167E+01   
7.38741748E+01   
6.76845369E+01   
7.72179436E+01   
6.11766353E+01   
6.86900380E+01   
6.06812362E+01   
5.02522505E+01   
5.84730946E+01   
6.25255051E+01   
7.06268254E+01   
5.75377075E+01   
5.50104021E+01   
6.33735747E+01   
6.66418284E+01   
6.32630526E+01   
5.68892779E+01   
6.37629526E+01   
7.35169034E+01   
7.26358272E+01   
6.78730746E+01   
7.00270054E+01   
6.72884577E+01   
7.69937988E+01   
7.29873975E+01   
6.13969794E+01   
6.92702541E+01   
6.51785357E+01   
6.95872174E+01   
6.75333067E+01   
6.21443289E+01   
7.58828766E+01   
7.23288658E+01   
7.78302661E+01   
6.00140028E+01   
6.42176435E+01   
6.52097419E+01   
7.24810962E+01   
7.12814563E+01   
6.22084417E+01   
5.88772755E+01   
6.11467293E+01   
6.42830566E+01   
5.59642929E+01   
6.64245849E+01   
7.27862573E+01   
6.71503301E+01   
6.41511302E+01   
7.14622925E+01   
7.24273855E+01   
6.27361472E+01   
6.55693139E+01   
8.31306261E+01   
7.37582517E+01   
7.01897379E+01   
5.38382677E+01   
7.83083617E+01   
6.74272855E+01   
6.31644329E+01   
7.35903181E+01   
5.64359872E+01   
7.41557311E+01   
5.72982597E+01   
6.41634327E+01   
8.12935587E+01   
6.13026605E+01   
6.39980996E+01   
6.13209642E+01   
6.92851570E+01   
6.48664733E+01   
5.84254851E+01   
6.20108022E+01   
4.18632727E+01   
7.06376275E+01   
6.67181436E+01   
7.79063813E+01   
7.67794559E+01   
6.73094619E+01   
5.36109222E+01   
6.68101620E+01   
5.05169034E+01   
6.33158632E+01   
7.09235847E+01   
7.33206641E+01   
7.11233247E+01   
6.13009602E+01   
6.86378276E+01   
6.53982797E+01   
6.43961792E+01   
7.18600720E+01   
6.44781956E+01   
6.10844169E+01   
7.72570514E+01   
6.47041408E+01   
7.12335467E+01   
5.70728146E+01   
7.32678536E+01   
7.55414083E+01   
6.80659132E+01   
7.66430286E+01   
5.87580516E+01   
7.89476895E+01   
6.48516703E+01   
6.38104621E+01   
6.49367874E+01   
7.01244249E+01   
6.84937988E+01   
6.81423285E+01   
7.07189438E+01   
5.83358672E+01   
7.08256651E+01   
6.83614723E+01   
6.78112623E+01   
7.28856771E+01   
7.15046009E+01   
6.91543309E+01   
7.75410082E+01   
6.33430686E+01   
6.51743349E+01   
7.45146029E+01   
6.93498700E+01   
7.23494699E+01   
7.43458692E+01   
7.28464693E+01   
5.80040008E+01   
5.86989398E+01   
7.71699340E+01   
6.49963993E+01   
7.52007401E+01   
6.44809962E+01   
5.72299460E+01   
7.67908582E+01   
5.57257451E+01   
6.25302060E+01   
7.03262653E+01   
5.65322064E+01   
6.58808762E+01   
8.18024605E+01   
7.21883377E+01   
6.49227846E+01   
4.80584117E+01   
6.63626725E+01   
7.02951590E+01   
6.46109222E+01   
7.52518504E+01   
5.86622324E+01   
7.74229846E+01   
6.33034607E+01   
6.62575515E+01   
6.64797960E+01   
6.34773955E+01   
6.49828966E+01   
8.61963393E+01   
7.22178436E+01   
6.46362272E+01   
8.12094419E+01   
7.11864373E+01   
7.97468494E+01   
6.58328666E+01   
6.97380476E+01   
5.95598120E+01   
7.05767153E+01   
7.55501100E+01   
7.53597720E+01   
5.91959392E+01   
6.60441088E+01   
6.70907181E+01   
7.59420884E+01   
8.13429686E+01   
6.38264653E+01   
5.70787157E+01   
6.69402881E+01   
8.56437287E+01   
9.21386277E+01   
6.68256651E+01   
7.49572915E+01   
7.58807762E+01   
5.56341268E+01   
6.41520304E+01   
8.09210842E+01   
6.50104021E+01   
6.46281256E+01   
6.40319064E+01   
7.54824965E+01   
7.83611722E+01   
8.82466493E+01   
7.02434487E+01   
7.02079416E+01   
7.00148030E+01   
6.72657532E+01   
5.95691138E+01   
7.46241248E+01   
7.19689938E+01   
6.46460292E+01   
6.82294459E+01   
7.40132026E+01   
6.58160632E+01   
7.16177235E+01   
6.25852170E+01   
7.56205241E+01   
6.82214443E+01   
6.98113623E+01   
7.00210042E+01   
6.18121624E+01   
7.00140028E+01   
7.58095619E+01   
6.62298460E+01   
8.29871974E+01   
6.86255251E+01   
6.24061812E+01   
5.45928186E+01   
5.12280456E+01   
6.88080616E+01   
7.02151430E+01   
6.64636927E+01   
6.61737347E+01   
6.42436487E+01   
5.97542509E+01   
5.84226845E+01   
5.33925785E+01   
6.59384877E+01   
6.24965993E+01   
5.93885777E+01   
6.10006001E+01   
8.00611122E+01   
6.64294859E+01   
5.48493699E+01   
7.49666933E+01   
6.86422284E+01   
6.79618924E+01   
6.77512503E+01   
7.81165233E+01   
5.44939988E+01   
7.16846369E+01   
6.02239448E+01   
6.60757151E+01   
6.55220044E+01   
5.55841168E+01   
6.03637728E+01   
6.44426885E+01   
6.67343469E+01   
8.40825165E+01   
7.17996599E+01   
7.17988598E+01   
7.21490298E+01   
6.05300060E+01   
7.93641728E+01   
7.27968594E+01   
7.07063413E+01   
5.24482897E+01   
6.26686337E+01   
7.55753151E+01   
6.68909782E+01   
7.24747950E+01   
6.96557311E+01   
7.18089618E+01   
6.85701140E+01   
6.96701340E+01   
7.42383477E+01   
6.97933587E+01   
7.40128026E+01   
6.59053811E+01   
6.35673135E+01   
6.66854371E+01   
7.42200440E+01   
6.63373675E+01   
5.38115623E+01   
7.34646929E+01   
6.97884577E+01   
5.25613123E+01   
6.56934387E+01   
6.31972394E+01   
6.93764753E+01   
7.28738748E+01   
6.23816763E+01   
7.07002400E+01   
7.38071614E+01   
6.01573315E+01   
5.11613323E+01   
7.01653331E+01   
7.28618724E+01   
6.35562112E+01   
8.40817163E+01   
6.57792559E+01   
6.36372274E+01   
7.44790958E+01   
6.32475495E+01   
7.86135227E+01   
5.88426685E+01   
6.35417083E+01   
7.17045409E+01   
8.53121624E+01   
6.91320264E+01   
7.74850970E+01   
6.51232246E+01   
7.15620124E+01   
7.81710342E+01   
6.21499300E+01   
6.70156031E+01   
7.31088218E+01   
6.49673935E+01   
7.02965593E+01   
6.32105421E+01   
8.95349070E+01   
6.70526105E+01   
5.82161432E+01   
6.43617724E+01   
5.98747750E+01   
7.71130226E+01   
6.81927385E+01   
7.09861972E+01   
8.50442088E+01   
7.32845569E+01   
6.54776955E+01   
6.65729146E+01   
7.71731346E+01   
6.65483097E+01   
7.72979596E+01   
7.07842569E+01   
6.25047009E+01   
6.52595519E+01   
6.23059612E+01   
4.94728946E+01   
6.57730546E+01   
6.47558512E+01   
6.05145029E+01   
6.22569514E+01   
6.25141028E+01   
5.97624525E+01   
6.57658532E+01   
7.95089018E+01   
6.77750550E+01   
7.67528506E+01   
6.67768554E+01   
6.90066013E+01   
7.35089018E+01   
7.37982597E+01   
8.37360472E+01   
6.92683537E+01   
7.43039608E+01   
8.37256451E+01   
5.84838968E+01   
6.75013003E+01   
7.53389678E+01   
6.27096419E+01   
6.82969594E+01   
7.64436887E+01   
5.43593719E+01   
7.52107421E+01   
8.17552511E+01   
7.51182236E+01   
7.19081816E+01   
6.87918584E+01   
6.59347870E+01   
5.90940188E+01   
7.43181636E+01   
8.07998600E+01   
7.90176035E+01   
7.95644129E+01   
6.77978596E+01   
6.35885177E+01   
6.89617924E+01   
5.98034607E+01   
6.54302861E+01   
7.15977195E+01   
7.49549910E+01   
5.43381676E+01   
7.41388278E+01   
8.20921184E+01   
7.32795559E+01   
8.26141228E+01   
6.76729346E+01   
6.22186437E+01   
6.91371274E+01   
6.48884777E+01   
6.49377876E+01   
6.43569714E+01   
6.74391878E+01   
6.93172635E+01   
7.04459892E+01   
6.77456491E+01   
7.03044609E+01   
6.81844369E+01   
8.19273855E+01   
7.41965393E+01   
5.52851570E+01   
7.56564313E+01   
8.15485097E+01   
7.37511502E+01   
7.71925385E+01   
5.80144029E+01   
7.27392478E+01   
6.75651130E+01   
7.66350270E+01   
7.04600920E+01   
7.17795559E+01   
6.95216043E+01   
6.14001800E+01   
6.37364473E+01   
8.99624925E+01   
7.03442689E+01   
7.24101820E+01   
7.77799560E+01   
6.49336867E+01   
7.90552110E+01   
7.13314663E+01   
6.38889778E+01   
6.11673335E+01   
5.02664533E+01   
7.51434287E+01   
7.21466293E+01   
7.46193239E+01   
7.71466293E+01   
7.44214843E+01   
8.11752350E+01   
7.71538308E+01   
6.84460892E+01   
7.18722745E+01   
6.80151030E+01   
5.68685737E+01   
7.11667333E+01   
8.01553311E+01   
7.11529306E+01   
7.94541908E+01   
6.86910382E+01   
5.00743149E+01   
7.58139628E+01   
6.17489498E+01   
6.58541708E+01   
6.83027606E+01   
7.01758352E+01   
7.05967193E+01   
7.40152030E+01   
6.62197439E+01   
5.49335867E+01   
7.25502100E+01   
5.79435887E+01   
6.95482096E+01   
7.29562913E+01   
7.32491498E+01   
7.97841568E+01   
7.17051410E+01   
6.27841568E+01   
7.06051210E+01   
6.12358472E+01   
6.80565113E+01   
7.52070414E+01   
7.31517303E+01   
7.28229646E+01   
7.66099220E+01   
6.20140028E+01   
7.28173635E+01   
7.22106421E+01   
7.57136427E+01   
7.34168834E+01   
7.78213643E+01   
8.11041208E+01   
6.76171234E+01   
7.81285257E+01   
7.04821964E+01   
6.23143629E+01   
6.00436087E+01   
6.95875175E+01   
7.06603321E+01   
7.37132426E+01   
8.31029206E+01   
7.01005201E+01   
6.99314863E+01   
6.35087017E+01   
5.58296659E+01   
7.69487898E+01   
6.83911782E+01   
6.95563113E+01   
7.37817564E+01   
7.36374275E+01   
6.95340068E+01   
6.30287057E+01   
5.60861172E+01   
7.24932987E+01   
6.41546309E+01   
6.88390678E+01   
6.52562513E+01   
6.57669534E+01   
5.83149630E+01   
8.10813163E+01   
8.10789158E+01   
7.00765153E+01   
6.58791758E+01   
6.16387277E+01   
5.98408682E+01   
6.44413883E+01   
6.96435287E+01   
6.44894979E+01   
7.09065813E+01   
7.19113823E+01   
8.12826565E+01   
7.25769154E+01   
6.75994199E+01   
7.01519304E+01   
5.75120024E+01   
6.64205841E+01   
6.38423685E+01   
7.26672334E+01   
5.71675335E+01   
6.83335667E+01   
7.75797159E+01   
6.91628326E+01   
7.26198240E+01   
7.40481096E+01   
8.29469894E+01   
6.89517904E+01   
7.44322865E+01   
6.56615323E+01   
7.69027806E+01   
9.31814363E+01   
6.63632727E+01   
6.53616723E+01   
7.45691138E+01   
7.34311862E+01   
6.09287858E+01   
7.33833767E+01   
8.16510302E+01   
8.40864173E+01   
6.40124025E+01   
7.16542308E+01   
7.83157632E+01   
7.80422084E+01   
8.13217644E+01   
7.60479096E+01   
6.16925385E+01   
5.90124025E+01   
6.10124025E+01   
6.26861372E+01   
6.96706341E+01   
7.26862372E+01   
6.13376675E+01   
6.26818364E+01   
7.70161032E+01   
7.56799360E+01   
7.83437688E+01   
7.76917383E+01   
6.20113023E+01   
7.53176635E+01   
6.53775755E+01   
7.43424685E+01   
6.50041008E+01   
7.80247049E+01   
6.53265653E+01   
6.59984997E+01   
6.13797760E+01   
6.13201640E+01   
7.40295059E+01   
5.93714743E+01   
6.89948990E+01   
5.79924985E+01   
5.87385477E+01   
6.03097620E+01   
7.44292859E+01   
7.93595719E+01   
8.20451090E+01   
8.28493699E+01   
6.36983397E+01   
6.13870774E+01   
6.42626525E+01   
6.87330466E+01   
6.96341268E+01   
5.46664333E+01   
6.29744949E+01   
5.58156631E+01   
8.33607722E+01   
7.00551110E+01   
7.09329866E+01   
7.39222845E+01   
7.73650730E+01   
7.21920384E+01   
8.34823965E+01   
6.24078816E+01   
6.96632326E+01   
6.92619524E+01   
8.08139628E+01   
5.63643729E+01   
7.19604921E+01   
8.00128026E+01   
7.94765953E+01   
6.73108622E+01   
6.99564913E+01   
7.34262853E+01   
6.32473495E+01   
6.86592318E+01   
6.67846569E+01   
6.86600320E+01   
6.70144029E+01   
7.00144029E+01   
6.28785757E+01   
6.00811162E+01   
7.62293459E+01   
6.99400880E+01   
7.69428886E+01   
6.37926585E+01   
6.82361472E+01   
7.89380876E+01   
6.96540308E+01   
6.52936587E+01   
7.95318064E+01   
7.80148030E+01   
7.13755751E+01   
8.42928586E+01   
7.69296859E+01   
6.30132026E+01   
6.51874375E+01   
7.06623325E+01   
7.34583917E+01   
7.67439488E+01   
9.24771954E+01   
9.23717744E+01   
7.73799760E+01   
7.96673335E+01   
7.96327265E+01   
6.66488298E+01   
7.03807762E+01   
7.26480296E+01   
7.56472294E+01   
7.36464293E+01   
8.08534707E+01   
6.75951190E+01   
7.49111822E+01   
7.54329866E+01   
6.36448290E+01   
6.68638728E+01   
6.17937588E+01   
6.89012803E+01   
6.47547510E+01   
6.55269054E+01   
6.89873975E+01   
6.84832967E+01   
7.81557311E+01   
8.15249050E+01   
6.96424285E+01   
7.90238048E+01   
7.01355271E+01   
7.67631526E+01   
7.58888778E+01   
7.10224045E+01   
8.03799760E+01   
6.60136027E+01   
7.88974795E+01   
7.69981996E+01   
7.45433087E+01   
9.67731546E+01   
6.72342468E+01   
7.20442088E+01   
7.40172034E+01   
7.81193239E+01   
8.03553711E+01   
6.85769154E+01   
7.82556511E+01   
1.01684637E+02   
8.63481696E+01   
7.65786157E+01   
6.90718144E+01   
7.51021204E+01   
7.15467093E+01   
7.21798360E+01   
7.96276255E+01   
7.80862172E+01   
7.88600720E+01   
7.20132026E+01   
7.13266653E+01   
6.75595119E+01   
9.12444489E+01   
6.67618524E+01   
7.74965993E+01   
6.46901380E+01   
7.15050010E+01   
9.24632927E+01   
7.66264253E+01   
8.06256251E+01   
7.76769354E+01   
7.15218044E+01   
7.95771154E+01   
7.56725345E+01   
6.44059812E+01   
8.17562513E+01   
8.36661332E+01   
6.96613323E+01   
6.29770954E+01   
7.56561312E+01   
7.23100620E+01   
8.24131826E+01   
8.18364673E+01   
7.60445089E+01   
6.76935387E+01   
6.43613723E+01   
6.58465693E+01   
7.39749950E+01   
9.21894379E+01   
7.94719944E+01   
6.88180636E+01   
7.31732346E+01   
7.92281456E+01   
6.92103421E+01   
8.78053611E+01   
9.18212643E+01   
8.02189438E+01   
6.94182837E+01   
8.00067013E+01   
6.88383677E+01   
7.93990798E+01   
7.29957992E+01   
6.96330266E+01   
7.56124225E+01   
8.14338868E+01   
8.57885577E+01   
6.44378876E+01   
7.33769754E+01   
7.50128026E+01   
7.46076215E+01   
6.32012402E+01   
6.78833767E+01   
7.60164033E+01   
8.22028406E+01   
7.36443289E+01   
6.95717143E+01   
6.96467293E+01   
7.30164033E+01   
7.62427485E+01   
7.15625125E+01   
8.77493499E+01   
8.62810562E+01   
7.21425285E+01   
7.17633527E+01   
6.11397279E+01   
7.30152030E+01   
8.11912382E+01   
5.74267854E+01   
7.93170634E+01   
7.42334467E+01   
7.15618124E+01   
8.59468894E+01   
6.22853571E+01   
7.34033807E+01   
7.99404881E+01   
7.14299860E+01   
7.24307862E+01   
7.20971194E+01   
8.16004201E+01   
9.37652531E+01   
9.03562713E+01   
8.18389678E+01   
7.75964193E+01   
6.92707542E+01   
6.57580516E+01   
6.17556511E+01   
7.26931386E+01   
8.61167233E+01   
8.15960192E+01   
9.14375875E+01   
8.68009602E+01   
6.67007401E+01   
7.17039408E+01   
7.13248650E+01   
7.29361872E+01   
6.23982797E+01   
8.28607722E+01   
7.23160632E+01   
6.27111422E+01   
6.77143429E+01   
6.75896179E+01   
7.79966993E+01   
8.82967594E+01   
8.76045209E+01   
8.14427886E+01   
7.41608322E+01   
7.77312462E+01   
6.07275455E+01   
8.35883177E+01   
7.10137027E+01   
7.77264453E+01   
6.00041008E+01   
7.16062212E+01   
6.67240448E+01   
7.57582517E+01   
1.00977395E+02   
7.38779756E+01   
8.54738948E+01   
7.56901380E+01   
6.94148830E+01   
6.39138828E+01   
7.34112823E+01   
7.20535107E+01   
8.22764553E+01   
7.01899380E+01   
7.45007001E+01   
8.44793959E+01   
7.23223645E+01   
6.13936787E+01   
7.35095019E+01   
8.35790158E+01   
8.98893779E+01   
7.35085017E+01   
7.11348270E+01   
7.55251050E+01   
8.55315063E+01   
9.21781356E+01   
7.61328266E+01   
6.56904381E+01   
8.35411082E+01   
7.91059212E+01   
8.51336267E+01   
7.54776955E+01   
6.87996599E+01   
7.02162432E+01   
8.84684937E+01   
7.23500700E+01   
7.15662132E+01   
8.91257251E+01   
7.72399480E+01   
8.76895379E+01   
8.68825765E+01   
8.05831166E+01   
7.80152030E+01   
8.02758552E+01   
8.51738348E+01   
8.00439088E+01   
6.83252651E+01   
8.47059412E+01   
7.97696539E+01   
8.54086817E+01   
7.51685337E+01   
6.43643729E+01   
7.68175635E+01   
7.05041008E+01   
6.72374475E+01   
8.22385477E+01   
8.06315263E+01   
7.54683937E+01   
9.00011002E+01   
8.54739948E+01   
9.14808962E+01   
7.98360672E+01   
6.71948390E+01   
6.39298860E+01   
7.94731946E+01   
7.10901180E+01   
8.25767153E+01   
8.76464293E+01   
7.35584117E+01   
7.27272454E+01   
7.59670934E+01   
7.99351870E+01   
9.71016203E+01   
7.08856771E+01   
8.97168434E+01   
7.47727546E+01   
7.03171634E+01   
8.21740348E+01   
7.96275255E+01   
7.41725345E+01   
7.06327265E+01   
7.03176635E+01   
7.61787357E+01   
8.59956991E+01   
6.99391878E+01   
8.65807161E+01   
8.98039608E+01   
1.05583317E+02   
8.72699540E+01   
7.90852170E+01   
7.82876575E+01   
6.30124025E+01   
7.78131626E+01   
7.44819964E+01   
8.60152030E+01   
7.64191838E+01   
7.92060412E+01   
8.85771154E+01   
8.59200840E+01   
8.46495299E+01   
8.60192038E+01   
8.44303861E+01   
8.64876975E+01   
7.98411682E+01   
8.19027806E+01   
7.69619924E+01   
8.28224645E+01   
7.55960192E+01   
6.84327866E+01   
7.43295659E+01   
7.51732346E+01   
7.61307261E+01   
8.89492899E+01   
8.68155631E+01   
7.79683937E+01   
9.40660132E+01   
7.43004601E+01   
8.45019004E+01   
1.04249250E+02   
8.15844169E+01   
7.75380076E+01   
7.60588118E+01   
8.24087818E+01   
7.51832366E+01   
6.70136027E+01   
6.34535907E+01   
7.72991598E+01   
8.32880576E+01   
7.30512102E+01   
8.07551510E+01   
7.81624325E+01   
7.76384277E+01   
7.44607922E+01   
9.53623725E+01   
9.13039608E+01   
8.57624525E+01   
8.05320064E+01   
8.28335667E+01   
8.21984397E+01   
8.20448090E+01   
9.19871974E+01   
9.05296059E+01   
8.99099820E+01   
9.10956191E+01   
7.00412082E+01   
7.96476295E+01   
7.93139628E+01   
9.75740148E+01   
8.31024205E+01   
8.09087818E+01   
8.04867974E+01   
7.85468094E+01   
7.80352070E+01   
7.41040208E+01   
7.78439688E+01   
9.01160232E+01   
8.44771954E+01   
8.74955991E+01   
9.30184037E+01   
8.80568114E+01   
7.84979996E+01   
7.70620124E+01   
8.05088018E+01   
8.10048010E+01   
8.59975995E+01   
8.00248050E+01   
7.35484097E+01   
9.54643929E+01   
8.15492098E+01   
7.09995999E+01   
7.55344069E+01   
7.89935987E+01   
8.15212042E+01   
9.05140028E+01   
7.75140028E+01   
9.20212042E+01   
8.45184037E+01   
1.01007201E+02   
7.80176035E+01   
8.05096019E+01   
8.55192038E+01   
7.65360072E+01   
9.60012002E+01   
7.90348070E+01   
8.05360072E+01   
7.39639928E+01   
7.50056011E+01   
7.25280056E+01   
9.00564113E+01   
8.00180036E+01   
7.14399880E+01   
7.60512102E+01   
7.35356071E+01   
8.85092018E+01   
9.45236047E+01   
7.85084017E+01   
7.90664133E+01   
7.95800160E+01   
8.83831766E+01   
7.24095819E+01   
8.06608322E+01   
8.85480096E+01   
8.39099820E+01   
6.95476095E+01   
7.24339868E+01   
8.00844169E+01   
8.39155831E+01   
7.40628126E+01   
7.00924185E+01   
7.22843569E+01   
6.69428886E+01   
7.88483697E+01   
8.01348270E+01   
8.78979796E+01   
8.98915783E+01   
8.51732346E+01   
8.45008002E+01   
8.80168034E+01   
9.63264653E+01   
9.11543309E+01   
7.24255851E+01   
8.96792358E+01   
8.21676335E+01   
9.05012002E+01   
8.78631726E+01   
9.32168434E+01   
8.91739348E+01   
8.27012402E+01   
7.92843569E+01   
7.27508502E+01   
8.39735947E+01   
7.42703541E+01   
7.32404481E+01   
9.29572915E+01   
9.20283057E+01   
7.95876175E+01   
6.74435887E+01   
8.22140428E+01   
1.01968394E+02   
8.54411882E+01   
8.88028606E+01   
8.70212042E+01   
1.03494399E+02   
9.09119824E+01   
8.76020204E+01   
9.36283257E+01   
8.87704541E+01   
9.06727345E+01   
9.64808962E+01   
9.46647329E+01   
9.04352871E+01   
1.04716743E+02   
8.44859972E+01   
8.48291658E+01   
8.04564913E+01   
8.22315463E+01   
8.04187838E+01   
8.27444489E+01   
6.55527105E+01   
7.88816763E+01   
1.05152430E+02   
9.20707141E+01   
7.76172234E+01   
9.70421084E+01   
9.62336467E+01   
8.90543109E+01   
8.41628326E+01   
7.57243449E+01   
8.20156031E+01   
9.37036407E+01   
1.00011702E+02   
9.77155431E+01   
7.36315263E+01   
8.59468894E+01   
8.17031406E+01   
9.32568514E+01   
9.39383877E+01   
8.75592118E+01   
9.43484697E+01   
7.54817964E+01   
8.46841368E+01   
9.80184037E+01   
7.71040208E+01   
8.42167433E+01   
8.07344469E+01   
6.94902981E+01   
7.72915583E+01   
6.37356471E+01   
8.04656931E+01   
8.77456491E+01   
8.15595119E+01   
8.07476495E+01   
7.10963193E+01   
8.29388878E+01   
1.05850870E+02   
7.93482697E+01   
8.50473095E+01   
9.80192038E+01   
8.69207842E+01   
8.91176235E+01   
7.69191838E+01   
7.80184037E+01   
8.86708342E+01   
8.30587117E+01   
9.22224445E+01   
7.91216243E+01   
8.88087618E+01   
8.45943189E+01   
7.49924985E+01   
8.75708142E+01   
7.49234847E+01   
8.54381876E+01   
9.45748150E+01   
8.62443489E+01   
8.02403481E+01   
9.44644929E+01   
1.00019604E+02   
1.06565113E+02   
8.13447690E+01   
1.00033707E+02   
9.59027806E+01   
1.07835767E+02   
8.14061812E+01   
8.38975795E+01   
9.62536507E+01   
8.45768154E+01   
8.13359672E+01   
7.68673735E+01   
8.39197840E+01   
8.00144029E+01   
8.97585517E+01   
9.38312663E+01   
9.24533907E+01   
8.62672535E+01   
9.06521304E+01   
9.38919784E+01   
9.68412683E+01   
8.74563913E+01   
9.34555911E+01   
9.65860172E+01   
9.62286457E+01   
8.27503501E+01   
8.25166033E+01   
8.70499100E+01   
9.02880576E+01   
9.36111222E+01   
9.27220444E+01   
7.76234247E+01   
8.97049410E+01   
9.50041008E+01   
9.07494499E+01   
9.43039608E+01   
8.81513303E+01   
9.71570314E+01   
1.02021404E+02   
1.00158332E+02   
8.51612322E+01   
8.85900180E+01   
8.78586717E+01   
7.63084617E+01   
8.25715143E+01   
8.55015003E+01   
8.08241648E+01   
9.30148030E+01   
8.10441088E+01   
8.75615123E+01   
9.08972795E+01   
8.89012803E+01   
9.00597119E+01   
9.50220044E+01   
8.66638328E+01   
8.76449290E+01   
9.86538308E+01   
8.67540508E+01   
1.00711842E+02   
1.13443589E+02   
8.77365473E+01   
9.71784357E+01   
9.24363873E+01   
9.05275055E+01   
9.69989998E+01   
9.78437688E+01   
8.63610722E+01   
8.65225045E+01   
8.55968194E+01   
8.85259052E+01   
8.67610522E+01   
7.79234847E+01   
9.23552711E+01   
8.71153231E+01   
9.51209242E+01   
8.84660932E+01   
8.07089418E+01   
8.28431686E+01   
9.88310662E+01   
9.37905581E+01   
1.06370874E+02   
1.10374075E+02   
8.34850970E+01   
8.72491498E+01   
1.03736947E+02   
9.96104221E+01   
7.55214043E+01   
9.02491498E+01   
1.03557712E+02   
9.83453691E+01   
9.14283857E+01   
8.70922184E+01   
8.18299660E+01   
9.09836967E+01   
8.92056411E+01   
9.62351470E+01   
7.56120224E+01   
9.39936987E+01   
9.48502701E+01   
9.09769954E+01   
1.01020804E+02   
9.00367073E+01   
9.77826565E+01   
9.12549510E+01   
8.54207842E+01   
8.98136627E+01   
9.48160632E+01   
1.10223145E+02   
9.48222645E+01   
9.38167634E+01   
8.72168434E+01   
7.68151630E+01   
1.02028206E+02   
9.31989398E+01   
1.02830966E+02   
7.68010602E+01   
8.40434087E+01   
9.72095419E+01   
9.34324865E+01   
9.96638328E+01   
9.79797960E+01   
8.99958992E+01   
7.37553511E+01   
9.17031406E+01   
9.48075615E+01   
1.02689438E+02   
1.01707241E+02   
9.32308462E+01   
9.15867173E+01   
1.02271754E+02   
1.00711042E+02   
1.05631626E+02   
9.18387678E+01   
8.80633127E+01   
9.30673135E+01   
9.45130026E+01   
9.00821164E+01   
9.76288258E+01   
1.00241248E+02   
8.60789158E+01   
8.03847770E+01   
9.23670734E+01   
9.85370074E+01   
9.47262452E+01   
9.28785757E+01   
8.72436487E+01   
9.00897179E+01   
1.00632827E+02   
9.47867574E+01   
9.73376675E+01   
9.93131626E+01   
9.16344269E+01   
8.81902380E+01   
1.08316263E+02   
9.91655331E+01   
1.06676335E+02   
9.92169434E+01   
9.34964993E+01   
1.05837067E+02   
9.07650530E+01   
8.99797960E+01   
9.85363073E+01   
9.36090218E+01   
9.89134827E+01   
8.79332867E+01   
9.78404681E+01   
1.03039408E+02   
9.86420284E+01   
8.51483297E+01   
9.65141028E+01   
1.03015003E+02   
8.40256051E+01   
9.32686537E+01   
9.63897780E+01   
7.92606521E+01   
9.55315063E+01   
8.98996799E+01   
1.02156531E+02   
8.34698940E+01   
8.83863773E+01   
9.29540908E+01   
1.12021604E+02   
9.50216043E+01   
9.92438488E+01   
9.45393079E+01   
1.02716543E+02   
9.15867173E+01   
9.07093419E+01   
8.62278456E+01   
8.48073615E+01   
1.04017604E+02   
9.99160832E+01   
8.21191238E+01   
1.06086617E+02   
9.93145629E+01   
9.28237648E+01   
9.59240848E+01   
9.84798960E+01   
8.12985597E+01   
8.79236847E+01   
1.17108922E+02   
1.02382476E+02   
1.04107922E+02   
9.25550110E+01   
1.04757852E+02   
1.01380776E+02   
8.46576315E+01   
9.74622925E+01   
1.13576115E+02   
1.05499400E+02   
9.83368674E+01   
9.59396879E+01   
1.08919284E+02   
9.79844969E+01   
9.74354871E+01   
8.34494899E+01   
1.13088718E+02   
9.80923185E+01   
9.09516903E+01   
1.12513803E+02   
9.22860572E+01   
8.65937187E+01   
9.23064613E+01   
8.77255451E+01   
8.71842368E+01   
9.88370674E+01   
1.17788658E+02   
1.07668034E+02   
9.86020204E+01   
8.34962993E+01   
9.92074415E+01   
1.08320864E+02   
1.00934787E+02   
8.53176635E+01   
8.28688738E+01   
9.96165233E+01   
8.86672334E+01   
9.01557311E+01   
8.87425485E+01   
9.67602521E+01   
1.06365973E+02   
8.04896979E+01   
9.27318464E+01   
9.73296659E+01   
1.03482897E+02   
1.14217944E+02   
1.05333267E+02   
1.00748250E+02   
1.20744249E+02   
9.33962793E+01   
8.95831166E+01   
9.57386477E+01   
9.17346469E+01   
1.11595119E+02   
1.07810362E+02   
9.29430886E+01   
9.96561312E+01   
1.06044709E+02   
7.81056211E+01   
8.23563713E+01   
8.89224845E+01   
9.94136827E+01   
1.05307862E+02   
1.01743249E+02   
1.07947289E+02   
1.03022805E+02   
1.08394479E+02   
1.00987898E+02   
1.01040608E+02   
1.07636627E+02   
1.14383277E+02   
1.03029106E+02   
1.11361472E+02   
9.46926385E+01   
9.46848370E+01   
9.86849370E+01   
1.03354971E+02   
1.02684937E+02   
1.06019604E+02   
9.96794359E+01   
1.02370374E+02   
9.93531706E+01   
1.06729346E+02   
1.13313863E+02   
1.02361672E+02   
9.02954591E+01   
9.87243449E+01   
1.05061112E+02   
8.45909182E+01   
9.97037407E+01   
1.01413983E+02   
1.01385777E+02   
1.06696839E+02   
1.02308562E+02   
9.73692739E+01   
8.32310462E+01   
9.06904381E+01   
9.37940588E+01   
9.80481096E+01   
1.02557912E+02   
1.04839768E+02   
1.04578016E+02   
1.05891978E+02   
9.98890778E+01   
9.58851770E+01   
9.89070814E+01   
1.02236047E+02   
9.46619324E+01   
1.17534507E+02   
1.14785457E+02   
1.09697540E+02   
1.10337568E+02   
1.11192839E+02   
9.35248050E+01   
1.09746549E+02   
1.14655131E+02   
1.08164733E+02   
9.72401480E+01   
1.11121824E+02   
1.09654331E+02   
1.08283857E+02   
9.84867974E+01   
1.02497499E+02   
1.00818264E+02   
1.10277455E+02   
8.99013803E+01   
1.05380676E+02   
1.11592819E+02   
9.78298660E+01   
1.01019204E+02   
9.53960792E+01   
1.04198140E+02   
1.01977295E+02   
9.33674735E+01   
1.01396879E+02   
1.09516803E+02   
9.82817564E+01   
1.11240348E+02   
1.01414783E+02   
1.06091018E+02   
1.04100420E+02   
8.81709342E+01   
9.46315263E+01   
9.54217844E+01   
9.96947389E+01   
9.24072815E+01   
1.03967594E+02   
1.03327966E+02   
1.16501000E+02   
1.13112923E+02   
1.02400780E+02   
9.68049610E+01   
1.05597119E+02   
1.04650730E+02   
9.98097620E+01   
1.16305161E+02   
1.17528606E+02   
1.06825365E+02   
9.64176835E+01   
1.05018804E+02   
1.15424885E+02   
1.14220644E+02   
8.94124825E+01   
1.14140528E+02   
9.45999200E+01   
9.72342468E+01   
1.06210642E+02   
1.14162533E+02   
1.15543809E+02   
1.25803361E+02   
9.17541508E+01   
8.25607121E+01   
1.01992198E+02   
1.02676835E+02   
9.86696339E+01   
1.06726845E+02   
9.03139628E+01   
1.02678336E+02   
9.99006801E+01   
9.49856971E+01   
1.12309762E+02   
1.02189438E+02   
1.03313963E+02   
1.18893879E+02   
1.01471394E+02   
9.87569514E+01   
9.31738348E+01   
1.12529206E+02   
1.12041708E+02   
1.00596319E+02   
9.33071614E+01   
1.14444889E+02   
1.08446489E+02   
1.06738948E+02   
9.84464893E+01   
8.93047610E+01   
9.37336467E+01   
1.05727746E+02   
1.01604521E+02   
1.15737648E+02   
1.01872675E+02   
1.04171334E+02   
9.78495699E+01   
1.05041508E+02   
1.12584717E+02   
1.02709342E+02   
1.14924885E+02   
9.93027606E+01   
1.19180536E+02   
1.14462893E+02   
9.69804961E+01   
1.13391778E+02   
1.05928586E+02   
1.13742048E+02   
1.06186937E+02   
1.00295559E+02   
8.80743149E+01   
1.08356671E+02   
1.12190538E+02   
1.13468894E+02   
1.19297159E+02   
1.03819964E+02   
1.26573915E+02   
1.01315863E+02   
1.23087618E+02   
1.13402881E+02   
1.07200140E+02   
1.06202541E+02   
1.12660232E+02   
8.72874575E+01   
1.16501900E+02   
1.21451890E+02   
1.08396279E+02   
1.13752851E+02   
1.18643329E+02   
1.24786557E+02   
1.17910082E+02   
1.11754451E+02   
9.55122024E+01   
1.12802961E+02   
8.49093819E+01   
1.13068414E+02   
9.62258452E+01   
9.31508302E+01   
8.93572715E+01   
8.88796759E+01   
1.12427085E+02   
1.06696639E+02   
1.10079816E+02   
1.10701040E+02   
1.25441488E+02   
1.07867273E+02   
1.10912683E+02   
1.08181536E+02   
1.15615423E+02   
1.27287558E+02   
1.20070214E+02   
1.15327766E+02   
1.19761652E+02   
1.12542308E+02   
1.10166533E+02   
1.18544309E+02   
1.04095219E+02   
1.11313763E+02   
1.24214343E+02   
1.01340768E+02   
1.00533507E+02   
1.13477896E+02   
1.07662833E+02   
1.13075215E+02   
1.10835467E+02   
1.19468494E+02   
1.16533507E+02   
1.06786257E+02   
1.15799660E+02   
1.10272755E+02   
1.20765653E+02   
1.21942188E+02   
1.03600920E+02   
1.10270354E+02   
9.85025005E+01   
1.00524305E+02   
1.22259952E+02   
1.20776855E+02   
1.05277155E+02   
1.14018604E+02   
1.29541308E+02   
1.24268354E+02   
1.30535907E+02   
1.14507902E+02   
1.19519504E+02   
9.94836967E+01   
1.17823265E+02   
1.00473695E+02   
1.01019204E+02   
1.04054811E+02   
1.03228746E+02   
1.04305561E+02   
1.06976395E+02   
1.09310762E+02   
1.00559912E+02   
1.14509902E+02   
1.22294559E+02   
1.14205141E+02   
1.06020404E+02   
1.07503501E+02   
1.13366973E+02   
1.10394479E+02   
1.22413183E+02   
1.09183937E+02   
1.24343969E+02   
1.07132527E+02   
1.15153431E+02   
1.35831466E+02   
1.03928786E+02   
1.07497099E+02   
1.06412583E+02   
1.23682837E+02   
1.11841068E+02   
1.18496699E+02   
1.37375175E+02   
1.11670334E+02   
1.17322264E+02   
1.33447389E+02   
1.07919584E+02   
1.17241548E+02   
1.07191738E+02   
1.25256751E+02   
1.02579416E+02   
1.08844169E+02   
1.11731146E+02   
1.20321664E+02   
1.11872374E+02   
1.20180436E+02   
1.13015703E+02   
9.97098420E+01   
1.13499400E+02   
1.12854371E+02   
1.09651130E+02   
1.12567714E+02   
1.27341768E+02   
1.11707041E+02   
1.18291858E+02   
1.06983297E+02   
1.19024005E+02   
1.24445189E+02   
1.37099920E+02   
1.21751650E+02   
1.29780156E+02   
1.05386777E+02   
1.22574515E+02   
1.04691838E+02   
1.01130226E+02   
1.15022805E+02   
1.14688638E+02   
1.36039908E+02   
1.41128426E+02   
1.24923085E+02   
1.21113623E+02   
1.26043709E+02   
1.28270454E+02   
1.05289458E+02   
1.07114123E+02   
1.32904781E+02   
1.21298760E+02   
1.21416583E+02   
1.20847770E+02   
1.16106921E+02   
1.12804861E+02   
1.06885377E+02   
1.34571314E+02   
1.18962693E+02   
1.17372174E+02   
1.31315663E+02   
1.22022404E+02   
1.35177836E+02   
1.14799660E+02   
1.14406981E+02   
1.08941488E+02   
1.36934287E+02   
1.30388578E+02   
1.34968694E+02   
1.16923085E+02   
1.21764253E+02   
1.22960892E+02   
1.12390978E+02   
1.13811662E+02   
1.22142529E+02   
1.36482997E+02   
1.23606321E+02   
1.31532306E+02   
1.35406181E+02   
1.39269254E+02   
1.24089818E+02   
1.42667934E+02   
1.31732547E+02   
1.06051310E+02   
1.10456791E+02   
1.26751350E+02   
1.32435087E+02   
1.41008702E+02   
1.24450390E+02   
1.25647530E+02   
1.28582617E+02   
1.25654431E+02   
1.47000900E+02   
1.31047109E+02   
1.12027706E+02   
1.16821664E+02   
1.29022705E+02   
1.04423485E+02   
1.14828766E+02   
1.32622224E+02   
1.06214843E+02   
1.21449190E+02   
1.20039908E+02   
1.27803861E+02   
1.11812963E+02   
1.19631726E+02   
1.39221144E+02   
1.25806961E+02   
1.19828066E+02   
1.16244649E+02   
1.32608222E+02   
1.23248250E+02   
1.33412683E+02   
1.33479696E+02   
1.29798960E+02   
1.29757451E+02   
1.20487297E+02   
1.25558312E+02   
1.30493699E+02   
1.27598220E+02   
1.18215143E+02   
1.19063413E+02   
1.17848170E+02   
1.31648530E+02   
1.19179836E+02   
1.29193739E+02   
1.14152430E+02   
1.27771954E+02   
1.20208542E+02   
1.32779556E+02   
1.47143229E+02   
1.26022805E+02   
1.33981896E+02   
1.08138028E+02   
1.35253751E+02   
1.35058512E+02   
1.36762152E+02   
1.03860172E+02   
1.20753351E+02   
1.30816263E+02   
1.26586817E+02   
1.31925485E+02   
1.24754451E+02   
1.27477095E+02   
1.17651430E+02   
1.24398180E+02   
1.12384677E+02   
1.26742148E+02   
1.42723145E+02   
1.48819364E+02   
1.17238048E+02   
1.31419384E+02   
1.22781656E+02   
1.43901580E+02   
1.38152831E+02   
1.45321864E+02   
1.31556611E+02   
1.30309562E+02   
1.28920784E+02   
1.11852470E+02   
1.43376275E+02   
1.29505001E+02   
1.31375075E+02   
1.24719744E+02   
1.41025605E+02   
1.34508602E+02   
1.18918084E+02   
1.42277856E+02   
1.17622625E+02   
1.38922785E+02   
1.34903681E+02   
1.22515803E+02   
1.18891678E+02   
1.41316263E+02   
1.51209942E+02   
1.27541008E+02   
1.51991998E+02   
1.20712543E+02   
1.36351470E+02   
1.44866073E+02   
1.37029606E+02   
1.40868474E+02   
1.38502200E+02   
1.39205541E+02   
1.59014803E+02   
1.40038008E+02   
1.21518204E+02   
1.56918084E+02   
1.44174735E+02   
1.38169134E+02   
1.49377876E+02   
1.23648130E+02   
1.21701740E+02   
1.36219944E+02   
1.39349070E+02   
1.27545809E+02   
1.26507802E+02   
1.44186337E+02   
1.23981196E+02   
1.24024005E+02   
1.21024005E+02   
1.28708142E+02   
1.21709742E+02   
1.52611422E+02   
1.19066713E+02   
1.28587317E+02   
1.32057311E+02   
1.42872074E+02   
1.51321564E+02   
1.40115523E+02   
1.25344569E+02   
1.44252851E+02   
1.27947890E+02   
1.39338768E+02   
1.16249450E+02   
1.30719744E+02   
1.43290458E+02   
1.28517604E+02   
1.31058512E+02   
1.42329866E+02   
1.39726945E+02   
1.33328266E+02   
1.57279956E+02   
1.25476995E+02   
1.27069514E+02   
1.51948990E+02   
1.26137728E+02   
1.39990098E+02   
1.23908382E+02   
1.28849370E+02   
1.40880076E+02   
1.42734947E+02   
1.22882076E+02   
1.32930586E+02   
1.29980696E+02   
1.33172735E+02   
1.41459792E+02   
1.50878576E+02   
1.42600620E+02   
1.54316663E+02   
1.26738348E+02   
1.34883677E+02   
1.48167534E+02   
1.42884477E+02   
1.40900180E+02   
1.40766253E+02   
1.52851870E+02   
1.22701940E+02   
1.41883677E+02   
1.25774655E+02   
1.37718444E+02   
1.26921384E+02   
1.28265753E+02   
1.34201640E+02   
1.60616623E+02   
1.31028006E+02   
1.30659132E+02   
1.27667934E+02   
1.55649030E+02   
1.27213743E+02   
1.52203941E+02   
1.34908182E+02   
1.36894079E+02   
1.12761752E+02   
1.24161532E+02   
1.38499100E+02   
1.52821564E+02   
1.38159132E+02   
1.49798060E+02   
1.51517804E+02   
1.41071514E+02   
1.31890778E+02   
1.51821664E+02   
1.40546909E+02   
1.44187337E+02   
1.39998600E+02   
1.46005001E+02   
1.44924285E+02   
1.36808562E+02   
1.38262853E+02   
1.20415183E+02   
1.47376775E+02   
1.42280656E+02   
1.35280056E+02   
1.20396779E+02   
1.67042008E+02   
1.64157131E+02   
1.32379776E+02   
1.29148330E+02   
1.37552110E+02   
1.50806361E+02   
1.50765153E+02   
1.39909682E+02   
1.60879476E+02   
1.25115323E+02   
1.34265853E+02   
1.50065013E+02   
1.53071414E+02   
1.41983797E+02   
1.51840368E+02   
1.47439988E+02   
1.33156231E+02   
1.53910982E+02   
1.62799360E+02   
1.54668534E+02   
1.36028806E+02   
1.51912883E+02   
1.45224145E+02   
1.44913283E+02   
1.50688238E+02   
1.52376575E+02   
1.42171634E+02   
1.50779656E+02   
1.40747750E+02   
1.30445089E+02   
1.48365773E+02   
1.46691838E+02   
1.82244449E+02   
1.48702140E+02   
1.33807662E+02   
1.46588718E+02   
1.58801060E+02   
1.54933587E+02   
1.50578416E+02   
1.58378476E+02   
1.60383277E+02   
1.57006901E+02   
1.52999700E+02   
1.28885377E+02   
1.62784057E+02   
1.42203141E+02   
1.58817363E+02   
1.71236147E+02   
1.55244349E+02   
1.54133127E+02   
1.49819364E+02   
1.40444489E+02   
1.78095519E+02   
1.61999600E+02   
1.49781056E+02   
1.45130326E+02   
1.67091118E+02   
1.49065613E+02   
1.67499200E+02   
1.51950890E+02   
1.34631526E+02   
1.39127926E+02   
1.74737047E+02   
1.40027205E+02   
1.52624325E+02   
1.72734647E+02   
1.53932887E+02   
1.44518804E+02   
1.31680236E+02   
1.43958492E+02   
1.59967293E+02   
1.52127125E+02   
1.51890478E+02   
1.54410182E+02   
1.48128726E+02   
1.50788158E+02   
1.53654731E+02   
1.48780156E+02   
1.49215043E+02   
1.67266353E+02   
1.44697339E+02   
1.60579916E+02   
1.44385377E+02   
1.67028806E+02   
1.54393779E+02   
1.52573515E+02   
1.60658632E+02   
1.64415083E+02   
1.42370374E+02   
1.65987097E+02   
1.48008302E+02   
1.50999500E+02   
1.62627726E+02   
1.62773055E+02   
1.58122324E+02   
1.65466793E+02   
1.55376875E+02   
1.67946089E+02   
1.64032006E+02   
1.77777856E+02   
1.58948890E+02   
1.71362272E+02   
1.68786257E+02   
1.57869174E+02   
1.49695739E+02   
1.68948490E+02   
1.56522705E+02   
1.57458192E+02   
1.63707141E+02   
1.47517504E+02   
1.69227646E+02   
1.50073715E+02   
1.75393479E+02   
1.52665733E+02   
1.76455291E+02   
1.67230446E+02   
1.69312262E+02   
1.71112723E+02   
1.57960192E+02   
1.58569714E+02   
1.73727145E+02   
1.25007802E+02   
1.74682637E+02   
1.75411582E+02   
1.61884577E+02   
1.57703641E+02   
1.75735547E+02   
1.74032807E+02   
1.44202641E+02   
1.84208542E+02   
1.72831866E+02   
1.65032006E+02   
1.51246549E+02   
1.95684037E+02   
1.54226145E+02   
1.64830666E+02   
1.64032807E+02   
1.75129126E+02   
1.57765853E+02   
1.61959292E+02   
1.67345269E+02   
1.63847369E+02   
1.74339768E+02   
1.67574515E+02   
1.46568114E+02   
1.59235447E+02   
1.65431486E+02   
1.83640528E+02   
1.64687137E+02   
1.50484997E+02   
1.53029206E+02   
1.87431386E+02   
1.83928386E+02   
1.70591818E+02   
1.78036407E+02   
1.94098720E+02   
1.67531306E+02   
1.67725245E+02   
1.77729246E+02   
1.73854671E+02   
1.83977696E+02   
1.79098320E+02   
1.63811662E+02   
1.60032807E+02   
1.75150230E+02   
1.77565513E+02   
1.78977295E+02   
1.68805561E+02   
1.95237648E+02   
1.74950190E+02   
1.60430586E+02   
1.88648630E+02   
1.66640628E+02   
1.52591118E+02   
1.70144629E+02   
1.71925785E+02   
1.68035207E+02   
1.68249250E+02   
1.88927385E+02   
1.67561512E+02   
1.87513403E+02   
1.74443589E+02   
1.72670634E+02   
1.87391778E+02   
1.68712743E+02   
1.68550910E+02   
1.62680236E+02   
1.70180936E+02   
1.64932987E+02   
1.90885877E+02   
1.78419684E+02   
1.58838368E+02   
2.02128926E+02   
1.58934287E+02   
1.73891478E+02   
1.76801260E+02   
1.58667534E+02   
1.67493099E+02   
1.82853571E+02   
1.94499100E+02   
1.80793659E+02   
1.81374975E+02   
2.05865573E+02   
1.93696339E+02   
1.90514203E+02   
1.72547710E+02   
1.66412382E+02   
1.68575015E+02   
1.73666033E+02   
1.71487397E+02   
1.65196439E+02   
1.49592318E+02   
1.65632927E+02   
1.80328066E+02   
1.82658532E+02   
1.60147730E+02   
1.85121824E+02   
1.79453791E+02   
1.73778956E+02   
1.85001000E+02   
2.12713243E+02   
1.79259052E+02   
1.55893379E+02   
1.77715643E+02   
1.61312863E+02   
1.79517403E+02   
1.76614423E+02   
1.78696139E+02   
1.90836567E+02   
1.75659032E+02   
1.72706941E+02   
1.73906381E+02   
2.05436987E+02   
1.73758652E+02   
1.83542709E+02   
2.01949490E+02   
1.90250950E+02   
2.01068314E+02   
1.91805561E+02   
1.89787958E+02   
1.96691538E+02   
1.98952290E+02   
1.74367273E+02   
1.99246349E+02   
1.89391178E+02   
1.63696439E+02   
1.97303461E+02   
1.85320564E+02   
1.77709242E+02   
1.80386677E+02   
1.73010902E+02   
1.96700940E+02   
1.75346769E+02   
1.90151530E+02   
1.87738848E+02   
1.92195339E+02   
1.76014503E+02   
2.05757251E+02   
1.72548510E+02   
2.19204241E+02   
1.73799660E+02   
1.69033607E+02   
1.93682537E+02   
2.10677836E+02   
2.08385077E+02   
2.02041208E+02   
1.87309762E+02   
2.00615123E+02   
1.70694739E+02   
1.82762352E+02   
2.00824065E+02   
2.06200240E+02   
1.85145729E+02   
1.72230746E+02   
1.73779256E+02   
1.98993099E+02   
2.04856471E+02   
1.68515003E+02   
1.99464993E+02   
2.02172635E+02   
1.71213843E+02   
1.76071714E+02   
1.90988798E+02   
1.79069714E+02   
1.93917483E+02   
1.89019004E+02   
2.08971094E+02   
1.84261752E+02   
1.70970294E+02   
1.90914983E+02   
2.16859772E+02   
1.77414683E+02   
1.91882777E+02   
2.10083417E+02   
1.90125525E+02   
2.03957592E+02   
2.03978996E+02   
1.91053011E+02   
1.98036107E+02   
1.96107421E+02   
1.90975795E+02   
1.87127425E+02   
2.03990798E+02   
1.93053111E+02   
1.83035607E+02   
1.93024105E+02   
2.18014803E+02   
2.20013903E+02   
2.03073115E+02   
1.84043009E+02   
1.91047710E+02   
2.00033907E+02   
2.24035807E+02   
1.65038608E+02   
2.02038908E+02   
1.86041408E+02   
2.09072414E+02   
2.08042709E+02   
2.03062212E+02   
2.09024105E+02   
2.20048110E+02   
2.27950490E+02   
1.99013103E+02   
1.82185537E+02   
2.11051310E+02   
2.19920984E+02   
1.87988798E+02   
1.98125425E+02   
2.19060712E+02   
1.92216443E+02   
2.39842869E+02   
2.09991398E+02   
2.01029106E+02   
2.05063913E+02   
1.98010502E+02   
2.14182737E+02   
1.95982597E+02   
2.16135327E+02   
2.15989898E+02   
2.10076315E+02   
2.20031906E+02   
2.21224745E+02   
2.25936687E+02   
2.14710142E+02   
2.07367774E+02   
2.10976695E+02   
2.06902180E+02   
2.10024705E+02   
1.99158032E+02   
2.14302160E+02   
2.38268654E+02   
2.36716243E+02   
2.14128526E+02   
2.34490198E+02   
1.91467393E+02   
2.11655331E+02   
2.01524805E+02   
2.04898780E+02   
2.16778956E+02   
2.20481996E+02   
2.16653131E+02   
1.86220144E+02   
2.11837768E+02   
1.91624125E+02   
2.32517403E+02   
2.02083417E+02   
2.14930286E+02   
2.09488898E+02   
1.99565813E+02   
1.87737548E+02   
2.37125925E+02   
2.10661532E+02   
2.45216743E+02   
2.15923485E+02   
2.13349670E+02   
2.28202541E+02   
2.04011502E+02   
1.99938388E+02   
2.28297459E+02   
2.22613023E+02   
2.19604721E+02   
2.12844869E+02   
1.93352370E+02   
2.31436187E+02   
2.00001900E+02   
2.40988598E+02   
2.14565513E+02   
2.27766253E+02   
1.96438988E+02   
2.02729346E+02   
2.01514003E+02   
2.27076515E+02   
2.37499900E+02   
2.35227746E+02   
2.20240248E+02   
2.20143929E+02   
2.29999000E+02   
2.41605921E+02   
2.10596919E+02   
2.19115423E+02   
2.40759952E+02   
1.98367373E+02   
2.36315863E+02   
2.05292859E+02   
2.51790458E+02   
2.32425885E+02   
2.42023905E+02   
2.15658132E+02   
2.36425885E+02   
2.18299860E+02   
2.34141528E+02   
2.15965393E+02   
2.28720744E+02   
2.14859772E+02   
2.46636527E+02   
2.42295859E+02   
2.21048010E+02   
2.21452891E+02   
2.30771854E+02   
2.65746049E+02   
2.42264953E+02   
2.49268954E+02   
2.41249250E+02   
2.21953391E+02   
2.33993899E+02   
2.23228046E+02   
2.17412482E+02   
2.40093319E+02   
2.38234847E+02   
2.31670334E+02   
2.18236447E+02   
2.37432086E+02   
2.33904881E+02   
2.51609022E+02   
2.13651130E+02   
2.22887477E+02   
2.37798660E+02   
2.49845169E+02   
2.23994699E+02   
2.50609622E+02   
2.10894479E+02   
2.41527305E+02   
2.45304661E+02   
2.84101620E+02   
2.38326265E+02   
2.77089618E+02   
2.50373875E+02   
2.49160632E+02   
2.37734547E+02   
2.05485297E+02   
2.29937387E+02   
2.37603521E+02   
2.33823165E+02   
2.39250850E+02   
2.17016303E+02   
2.39240848E+02   
2.42624325E+02   
2.40398280E+02   
2.45403081E+02   
2.63458892E+02   
2.23645129E+02   
2.46789658E+02   
2.45132827E+02   
2.62258952E+02   
2.35413483E+02   
2.48739448E+02   
2.38164033E+02   
2.62053011E+02   
2.54990498E+02   
2.61343369E+02   
2.23698540E+02   
2.39834267E+02   
2.31109322E+02   
2.56785557E+02   
2.36631426E+02   
2.34032907E+02   
2.55854871E+02   
2.42118524E+02   
2.54851670E+02   
2.53983897E+02   
2.56170534E+02   
2.73612222E+02   
2.54328866E+02   
2.75678136E+02   
2.35394979E+02   
2.76562412E+02   
2.39520004E+02   
2.52998300E+02   
2.40475495E+02   
2.64554811E+02   
2.43199440E+02   
2.67556811E+02   
2.75028406E+02   
2.57214243E+02   
2.68614123E+02   
2.54756751E+02   
2.40050010E+02   
2.68081316E+02   
2.46168534E+02   
2.43222344E+02   
2.14652130E+02   
2.44571914E+02   
2.76057612E+02   
2.61134527E+02   
2.82671434E+02   
2.83289158E+02   
2.76057211E+02   
2.44664633E+02   
2.84739548E+02   
2.79005401E+02   
2.67217844E+02   
2.75376775E+02   
2.64567714E+02   
2.61452991E+02   
2.63700940E+02   
2.40847269E+02   
2.49274555E+02   
2.71616623E+02   
2.62310162E+02   
2.71302761E+02   
2.72142328E+02   
2.57806861E+02   
2.86776055E+02   
2.47424885E+02   
2.94461192E+02   
2.66055611E+02   
2.93744549E+02   
2.83453191E+02   
2.73969094E+02   
2.78357071E+02   
2.81438388E+02   
2.51842669E+02   
2.68646529E+02   
2.98392879E+02   
2.47013403E+02   
2.87980596E+02   
2.69953591E+02   
2.86414183E+02   
3.01789558E+02   
3.00996999E+02   
3.48924285E+02   
2.66880676E+02   
2.75442989E+02   
2.98875375E+02   
2.93620324E+02   
3.06532406E+02   
2.89299060E+02   
2.45128226E+02   
2.82437287E+02   
2.93438788E+02   
2.64775355E+02   
2.86425585E+02   
2.96597119E+02   
2.92446889E+02   
2.88158132E+02   
2.79474895E+02   
2.72764453E+02   
2.97353171E+02   
2.88860972E+02   
2.65653931E+02   
2.89262653E+02   
2.98758052E+02   
3.05261052E+02   
3.06950690E+02   
2.83030006E+02   
2.50710342E+02   
2.94164933E+02   
2.97448090E+02   
2.91340368E+02   
2.73574615E+02   
2.94022805E+02   
2.91181836E+02   
2.76989498E+02   
2.89095119E+02   
3.15748050E+02   
3.04794159E+02   
2.98800860E+02   
2.97912983E+02   
3.19925585E+02   
3.00095119E+02   
2.81770954E+02   
3.14356271E+02   
3.30218744E+02   
2.98869074E+02   
3.24430986E+02   
3.42625925E+02   
3.03503701E+02   
3.21075415E+02   
2.78057612E+02   
2.73391578E+02   
2.79159532E+02   
2.77724745E+02   
3.03230446E+02   
3.27217143E+02   
2.90475195E+02   
2.93592819E+02   
3.48038908E+02   
3.20771954E+02   
2.93548410E+02   
3.16174935E+02   
3.07143029E+02   
3.29880076E+02   
3.09904781E+02   
3.11896779E+02   
3.03531306E+02   
3.04121824E+02   
2.91461692E+02   
3.02251750E+02   
3.25846269E+02   
3.31352470E+02   
3.27150430E+02   
3.09861472E+02   
3.04186137E+02   
3.52373075E+02   
3.42909682E+02   
3.10671834E+02   
3.24797960E+02   
3.10454991E+02   
3.38573915E+02   
3.14680636E+02   
3.42199940E+02   
3.32669834E+02   
3.63573515E+02   
3.36321064E+02   
3.36933887E+02   
2.98823565E+02   
3.18417784E+02   
3.03968094E+02   
3.48559512E+02   
3.27810962E+02   
3.27108422E+02   
3.32636827E+02   
3.42264253E+02   
3.15152230E+02   
3.37067614E+02   
3.29381176E+02   
3.20281656E+02   
3.44670534E+02   
3.36020604E+02   
3.14327465E+02   
3.40460792E+02   
3.40274055E+02   
3.25594519E+02   
3.35926985E+02   
3.71271754E+02   
3.18330666E+02   
3.38600520E+02   
3.36200140E+02   
3.36089918E+02   
3.58312763E+02   
3.25388178E+02   
3.14200940E+02   
3.11652030E+02   
2.98258452E+02   
3.28422484E+02   
3.37993799E+02   
3.59347469E+02   
3.68054711E+02   
3.38394679E+02   
3.51995899E+02   
3.87240048E+02   
3.71216143E+02   
3.70595819E+02   
3.31006801E+02   
3.58528106E+02   
3.51206541E+02   
3.51349470E+02   
3.52054511E+02   
3.52793659E+02   
3.71799660E+02   
3.64753851E+02   
3.43495999E+02   
3.45510102E+02   
3.61634027E+02   
3.31974195E+02   
3.56532907E+02   
3.81380576E+02   
3.57701540E+02   
3.57075615E+02   
3.35950790E+02   
3.54119024E+02   
3.49916983E+02   
3.60046609E+02   
4.01062913E+02   
3.51371874E+02   
3.60079416E+02   
3.41870174E+02   
3.87971394E+02   
3.49469494E+02   
3.53460192E+02   
3.95896879E+02   
3.57032206E+02   
3.40066113E+02   
4.01561112E+02   
4.11946489E+02   
3.99463693E+02   
3.54146229E+02   
3.52535207E+02   
3.97227746E+02   
3.85830566E+02   
3.81717443E+02   
3.85574915E+02   
3.82039308E+02   
3.28714743E+02   
3.66359672E+02   
3.65749050E+02   
3.94869574E+02   
3.73596319E+02   
3.90889578E+02   
3.82145529E+02   
3.45510002E+02   
3.87036807E+02   
3.67991498E+02   
3.73716943E+02   
3.69817463E+02   
3.88876575E+02   
3.83854671E+02   
3.78400680E+02   
3.75261752E+02   
3.83871074E+02   
3.96441488E+02   
3.64254151E+02   
3.80198940E+02   
3.79122024E+02   
3.60732146E+02   
3.66089218E+02   
3.33042809E+02   
3.65250150E+02   
3.90079216E+02   
3.88729346E+02   
3.52740548E+02   
3.61407481E+02   
3.42577616E+02   
3.62776155E+02   
3.78846269E+02   
3.50578816E+02   
3.61772154E+02   
3.91214043E+02   
4.01687838E+02   
3.72693239E+02   
3.84704141E+02   
3.78386277E+02   
3.88418284E+02   
3.73149230E+02   
3.66958792E+02   
3.94109922E+02   
4.01993599E+02   
4.34300160E+02   
4.01331866E+02   
3.75343169E+02   
3.54865673E+02   
3.90846669E+02   
4.17487998E+02   
3.74258052E+02   
4.01612422E+02   
3.90171434E+02   
3.76032306E+02   
4.08756251E+02   
3.77040308E+02   
3.72489698E+02   
3.61865773E+02   
3.60973095E+02   
3.95865673E+02   
3.97997199E+02   
4.05624425E+02   
3.84810362E+02   
3.93892278E+02   
3.83185037E+02   
4.12036007E+02   
3.70017704E+02   
3.56036207E+02   
3.74882677E+02   
4.02578216E+02   
4.01179736E+02   
4.34085917E+02   
3.73822164E+02   
3.96453091E+02   
4.10387377E+02   
4.24401980E+02   
3.90083417E+02   
3.83016903E+02   
3.82340468E+02   
3.99546109E+02   
3.97583117E+02   
3.82837668E+02   
4.17142529E+02   
4.35427285E+02   
4.20178236E+02   
3.87315863E+02   
3.90016603E+02   
3.73496399E+02   
3.84948090E+02   
4.11955641E+02   
4.63892779E+02   
4.63892779E+02   
4.63892779E+02   
4.63892779E+02   
4.63892779E+02   
5.06640198E+02   
5.43278456E+02   
5.74525605E+02   
6.08849570E+02   
5.37737447E+02   
5.44368574E+02   
5.61825665E+02   
5.82696339E+02   
5.65495299E+02   
5.76357471E+02   
5.66500100E+02   
5.94914983E+02   
5.69119224E+02   
5.66918384E+02   
5.92124925E+02   
5.97917183E+02   
6.02046709E+02   
5.44562813E+02   
5.77911082E+02   
5.76353471E+02   
5.92669234E+02   
5.27468994E+02   
5.58996999E+02   
5.49217443E+02   
5.38607121E+02   
5.78935787E+02   
5.78090918E+02   
5.89881176E+02   
5.83937788E+02   
5.99180236E+02   
5.74979996E+02   
5.88013603E+02   
6.06362873E+02   
5.79159532E+02   
5.90821864E+02   
5.52867774E+02   
5.95904681E+02   
5.75874075E+02   
6.30135727E+02   
6.15805161E+02   
6.16170834E+02   
5.94639028E+02   
5.88727746E+02   
6.06624925E+02   
5.91182336E+02   
5.83334567E+02   
6.34948990E+02   
6.17569914E+02   
6.37633027E+02   
6.31917884E+02   
6.60269054E+02   
6.06163133E+02   
6.22646629E+02   
6.06965693E+02   
6.05066613E+02   
6.31367874E+02   
6.18010802E+02   
6.10380476E+02   
6.07827666E+02   
6.17218744E+02   
6.58837668E+02   
5.76741348E+02   
5.89454791E+02   
6.16616423E+02   
6.14107722E+02   
6.75661532E+02   
6.81369974E+02   
6.28021604E+02   
6.05009702E+02   
6.21676235E+02   
6.73586617E+02   
6.83899380E+02   
6.45128826E+02   
6.37697840E+02   
6.64518004E+02   
6.51469094E+02   
6.55393479E+02   
6.94692539E+02   
6.58313063E+02   
6.56231946E+02   
6.39757151E+02   
6.74315263E+02   
7.38059412E+02   
7.17954391E+02   
7.31485197E+02   
7.31511002E+02   
6.96863873E+02   
6.42346069E+02   
6.66683037E+02   
6.82198340E+02   
6.73448090E+02   
6.70830866E+02   
7.16636427E+02   
6.44853871E+02   
6.62737948E+02   
6.65818064E+02   
6.85443589E+02   
6.61143229E+02   
6.78669634E+02   
6.53801460E+02   
6.73613823E+02   
6.77425985E+02   
6.67431286E+02   
6.82054611E+02   
7.47562412E+02   
6.65948890E+02   
6.70540008E+02   
6.81149730E+02   
6.76849570E+02   
7.05941388E+02   
6.68442689E+02   
6.61712242E+02   
6.68121724E+02   
6.90980396E+02   
7.05979496E+02   
6.81044709E+02   
6.82443689E+02   
7.06626325E+02   
6.96681636E+02   
7.13027005E+02   
7.07264553E+02   
7.17627926E+02   
6.63392078E+02   
6.55764853E+02   
6.27024605E+02   
6.97916883E+02   
6.85950090E+02   
6.91346169E+02   
6.81522805E+02   
6.46603321E+02   
6.43669134E+02   
6.84746249E+02   
6.97927886E+02   
6.54666133E+02   
6.55085017E+02   
6.75862673E+02   
7.09426585E+02   
6.50867473E+02   
6.79140428E+02   
6.73358372E+02   
6.54423985E+02   
6.64337768E+02   
6.34936087E+02   
6.78852270E+02   
6.99193239E+02   
7.12841468E+02   
6.87760852E+02   
6.55762553E+02   
6.66969194E+02   
6.77592218E+02   
6.43059612E+02   
6.41344969E+02   
6.55152631E+02   
6.44131226E+02   
6.34591918E+02   
6.59642729E+02   
6.30548810E+02   
6.31927485E+02   
6.64331066E+02   
6.18384177E+02   
6.16795459E+02   
6.17641128E+02   
6.21578016E+02   
6.12806761E+02   
5.91421584E+02   
5.96555111E+02   
5.96857071E+02   
6.08091318E+02   
5.99601320E+02   
5.97672935E+02   
5.34110422E+02   
5.59530306E+02   
5.34426785E+02   
5.48072314E+02   
5.61004801E+02   
5.28723045E+02   
5.43087217E+02   
5.39802460E+02   
5.23841068E+02   
5.23841968E+02   
5.01566513E+02   
4.83387578E+02   
5.37598620E+02   
4.54921584E+02   
5.26462392E+02   
4.92203741E+02   
5.05522204E+02   
5.10633927E+02   
4.68639828E+02   
4.49903381E+02   
5.07954891E+02   
5.23897880E+02   
4.56993099E+02   
4.78087317E+02   
4.96737147E+02   
4.76369574E+02   
4.49900180E+02   
4.64039008E+02   
4.79493699E+02   
4.63655631E+02   
4.56641528E+02   
4.71193839E+02   
4.84506101E+02   
4.87158832E+02   
4.82617123E+02   
4.92170134E+02   
4.55119724E+02   
4.80881176E+02   
4.54198240E+02   
4.38922484E+02   
4.66504001E+02   
4.56303661E+02   
4.50331266E+02   
4.78450490E+02   
4.18742348E+02   
4.62858172E+02   
4.40988898E+02   
4.31961792E+02   
4.43958592E+02   
4.37977495E+02   
4.32984697E+02   
4.36311162E+02   
4.24840168E+02   
3.69156131E+02   
4.37211642E+02   
4.26263153E+02   
4.21786557E+02   
4.49382877E+02   
4.42800760E+02   
4.15922885E+02   
3.94668134E+02   
4.28347570E+02   
3.98271954E+02   
4.32189338E+02   
4.04598620E+02   
4.22368774E+02   
4.51565613E+02   
3.93155731E+02   
4.03427185E+02   
4.06080816E+02   
3.78498900E+02   
4.00828166E+02   
4.01374175E+02   
3.89700440E+02   
3.99784257E+02   
3.88197540E+02   
3.91942388E+02   
3.92795559E+02   
3.76900080E+02   
3.87251950E+02   
5.22003521E+02   
5.99319864E+02   
5.99319864E+02   
5.99319864E+02   
5.99319864E+02   
6.31807221E+02   
8.02676835E+02   
8.37375075E+02   
7.90159232E+02   
7.96770754E+02   
8.01444589E+02   
8.04154031E+02   
8.24663233E+02   
8.29863073E+02   
8.08879876E+02   
8.17251550E+02   
7.78219544E+02   
8.00618124E+02   
8.32885877E+02   
8.43211142E+02   
8.18431886E+02   
8.08272154E+02   
7.66273155E+02   
7.64924385E+02   
8.17689238E+02   
8.37310462E+02   
7.64560212E+02   
7.78537107E+02   
7.26120924E+02   
7.73065713E+02   
8.11267453E+02   
7.98481596E+02   
7.69924585E+02   
7.62392779E+02   
7.84692338E+02   
7.68483097E+02   
8.05479396E+02   
7.43624925E+02   
7.86283757E+02   
8.07364173E+02   
8.01399480E+02   
7.76505001E+02   
7.82497700E+02   
7.97596019E+02   
7.61717644E+02   
7.53354971E+02   
7.93751350E+02   
7.52754951E+02   
7.75593519E+02   
7.92620624E+02   
7.75275055E+02   
8.03008802E+02   
8.12526905E+02   
7.74253551E+02   
7.62162332E+02   
7.69668634E+02   
7.72767554E+02   
8.07805161E+02   
7.77924885E+02   
7.66335667E+02   
8.04662232E+02   
7.77225945E+02   
7.96973895E+02   
7.60831466E+02   
7.56088718E+02   
8.13386277E+02   
8.19655531E+02   
7.90127325E+02   
8.10732847E+02   
7.48368474E+02   
7.42929086E+02   
7.78652430E+02   
7.62600620E+02   
7.88371774E+02   
7.73101320E+02   
7.81599520E+02   
7.81208642E+02   
7.40544409E+02   
7.62596819E+02   
7.60538808E+02   
7.90741348E+02   
7.87132927E+02   
7.32807562E+02   
7.39465493E+02   
7.79983197E+02   
7.75904981E+02   
8.16761652E+02   
8.53030106E+02   
9.16826165E+02   
9.49188038E+02   
9.24835767E+02   
9.36244349E+02   
9.01834567E+02   
8.90529806E+02   
8.63862773E+02   
8.50175935E+02   
8.53165433E+02   
8.67175135E+02   
8.77135227E+02   
8.01189338E+02   
8.14511602E+02   
8.26761052E+02   
7.94213243E+02   
8.15811262E+02   
7.73507902E+02   
7.84032406E+02   
7.71884077E+02   
7.66453491E+02   
7.87828766E+02   
7.68168934E+02   
7.55171334E+02   
7.36920284E+02   
7.39653531E+02   
7.15388878E+02   
7.07971994E+02   
7.03571214E+02   
7.55869574E+02   
7.05169734E+02   
7.09907081E+02   
6.80875375E+02   
6.97398180E+02   
6.81829866E+02   
6.65154731E+02   
6.73513503E+02   
6.71793859E+02   
6.81168834E+02   
6.60308162E+02   
6.71591318E+02   
6.61022104E+02   
6.21924685E+02   
6.13688838E+02   
5.97714843E+02   
5.76038408E+02   
5.71769254E+02   
5.74588218E+02   
5.84697940E+02   
5.73482797E+02   
5.68871274E+02   
5.11550410E+02   
5.32412282E+02   
5.79916983E+02   
5.47328166E+02   
5.13675435E+02   
5.30064213E+02   
5.18676735E+02   
5.04817063E+02   
5.10391578E+02   
4.81437688E+02   
4.68862472E+02   
4.71129626E+02   
4.37637728E+02   
4.38802761E+02   
4.46112022E+02   
4.21319964E+02   
4.09513903E+02   
3.96430186E+02   
4.07940588E+02   
4.01020304E+02   
4.19163733E+02   
4.03954691E+02   
3.91867173E+02   
4.28105721E+02   
3.83842068E+02   
3.66673835E+02   
3.37858972E+02   
3.34506301E+02   
3.10400480E+02   
3.36259952E+02   
3.24563813E+02   
3.01657532E+02   
2.98993699E+02   
2.83694639E+02   
2.56328566E+02   
2.33497299E+02   
2.49513803E+02   
2.36481696E+02   
2.38774755E+02   
2.17360272E+02   
2.41855771E+02   
2.34452090E+02   
2.12511102E+02   
2.47983797E+02   
2.23163633E+02   
1.83200740E+02   
2.02251050E+02   
2.09459192E+02   
1.83237347E+02   
1.68664233E+02   
1.65105521E+02   
1.64961692E+02   
1.69969194E+02   
1.60898780E+02   
1.45515103E+02   
1.66100920E+02   
1.69782356E+02   
1.67054211E+02   
1.47554311E+02   
1.41918484E+02   
1.24141528E+02   
1.52909682E+02   
1.30025405E+02   
1.28527305E+02   
1.27269454E+02   
1.22904081E+02   
1.26518904E+02   
1.19761752E+02   
1.05266453E+02   
1.13398180E+02   
1.18886277E+02   
9.70482096E+01   
1.03506901E+02   
1.09262452E+02   
1.03665333E+02   
8.44745949E+01   
1.00160132E+02   
9.20674135E+01   
1.03734547E+02   
9.54390878E+01   
9.24868974E+01   
8.54571914E+01   
9.50814163E+01   
8.28867774E+01   
8.74683937E+01   
7.28654731E+01   
7.67859572E+01   
7.72429486E+01   
6.34700940E+01   
5.77815563E+01   
4.82384477E+01   
6.70355071E+01   
5.75975195E+01   
5.08833767E+01   
5.91969394E+01   
4.60076015E+01   
4.93390678E+01   
4.40651130E+01   
4.85655131E+01   
4.43993799E+01   
4.60100020E+01   
6.80571114E+01   
3.67899580E+01   
1.22617423E+02   
3.84823965E+01   
2.39656931E+01   
3.54364873E+01   
2.36122224E+01   
1.80379076E+01   
2.11841368E+01   
2.47632527E+01   
1.72447489E+01   
1.28190638E+01   
1.40028006E+01   
2.96070214E+01   
1.67947590E+01   
1.28134627E+01   
1.61210942E+01   
1.06021204E+01   
1.06021204E+01   
1.06021204E+01   
1.06021204E+01   
1.06021204E+01   
3.18540708E+00   
0.00000000E+00   
0.00000000E+00   
0.00000000E+00   
0.00000000E+00   
0.00000000E+00   
0.00000000E+00   
0.00000000E+00   
0.00000000E+00   
0.00000000E+00   
0.00000000E+00   
0.00000000E+00   
0.00000000E+00   
0.00000000E+00   
0.00000000E+00   
1.21614323E+00   
1.78385677E+00   
4.06181236E-01   
5.93818764E-01   
0.00000000E+00   
0.00000000E+00   
0.00000000E+00   
0.00000000E+00   
0.00000000E+00   
0.00000000E+00   
0.00000000E+00   
0.00000000E+00   
0.00000000E+00   
0.00000000E+00   
0.00000000E+00   
1.00000000E+00   
0.00000000E+00   
0.00000000E+00   
1.41258252E+00   
5.87417483E-01   
0.00000000E+00   
0.00000000E+00   
4.14182837E-01   
5.85817163E-01   
0.00000000E+00   
0.00000000E+00   
0.00000000E+00   
0.00000000E+00   
0.00000000E+00   
0.00000000E+00   
0.00000000E+00   
0.00000000E+00   
0.00000000E+00   
0.00000000E+00   
0.00000000E+00   
0.00000000E+00   
0.00000000E+00   
0.00000000E+00   
0.00000000E+00   
0.00000000E+00   
0.00000000E+00   
1.42178436E+00   
5.78215643E-01   
0.00000000E+00   
0.00000000E+00   
1.00000000E+00   
0.00000000E+00   
0.00000000E+00   
0.00000000E+00   
0.00000000E+00   
0.00000000E+00   
0.00000000E+00   
0.00000000E+00   
4.26585317E-01   
5.73414683E-01   
0.00000000E+00   
0.00000000E+00   
0.00000000E+00   
0.00000000E+00   
0.00000000E+00   
0.00000000E+00   
0.00000000E+00   
0.00000000E+00   
0.00000000E+00   
0.00000000E+00   
0.00000000E+00   
0.00000000E+00   
0.00000000E+00   
0.00000000E+00   
0.00000000E+00   
0.00000000E+00   
0.00000000E+00   
0.00000000E+00   
0.00000000E+00   
1.00000000E+00   
0.00000000E+00   
0.00000000E+00   
0.00000000E+00   
0.00000000E+00   
0.00000000E+00   
4.37387477E-01   
5.62612523E-01   
0.00000000E+00   
0.00000000E+00   
4.38987798E-01   
5.61012202E-01   
0.00000000E+00   
0.00000000E+00   
0.00000000E+00   
0.00000000E+00   
0.00000000E+00   
0.00000000E+00   
0.00000000E+00   
0.00000000E+00   
4.42988598E-01   
5.57011402E-01   
0.00000000E+00   
0.00000000E+00   
0.00000000E+00   
1.00000000E+00   
0.00000000E+00   
0.00000000E+00   
0.00000000E+00   
0.00000000E+00   
0.00000000E+00   
0.00000000E+00   
0.00000000E+00   
0.00000000E+00   
0.00000000E+00   
0.00000000E+00   
0.00000000E+00   
0.00000000E+00   
0.00000000E+00   
0.00000000E+00   
0.00000000E+00   
0.00000000E+00   
0.00000000E+00   
0.00000000E+00   
0.00000000E+00   
0.00000000E+00   
0.00000000E+00   
0.00000000E+00   
0.00000000E+00   
4.54590918E-01   
5.45409082E-01   
4.55391078E-01   
5.44608922E-01   
0.00000000E+00   
1.00000000E+00   
0.00000000E+00   
0.00000000E+00   
4.57791558E-01   
1.54220844E+00   
0.00000000E+00   
0.00000000E+00   
0.00000000E+00   
0.00000000E+00   
0.00000000E+00   
0.00000000E+00   
0.00000000E+00   
0.00000000E+00   
4.61792358E-01   
5.38207642E-01   
0.00000000E+00   
4.62992599E-01   
5.37007401E-01   
0.00000000E+00   
0.00000000E+00   
0.00000000E+00   
0.00000000E+00   
0.00000000E+00   
0.00000000E+00   
1.00000000E+00   
0.00000000E+00   
4.66993399E-01   
5.33006601E-01   
0.00000000E+00   
0.00000000E+00   
0.00000000E+00   
0.00000000E+00   
0.00000000E+00   
0.00000000E+00   
0.00000000E+00   
0.00000000E+00   
0.00000000E+00   
0.00000000E+00   
4.71794359E-01   
5.28205641E-01   
0.00000000E+00   
0.00000000E+00   
0.00000000E+00   
0.00000000E+00   
0.00000000E+00   
0.00000000E+00   
0.00000000E+00   
0.00000000E+00   
0.00000000E+00   
0.00000000E+00   
0.00000000E+00   
0.00000000E+00   
0.00000000E+00   
0.00000000E+00   
0.00000000E+00   
0.00000000E+00   
0.00000000E+00   
0.00000000E+00   
0.00000000E+00   
4.80196039E-01   
5.19803961E-01   
0.00000000E+00   
1.00000000E+00   
0.00000000E+00   
0.00000000E+00   
0.00000000E+00   
0.00000000E+00   
0.00000000E+00   
0.00000000E+00   
0.00000000E+00   
0.00000000E+00   
1.48499700E+00   
5.15003001E-01   
0.00000000E+00   
0.00000000E+00   
0.00000000E+00   
0.00000000E+00   
0.00000000E+00   
0.00000000E+00   
0.00000000E+00   
0.00000000E+00   
0.00000000E+00   
0.00000000E+00   
0.00000000E+00   
0.00000000E+00   
0.00000000E+00   
0.00000000E+00   
0.00000000E+00   
0.00000000E+00   
4.92198440E-01   
5.07801560E-01   
0.00000000E+00   
0.00000000E+00   
0.00000000E+00   
1.00000000E+00   
0.00000000E+00   
0.00000000E+00   
0.00000000E+00   
0.00000000E+00   
0.00000000E+00   
0.00000000E+00   
0.00000000E+00   
0.00000000E+00   
0.00000000E+00   
0.00000000E+00   
0.00000000E+00   
0.00000000E+00   
0.00000000E+00   
0.00000000E+00   
0.00000000E+00   
!IDEND=

