!FILE=Disk 
!KIND=Spectrum 
!LABORATORY=Oslo Cyclotron Laboratory (OCL) 
!EXPERIMENT= oslo_method_python 
!COMMENT=Made by OMpy 
!TIME=DATE:08-Sep-20 09:58:30   
!CALIBRATION EkeV=6, 0.000000E+00, 2.000400E+00, 0.000000E+00 
!PRECISION=16 
!DIMENSION=1,0:4999 
!CHANNEL=(0:4999) 
4.06563813E+02   
6.31621024E+02   
6.57193239E+02   
7.70663833E+02   
7.75663833E+02   
7.89663433E+02   
8.15256851E+02   
8.81245249E+02   
9.07216843E+02   
9.67766653E+02   
9.88615423E+02   
9.76848670E+02   
1.04474665E+03   
1.12095909E+03   
1.14569504E+03   
1.11122204E+03   
1.22063963E+03   
1.33615163E+03   
1.36556651E+03   
1.41531766E+03   
1.51048490E+03   
1.59519224E+03   
1.66557331E+03   
1.79353601E+03   
1.92079046E+03   
2.07808952E+03   
2.20529056E+03   
2.46964563E+03   
2.64668814E+03   
2.87462292E+03   
2.96313893E+03   
3.12118334E+03   
3.33134357E+03   
3.52074465E+03   
3.56703101E+03   
3.71795919E+03   
3.89821594E+03   
3.98774345E+03   
4.16143309E+03   
4.25791578E+03   
4.44063193E+03   
4.47081786E+03   
4.59862923E+03   
4.73568384E+03   
4.74363543E+03   
4.85375095E+03   
4.90433207E+03   
4.79449620E+03   
4.97507762E+03   
5.05225955E+03   
4.95931426E+03   
4.98251800E+03   
4.98949320E+03   
5.22237828E+03   
5.12903921E+03   
5.14851230E+03   
5.17504171E+03   
5.30850330E+03   
5.16909322E+03   
5.12253971E+03   
5.14959092E+03   
5.23967193E+03   
5.16421244E+03   
5.12996439E+03   
5.12425325E+03   
5.15398560E+03   
5.05535177E+03   
5.04349240E+03   
5.15887427E+03   
5.10565713E+03   
5.11956471E+03   
5.12215043E+03   
4.96198970E+03   
4.88818034E+03   
4.94363423E+03   
4.91997389E+03   
4.95591938E+03   
4.86795269E+03   
4.84900690E+03   
4.80941238E+03   
4.80591678E+03   
4.86781676E+03   
4.76177325E+03   
4.81897980E+03   
4.77452440E+03   
4.81250360E+03   
4.97874915E+03   
4.99396239E+03   
5.03477095E+03   
4.99686957E+03   
5.00224575E+03   
4.95519024E+03   
4.90676435E+03   
4.70600050E+03   
4.82491138E+03   
4.70859402E+03   
4.74517634E+03   
4.69445439E+03   
4.55241358E+03   
4.54253201E+03   
4.47363063E+03   
4.45303111E+03   
4.37759652E+03   
4.39745029E+03   
4.31199310E+03   
4.25172024E+03   
4.02911172E+03   
4.17350800E+03   
4.05378086E+03   
3.97829376E+03   
3.97840058E+03   
3.92932587E+03   
3.79968904E+03   
3.92703891E+03   
3.87767834E+03   
3.84832897E+03   
3.81999580E+03   
3.64899930E+03   
3.79093899E+03   
3.62641228E+03   
3.63290778E+03   
3.57348160E+03   
3.50126155E+03   
3.55012593E+03   
3.45935837E+03   
3.54927806E+03   
3.56418994E+03   
3.61862082E+03   
3.44639458E+03   
3.41691118E+03   
3.47582196E+03   
3.40210752E+03   
3.39332036E+03   
3.29299120E+03   
3.35967083E+03   
3.24851630E+03   
3.17139338E+03   
3.26683717E+03   
3.25146109E+03   
3.17276215E+03   
3.20150800E+03   
3.10080516E+03   
3.17345319E+03   
3.05505801E+03   
3.10375785E+03   
3.06016993E+03   
3.01447459E+03   
2.89840748E+03   
2.93544429E+03   
2.96734187E+03   
2.86341838E+03   
2.86894899E+03   
2.85607361E+03   
2.80238298E+03   
2.83163373E+03   
2.77796299E+03   
2.80112913E+03   
2.79380156E+03   
2.75060902E+03   
2.78631586E+03   
2.72637167E+03   
2.73378586E+03   
2.71347169E+03   
2.62261902E+03   
2.60556381E+03   
2.59238928E+03   
2.53255621E+03   
2.54453701E+03   
2.58671674E+03   
2.49680706E+03   
2.40666543E+03   
2.29198230E+03   
2.30927175E+03   
2.30235747E+03   
2.29086927E+03   
2.24469234E+03   
2.27870504E+03   
2.14003811E+03   
2.08686237E+03   
2.07726985E+03   
2.08267934E+03   
2.08931576E+03   
2.09981536E+03   
2.06638508E+03   
2.01760232E+03   
2.01239208E+03   
1.95017594E+03   
1.91093339E+03   
1.92013403E+03   
1.96590268E+03   
1.92754631E+03   
1.87417213E+03   
1.85453051E+03   
1.87979986E+03   
1.85295469E+03   
1.86256151E+03   
1.84324965E+03   
1.83521574E+03   
1.83368804E+03   
1.76253291E+03   
1.80044889E+03   
1.82113893E+03   
1.77068494E+03   
1.76017574E+03   
1.78780376E+03   
1.78082777E+03   
1.72209442E+03   
1.75283337E+03   
1.71193429E+03   
1.74702981E+03   
1.73639498E+03   
1.73893729E+03   
1.68094179E+03   
1.66686187E+03   
1.65037688E+03   
1.67039608E+03   
1.70765543E+03   
1.64658102E+03   
1.64729016E+03   
1.61013093E+03   
1.63814263E+03   
1.60061052E+03   
1.61757522E+03   
1.63450690E+03   
1.59540378E+03   
1.59252891E+03   
1.51201980E+03   
1.56553781E+03   
1.57027155E+03   
1.48351950E+03   
1.42027435E+03   
1.51859192E+03   
1.42404501E+03   
1.47828176E+03   
1.46579216E+03   
1.47301170E+03   
1.53315843E+03   
1.47161572E+03   
1.53625465E+03   
1.39528226E+03   
1.39630386E+03   
1.43404561E+03   
1.42038388E+03   
1.44513593E+03   
1.37424165E+03   
1.41240898E+03   
1.40676925E+03   
1.34319074E+03   
1.36002901E+03   
1.31707912E+03   
1.34706661E+03   
1.32665763E+03   
1.32185597E+03   
1.01921629E+03   
9.51190238E+02   
9.51190238E+02   
9.51190238E+02   
9.51190238E+02   
8.33221494E+02   
5.84357872E+02   
5.39364873E+02   
5.26194839E+02   
6.01815863E+02   
5.37404981E+02   
5.51052210E+02   
5.66381076E+02   
5.46045009E+02   
5.39675735E+02   
5.65079716E+02   
5.67605321E+02   
5.43594119E+02   
5.63536407E+02   
5.56768554E+02   
5.88194339E+02   
5.34233047E+02   
5.23887978E+02   
5.84824465E+02   
5.47557712E+02   
5.37106421E+02   
5.51553711E+02   
5.78882476E+02   
5.45270454E+02   
5.36588818E+02   
5.40757451E+02   
5.09862072E+02   
5.51987297E+02   
5.20178336E+02   
5.30182336E+02   
5.77802260E+02   
5.45337067E+02   
5.40561212E+02   
5.27586217E+02   
5.15876375E+02   
5.14264953E+02   
4.87273055E+02   
4.97298360E+02   
5.05415883E+02   
5.50486597E+02   
4.98955591E+02   
5.08056611E+02   
5.06442789E+02   
4.96586517E+02   
4.88548210E+02   
4.51913183E+02   
4.59880876E+02   
4.85702340E+02   
4.60446389E+02   
4.65698040E+02   
4.78834967E+02   
4.38996499E+02   
4.58839968E+02   
4.62586117E+02   
4.64589318E+02   
4.29706041E+02   
4.07204141E+02   
4.43604921E+02   
4.58861172E+02   
4.56418384E+02   
4.30711442E+02   
4.32174835E+02   
4.26057712E+02   
4.19078716E+02   
4.21913483E+02   
3.94720544E+02   
4.05820864E+02   
4.62773355E+02   
4.36243949E+02   
4.48489898E+02   
4.46465093E+02   
4.47244749E+02   
4.34467694E+02   
4.42789758E+02   
4.08537508E+02   
3.89886977E+02   
3.90347269E+02   
3.77103921E+02   
4.18960792E+02   
4.02731346E+02   
3.72723345E+02   
3.92981096E+02   
4.09434087E+02   
4.25349270E+02   
4.26011102E+02   
4.46463893E+02   
3.96872274E+02   
3.76338768E+02   
3.81297259E+02   
3.80192839E+02   
3.82910982E+02   
3.56759052E+02   
3.62388878E+02   
3.40379276E+02   
3.55292859E+02   
3.64998300E+02   
3.48522304E+02   
3.66068014E+02   
3.27851670E+02   
3.65927385E+02   
3.38998700E+02   
3.37768354E+02   
3.33438188E+02   
3.16423785E+02   
3.39652230E+02   
3.22093219E+02   
3.16166933E+02   
3.22897379E+02   
3.23823565E+02   
3.19245549E+02   
3.34366373E+02   
3.26272655E+02   
3.13260152E+02   
3.45010302E+02   
3.13469494E+02   
3.17403181E+02   
3.13475695E+02   
2.98963393E+02   
3.14208742E+02   
3.29201540E+02   
2.99965793E+02   
2.95933987E+02   
2.91576315E+02   
3.17142228E+02   
2.87299560E+02   
3.03533707E+02   
2.81987397E+02   
3.37682937E+02   
3.09320764E+02   
2.92439488E+02   
3.02024305E+02   
2.74565913E+02   
2.80052811E+02   
2.46113023E+02   
2.67191038E+02   
2.90428686E+02   
3.15030306E+02   
2.84817463E+02   
2.69664033E+02   
2.73216743E+02   
2.49642328E+02   
2.69650330E+02   
2.73511602E+02   
2.42654731E+02   
2.62442088E+02   
2.41725545E+02   
2.61873575E+02   
2.76492899E+02   
2.57703741E+02   
2.49783257E+02   
2.62682336E+02   
2.76715843E+02   
2.44745849E+02   
2.41358972E+02   
2.50076915E+02   
2.59347670E+02   
2.77398480E+02   
2.40385277E+02   
2.37053811E+02   
2.33046809E+02   
2.28704641E+02   
2.16374175E+02   
2.23719244E+02   
2.33062112E+02   
2.34724145E+02   
2.22644329E+02   
2.32397880E+02   
2.26776855E+02   
2.29637327E+02   
2.34028906E+02   
2.35126625E+02   
2.45657832E+02   
2.39454891E+02   
2.06650230E+02   
2.23794259E+02   
2.26621924E+02   
2.40739748E+02   
2.34114123E+02   
2.14930086E+02   
2.29393679E+02   
2.20965493E+02   
2.10771654E+02   
2.18043609E+02   
2.48809962E+02   
2.18370574E+02   
2.53531306E+02   
2.17140428E+02   
2.27965193E+02   
2.32873275E+02   
2.16651630E+02   
2.26044809E+02   
2.19685137E+02   
2.11282356E+02   
1.93638028E+02   
2.12125425E+02   
2.25855971E+02   
2.21954591E+02   
1.96809662E+02   
1.86324665E+02   
2.11847970E+02   
2.02140228E+02   
2.13409682E+02   
2.00673835E+02   
1.99880776E+02   
2.08313963E+02   
2.07302661E+02   
1.89954391E+02   
1.88817463E+02   
2.32716043E+02   
2.03438888E+02   
2.19599820E+02   
2.01603221E+02   
2.02052210E+02   
1.90274055E+02   
1.77727846E+02   
1.76902581E+02   
1.98175835E+02   
2.06012302E+02   
1.91756751E+02   
1.80584417E+02   
1.91643429E+02   
1.77513403E+02   
1.75649130E+02   
1.83807662E+02   
1.85109222E+02   
1.95969994E+02   
1.79488898E+02   
1.96119124E+02   
1.72205441E+02   
1.97479696E+02   
1.65996099E+02   
1.77860872E+02   
1.92291058E+02   
1.91572314E+02   
1.76402180E+02   
1.85795759E+02   
1.87850170E+02   
1.81904881E+02   
1.71356571E+02   
1.77231446E+02   
1.76143529E+02   
1.66736647E+02   
1.66233847E+02   
1.51528406E+02   
1.69524405E+02   
1.61459292E+02   
1.75440088E+02   
1.55396879E+02   
1.77677536E+02   
1.80364573E+02   
1.74675435E+02   
1.70106321E+02   
1.73706741E+02   
1.61286557E+02   
1.71903781E+02   
1.79217043E+02   
1.57920384E+02   
1.80147930E+02   
1.52257351E+02   
1.64166833E+02   
1.49837267E+02   
1.74017003E+02   
1.61207642E+02   
1.65404981E+02   
1.64412182E+02   
1.53264453E+02   
1.73902781E+02   
1.77169134E+02   
1.50694839E+02   
1.59186237E+02   
1.53566113E+02   
1.47779656E+02   
1.55589618E+02   
1.70306261E+02   
1.85458892E+02   
1.72589018E+02   
1.49770554E+02   
1.49312462E+02   
1.62038108E+02   
1.55732246E+02   
1.70759252E+02   
1.61033607E+02   
1.50601120E+02   
1.67632527E+02   
1.49413783E+02   
1.52486997E+02   
1.77137327E+02   
1.68747449E+02   
1.73246549E+02   
1.58565013E+02   
1.59593919E+02   
1.66191538E+02   
1.44711742E+02   
1.50751450E+02   
1.50147029E+02   
1.27043609E+02   
1.51068514E+02   
1.55976695E+02   
1.53474895E+02   
1.35476495E+02   
1.50690538E+02   
1.41304961E+02   
1.57373875E+02   
1.49103321E+02   
1.46133427E+02   
1.42052110E+02   
1.55753451E+02   
1.45659232E+02   
1.49476395E+02   
1.37221344E+02   
1.40302060E+02   
1.40854371E+02   
1.51111122E+02   
1.28455891E+02   
1.37975995E+02   
1.53383977E+02   
1.51621824E+02   
1.53515603E+02   
1.29872775E+02   
1.45106621E+02   
1.58834867E+02   
1.32173235E+02   
1.60669734E+02   
1.23379876E+02   
1.24156131E+02   
1.43961392E+02   
1.37698440E+02   
1.54233947E+02   
1.50216643E+02   
1.21677135E+02   
1.44261652E+02   
1.35559112E+02   
1.54974995E+02   
1.29508602E+02   
1.26869374E+02   
1.51292158E+02   
1.37864273E+02   
1.37335167E+02   
1.46797359E+02   
1.37295259E+02   
1.56072314E+02   
1.47030406E+02   
1.42926685E+02   
1.40986997E+02   
1.21320764E+02   
1.25921384E+02   
1.21966293E+02   
1.39215343E+02   
1.16022404E+02   
1.22966793E+02   
1.29078016E+02   
1.41204741E+02   
1.31328566E+02   
1.63362673E+02   
1.27899080E+02   
1.31498700E+02   
1.31078216E+02   
1.35963593E+02   
1.16857071E+02   
1.28756051E+02   
1.44729446E+02   
1.28298960E+02   
1.14040008E+02   
1.27755251E+02   
1.44773255E+02   
1.28282757E+02   
1.37527105E+02   
1.36278156E+02   
1.23273555E+02   
1.20526905E+02   
1.49551710E+02   
1.38243949E+02   
1.10767654E+02   
1.31281156E+02   
1.25518304E+02   
1.20256351E+02   
1.36298560E+02   
1.45092418E+02   
1.26183137E+02   
1.11737047E+02   
1.14595919E+02   
1.36245949E+02   
9.61919384E+01   
1.13881076E+02   
1.02183137E+02   
9.47472494E+01   
1.05291958E+02   
1.16602120E+02   
1.19334167E+02   
1.24194939E+02   
1.20263353E+02   
1.28660332E+02   
1.43267754E+02   
1.13660432E+02   
1.09023205E+02   
1.12738848E+02   
1.12974595E+02   
1.15642929E+02   
1.24448490E+02   
1.36178636E+02   
1.32284657E+02   
1.27658132E+02   
1.16787858E+02   
1.03965393E+02   
1.12432086E+02   
1.03378176E+02   
1.08554511E+02   
1.35023605E+02   
1.10723645E+02   
1.17954191E+02   
9.93231646E+01   
1.10396979E+02   
1.20793059E+02   
1.19413283E+02   
1.16253751E+02   
1.23025305E+02   
1.10170234E+02   
1.26574215E+02   
1.15319864E+02   
1.21443489E+02   
1.26058412E+02   
1.18021604E+02   
1.04388078E+02   
1.05882476E+02   
9.63403681E+01   
1.09155131E+02   
1.19532807E+02   
1.06024805E+02   
1.21926185E+02   
1.20223645E+02   
9.98436687E+01   
9.09161832E+01   
1.16675535E+02   
9.87005401E+01   
1.01677936E+02   
1.10570014E+02   
1.29134527E+02   
1.32584117E+02   
1.20241848E+02   
1.11233847E+02   
9.44463893E+01   
1.15814563E+02   
9.96792358E+01   
9.35801160E+01   
1.11173335E+02   
9.59916983E+01   
1.05021204E+02   
1.04150230E+02   
1.11544209E+02   
1.03755551E+02   
1.15201740E+02   
9.56704341E+01   
1.01157832E+02   
1.01175835E+02   
9.35885177E+01   
9.57319464E+01   
1.07664033E+02   
1.02592919E+02   
8.30879176E+01   
1.20547409E+02   
1.18065913E+02   
1.01868574E+02   
1.13383177E+02   
9.83855771E+01   
1.12911382E+02   
1.00445889E+02   
1.01335567E+02   
1.01970894E+02   
1.20556211E+02   
9.69942989E+01   
1.23428886E+02   
1.08441888E+02   
1.09179636E+02   
9.40168034E+01   
1.03809862E+02   
9.95714143E+01   
1.12164733E+02   
1.02669534E+02   
1.06993699E+02   
1.11997700E+02   
9.20698140E+01   
1.09795559E+02   
1.16207842E+02   
9.76511302E+01   
1.03630026E+02   
1.02209842E+02   
9.80216043E+01   
1.11223345E+02   
9.38332667E+01   
9.86157231E+01   
9.16173235E+01   
1.08416683E+02   
9.84193839E+01   
1.14228146E+02   
9.12168434E+01   
1.18226645E+02   
9.42019404E+01   
1.03029306E+02   
1.02835967E+02   
1.02007101E+02   
1.02234247E+02   
1.23041308E+02   
9.69813963E+01   
1.03192038E+02   
9.14074815E+01   
1.09293259E+02   
9.13227646E+01   
9.22719544E+01   
9.66325265E+01   
8.92129426E+01   
9.43673735E+01   
1.04208942E+02   
1.04482496E+02   
1.07958192E+02   
1.05890078E+02   
1.02114623E+02   
1.04685937E+02   
9.72594519E+01   
1.05505301E+02   
1.18023205E+02   
9.10398080E+01   
9.55812162E+01   
1.10762753E+02   
9.98963793E+01   
9.08921784E+01   
9.56457291E+01   
9.42532507E+01   
9.56002200E+01   
9.00200040E+01   
1.05465193E+02   
9.12057411E+01   
9.35987197E+01   
8.02802561E+01   
1.02000100E+02   
9.37529506E+01   
9.24719944E+01   
9.21136227E+01   
1.04199240E+02   
9.42935587E+01   
9.70196039E+01   
1.05922284E+02   
8.78559712E+01   
1.02741348E+02   
9.18414683E+01   
8.99158832E+01   
8.40904181E+01   
9.10573115E+01   
9.67321464E+01   
9.96156231E+01   
9.75389078E+01   
8.43757752E+01   
9.14287858E+01   
9.44359872E+01   
8.97032406E+01   
7.01381276E+01   
7.34911982E+01   
9.74487898E+01   
8.14559912E+01   
9.39298860E+01   
1.06251850E+02   
9.29230846E+01   
8.26028206E+01   
9.85801160E+01   
1.05680136E+02   
9.09550910E+01   
9.47974595E+01   
8.50196039E+01   
9.63406681E+01   
1.09513203E+02   
1.06839868E+02   
9.09014803E+01   
9.93346669E+01   
9.30264053E+01   
9.10136027E+01   
9.40184037E+01   
9.71889378E+01   
9.93542709E+01   
9.48442689E+01   
9.30248050E+01   
7.45036007E+01   
1.02534807E+02   
9.80192038E+01   
9.23642729E+01   
9.52041408E+01   
1.01348670E+02   
8.89723945E+01   
9.55580116E+01   
8.77998600E+01   
8.26617323E+01   
9.00836167E+01   
8.95012002E+01   
8.54595919E+01   
9.04174835E+01   
9.91068214E+01   
8.93147630E+01   
8.66836367E+01   
1.05021204E+02   
8.89675935E+01   
9.77601520E+01   
7.61606321E+01   
9.39182837E+01   
8.45781156E+01   
1.01119524E+02   
9.19740948E+01   
9.90856171E+01   
8.73994799E+01   
8.27898580E+01   
8.06321264E+01   
7.54022805E+01   
7.92406481E+01   
9.41159232E+01   
8.23035607E+01   
9.81327265E+01   
9.63851770E+01   
7.30382076E+01   
8.83020604E+01   
9.55684137E+01   
8.39183837E+01   
9.47642529E+01   
9.00156031E+01   
9.93817764E+01   
7.92419484E+01   
1.02354871E+02   
6.65884177E+01   
8.88333667E+01   
8.59605921E+01   
7.70405081E+01   
8.01203241E+01   
7.53452691E+01   
7.98541708E+01   
8.14386877E+01   
8.38831766E+01   
6.58783757E+01   
7.11536307E+01   
8.43018604E+01   
8.15876175E+01   
9.00164033E+01   
8.63077616E+01   
8.08663733E+01   
8.28750750E+01   
9.70327065E+01   
9.30001000E+01   
8.77588518E+01   
7.96919384E+01   
9.12091418E+01   
9.41286257E+01   
9.06359272E+01   
8.79493899E+01   
7.73289658E+01   
8.45653131E+01   
7.51968394E+01   
8.46990398E+01   
9.26092218E+01   
1.01799660E+02   
1.00886277E+02   
8.07704541E+01   
7.96870374E+01   
8.15434087E+01   
7.01520304E+01   
7.44806961E+01   
9.56285257E+01   
8.43994799E+01   
8.82236447E+01   
8.78344669E+01   
8.18055611E+01   
8.10618124E+01   
8.21035207E+01   
7.97577516E+01   
7.15353071E+01   
8.17899580E+01   
8.67287457E+01   
7.92742549E+01   
7.59112823E+01   
7.77597520E+01   
8.46344269E+01   
7.31307261E+01   
8.89020804E+01   
8.83935787E+01   
9.08898780E+01   
7.27651530E+01   
7.61415283E+01   
8.00160032E+01   
8.50262052E+01   
7.72524505E+01   
8.91547309E+01   
6.98756751E+01   
7.97709542E+01   
8.52594519E+01   
7.40152030E+01   
6.94988998E+01   
1.03169934E+02   
8.66560312E+01   
7.76162232E+01   
7.60156031E+01   
7.64209842E+01   
8.24916983E+01   
8.23072615E+01   
8.60184037E+01   
8.05436087E+01   
8.06101220E+01   
8.95519104E+01   
7.94130826E+01   
6.48990798E+01   
8.96692338E+01   
9.20164033E+01   
8.64744949E+01   
9.05312062E+01   
8.95886177E+01   
7.83579716E+01   
8.09038808E+01   
7.42422484E+01   
7.01285257E+01   
7.82394479E+01   
7.22378476E+01   
8.16833367E+01   
6.42349470E+01   
8.99135827E+01   
6.68840768E+01   
6.86840368E+01   
7.01418284E+01   
7.92334467E+01   
6.09886977E+01   
6.77193439E+01   
7.83387678E+01   
8.72671534E+01   
6.30423085E+01   
7.48434687E+01   
7.85923185E+01   
7.73327666E+01   
7.10156031E+01   
7.71201240E+01   
6.83275655E+01   
7.22214443E+01   
7.71866373E+01   
8.45018004E+01   
7.12486497E+01   
7.75030006E+01   
6.99310862E+01   
9.16948390E+01   
9.12098420E+01   
8.75282056E+01   
7.64148830E+01   
6.78133627E+01   
6.78149630E+01   
9.34316863E+01   
8.13015603E+01   
8.15250050E+01   
7.62130426E+01   
7.96980396E+01   
8.73355671E+01   
8.44993999E+01   
8.83419684E+01   
7.61133227E+01   
1.00017203E+02   
8.04917984E+01   
7.52590518E+01   
8.11125225E+01   
7.72363473E+01   
7.71729346E+01   
7.68305661E+01   
8.34797960E+01   
8.80019004E+01   
6.36705341E+01   
8.20079016E+01   
6.66532306E+01   
8.93803761E+01   
7.20081016E+01   
7.62946589E+01   
7.22835567E+01   
7.81922384E+01   
7.76595319E+01   
6.44557912E+01   
8.26097219E+01   
6.22898580E+01   
8.13577716E+01   
7.77572515E+01   
8.95347069E+01   
7.37013403E+01   
5.97564513E+01   
6.80985197E+01   
8.03370674E+01   
7.49416883E+01   
6.70911182E+01   
8.55163033E+01   
7.94335867E+01   
7.62643529E+01   
9.05229046E+01   
7.94265853E+01   
8.46094219E+01   
8.47462492E+01   
6.92559512E+01   
7.78529706E+01   
7.23328666E+01   
7.41399280E+01   
8.37011402E+01   
7.09605921E+01   
8.62324465E+01   
7.74061812E+01   
8.20929186E+01   
7.63229646E+01   
7.78604721E+01   
7.40905181E+01   
8.12568514E+01   
6.32230446E+01   
7.16370274E+01   
7.09390878E+01   
7.22363473E+01   
7.28653731E+01   
6.79402881E+01   
7.74306861E+01   
6.42499500E+01   
6.25056011E+01   
7.78697740E+01   
7.08000600E+01   
6.30861172E+01   
7.46622324E+01   
6.56478296E+01   
6.67343469E+01   
8.49454891E+01   
5.64975995E+01   
6.64642929E+01   
6.16967393E+01   
6.26730346E+01   
6.61482296E+01   
8.08120624E+01   
6.36126225E+01   
6.18120624E+01   
9.10916183E+01   
7.64090818E+01   
7.10797159E+01   
7.76918384E+01   
7.18498700E+01   
7.45015003E+01   
6.75842168E+01   
7.46962392E+01   
7.17627526E+01   
6.30765153E+01   
7.75203041E+01   
8.17719544E+01   
7.56279256E+01   
7.52568514E+01   
6.07727546E+01   
7.88356671E+01   
8.99566913E+01   
6.89000800E+01   
6.64252851E+01   
7.60725145E+01   
8.37831566E+01   
6.07606521E+01   
5.43518704E+01   
7.69907982E+01   
8.07346469E+01   
7.05186037E+01   
7.41242248E+01   
7.04636927E+01   
7.49622925E+01   
7.23418684E+01   
7.20685137E+01   
6.34408882E+01   
6.53762753E+01   
7.21210242E+01   
6.65884177E+01   
7.88039608E+01   
6.74228846E+01   
7.62964593E+01   
7.30653131E+01   
7.39141828E+01   
6.35620124E+01   
6.40108022E+01   
7.74238848E+01   
5.93551710E+01   
6.01571314E+01   
7.26299260E+01   
8.63997800E+01   
9.81138228E+01   
5.69028806E+01   
6.67810562E+01   
6.99221844E+01   
7.24221844E+01   
6.17862573E+01   
6.42798560E+01   
7.72605521E+01   
6.34979996E+01   
7.68395679E+01   
7.02289458E+01   
6.77148430E+01   
7.01415283E+01   
7.44717944E+01   
8.26801360E+01   
7.01355271E+01   
7.67280456E+01   
6.22951590E+01   
7.48130626E+01   
7.83846769E+01   
6.97592519E+01   
6.68583717E+01   
7.21664333E+01   
4.93140628E+01   
6.53749750E+01   
6.50529106E+01   
6.91616323E+01   
6.89056811E+01   
8.16938388E+01   
6.56896379E+01   
6.06621324E+01   
7.01532306E+01   
6.78430686E+01   
6.41504301E+01   
8.78141628E+01   
6.82796559E+01   
5.19481896E+01   
7.90140028E+01   
6.52676535E+01   
6.89481896E+01   
7.48879776E+01   
4.41352270E+01   
7.28610722E+01   
5.33106621E+01   
6.98044609E+01   
5.61569314E+01   
5.99248850E+01   
6.50397079E+01   
6.67618524E+01   
6.99601920E+01   
6.90156031E+01   
6.72011402E+01   
7.59866973E+01   
7.58846769E+01   
6.40911182E+01   
6.89392879E+01   
7.09171834E+01   
7.20650130E+01   
7.88263653E+01   
7.50425085E+01   
6.82936587E+01   
7.69239848E+01   
6.22587518E+01   
6.59677936E+01   
7.30120024E+01   
7.78029606E+01   
6.01800360E+01   
7.38921784E+01   
7.50152030E+01   
8.57642529E+01   
8.31905381E+01   
6.31833367E+01   
7.47597520E+01   
7.82843569E+01   
8.09262853E+01   
8.09302861E+01   
5.52148430E+01   
6.09958992E+01   
6.59338868E+01   
5.99990998E+01   
6.61042208E+01   
7.09253851E+01   
7.89724945E+01   
7.10982196E+01   
6.99071814E+01   
6.91458292E+01   
7.19752951E+01   
7.80261052E+01   
5.81072214E+01   
8.18860772E+01   
6.60584117E+01   
6.70657131E+01   
7.78596719E+01   
8.30463093E+01   
7.40346069E+01   
6.31131226E+01   
6.40278056E+01   
6.39775955E+01   
7.39884977E+01   
7.00201040E+01   
6.40055011E+01   
7.59477896E+01   
6.80717143E+01   
5.70075015E+01   
9.39446889E+01   
6.10825165E+01   
8.39955991E+01   
5.80562112E+01   
6.79630926E+01   
5.70395079E+01   
7.89903981E+01   
7.30143029E+01   
6.10361072E+01   
5.10272054E+01   
6.80013003E+01   
6.90114023E+01   
8.50090018E+01   
5.80195039E+01   
6.30141028E+01   
6.80141028E+01   
7.60100020E+01   
6.00053011E+01   
6.80260052E+01   
7.40117023E+01   
6.50136027E+01   
7.40012002E+01   
7.00470094E+01   
6.19769954E+01   
6.50765153E+01   
8.09427886E+01   
6.30320064E+01   
6.99966993E+01   
7.00828166E+01   
7.30546109E+01   
8.48918784E+01   
6.29689938E+01   
5.90992198E+01   
7.10377075E+01   
7.39902981E+01   
6.90662132E+01   
7.69617924E+01   
7.80520104E+01   
8.00453091E+01   
7.39549910E+01   
7.20144029E+01   
7.00033007E+01   
6.41750350E+01   
8.48410682E+01   
7.09643929E+01   
5.50755151E+01   
6.99484897E+01   
5.61470294E+01   
7.39464893E+01   
7.29710942E+01   
6.50422084E+01   
7.10136027E+01   
6.19515903E+01   
7.39642929E+01   
7.10923185E+01   
7.10963193E+01   
7.68266653E+01   
5.61679336E+01   
7.19960992E+01   
6.51234247E+01   
6.58289658E+01   
7.89737948E+01   
5.50307061E+01   
5.30315063E+01   
6.30932186E+01   
6.58479696E+01   
6.79892979E+01   
5.12895579E+01   
7.29056811E+01   
6.60132026E+01   
7.33537708E+01   
8.05571114E+01   
5.52227445E+01   
6.98952791E+01   
6.21586317E+01   
6.30399080E+01   
7.39151830E+01   
6.09629926E+01   
6.22463493E+01   
7.28063613E+01   
5.97999600E+01   
6.32814563E+01   
7.90419084E+01   
6.56520304E+01   
6.32360472E+01   
5.79266853E+01   
6.08369674E+01   
5.56288258E+01   
8.86886377E+01   
6.87101420E+01   
5.22548510E+01   
6.92923585E+01   
7.48269654E+01   
6.66945389E+01   
5.65588118E+01   
7.78201640E+01   
6.88815763E+01   
5.50794159E+01   
7.42844569E+01   
8.29134827E+01   
7.77375475E+01   
6.31173235E+01   
7.50487097E+01   
5.69776955E+01   
5.89042809E+01   
6.80854171E+01   
6.01612322E+01   
7.00519104E+01   
7.21285257E+01   
5.89010802E+01   
6.41696339E+01   
7.67426485E+01   
6.29345869E+01   
6.22522505E+01   
7.20152030E+01   
7.26895379E+01   
5.90120024E+01   
5.95101020E+01   
7.36815363E+01   
7.34212843E+01   
5.06913383E+01   
7.24539908E+01   
6.48351670E+01   
5.60954191E+01   
5.88059612E+01   
7.04790958E+01   
6.24167834E+01   
6.70599120E+01   
6.66475295E+01   
6.63357672E+01   
6.51545309E+01   
8.05916183E+01   
6.11545309E+01   
6.74443889E+01   
7.57269454E+01   
7.88682737E+01   
7.98167634E+01   
6.39125825E+01   
5.65099020E+01   
5.57632527E+01   
6.00128026E+01   
7.32683537E+01   
7.51693339E+01   
6.70160032E+01   
8.60160032E+01   
7.87524505E+01   
6.11733347E+01   
7.76406281E+01   
6.23897780E+01   
6.37979596E+01   
6.29041808E+01   
6.24536907E+01   
7.20715143E+01   
8.78486697E+01   
6.96773355E+01   
6.20128026E+01   
6.34696939E+01   
6.46709342E+01   
6.37240448E+01   
5.40699140E+01   
6.34835967E+01   
5.55995199E+01   
6.05958192E+01   
5.68483697E+01   
7.03517704E+01   
6.77393479E+01   
7.34044809E+01   
5.96882376E+01   
6.49015803E+01   
4.74449890E+01   
5.64505901E+01   
6.14561912E+01   
8.11280256E+01   
6.47146429E+01   
7.96944389E+01   
7.33668734E+01   
5.45960192E+01   
6.44239848E+01   
5.65373075E+01   
6.68142629E+01   
6.62121424E+01   
5.55434087E+01   
6.55505101E+01   
6.18098620E+01   
7.05342068E+01   
5.49028806E+01   
6.20148030E+01   
6.69452891E+01   
7.07347469E+01   
6.07159432E+01   
8.31682336E+01   
6.67942589E+01   
7.35873175E+01   
7.27982597E+01   
6.27235447E+01   
5.21746349E+01   
8.59444889E+01   
8.27231446E+01   
6.57199440E+01   
7.36424285E+01   
6.50867173E+01   
6.59372875E+01   
7.30875175E+01   
5.78605721E+01   
6.31642328E+01   
6.60891178E+01   
5.27814563E+01   
5.80193039E+01   
6.97701540E+01   
5.64802961E+01   
7.16425285E+01   
7.87786557E+01   
6.88557712E+01   
6.65734147E+01   
7.49726945E+01   
5.13344669E+01   
6.40677135E+01   
8.27738548E+01   
7.61980396E+01   
6.57540508E+01   
7.01069214E+01   
7.28461692E+01   
7.03478696E+01   
6.27592519E+01   
6.27590518E+01   
5.70955191E+01   
6.88623725E+01   
5.97324465E+01   
5.04387878E+01   
5.27017403E+01   
7.22339468E+01   
5.89690938E+01   
6.77526505E+01   
7.01898380E+01   
6.56615323E+01   
7.09244849E+01   
7.98148630E+01   
7.70317063E+01   
7.10011002E+01   
6.27454491E+01   
6.87451490E+01   
5.93763753E+01   
6.74731946E+01   
7.53741748E+01   
7.02149430E+01   
8.04437888E+01   
7.24787958E+01   
6.95476095E+01   
6.23280656E+01   
7.87926585E+01   
7.86766353E+01   
7.59212843E+01   
7.19652931E+01   
7.24360872E+01   
4.97797560E+01   
5.57222444E+01   
6.67593519E+01   
7.73605721E+01   
6.89136827E+01   
7.05028006E+01   
6.00132026E+01   
6.74184837E+01   
6.40108022E+01   
6.21099220E+01   
6.60152030E+01   
6.76123225E+01   
6.90136027E+01   
6.68968794E+01   
6.91111222E+01   
5.33956791E+01   
5.31371274E+01   
6.49396879E+01   
6.96011202E+01   
6.41175235E+01   
7.10140028E+01   
6.07470494E+01   
7.17014403E+01   
7.83824765E+01   
5.84835967E+01   
6.20112022E+01   
6.37977596E+01   
6.41887377E+01   
5.89072815E+01   
6.25827165E+01   
6.93377676E+01   
6.59924985E+01   
7.60355071E+01   
7.50140028E+01   
7.07941588E+01   
6.59099820E+01   
5.21164233E+01   
7.15687137E+01   
5.51268254E+01   
6.05679136E+01   
6.81154231E+01   
6.19125825E+01   
7.58058612E+01   
6.96545309E+01   
7.03537708E+01   
6.75559112E+01   
6.57821564E+01   
6.41259252E+01   
6.72819564E+01   
7.35086017E+01   
5.02430486E+01   
7.27115423E+01   
6.33649730E+01   
7.54271854E+01   
6.18948790E+01   
6.59474895E+01   
4.69585917E+01   
6.44884977E+01   
6.72526505E+01   
6.86546309E+01   
5.52912583E+01   
4.98558712E+01   
6.12558512E+01   
7.03130626E+01   
4.39841968E+01   
5.52566513E+01   
5.91355271E+01   
6.52594519E+01   
6.93845769E+01   
6.96348270E+01   
7.05199040E+01   
7.32672535E+01   
5.80132026E+01   
7.06366273E+01   
6.45157031E+01   
6.87609522E+01   
5.88998800E+01   
7.71427285E+01   
6.11233247E+01   
6.26294259E+01   
5.46536307E+01   
7.02416483E+01   
6.09154831E+01   
6.34962993E+01   
6.50128026E+01   
7.38824765E+01   
6.04894979E+01   
6.15353071E+01   
7.15656131E+01   
5.07230446E+01   
6.18808762E+01   
6.26764353E+01   
7.62810562E+01   
7.34161832E+01   
6.73471694E+01   
6.19401880E+01   
6.62241448E+01   
7.40693139E+01   
5.98255651E+01   
5.68788758E+01   
6.93327666E+01   
6.76960392E+01   
6.25060012E+01   
5.26976395E+01   
5.35982196E+01   
4.41491298E+01   
5.65950190E+01   
6.08447690E+01   
6.94309862E+01   
6.88736747E+01   
6.54341868E+01   
6.87478496E+01   
6.34341868E+01   
7.41628326E+01   
6.30031006E+01   
6.43007602E+01   
5.77240448E+01   
6.87261452E+01   
6.81598320E+01   
6.50073015E+01   
6.55893179E+01   
6.54346869E+01   
6.77217443E+01   
6.77201440E+01   
6.10319064E+01   
6.21595319E+01   
7.01061212E+01   
4.48911782E+01   
6.13058612E+01   
5.85678136E+01   
7.50870174E+01   
6.91236247E+01   
7.60136027E+01   
6.00136027E+01   
6.72144429E+01   
4.99630926E+01   
6.77676535E+01   
6.68648730E+01   
6.70156031E+01   
6.98001600E+01   
6.61450290E+01   
7.81852370E+01   
6.59319864E+01   
6.50156031E+01   
7.18616723E+01   
8.30955191E+01   
8.80781156E+01   
5.54065813E+01   
7.13918784E+01   
6.85446089E+01   
6.58548710E+01   
6.41079216E+01   
7.20136027E+01   
7.38560712E+01   
7.31711342E+01   
7.53302661E+01   
7.44905981E+01   
7.38564713E+01   
7.62175435E+01   
7.36529306E+01   
6.27321464E+01   
6.08152631E+01   
6.45302060E+01   
6.29815963E+01   
7.53102621E+01   
6.35830166E+01   
6.69647930E+01   
6.38960792E+01   
6.46657331E+01   
7.94885977E+01   
7.38664733E+01   
5.95198040E+01   
6.36825365E+01   
6.58328666E+01   
7.61867373E+01   
6.13490698E+01   
5.91791358E+01   
6.58464693E+01   
7.06829366E+01   
6.35182036E+01   
6.66589318E+01   
6.03474695E+01   
6.80108022E+01   
6.30280056E+01   
6.41635327E+01   
5.55442088E+01   
6.65270054E+01   
7.07644529E+01   
5.45814163E+01   
7.19827966E+01   
5.85290058E+01   
6.86677335E+01   
6.60900180E+01   
6.95465093E+01   
6.25746149E+01   
7.59304861E+01   
8.10172034E+01   
7.50907181E+01   
6.67149430E+01   
7.33106621E+01   
6.45998200E+01   
7.47792559E+01   
6.83050610E+01   
5.05446089E+01   
7.14366873E+01   
6.85197039E+01   
5.73343669E+01   
8.42246449E+01   
6.18073615E+01   
8.08567714E+01   
6.17325465E+01   
6.30128026E+01   
7.01939388E+01   
6.32839568E+01   
7.45618124E+01   
6.47408482E+01   
7.25626125E+01   
6.48179636E+01   
6.11120224E+01   
7.02774555E+01   
6.98549710E+01   
6.96461292E+01   
6.86445289E+01   
6.12718544E+01   
6.30124025E+01   
6.16397279E+01   
6.33850770E+01   
7.34509902E+01   
5.97613523E+01   
6.53956791E+01   
7.16299260E+01   
6.40691138E+01   
6.30108022E+01   
5.49584917E+01   
6.53926785E+01   
7.25392078E+01   
6.45343069E+01   
6.99090818E+01   
4.86887377E+01   
7.39724945E+01   
7.10148030E+01   
6.20511102E+01   
6.14333867E+01   
6.14309862E+01   
5.49800960E+01   
6.29840968E+01   
6.84301860E+01   
5.85986197E+01   
6.32322464E+01   
5.82290458E+01   
6.14038808E+01   
5.88152631E+01   
6.39972995E+01   
6.34086817E+01   
7.36082216E+01   
6.96272254E+01   
6.34102821E+01   
6.94161832E+01   
7.08128626E+01   
7.20123025E+01   
5.90134027E+01   
6.04191838E+01   
7.44019804E+01   
5.42285457E+01   
7.52179436E+01   
7.58257652E+01   
7.35714143E+01   
6.06520304E+01   
7.20341068E+01   
7.69789958E+01   
7.33796759E+01   
6.18775755E+01   
7.69653931E+01   
6.45740148E+01   
5.96575315E+01   
6.20132026E+01   
5.67390478E+01   
5.76016203E+01   
7.95291058E+01   
7.23909782E+01   
6.88052611E+01   
6.78044609E+01   
6.82219444E+01   
7.55941188E+01   
6.89626925E+01   
6.04827966E+01   
7.35917183E+01   
6.03789758E+01   
6.00689138E+01   
6.38609722E+01   
6.52271454E+01   
6.82279456E+01   
6.90973195E+01   
6.07307461E+01   
4.91490298E+01   
5.67275455E+01   
7.32323465E+01   
7.74354871E+01   
6.88745749E+01   
7.00140028E+01   
6.35813163E+01   
7.55797159E+01   
6.61438288E+01   
6.04458892E+01   
5.89730946E+01   
6.50501100E+01   
6.51990398E+01   
7.41390278E+01   
7.33553711E+01   
7.04731946E+01   
5.55693139E+01   
6.05411082E+01   
6.95733147E+01   
7.62363473E+01   
6.06835367E+01   
6.54574915E+01   
6.20183037E+01   
7.36783357E+01   
6.64618924E+01   
7.45522104E+01   
6.20303061E+01   
7.23405681E+01   
6.95896179E+01   
7.57609522E+01   
5.82383477E+01   
7.00128026E+01   
6.97860572E+01   
6.24666933E+01   
6.36958392E+01   
6.26982396E+01   
7.19289858E+01   
7.10435087E+01   
6.54702941E+01   
6.49309862E+01   
7.19341868E+01   
7.87856571E+01   
7.04003801E+01   
6.80177035E+01   
7.87763553E+01   
5.55485097E+01   
6.73350670E+01   
7.41793359E+01   
7.69192839E+01   
6.92475495E+01   
6.61428286E+01   
6.58233647E+01   
6.72600520E+01   
4.93016603E+01   
7.73663733E+01   
6.74842969E+01   
6.73766753E+01   
8.07027405E+01   
6.67744549E+01   
6.77238448E+01   
6.91539308E+01   
8.00626125E+01   
7.38656731E+01   
5.39673935E+01   
6.55751150E+01   
6.44094819E+01   
7.04946989E+01   
7.25703141E+01   
6.75942188E+01   
7.52228446E+01   
5.40104021E+01   
6.44032807E+01   
8.18312663E+01   
6.66870374E+01   
6.38764753E+01   
6.66934387E+01   
5.90144029E+01   
6.65249050E+01   
5.67684537E+01   
6.82409482E+01   
7.45233047E+01   
6.57388478E+01   
7.55497099E+01   
6.95075015E+01   
7.17566513E+01   
6.95275055E+01   
6.20128026E+01   
6.95103021E+01   
7.30136027E+01   
7.02613523E+01   
6.70158032E+01   
6.25175035E+01   
7.80150030E+01   
8.07514503E+01   
6.25143029E+01   
6.40276055E+01   
6.69963993E+01   
6.95395079E+01   
6.82565513E+01   
7.20290058E+01   
6.82229446E+01   
6.60642128E+01   
7.44692939E+01   
6.85025005E+01   
6.52897580E+01   
7.79901980E+01   
6.65505101E+01   
8.04742949E+01   
6.22409482E+01   
5.98140628E+01   
7.72719544E+01   
7.17894579E+01   
7.96518304E+01   
6.15653131E+01   
6.88296659E+01   
7.61561312E+01   
6.50940188E+01   
6.90574115E+01   
6.84490898E+01   
7.10136027E+01   
5.74418884E+01   
6.37488498E+01   
6.19520904E+01   
6.21747349E+01   
6.68046609E+01   
6.84314863E+01   
7.61049210E+01   
6.08616723E+01   
6.33975795E+01   
7.53425685E+01   
7.62934587E+01   
6.73429686E+01   
6.68804761E+01   
7.40160032E+01   
7.44808962E+01   
7.91588318E+01   
7.96513303E+01   
6.03541708E+01   
6.73581716E+01   
6.55884177E+01   
6.06305261E+01   
7.10132026E+01   
6.28471694E+01   
5.19080816E+01   
7.16421284E+01   
7.23834767E+01   
7.51916383E+01   
6.86522304E+01   
6.51945389E+01   
7.28334667E+01   
7.31921384E+01   
6.19153831E+01   
5.91102220E+01   
6.90395079E+01   
8.12927586E+01   
8.03618724E+01   
6.98442689E+01   
7.81861372E+01   
7.74608922E+01   
8.04021804E+01   
6.85691138E+01   
6.55667133E+01   
6.17320464E+01   
6.00811162E+01   
7.51761352E+01   
7.71334267E+01   
7.11741348E+01   
6.91370274E+01   
6.47982597E+01   
7.06698340E+01   
7.15035007E+01   
5.68319664E+01   
7.39709942E+01   
8.19032807E+01   
7.34615923E+01   
5.57014403E+01   
7.04654931E+01   
6.28563713E+01   
5.70089018E+01   
6.67311462E+01   
6.45843169E+01   
6.87268454E+01   
7.67260452E+01   
5.77353471E+01   
6.22894579E+01   
6.40281056E+01   
6.91316263E+01   
6.67437487E+01   
6.74593919E+01   
6.85409082E+01   
6.19103821E+01   
7.55955191E+01   
7.64693939E+01   
8.07264453E+01   
7.21016203E+01   
4.95534107E+01   
7.28882777E+01   
7.45255051E+01   
7.82582517E+01   
7.40148030E+01   
7.83087618E+01   
6.68377676E+01   
6.40660132E+01   
5.82563513E+01   
6.10584117E+01   
6.10817163E+01   
5.60128026E+01   
6.61998400E+01   
6.93115623E+01   
6.87172434E+01   
8.11001200E+01   
6.68401680E+01   
7.64929986E+01   
7.65218044E+01   
6.26191238E+01   
7.10120024E+01   
7.71117223E+01   
6.07180436E+01   
8.09298860E+01   
8.22106421E+01   
8.06215243E+01   
7.13900780E+01   
7.22246449E+01   
7.93183637E+01   
7.95334067E+01   
7.65859172E+01   
6.44056811E+01   
7.60993199E+01   
6.67072414E+01   
5.60120024E+01   
5.91537307E+01   
7.89974995E+01   
7.87253451E+01   
6.95502100E+01   
8.50164033E+01   
7.50164033E+01   
6.39327866E+01   
7.40124025E+01   
6.54665933E+01   
6.03199640E+01   
5.92506501E+01   
5.85295059E+01   
6.39414883E+01   
6.14331866E+01   
6.98338668E+01   
7.57000400E+01   
7.93846769E+01   
6.78895779E+01   
6.56289258E+01   
4.90839168E+01   
7.40362072E+01   
7.87319464E+01   
6.45293059E+01   
5.99172835E+01   
5.17959592E+01   
7.26980396E+01   
7.75954191E+01   
7.34814963E+01   
6.09638928E+01   
6.73784757E+01   
6.14229846E+01   
6.43291658E+01   
6.48800760E+01   
7.17806561E+01   
6.21663333E+01   
7.66972394E+01   
7.64149830E+01   
6.94486897E+01   
6.22597520E+01   
5.90850170E+01   
7.28755751E+01   
6.83391678E+01   
8.31123225E+01   
6.70136027E+01   
7.46900380E+01   
7.00694139E+01   
6.59031806E+01   
7.76908382E+01   
6.63893779E+01   
6.13387678E+01   
6.39914983E+01   
8.27093419E+01   
6.46864373E+01   
6.93584717E+01   
6.26498300E+01   
7.36860372E+01   
5.49986997E+01   
7.40148030E+01   
7.69647930E+01   
6.97691538E+01   
6.56606321E+01   
6.76646329E+01   
6.69916983E+01   
6.80379076E+01   
7.33516703E+01   
8.06738348E+01   
6.66981396E+01   
6.06717343E+01   
6.60133027E+01   
5.86787357E+01   
8.20162032E+01   
6.03429686E+01   
5.90042008E+01   
6.56917383E+01   
6.56914383E+01   
7.16638328E+01   
7.33309662E+01   
6.03372675E+01   
6.14276855E+01   
5.99171834E+01   
6.63888778E+01   
6.60283057E+01   
6.66756351E+01   
6.69964993E+01   
6.74458892E+01   
8.82795559E+01   
7.06955391E+01   
8.00602120E+01   
6.65358072E+01   
6.57923585E+01   
6.65963193E+01   
6.30391078E+01   
6.34408882E+01   
7.55855171E+01   
6.63874775E+01   
7.93268654E+01   
6.93583717E+01   
7.77039408E+01   
6.70152030E+01   
7.39784957E+01   
7.02462492E+01   
6.88208642E+01   
6.95475095E+01   
7.52187437E+01   
7.85842168E+01   
7.39704941E+01   
7.69680936E+01   
6.31046209E+01   
7.29193839E+01   
6.51094219E+01   
7.24641928E+01   
8.22653531E+01   
6.76121224E+01   
6.59065813E+01   
6.87143429E+01   
6.73080616E+01   
6.87730546E+01   
8.33630726E+01   
8.47823565E+01   
7.26620324E+01   
6.77231446E+01   
6.74091818E+01   
6.09775955E+01   
8.43060612E+01   
7.77267453E+01   
7.35246049E+01   
7.07263453E+01   
6.07982597E+01   
7.23731746E+01   
7.12293459E+01   
7.59408882E+01   
7.13140628E+01   
6.67894579E+01   
6.57331466E+01   
6.75773155E+01   
6.28541708E+01   
5.89304861E+01   
6.66181236E+01   
7.06532306E+01   
7.29912983E+01   
7.61409282E+01   
7.09236847E+01   
5.85395079E+01   
7.53799760E+01   
7.02907582E+01   
5.73796759E+01   
8.20087017E+01   
7.35533107E+01   
6.67580516E+01   
7.63602721E+01   
6.85738148E+01   
6.93811762E+01   
7.14822965E+01   
7.08137628E+01   
7.23819764E+01   
7.03265653E+01   
8.32295459E+01   
7.64384877E+01   
7.84337868E+01   
7.08630726E+01   
7.77973595E+01   
7.61629326E+01   
7.23497700E+01   
8.17587518E+01   
7.13014603E+01   
6.58730746E+01   
6.26428286E+01   
8.08964793E+01   
7.82672535E+01   
6.73635727E+01   
9.30278056E+01   
7.08982797E+01   
6.88840768E+01   
6.30158032E+01   
7.22674535E+01   
7.42566513E+01   
5.82596519E+01   
6.77793559E+01   
8.17525505E+01   
7.01253251E+01   
7.03266653E+01   
6.66146229E+01   
7.10164033E+01   
7.20164033E+01   
7.43593719E+01   
7.40136027E+01   
8.00996199E+01   
8.27852571E+01   
6.95371074E+01   
6.49613923E+01   
6.33026605E+01   
6.92193439E+01   
7.67209442E+01   
7.43142629E+01   
8.30311062E+01   
7.78521704E+01   
6.87101420E+01   
7.29378876E+01   
7.74825965E+01   
8.95494099E+01   
6.92440488E+01   
7.61062212E+01   
8.20845169E+01   
7.70164033E+01   
7.25282056E+01   
6.65647129E+01   
7.28492699E+01   
6.17907582E+01   
7.19598920E+01   
7.50160032E+01   
7.50160032E+01   
7.65026005E+01   
7.09201840E+01   
8.27134427E+01   
7.52772555E+01   
7.84905981E+01   
7.44071814E+01   
7.60874175E+01   
6.61566313E+01   
8.46208242E+01   
7.09537908E+01   
8.20461092E+01   
7.88055611E+01   
8.04360872E+01   
7.16196239E+01   
6.83906781E+01   
8.06389278E+01   
7.86180236E+01   
6.96313263E+01   
7.20120024E+01   
5.93998800E+01   
8.20144029E+01   
7.31985397E+01   
8.70278056E+01   
7.68189638E+01   
6.98124625E+01   
7.12123425E+01   
7.76194239E+01   
8.00160032E+01   
6.96144229E+01   
8.62017403E+01   
6.98175635E+01   
8.46247249E+01   
6.67897580E+01   
6.96621324E+01   
8.21897379E+01   
7.30148030E+01   
7.16100220E+01   
7.66092218E+01   
7.43916783E+01   
6.42004401E+01   
8.18562713E+01   
7.07940588E+01   
7.18275655E+01   
7.48670734E+01   
8.00168034E+01   
7.76503301E+01   
7.73832767E+01   
7.76076215E+01   
6.61493299E+01   
5.90136027E+01   
6.98862773E+01   
8.80164033E+01   
7.53157632E+01   
6.10707141E+01   
7.27788558E+01   
6.84878976E+01   
7.31904381E+01   
8.59492899E+01   
6.48403681E+01   
8.38419684E+01   
7.54291858E+01   
8.26743349E+01   
8.47890578E+01   
6.87510502E+01   
7.17664533E+01   
6.80951190E+01   
7.77662533E+01   
6.98469694E+01   
7.79378876E+01   
7.45097019E+01   
7.77806561E+01   
8.27370474E+01   
7.61087217E+01   
7.68189638E+01   
6.97906581E+01   
7.64347870E+01   
7.68018604E+01   
7.61218244E+01   
7.31207241E+01   
7.35928186E+01   
6.23934787E+01   
8.25948190E+01   
7.96317263E+01   
7.07432486E+01   
6.45567113E+01   
6.60445089E+01   
7.01363273E+01   
7.92662533E+01   
7.76137227E+01   
7.38852771E+01   
6.67340468E+01   
6.55977195E+01   
6.59893979E+01   
7.12971594E+01   
7.23036607E+01   
8.71546309E+01   
8.65870174E+01   
7.05836167E+01   
7.40266053E+01   
7.61382276E+01   
7.37458492E+01   
7.91699340E+01   
7.63942789E+01   
6.44626925E+01   
8.24929986E+01   
8.31544309E+01   
8.09888978E+01   
8.14487898E+01   
6.82816563E+01   
7.98444689E+01   
7.53562713E+01   
7.24945989E+01   
6.50104021E+01   
7.90289058E+01   
8.13517704E+01   
7.90144029E+01   
7.78190638E+01   
7.81494299E+01   
6.33874775E+01   
7.90815163E+01   
8.43193639E+01   
6.82071414E+01   
6.79408882E+01   
6.95291058E+01   
8.05756151E+01   
8.36940388E+01   
7.02508502E+01   
6.36595319E+01   
6.72741548E+01   
8.04073815E+01   
7.38237648E+01   
7.39966993E+01   
8.14470894E+01   
7.51397279E+01   
8.56787357E+01   
6.72401480E+01   
7.51286257E+01   
8.59020804E+01   
8.94611922E+01   
8.03539708E+01   
7.92316463E+01   
5.45266053E+01   
6.37158432E+01   
7.79091818E+01   
6.63268654E+01   
6.92543509E+01   
8.00144029E+01   
7.17095419E+01   
7.13655731E+01   
7.32180436E+01   
8.28179636E+01   
8.87640528E+01   
6.85041008E+01   
6.64635927E+01   
7.24643929E+01   
7.60843169E+01   
5.99412883E+01   
7.07319464E+01   
6.88400680E+01   
6.45584117E+01   
6.33734747E+01   
8.23819764E+01   
8.14668934E+01   
8.57483497E+01   
7.96651330E+01   
7.76309262E+01   
7.81259252E+01   
8.36177235E+01   
7.10976195E+01   
7.43398680E+01   
7.98519704E+01   
7.43853771E+01   
7.98178636E+01   
7.46649330E+01   
6.72319464E+01   
7.29355871E+01   
7.42508502E+01   
7.91639328E+01   
7.04008802E+01   
7.67087417E+01   
7.82416483E+01   
8.67159432E+01   
7.99431886E+01   
8.60904181E+01   
8.60888178E+01   
7.50160032E+01   
7.29032807E+01   
7.30591118E+01   
6.37576515E+01   
8.03439688E+01   
7.38184637E+01   
7.77467493E+01   
7.90812162E+01   
8.30935187E+01   
7.75321064E+01   
7.58239648E+01   
9.08287658E+01   
8.50800160E+01   
8.81831366E+01   
7.56821364E+01   
7.85428086E+01   
7.80747149E+01   
7.73068614E+01   
8.13159632E+01   
8.67136427E+01   
7.94871974E+01   
7.04335867E+01   
8.58112623E+01   
8.13271654E+01   
7.71188238E+01   
7.98595719E+01   
7.67635527E+01   
9.21684337E+01   
9.21999400E+01   
8.58824765E+01   
7.64927986E+01   
7.65400080E+01   
8.01988398E+01   
7.62667534E+01   
1.05451590E+02   
8.26268254E+01   
7.27076415E+01   
7.56803361E+01   
7.28664733E+01   
7.02927586E+01   
8.13799760E+01   
8.27696539E+01   
7.59395879E+01   
6.82740548E+01   
7.92767554E+01   
8.57096419E+01   
8.28739748E+01   
8.90484097E+01   
7.78171634E+01   
7.11148230E+01   
7.74695939E+01   
8.32304461E+01   
6.44083817E+01   
8.09571914E+01   
7.81284257E+01   
8.98499700E+01   
8.20708142E+01   
8.45292058E+01   
7.81152230E+01   
7.65248050E+01   
6.48963793E+01   
7.94827966E+01   
9.05284057E+01   
8.79963993E+01   
8.55080016E+01   
8.45856171E+01   
7.85432086E+01   
7.64703941E+01   
8.79995999E+01   
7.95252050E+01   
8.39559912E+01   
8.75560112E+01   
8.69907982E+01   
7.85516103E+01   
8.20896179E+01   
7.19679936E+01   
8.65108022E+01   
8.05404081E+01   
7.95100020E+01   
9.24787958E+01   
8.10328066E+01   
7.74879976E+01   
8.75624125E+01   
8.40288058E+01   
7.94819964E+01   
7.45324065E+01   
8.85060012E+01   
8.20156031E+01   
8.15184037E+01   
7.25176035E+01   
7.45136027E+01   
7.70248050E+01   
7.19951990E+01   
6.20112022E+01   
8.00272054E+01   
9.05360072E+01   
8.45320064E+01   
9.35232046E+01   
8.79987998E+01   
8.14419884E+01   
6.65588118E+01   
7.74907982E+01   
7.25908182E+01   
7.09515903E+01   
8.10620124E+01   
7.64339868E+01   
7.16140228E+01   
8.00180036E+01   
7.64495899E+01   
6.99983997E+01   
8.10472094E+01   
8.15416083E+01   
8.39611922E+01   
7.75812162E+01   
7.94067814E+01   
6.55852170E+01   
9.50584117E+01   
8.49719944E+01   
8.35268054E+01   
7.75036007E+01   
6.84531906E+01   
7.36540308E+01   
8.75044009E+01   
8.80444089E+01   
8.30460092E+01   
7.85044009E+01   
8.84147830E+01   
7.16220244E+01   
7.04403881E+01   
7.89203841E+01   
7.46616323E+01   
8.45008002E+01   
8.03967794E+01   
7.85320064E+01   
8.46768354E+01   
9.21288258E+01   
9.38703741E+01   
9.47487497E+01   
7.66100220E+01   
6.09739948E+01   
7.50132026E+01   
9.47836567E+01   
8.64971994E+01   
9.05828166E+01   
9.09751950E+01   
7.67648530E+01   
8.15211042E+01   
7.85836167E+01   
6.93027606E+01   
7.11556311E+01   
8.17824565E+01   
8.64935987E+01   
7.71188238E+01   
9.46476295E+01   
8.41315263E+01   
8.60701140E+01   
9.14878976E+01   
8.53968794E+01   
8.81627325E+01   
6.95444089E+01   
7.99599920E+01   
7.66024205E+01   
8.76632326E+01   
8.49566913E+01   
8.40817163E+01   
8.21847369E+01   
8.01996399E+01   
7.57051410E+01   
7.67344469E+01   
9.10800160E+01   
8.64195839E+01   
7.49499900E+01   
8.01476295E+01   
8.76844369E+01   
7.32123425E+01   
8.62212442E+01   
8.44823965E+01   
7.34111822E+01   
7.95512102E+01   
7.63359672E+01   
7.59411882E+01   
7.87708542E+01   
8.33136627E+01   
9.15568114E+01   
8.17915583E+01   
8.44787958E+01   
8.70944189E+01   
9.62431486E+01   
7.20940188E+01   
8.54156831E+01   
8.95600120E+01   
7.29894979E+01   
8.31796359E+01   
7.70996199E+01   
8.09331866E+01   
7.03043609E+01   
8.11856371E+01   
7.62135427E+01   
7.77312462E+01   
7.33831766E+01   
8.16357271E+01   
9.33851770E+01   
8.23827766E+01   
8.72891578E+01   
9.03832767E+01   
9.01007201E+01   
9.23892779E+01   
7.88291658E+01   
8.45640128E+01   
7.05367073E+01   
7.16580316E+01   
6.91116223E+01   
8.04655931E+01   
1.02609722E+02   
8.90691138E+01   
8.27676535E+01   
8.76700340E+01   
8.28139628E+01   
9.05688138E+01   
8.21535307E+01   
8.28051610E+01   
7.66469294E+01   
8.65923185E+01   
8.66581316E+01   
9.32495499E+01   
8.50279056E+01   
8.18976795E+01   
7.20199040E+01   
8.05688138E+01   
8.57977596E+01   
9.56807361E+01   
8.29031806E+01   
9.38020604E+01   
9.64788958E+01   
8.69990998E+01   
8.08096619E+01   
8.65784157E+01   
9.65792158E+01   
1.02497299E+02   
8.81433287E+01   
7.98164633E+01   
5.98474695E+01   
8.61853371E+01   
8.67699540E+01   
8.53209642E+01   
9.20200040E+01   
9.31406281E+01   
7.86465293E+01   
9.09458892E+01   
7.77068414E+01   
7.59853971E+01   
6.93058612E+01   
8.34523905E+01   
7.74922985E+01   
7.62401480E+01   
9.58153631E+01   
8.99864973E+01   
7.25812162E+01   
7.38524705E+01   
8.90403081E+01   
8.09713943E+01   
8.70375075E+01   
7.00164033E+01   
7.47252450E+01   
7.65876175E+01   
8.15884177E+01   
9.00141028E+01   
8.78802761E+01   
7.83027606E+01   
8.12962593E+01   
7.97365473E+01   
8.47445489E+01   
8.01293259E+01   
7.11906381E+01   
7.55751150E+01   
9.09958992E+01   
9.74080816E+01   
1.02398580E+02   
8.35378076E+01   
8.28956791E+01   
8.56289258E+01   
7.88294659E+01   
8.46349270E+01   
7.67785557E+01   
8.12161432E+01   
1.03596019E+02   
9.87544509E+01   
9.84399880E+01   
8.18595719E+01   
1.02078116E+02   
1.10181636E+02   
9.06326265E+01   
7.66923385E+01   
7.37810562E+01   
7.78321664E+01   
7.05984197E+01   
7.31882376E+01   
9.34263853E+01   
9.47656531E+01   
7.65173035E+01   
9.10286057E+01   
9.58507702E+01   
9.17752551E+01   
9.00208042E+01   
9.74347870E+01   
9.76068214E+01   
9.15658132E+01   
1.00126925E+02   
7.56687337E+01   
8.63696739E+01   
8.29581916E+01   
8.87249450E+01   
8.66607321E+01   
8.56575315E+01   
7.56543309E+01   
7.96403281E+01   
9.42934587E+01   
7.88343669E+01   
7.68327666E+01   
8.99752951E+01   
9.19792959E+01   
8.65761152E+01   
1.01835167E+02   
8.90527105E+01   
9.30487097E+01   
7.76670334E+01   
8.91251250E+01   
8.22821564E+01   
7.78016603E+01   
8.74000800E+01   
8.37710542E+01   
9.08609722E+01   
9.06569314E+01   
8.11838368E+01   
8.20271054E+01   
9.73930786E+01   
8.96314263E+01   
8.32195439E+01   
8.72171434E+01   
9.18149630E+01   
8.26142228E+01   
8.56193239E+01   
8.08204641E+01   
9.42212442E+01   
8.23965793E+01   
7.96410282E+01   
9.92244449E+01   
7.75745149E+01   
1.02257451E+02   
8.52067413E+01   
8.44131826E+01   
8.52027405E+01   
9.28577716E+01   
8.51742348E+01   
7.47738548E+01   
8.36838368E+01   
9.02312462E+01   
1.04196739E+02   
7.58400680E+01   
7.81141228E+01   
8.72721544E+01   
8.63218644E+01   
9.91470294E+01   
1.00065713E+02   
9.98496699E+01   
9.43582717E+01   
8.91859372E+01   
9.14059812E+01   
8.74051810E+01   
8.52404481E+01   
9.84668934E+01   
8.60188038E+01   
9.31130226E+01   
9.99016803E+01   
9.44276855E+01   
8.67895579E+01   
8.00917183E+01   
7.45608122E+01   
8.69377876E+01   
8.28640728E+01   
8.94828966E+01   
9.07851570E+01   
7.97596519E+01   
9.26878376E+01   
8.53704741E+01   
1.03438288E+02   
9.78337668E+01   
9.27795559E+01   
7.98760752E+01   
9.06782356E+01   
8.12198440E+01   
9.43987798E+01   
8.91253251E+01   
9.85617123E+01   
8.75045009E+01   
8.22834567E+01   
8.27525505E+01   
9.05109022E+01   
8.07833567E+01   
9.16318264E+01   
8.27749550E+01   
9.36400280E+01   
8.92660532E+01   
9.16470294E+01   
1.02767954E+02   
8.27549510E+01   
8.79102821E+01   
8.27473495E+01   
7.39945989E+01   
7.99206841E+01   
8.69020804E+01   
8.95333067E+01   
1.04278056E+02   
9.17981596E+01   
1.03762753E+02   
1.20022004E+02   
1.00975395E+02   
9.52812563E+01   
7.97033407E+01   
9.00718144E+01   
8.42242448E+01   
7.03835767E+01   
8.98811762E+01   
9.64870974E+01   
8.98498700E+01   
1.02286857E+02   
9.36705341E+01   
8.59204841E+01   
8.19309862E+01   
8.56451290E+01   
8.88361672E+01   
8.31939388E+01   
8.56599320E+01   
9.02061412E+01   
1.11381976E+02   
8.10816163E+01   
8.66799360E+01   
1.02018804E+02   
8.57395479E+01   
7.94578916E+01   
9.42972595E+01   
9.22988598E+01   
1.00125025E+02   
1.05477495E+02   
8.11051210E+01   
7.53703741E+01   
8.50120024E+01   
7.45857171E+01   
8.87375475E+01   
1.05662833E+02   
9.79524905E+01   
1.11730746E+02   
1.06698040E+02   
1.06986797E+02   
9.50819164E+01   
8.84330866E+01   
7.67235447E+01   
9.48414683E+01   
9.71342268E+01   
8.66097219E+01   
8.64254851E+01   
8.55594119E+01   
9.14757952E+01   
9.69664933E+01   
9.04186837E+01   
1.03017203E+02   
8.85730146E+01   
9.50200040E+01   
1.04626525E+02   
1.02717544E+02   
9.61489298E+01   
1.01934187E+02   
9.81405281E+01   
8.92450490E+01   
9.60571114E+01   
8.37091418E+01   
9.09816963E+01   
9.00184037E+01   
9.50515103E+01   
9.65775155E+01   
1.07082617E+02   
9.69302861E+01   
9.15633127E+01   
7.79593919E+01   
1.00964193E+02   
6.87756551E+01   
1.03437788E+02   
9.94786957E+01   
9.71044209E+01   
8.62954591E+01   
9.83205641E+01   
8.50204041E+01   
9.86816363E+01   
9.33893779E+01   
9.07495499E+01   
7.15986197E+01   
1.09682837E+02   
1.06030706E+02   
9.20101020E+01   
8.93800760E+01   
9.83251650E+01   
9.30263053E+01   
8.06891378E+01   
8.70188038E+01   
8.60207041E+01   
9.50155031E+01   
9.23523705E+01   
8.60211042E+01   
1.02349070E+02   
1.02349970E+02   
9.93491698E+01   
1.06712042E+02   
9.83454691E+01   
8.69851970E+01   
8.60362072E+01   
1.07074915E+02   
9.29618924E+01   
1.06689638E+02   
1.16347169E+02   
9.16743349E+01   
8.33970794E+01   
8.59467894E+01   
8.23624725E+01   
1.00753151E+02   
9.73246649E+01   
8.87402480E+01   
1.16322665E+02   
8.59946989E+01   
8.19653931E+01   
8.29886977E+01   
9.11621324E+01   
1.07344769E+02   
8.63122625E+01   
1.02795959E+02   
9.45311062E+01   
8.93748750E+01   
9.63399680E+01   
1.02169234E+02   
9.07897580E+01   
8.40160032E+01   
8.67377475E+01   
1.04655931E+02   
1.03829166E+02   
9.48371674E+01   
1.00430186E+02   
1.02795059E+02   
1.15117824E+02   
1.09991998E+02   
7.98507702E+01   
9.04385877E+01   
7.66515303E+01   
9.98134627E+01   
8.79471894E+01   
8.94688938E+01   
1.04790758E+02   
1.00255651E+02   
1.05396879E+02   
9.70282056E+01   
1.06956891E+02   
1.09334767E+02   
9.66958392E+01   
1.15415483E+02   
9.32666533E+01   
1.04194539E+02   
9.64988998E+01   
1.00443889E+02   
9.01148230E+01   
9.75491098E+01   
1.08714043E+02   
1.18406881E+02   
1.11946289E+02   
9.40155031E+01   
7.84036807E+01   
9.10180036E+01   
9.37120424E+01   
1.07962793E+02   
1.08937888E+02   
9.68497700E+01   
9.77144429E+01   
9.49310862E+01   
9.21966393E+01   
9.42330466E+01   
9.05326065E+01   
9.40168034E+01   
9.40913183E+01   
8.64344869E+01   
1.02609522E+02   
1.00127325E+02   
1.09920284E+02   
7.89178836E+01   
9.30212042E+01   
9.34140828E+01   
8.94324865E+01   
1.11425685E+02   
9.67905581E+01   
8.14216843E+01   
9.11261252E+01   
8.71285257E+01   
9.70200040E+01   
9.18361672E+01   
1.10090518E+02   
9.94284857E+01   
9.23143629E+01   
1.05607922E+02   
9.20761152E+01   
9.75478096E+01   
1.04568114E+02   
1.03052611E+02   
9.83091618E+01   
1.12345069E+02   
9.80228046E+01   
9.13901780E+01   
9.77613523E+01   
8.82397479E+01   
1.00729646E+02   
1.08730446E+02   
9.31770354E+01   
1.09596319E+02   
9.04412883E+01   
9.90345069E+01   
9.71275255E+01   
9.90329066E+01   
1.04306761E+02   
7.94558912E+01   
1.02011402E+02   
9.15904181E+01   
8.53019604E+01   
1.03738348E+02   
1.12176035E+02   
1.12295259E+02   
8.57066413E+01   
9.40510102E+01   
9.98690738E+01   
1.00254951E+02   
9.57842569E+01   
1.03174935E+02   
1.02896179E+02   
9.56722344E+01   
9.25779156E+01   
9.58965793E+01   
8.35340068E+01   
9.36645329E+01   
8.90855171E+01   
1.12396179E+02   
1.07352270E+02   
1.12855071E+02   
1.04021204E+02   
1.08914183E+02   
1.10299160E+02   
9.71262252E+01   
1.04194139E+02   
1.13746849E+02   
1.06044709E+02   
1.08097520E+02   
1.04842669E+02   
1.02019604E+02   
1.04839068E+02   
1.00382176E+02   
8.22034407E+01   
1.11934187E+02   
1.17838268E+02   
9.34627926E+01   
9.48527706E+01   
9.58330666E+01   
8.56898380E+01   
1.02847570E+02   
9.97941588E+01   
8.17829566E+01   
1.03989498E+02   
9.68964793E+01   
1.02820664E+02   
1.04612422E+02   
8.76209242E+01   
9.60180036E+01   
9.44860972E+01   
9.16288258E+01   
1.06878476E+02   
9.56958392E+01   
9.30790158E+01   
8.73397680E+01   
1.07537608E+02   
1.03972094E+02   
9.84932987E+01   
9.28713743E+01   
1.00739548E+02   
8.80939188E+01   
1.10806661E+02   
1.06108022E+02   
1.01935987E+02   
1.07101620E+02   
1.03018804E+02   
9.26498300E+01   
1.01352771E+02   
1.17370074E+02   
9.94127826E+01   
1.14535907E+02   
1.00505701E+02   
1.20372274E+02   
1.02232847E+02   
1.15665633E+02   
8.96013203E+01   
1.14680436E+02   
1.11770054E+02   
1.01823065E+02   
1.03528706E+02   
9.45413083E+01   
1.07714043E+02   
1.11562913E+02   
9.55047009E+01   
1.08273155E+02   
1.16763053E+02   
9.20366073E+01   
9.42657532E+01   
1.06019204E+02   
9.65191038E+01   
1.05271554E+02   
9.95229046E+01   
9.52607522E+01   
1.15541508E+02   
1.13280156E+02   
9.45007001E+01   
1.04044009E+02   
1.13284157E+02   
1.12286557E+02   
1.08470094E+02   
1.11039008E+02   
1.12209742E+02   
1.28877876E+02   
1.18980796E+02   
1.00462292E+02   
9.44800960E+01   
1.20451390E+02   
1.01697439E+02   
1.14022805E+02   
8.68617724E+01   
1.02183837E+02   
1.16263953E+02   
1.14781656E+02   
1.17263153E+02   
9.91819364E+01   
1.12862873E+02   
1.16805361E+02   
1.08433187E+02   
1.14921884E+02   
1.03308662E+02   
1.06692739E+02   
1.17549710E+02   
1.26183837E+02   
9.43563713E+01   
1.07713943E+02   
9.84360872E+01   
9.64906981E+01   
1.21733147E+02   
1.12899980E+02   
1.28448590E+02   
1.13361872E+02   
1.29224645E+02   
1.29958192E+02   
1.03722645E+02   
1.04111922E+02   
1.11168434E+02   
1.22948590E+02   
1.05945389E+02   
1.14947690E+02   
8.51634327E+01   
1.16885377E+02   
1.09399280E+02   
1.20420784E+02   
1.08678336E+02   
8.72978596E+01   
1.18188038E+02   
1.05206441E+02   
1.02567313E+02   
1.17795259E+02   
1.04344169E+02   
1.00053111E+02   
1.17993299E+02   
1.14247950E+02   
1.02593219E+02   
1.04691838E+02   
1.04901080E+02   
1.10797660E+02   
1.10352971E+02   
1.05134127E+02   
1.22025405E+02   
1.10135327E+02   
1.06563913E+02   
1.13045809E+02   
1.19467093E+02   
9.31840368E+01   
1.00184437E+02   
1.15118924E+02   
9.54273855E+01   
1.23121524E+02   
1.22553211E+02   
1.29459892E+02   
1.15806861E+02   
1.12590918E+02   
1.08972294E+02   
1.16965093E+02   
9.36646329E+01   
1.06941088E+02   
1.06515603E+02   
1.13092519E+02   
1.16597319E+02   
1.04802060E+02   
9.63653731E+01   
1.14399780E+02   
1.08872575E+02   
1.09597720E+02   
1.19022404E+02   
1.15755551E+02   
1.04818164E+02   
1.19390078E+02   
1.12435187E+02   
1.16827165E+02   
1.03999700E+02   
1.13469794E+02   
1.09567013E+02   
1.15354871E+02   
1.08851770E+02   
1.12534307E+02   
1.26991098E+02   
1.03328266E+02   
1.20137227E+02   
1.15670334E+02   
1.27612523E+02   
1.19252050E+02   
1.03429886E+02   
1.07632226E+02   
1.11780256E+02   
1.11242448E+02   
1.01399280E+02   
1.39584617E+02   
1.24868074E+02   
1.09225145E+02   
1.21028906E+02   
1.12612322E+02   
1.24627025E+02   
1.15824565E+02   
1.30424585E+02   
1.06219244E+02   
1.04829566E+02   
1.17826065E+02   
1.24389778E+02   
1.22881976E+02   
1.06576915E+02   
1.12037508E+02   
1.36041508E+02   
9.59642929E+01   
9.92816563E+01   
1.10756751E+02   
1.18124425E+02   
1.17638528E+02   
1.30385577E+02   
1.01121824E+02   
1.16439388E+02   
1.15092619E+02   
1.29292959E+02   
1.28138928E+02   
1.17789358E+02   
1.23448190E+02   
1.13832066E+02   
1.29690838E+02   
1.25355571E+02   
1.15454591E+02   
1.21861472E+02   
1.12564813E+02   
1.05588618E+02   
1.16082717E+02   
1.05399480E+02   
1.11210742E+02   
1.21330366E+02   
1.06138428E+02   
1.19555511E+02   
1.16882977E+02   
1.07689838E+02   
1.14433687E+02   
1.22606321E+02   
1.18364573E+02   
1.18105921E+02   
1.05589518E+02   
1.25644429E+02   
1.06754551E+02   
1.36295859E+02   
1.13388278E+02   
1.12567814E+02   
1.13384677E+02   
1.21842068E+02   
1.20683637E+02   
1.06259652E+02   
1.23438088E+02   
1.17246049E+02   
1.07486597E+02   
1.25844869E+02   
1.10443489E+02   
1.18540108E+02   
1.18439488E+02   
1.11020104E+02   
1.27089418E+02   
1.10537508E+02   
1.14092318E+02   
1.06372675E+02   
1.17930386E+02   
1.26070814E+02   
1.24504201E+02   
1.30679736E+02   
1.22199540E+02   
1.19577415E+02   
1.42959592E+02   
1.29086017E+02   
1.29851670E+02   
1.11389078E+02   
1.19998000E+02   
1.22172735E+02   
1.16533007E+02   
1.23655331E+02   
1.31378676E+02   
1.46510602E+02   
1.25868874E+02   
1.28697339E+02   
1.30187137E+02   
1.23030006E+02   
1.27691338E+02   
1.16359872E+02   
1.11859672E+02   
1.40860472E+02   
1.08343869E+02   
1.31050810E+02   
1.35503001E+02   
1.18860472E+02   
1.23003201E+02   
1.31906481E+02   
1.10760852E+02   
1.21427085E+02   
1.21570614E+02   
1.25478196E+02   
1.00667333E+02   
1.23862472E+02   
1.03982797E+02   
1.38234847E+02   
1.24578916E+02   
1.16772454E+02   
1.12388678E+02   
1.18391878E+02   
1.31237548E+02   
1.18441388E+02   
1.29926485E+02   
1.20964393E+02   
1.29464693E+02   
1.25272254E+02   
1.25490198E+02   
1.31702641E+02   
1.35955591E+02   
1.31796859E+02   
1.11099920E+02   
1.23941188E+02   
1.25187237E+02   
1.34567814E+02   
1.32785657E+02   
1.20327065E+02   
1.42511902E+02   
1.21685237E+02   
1.13519504E+02   
1.12125825E+02   
1.49881076E+02   
1.23775255E+02   
1.20745849E+02   
1.26902681E+02   
1.45842569E+02   
1.09242148E+02   
1.27993299E+02   
1.49319464E+02   
1.16464193E+02   
1.26753651E+02   
1.17003301E+02   
1.35702741E+02   
1.33202140E+02   
1.24035507E+02   
1.33575615E+02   
1.39746849E+02   
1.17456591E+02   
1.37169634E+02   
1.24597720E+02   
1.31310662E+02   
1.32318364E+02   
1.21886877E+02   
1.37746949E+02   
1.16134127E+02   
1.19183637E+02   
1.29048910E+02   
1.37584917E+02   
1.09217544E+02   
1.31144429E+02   
1.31787357E+02   
1.20783057E+02   
1.28378876E+02   
1.18533207E+02   
1.27024805E+02   
1.23209242E+02   
1.35027205E+02   
1.23973095E+02   
1.21889678E+02   
1.41547209E+02   
1.40895279E+02   
1.22433087E+02   
1.44359872E+02   
1.35959492E+02   
1.12203441E+02   
1.37643329E+02   
1.29551310E+02   
1.31105721E+02   
1.18202941E+02   
1.17371174E+02   
1.18595619E+02   
1.37288258E+02   
1.17094419E+02   
1.14992198E+02   
1.40100320E+02   
1.31182537E+02   
1.22175335E+02   
1.32735747E+02   
1.24171734E+02   
1.34522304E+02   
1.25666233E+02   
1.25396379E+02   
1.37524505E+02   
1.27776955E+02   
1.53663033E+02   
1.33635227E+02   
1.31418584E+02   
1.30891478E+02   
1.19131326E+02   
1.13390178E+02   
1.45583517E+02   
1.42936287E+02   
1.37213843E+02   
1.31543509E+02   
1.41426385E+02   
1.20869474E+02   
1.21820064E+02   
1.53090118E+02   
1.45102921E+02   
1.41267453E+02   
1.45680936E+02   
1.22494499E+02   
1.22725545E+02   
1.30919384E+02   
1.52678636E+02   
1.30883577E+02   
1.44942989E+02   
1.44029606E+02   
1.31209342E+02   
1.38107421E+02   
1.24620124E+02   
1.39635627E+02   
1.22819864E+02   
1.47236147E+02   
1.35926585E+02   
1.35360572E+02   
1.27242949E+02   
1.35915183E+02   
1.29030406E+02   
1.50699440E+02   
1.32020904E+02   
1.19218444E+02   
1.31182837E+02   
1.38465293E+02   
1.36678736E+02   
1.29486797E+02   
1.51566013E+02   
1.28562012E+02   
1.61783257E+02   
1.49969594E+02   
1.30472995E+02   
1.18665633E+02   
1.31494699E+02   
1.46503601E+02   
1.32820564E+02   
1.38653531E+02   
1.47785357E+02   
1.48857371E+02   
1.47234647E+02   
1.55800560E+02   
1.29071614E+02   
1.34299360E+02   
1.49335367E+02   
1.45332967E+02   
1.28129926E+02   
1.42229046E+02   
1.48635127E+02   
1.37619924E+02   
1.22534007E+02   
1.40816163E+02   
1.25732647E+02   
1.35125125E+02   
1.54735847E+02   
1.38834967E+02   
1.32473995E+02   
1.45776255E+02   
1.40888078E+02   
1.31168734E+02   
1.33028406E+02   
1.32028406E+02   
1.52713543E+02   
1.53652531E+02   
1.41184737E+02   
1.35933687E+02   
1.44934487E+02   
1.48567614E+02   
1.47120724E+02   
1.36666633E+02   
1.40481696E+02   
1.39299360E+02   
1.42386877E+02   
1.43040908E+02   
1.52940888E+02   
1.32562713E+02   
1.63261652E+02   
1.44178936E+02   
1.48505701E+02   
1.39991498E+02   
1.39855371E+02   
1.37238048E+02   
1.26164833E+02   
1.28541108E+02   
1.51067914E+02   
1.49220844E+02   
1.63607622E+02   
1.22793459E+02   
1.44851370E+02   
1.71531906E+02   
1.32850570E+02   
1.60540308E+02   
1.26585617E+02   
1.20858572E+02   
1.66832266E+02   
1.33921084E+02   
1.31269754E+02   
1.34628026E+02   
1.45427185E+02   
1.63445289E+02   
1.45767353E+02   
1.47852070E+02   
1.56889878E+02   
1.26338468E+02   
1.31795459E+02   
1.42490998E+02   
1.48259752E+02   
1.14016503E+02   
1.44665133E+02   
1.37557411E+02   
1.44252951E+02   
1.28656031E+02   
1.42029606E+02   
1.43294459E+02   
1.34910982E+02   
1.45610522E+02   
1.54302460E+02   
1.41389178E+02   
1.41884577E+02   
1.55241748E+02   
1.31451490E+02   
1.51759152E+02   
1.40661232E+02   
1.44306461E+02   
1.71575415E+02   
1.44997199E+02   
1.50346469E+02   
1.63761952E+02   
1.39912883E+02   
1.43365573E+02   
1.53360872E+02   
1.64169934E+02   
1.62157732E+02   
1.53571814E+02   
1.41619224E+02   
1.78123625E+02   
1.59871274E+02   
1.63454791E+02   
1.40113323E+02   
1.40837467E+02   
1.50651730E+02   
1.55715843E+02   
1.66406881E+02   
1.65353371E+02   
1.54828866E+02   
1.56604221E+02   
1.52393879E+02   
1.41269254E+02   
1.61313863E+02   
1.48155931E+02   
1.28907782E+02   
1.18434187E+02   
1.43807061E+02   
1.51124325E+02   
1.43281556E+02   
1.40199340E+02   
1.43028006E+02   
1.62692539E+02   
1.35807562E+02   
1.51473695E+02   
1.56083517E+02   
1.34462893E+02   
1.53054811E+02   
1.43353471E+02   
1.36667333E+02   
1.51445389E+02   
1.52768054E+02   
1.75668234E+02   
1.41270654E+02   
1.76440388E+02   
1.58000700E+02   
1.59180536E+02   
1.42679036E+02   
1.41179736E+02   
1.68980896E+02   
1.64592018E+02   
1.55840768E+02   
1.17281256E+02   
1.61979996E+02   
1.57552210E+02   
1.51796059E+02   
1.61800060E+02   
1.66079516E+02   
1.40988898E+02   
1.69212843E+02   
1.59897880E+02   
1.57254751E+02   
1.44338568E+02   
1.71158232E+02   
1.81691538E+02   
1.51893779E+02   
1.68439288E+02   
1.48623925E+02   
1.68156131E+02   
1.65578216E+02   
1.63279056E+02   
1.68548710E+02   
1.53516103E+02   
1.57150930E+02   
1.46304961E+02   
1.86596219E+02   
1.57498900E+02   
1.49103821E+02   
1.53877175E+02   
1.62843269E+02   
1.67480196E+02   
1.52327265E+02   
1.53751750E+02   
1.60315463E+02   
1.55349570E+02   
1.48168834E+02   
1.55925485E+02   
1.38266953E+02   
1.66524205E+02   
1.56834167E+02   
1.72806261E+02   
1.39587217E+02   
1.76775955E+02   
1.70065913E+02   
1.56593919E+02   
1.60320564E+02   
1.81066313E+02   
1.35544009E+02   
1.66822264E+02   
1.75565913E+02   
1.60353771E+02   
1.79090218E+02   
1.57837467E+02   
1.59200640E+02   
1.57168734E+02   
1.61737447E+02   
1.55193439E+02   
1.76903681E+02   
1.78035207E+02   
1.62461992E+02   
1.56954291E+02   
1.58005301E+02   
1.69767053E+02   
1.74963893E+02   
1.73312863E+02   
1.78576715E+02   
1.81083417E+02   
1.53629426E+02   
1.47833667E+02   
1.38305161E+02   
1.67466593E+02   
1.82853671E+02   
1.77219144E+02   
1.84938888E+02   
1.73153031E+02   
1.64223045E+02   
1.72977095E+02   
1.63961592E+02   
1.66227345E+02   
1.73927786E+02   
1.66233247E+02   
1.69816063E+02   
1.83049110E+02   
1.53063813E+02   
1.74956491E+02   
1.62357471E+02   
1.75653331E+02   
1.78216343E+02   
1.50057411E+02   
1.65042709E+02   
1.71800560E+02   
1.50220944E+02   
1.67994699E+02   
1.66974095E+02   
1.53144629E+02   
1.62965393E+02   
1.62042308E+02   
1.79863273E+02   
1.66133427E+02   
1.74061712E+02   
1.81076715E+02   
1.81964793E+02   
1.60105521E+02   
1.66985797E+02   
1.87011902E+02   
1.43088018E+02   
1.72936687E+02   
1.49131626E+02   
1.67030806E+02   
1.49066513E+02   
1.57990398E+02   
1.84970994E+02   
1.53083617E+02   
1.81000500E+02   
1.71029406E+02   
1.85014803E+02   
1.76048810E+02   
1.63085517E+02   
1.61020504E+02   
1.50020104E+02   
1.87025905E+02   
1.64039808E+02   
1.68035507E+02   
1.83033707E+02   
1.80046609E+02   
1.93044809E+02   
1.85998700E+02   
1.79029106E+02   
1.63080816E+02   
2.00006901E+02   
1.68031106E+02   
1.76030306E+02   
1.73074615E+02   
1.80024105E+02   
1.64992298E+02   
1.62122925E+02   
1.84971194E+02   
1.86979896E+02   
1.60083217E+02   
1.77006801E+02   
1.77010902E+02   
1.67985397E+02   
1.60069714E+02   
1.58167233E+02   
1.74957491E+02   
1.83071214E+02   
1.93132627E+02   
1.72928486E+02   
1.76056211E+02   
1.60959692E+02   
1.75067113E+02   
1.76104621E+02   
1.68266753E+02   
2.11919384E+02   
1.79833967E+02   
1.82034007E+02   
1.73034007E+02   
1.85118624E+02   
1.71079916E+02   
1.67858772E+02   
1.66323565E+02   
1.98694939E+02   
1.63353671E+02   
1.85759052E+02   
1.75235647E+02   
1.91054911E+02   
1.91860972E+02   
1.70871074E+02   
1.68215443E+02   
1.80053311E+02   
1.73266453E+02   
1.85059312E+02   
1.98421984E+02   
2.03699040E+02   
1.89082617E+02   
1.85530306E+02   
1.63357572E+02   
1.86082216E+02   
1.77016303E+02   
1.86855171E+02   
1.83384777E+02   
1.74733047E+02   
1.93373475E+02   
1.90551510E+02   
1.92158132E+02   
1.81111522E+02   
1.84985397E+02   
1.87062112E+02   
1.98665333E+02   
1.86407481E+02   
1.84790658E+02   
1.83642328E+02   
1.98872975E+02   
1.88124725E+02   
2.01520104E+02   
1.60740148E+02   
1.54831266E+02   
2.09979796E+02   
1.96161232E+02   
2.06577215E+02   
1.72222645E+02   
1.82529906E+02   
1.72416083E+02   
1.79328166E+02   
1.95611422E+02   
1.79233847E+02   
1.88373475E+02   
2.01801660E+02   
1.79830566E+02   
1.87872975E+02   
2.06621124E+02   
1.99718644E+02   
1.91964193E+02   
1.61889578E+02   
1.86292358E+02   
1.81962192E+02   
1.94885177E+02   
1.76263053E+02   
1.84806961E+02   
2.03305561E+02   
1.74919284E+02   
1.92234547E+02   
2.00717143E+02   
2.03480396E+02   
1.93834667E+02   
1.93367674E+02   
1.85331366E+02   
1.73791558E+02   
2.06488198E+02   
1.91807962E+02   
2.05653031E+02   
2.06558412E+02   
1.95652330E+02   
1.92307461E+02   
1.96503901E+02   
1.89672334E+02   
2.13312262E+02   
1.86714443E+02   
1.92918084E+02   
2.30323465E+02   
1.91814363E+02   
1.85131326E+02   
2.06465893E+02   
1.95057111E+02   
2.15117524E+02   
2.00039208E+02   
1.94083117E+02   
2.13895079E+02   
1.94139428E+02   
1.89497399E+02   
2.23144329E+02   
1.77786157E+02   
2.17197940E+02   
2.03202641E+02   
2.11353871E+02   
1.85358672E+02   
2.24880076E+02   
2.17364673E+02   
2.02878876E+02   
2.18480496E+02   
2.03772254E+02   
1.75815163E+02   
2.08535807E+02   
1.93528606E+02   
1.93456391E+02   
2.10241248E+02   
2.17672835E+02   
2.15809962E+02   
1.95982296E+02   
2.20395379E+02   
2.18804061E+02   
2.05981496E+02   
2.06898680E+02   
1.72211642E+02   
2.28438488E+02   
1.88430486E+02   
1.97163033E+02   
1.94854071E+02   
2.23851870E+02   
2.26855671E+02   
1.99726645E+02   
2.15212943E+02   
2.04484797E+02   
2.03974295E+02   
1.94622625E+02   
2.21780756E+02   
2.18303261E+02   
2.01099820E+02   
2.30447489E+02   
2.35511802E+02   
2.06772354E+02   
2.04581716E+02   
2.29179436E+02   
2.14797660E+02   
2.30152531E+02   
2.09290858E+02   
2.22261852E+02   
1.94927485E+02   
2.35045209E+02   
2.22768754E+02   
1.82465893E+02   
1.98538408E+02   
2.08902981E+02   
2.02710242E+02   
2.47572515E+02   
1.89357672E+02   
2.36824065E+02   
2.28080516E+02   
2.30113323E+02   
1.98863273E+02   
2.33817664E+02   
2.00118124E+02   
2.06575615E+02   
2.24892579E+02   
2.24275555E+02   
2.19200640E+02   
2.26647930E+02   
2.13055111E+02   
2.20573715E+02   
2.19936387E+02   
2.32020904E+02   
2.35126525E+02   
2.17765353E+02   
1.99053711E+02   
2.48403481E+02   
2.19860772E+02   
2.18518404E+02   
2.21845769E+02   
2.39397680E+02   
2.17117924E+02   
2.29878776E+02   
2.14713943E+02   
2.21290558E+02   
2.04128526E+02   
2.22110322E+02   
2.04575715E+02   
2.15961492E+02   
2.16979996E+02   
2.17978796E+02   
2.35876975E+02   
2.14176835E+02   
2.49467093E+02   
2.14303161E+02   
2.00331866E+02   
2.32704341E+02   
2.31994499E+02   
2.30488198E+02   
1.94582316E+02   
2.07595719E+02   
1.96310462E+02   
2.20043209E+02   
2.36226645E+02   
2.29938588E+02   
2.28369874E+02   
2.47358972E+02   
2.14975195E+02   
2.31452791E+02   
1.99921584E+02   
2.27181436E+02   
2.31438388E+02   
2.25379676E+02   
2.53285057E+02   
2.25720444E+02   
2.27313063E+02   
2.35466193E+02   
2.42398780E+02   
2.18264653E+02   
2.20515003E+02   
2.49655131E+02   
2.32948690E+02   
2.24358772E+02   
2.22633127E+02   
2.34147329E+02   
2.27150130E+02   
2.43359572E+02   
2.62127726E+02   
2.22841768E+02   
2.38146529E+02   
2.34532206E+02   
2.22072014E+02   
2.44286657E+02   
2.43155331E+02   
2.43802561E+02   
2.48315563E+02   
2.31988698E+02   
2.48100120E+02   
2.14418784E+02   
2.60943489E+02   
2.27729646E+02   
2.41544909E+02   
2.53975395E+02   
2.16946889E+02   
2.45211142E+02   
2.32910582E+02   
2.41025905E+02   
2.53611922E+02   
2.46853171E+02   
2.08572414E+02   
2.39606721E+02   
2.27827065E+02   
2.46488098E+02   
2.35932687E+02   
2.45389478E+02   
2.49135927E+02   
2.40816163E+02   
1.98947790E+02   
2.33703241E+02   
2.28385577E+02   
2.28533207E+02   
2.39854071E+02   
2.58899180E+02   
2.38858472E+02   
2.52935087E+02   
2.52216043E+02   
2.35430186E+02   
2.24332967E+02   
2.43399980E+02   
2.43874875E+02   
2.41747049E+02   
2.47019504E+02   
2.50192639E+02   
2.26884877E+02   
2.36289858E+02   
2.47845169E+02   
2.50102120E+02   
2.48534807E+02   
2.40328166E+02   
2.74709042E+02   
2.38190338E+02   
2.77749550E+02   
2.42807361E+02   
2.64568514E+02   
2.62558912E+02   
2.31285057E+02   
2.49176335E+02   
2.28922685E+02   
2.40927686E+02   
2.75185537E+02   
2.46180536E+02   
2.89150530E+02   
2.32138528E+02   
2.28257351E+02   
2.56593119E+02   
3.02718744E+02   
2.56307862E+02   
2.59110922E+02   
2.37806861E+02   
2.75193639E+02   
2.53222344E+02   
2.45622324E+02   
2.62217443E+02   
2.54313863E+02   
2.42447590E+02   
2.37582517E+02   
2.47990598E+02   
2.83984097E+02   
2.59913983E+02   
2.50632927E+02   
2.38152030E+02   
2.67483897E+02   
2.80032507E+02   
2.78477596E+02   
2.37095919E+02   
2.50640028E+02   
2.82464393E+02   
2.71780156E+02   
2.76365373E+02   
2.62532607E+02   
2.59878776E+02   
2.50801060E+02   
2.87249550E+02   
2.76129626E+02   
2.76280956E+02   
2.41945689E+02   
2.46175035E+02   
2.62909482E+02   
2.83160532E+02   
2.85062012E+02   
2.69351670E+02   
2.81770854E+02   
2.50056911E+02   
2.62050310E+02   
2.88197740E+02   
2.88608722E+02   
2.56339868E+02   
2.80486797E+02   
2.73469094E+02   
2.67534607E+02   
2.79005801E+02   
2.68373975E+02   
2.68907882E+02   
2.81361572E+02   
2.67599920E+02   
2.89539708E+02   
2.88781956E+02   
2.57036207E+02   
2.92111122E+02   
2.89907481E+02   
3.04390978E+02   
2.72915283E+02   
3.00844569E+02   
2.66748550E+02   
2.79746949E+02   
3.05033307E+02   
2.82596819E+02   
2.83507702E+02   
2.84447389E+02   
2.55204441E+02   
2.65212643E+02   
2.84364673E+02   
2.79366273E+02   
2.95056411E+02   
2.65182837E+02   
2.56364673E+02   
2.75191038E+02   
2.90599120E+02   
2.78367073E+02   
2.75154831E+02   
2.66181536E+02   
3.00642228E+02   
2.69346369E+02   
2.67694139E+02   
2.97498000E+02   
3.01849770E+02   
2.82914783E+02   
2.97581916E+02   
3.96571714E+02   
3.06141228E+02   
2.63490398E+02   
3.10687738E+02   
3.19572414E+02   
2.89897479E+02   
3.14702140E+02   
3.11128826E+02   
2.71196939E+02   
2.87546009E+02   
3.04061612E+02   
2.97719744E+02   
3.24736547E+02   
2.96226145E+02   
2.96882677E+02   
2.84575215E+02   
2.83680936E+02   
2.99778556E+02   
3.07007602E+02   
2.81624425E+02   
2.96742148E+02   
2.93363473E+02   
3.05378676E+02   
2.99742949E+02   
2.84658832E+02   
3.22745449E+02   
3.08163333E+02   
2.91193239E+02   
3.08250050E+02   
3.14340668E+02   
3.22853871E+02   
3.29758652E+02   
3.08361472E+02   
3.00731646E+02   
3.05819764E+02   
3.52568214E+02   
2.93055611E+02   
2.91410882E+02   
3.26062112E+02   
3.25319264E+02   
3.42340368E+02   
3.29627125E+02   
3.28501700E+02   
2.97233147E+02   
2.94384977E+02   
3.09833267E+02   
3.19067213E+02   
3.27178636E+02   
3.27784557E+02   
3.19689138E+02   
3.39889578E+02   
3.18254751E+02   
3.47511402E+02   
3.32247750E+02   
3.12681836E+02   
3.34123325E+02   
3.41231846E+02   
3.31009402E+02   
3.13800160E+02   
3.14398080E+02   
3.39740848E+02   
3.25722344E+02   
3.52304061E+02   
3.67874475E+02   
3.44079016E+02   
3.49380376E+02   
3.26244349E+02   
3.16888478E+02   
3.10255351E+02   
3.21226745E+02   
3.29096619E+02   
3.27447489E+02   
3.39258552E+02   
3.42586217E+02   
3.31124625E+02   
3.41494399E+02   
3.51566213E+02   
3.65415383E+02   
3.37101320E+02   
3.22644029E+02   
3.60615123E+02   
3.25233247E+02   
3.28432587E+02   
3.65149530E+02   
3.44262953E+02   
3.36004101E+02   
3.70720344E+02   
3.84069214E+02   
3.65964093E+02   
3.35529106E+02   
3.54132527E+02   
3.38217644E+02   
3.60517303E+02   
3.42882176E+02   
2.77454191E+02   
3.39059012E+02   
3.29666733E+02   
3.29472595E+02   
3.54062212E+02   
3.34456891E+02   
3.30695739E+02   
3.56858772E+02   
3.56499700E+02   
3.65682837E+02   
3.66701940E+02   
3.63134527E+02   
3.67143629E+02   
3.61275355E+02   
3.46120624E+02   
3.53557712E+02   
3.48358272E+02   
3.69103521E+02   
3.64389778E+02   
3.68104321E+02   
3.36864273E+02   
3.47071214E+02   
3.56030506E+02   
3.60908382E+02   
3.67737347E+02   
3.89515203E+02   
3.25164633E+02   
3.80534907E+02   
3.83291558E+02   
3.56598120E+02   
3.63746849E+02   
3.71455091E+02   
3.51164333E+02   
3.65794759E+02   
3.50835867E+02   
3.70872675E+02   
3.66555411E+02   
3.62147930E+02   
3.68293359E+02   
4.11363673E+02   
4.00634527E+02   
3.57621724E+02   
3.42444789E+02   
3.86402480E+02   
3.81259352E+02   
3.75422384E+02   
3.60976395E+02   
3.49079316E+02   
3.95567914E+02   
3.91485997E+02   
3.68063013E+02   
3.58661532E+02   
4.02659632E+02   
4.04369874E+02   
4.09109422E+02   
3.62423085E+02   
3.86187437E+02   
3.74849970E+02   
3.82966193E+02   
4.00739948E+02   
3.73618424E+02   
3.60216943E+02   
3.99614423E+02   
3.93401980E+02   
3.73749250E+02   
3.92681136E+02   
3.86567113E+02   
3.80466193E+02   
3.80736747E+02   
3.99153831E+02   
3.90940888E+02   
3.95745249E+02   
3.85226345E+02   
3.77505401E+02   
4.25541108E+02   
4.08579716E+02   
3.62317463E+02   
3.87672535E+02   
3.80538708E+02   
4.31849770E+02   
4.22844369E+02   
3.95334767E+02   
4.13963293E+02   
4.01399880E+02   
3.74504401E+02   
3.99719044E+02   
3.95011802E+02   
3.84185737E+02   
4.17785657E+02   
4.16733747E+02   
4.11315463E+02   
4.40721244E+02   
3.89326265E+02   
4.00846269E+02   
4.08869574E+02   
3.74769954E+02   
3.74083217E+02   
3.98130626E+02   
4.05833567E+02   
3.84895979E+02   
3.89531606E+02   
3.70708842E+02   
3.57717644E+02   
3.87877676E+02   
3.80355571E+02   
3.94283957E+02   
4.11936487E+02   
3.70957491E+02   
3.87403281E+02   
3.75318964E+02   
4.13536507E+02   
4.09103821E+02   
3.73542108E+02   
3.95878676E+02   
4.21709842E+02   
3.95423585E+02   
3.76620124E+02   
3.80812062E+02   
3.93266153E+02   
4.22093819E+02   
4.13048210E+02   
4.09048810E+02   
4.40902280E+02   
3.96338168E+02   
3.80303161E+02   
4.14826465E+02   
4.27844269E+02   
3.90333567E+02   
4.33343369E+02   
4.34070414E+02   
3.89329566E+02   
3.98334167E+02   
4.02839268E+02   
3.89790658E+02   
4.12630326E+02   
3.68017403E+02   
3.84912683E+02   
4.54406181E+02   
4.55474095E+02   
3.87512703E+02   
4.09183437E+02   
4.04828666E+02   
4.04547109E+02   
4.09620924E+02   
4.17223045E+02   
4.27739148E+02   
3.82970094E+02   
3.91240748E+02   
3.91334567E+02   
3.92745849E+02   
4.00853371E+02   
4.33422585E+02   
4.12747049E+02   
4.17648130E+02   
4.16782456E+02   
4.17948990E+02   
4.08462893E+02   
4.27630226E+02   
4.44354521E+02   
5.02700540E+02   
5.02700540E+02   
5.02700540E+02   
5.02700540E+02   
5.02700540E+02   
5.59038798E+02   
5.82362973E+02   
5.53462593E+02   
5.33993299E+02   
5.97663033E+02   
5.41921384E+02   
6.28442989E+02   
5.77832767E+02   
5.78277956E+02   
5.70628426E+02   
6.07155931E+02   
5.86884177E+02   
6.01493899E+02   
5.68951990E+02   
5.98685537E+02   
6.15495499E+02   
5.61033407E+02   
6.22921784E+02   
6.08572214E+02   
5.94128326E+02   
6.11576115E+02   
6.51041608E+02   
6.19295859E+02   
5.77639728E+02   
6.08860372E+02   
5.88418284E+02   
5.94080016E+02   
5.94409682E+02   
6.05642729E+02   
6.30574515E+02   
6.33896379E+02   
6.43861072E+02   
6.17178936E+02   
5.92345669E+02   
6.22287958E+02   
6.18959292E+02   
5.92390678E+02   
5.69808762E+02   
6.89692839E+02   
6.13321664E+02   
6.12932787E+02   
6.19218744E+02   
5.79599220E+02   
6.43999400E+02   
6.24561312E+02   
6.13447189E+02   
6.18020004E+02   
6.21369574E+02   
6.01244949E+02   
6.48245649E+02   
6.20587417E+02   
6.19239948E+02   
6.56706341E+02   
6.16118724E+02   
6.39867273E+02   
6.28360872E+02   
6.09184637E+02   
6.60571214E+02   
6.67134427E+02   
6.38054811E+02   
6.34392579E+02   
6.91985797E+02   
6.44468394E+02   
6.19682336E+02   
6.14120924E+02   
6.56637227E+02   
6.49812362E+02   
6.62471894E+02   
6.54953191E+02   
6.50000100E+02   
6.38295459E+02   
6.62405681E+02   
6.94794559E+02   
6.35235947E+02   
6.59955891E+02   
6.70557612E+02   
6.88569614E+02   
6.69863973E+02   
6.90761052E+02   
6.73507001E+02   
6.74600920E+02   
6.68151630E+02   
6.79964393E+02   
6.97062112E+02   
7.10265153E+02   
7.23914183E+02   
7.09661232E+02   
7.28742749E+02   
7.70052511E+02   
7.59242749E+02   
6.92855071E+02   
6.93177936E+02   
6.68785157E+02   
7.04393479E+02   
7.18812963E+02   
7.08703641E+02   
7.11802661E+02   
7.36121724E+02   
7.14973695E+02   
7.09746749E+02   
6.85188038E+02   
7.18974595E+02   
6.85813963E+02   
7.04760052E+02   
6.76181736E+02   
6.77833067E+02   
7.11901580E+02   
6.96453491E+02   
6.82604621E+02   
7.01661832E+02   
6.94418584E+02   
7.12272555E+02   
7.21903781E+02   
7.15793659E+02   
7.29072615E+02   
7.16667033E+02   
7.20983897E+02   
7.38218244E+02   
7.48175435E+02   
7.00889778E+02   
7.18138428E+02   
6.94184537E+02   
6.81523505E+02   
6.87822264E+02   
6.79202040E+02   
7.17314163E+02   
7.13037407E+02   
6.83780156E+02   
6.92875675E+02   
7.00571114E+02   
6.84707341E+02   
6.90917684E+02   
6.92865373E+02   
7.00771154E+02   
7.03542809E+02   
6.39900880E+02   
6.89240648E+02   
6.99776755E+02   
6.89734747E+02   
6.54861872E+02   
6.84101320E+02   
6.91566913E+02   
7.00712342E+02   
6.85696339E+02   
6.83873175E+02   
7.08923485E+02   
6.86035607E+02   
6.96845769E+02   
6.66980096E+02   
6.81245749E+02   
6.94692539E+02   
7.08590718E+02   
7.01512803E+02   
6.51963993E+02   
6.62804261E+02   
6.42168634E+02   
6.51240548E+02   
6.55671034E+02   
6.47082316E+02   
6.53446689E+02   
6.31265053E+02   
6.26637928E+02   
6.41201440E+02   
6.57469694E+02   
6.58154131E+02   
6.24146929E+02   
6.42051210E+02   
6.28249250E+02   
5.52128626E+02   
6.12389278E+02   
5.94463193E+02   
6.03116923E+02   
5.88455691E+02   
5.83438688E+02   
5.68775755E+02   
5.55408182E+02   
5.35828866E+02   
5.57713343E+02   
5.08665433E+02   
5.25878376E+02   
5.22886977E+02   
5.46597920E+02   
5.05191538E+02   
5.02077816E+02   
5.26198640E+02   
5.42569814E+02   
5.07793659E+02   
4.91515803E+02   
5.08239148E+02   
4.90439688E+02   
4.96495799E+02   
5.20900080E+02   
5.10635327E+02   
4.99755051E+02   
4.81726545E+02   
5.05867874E+02   
4.93515403E+02   
4.53871074E+02   
4.70503201E+02   
4.98373975E+02   
4.75020904E+02   
4.65730746E+02   
4.72187037E+02   
4.81517604E+02   
5.19404081E+02   
4.85035807E+02   
4.84514903E+02   
4.67262152E+02   
4.59261252E+02   
4.70242248E+02   
5.02007001E+02   
4.74207241E+02   
4.75496499E+02   
4.80285057E+02   
4.84157732E+02   
4.66484897E+02   
4.63634427E+02   
4.47608922E+02   
4.77221344E+02   
4.64199940E+02   
4.47334167E+02   
4.50971494E+02   
4.55735047E+02   
4.71400980E+02   
4.30875575E+02   
4.27503901E+02   
4.29887277E+02   
4.35332066E+02   
4.16407281E+02   
4.05576415E+02   
4.31225045E+02   
4.05229846E+02   
4.28372474E+02   
4.46101620E+02   
4.38769954E+02   
4.22184837E+02   
4.67026905E+02   
3.71876875E+02   
3.80440188E+02   
4.05421584E+02   
4.37544109E+02   
3.85795759E+02   
4.11519204E+02   
4.17342769E+02   
3.64531606E+02   
4.10044909E+02   
3.94260252E+02   
3.82260552E+02   
3.74811762E+02   
3.85893779E+02   
5.25389218E+02   
5.86517303E+02   
5.86517303E+02   
5.86517303E+02   
5.86517303E+02   
6.15434807E+02   
7.58965793E+02   
8.23179336E+02   
8.54814563E+02   
8.26427085E+02   
8.09757852E+02   
8.43757652E+02   
7.89081616E+02   
8.11908482E+02   
7.65716943E+02   
8.06121124E+02   
8.30618524E+02   
8.37820864E+02   
8.12347570E+02   
7.85488598E+02   
7.90734547E+02   
7.92056211E+02   
8.06966193E+02   
7.95889578E+02   
7.87295559E+02   
7.58152831E+02   
7.97036507E+02   
7.89130626E+02   
7.60963793E+02   
7.95754451E+02   
8.15174635E+02   
7.93991898E+02   
7.97954391E+02   
8.35187037E+02   
8.25107622E+02   
8.00295359E+02   
7.98227746E+02   
7.74053311E+02   
7.97718544E+02   
8.16400080E+02   
8.02446289E+02   
7.81153931E+02   
7.96644629E+02   
7.88072114E+02   
7.81720044E+02   
7.93436287E+02   
8.03566613E+02   
7.96243549E+02   
8.18160432E+02   
7.87468894E+02   
7.68457592E+02   
7.98481696E+02   
7.69162432E+02   
8.21776255E+02   
8.10682837E+02   
7.40093319E+02   
7.55277956E+02   
7.69878476E+02   
7.59054911E+02   
7.71653231E+02   
7.64769054E+02   
7.86612122E+02   
7.69183937E+02   
7.78758252E+02   
7.58272655E+02   
7.60888078E+02   
7.91721244E+02   
7.87101920E+02   
8.07463493E+02   
7.74077516E+02   
7.90904281E+02   
7.72703441E+02   
7.91230746E+02   
7.65365573E+02   
8.22131326E+02   
7.57260852E+02   
7.86686437E+02   
7.99742448E+02   
7.80274255E+02   
7.84923685E+02   
8.05617524E+02   
8.22041408E+02   
7.82996799E+02   
7.83280456E+02   
7.97954891E+02   
8.12975795E+02   
8.40777455E+02   
8.60537107E+02   
1.00579566E+03   
9.81193339E+02   
9.82384277E+02   
9.56388478E+02   
9.67128126E+02   
9.30078916E+02   
9.00858472E+02   
8.81397880E+02   
8.88496099E+02   
8.78722645E+02   
8.62187538E+02   
8.34928586E+02   
8.82426785E+02   
8.37924185E+02   
8.22294659E+02   
7.82596319E+02   
8.48227445E+02   
8.05991098E+02   
8.13859672E+02   
7.47111522E+02   
7.72882977E+02   
7.18048210E+02   
7.12743449E+02   
7.60422284E+02   
7.57333267E+02   
7.45307662E+02   
7.25731846E+02   
6.89128726E+02   
7.35927686E+02   
6.88957892E+02   
7.60621824E+02   
7.23123025E+02   
7.12550210E+02   
6.88484097E+02   
6.77308462E+02   
6.40277055E+02   
6.93285057E+02   
6.94938688E+02   
6.58547810E+02   
6.58311862E+02   
6.54618524E+02   
6.17219344E+02   
6.68628726E+02   
6.44050910E+02   
6.34207542E+02   
6.09329166E+02   
5.86371774E+02   
5.88994499E+02   
5.46401180E+02   
5.59696639E+02   
5.50073815E+02   
5.65858372E+02   
5.37102420E+02   
5.34423185E+02   
5.30999500E+02   
4.91462392E+02   
5.08411682E+02   
4.98291158E+02   
5.02829066E+02   
4.71062112E+02   
4.76401680E+02   
4.67850970E+02   
4.75092819E+02   
4.64435887E+02   
4.61620824E+02   
4.51926485E+02   
4.17737347E+02   
4.01057812E+02   
3.98400980E+02   
4.10198040E+02   
3.96094119E+02   
3.98649230E+02   
3.87792959E+02   
3.67784957E+02   
3.59768454E+02   
3.68705641E+02   
3.65209142E+02   
3.30463893E+02   
2.89834267E+02   
3.26740348E+02   
3.14158232E+02   
3.32443189E+02   
3.19329666E+02   
2.93125825E+02   
2.80957692E+02   
2.71505101E+02   
2.67221344E+02   
2.52875475E+02   
2.48388378E+02   
2.12836867E+02   
2.25813363E+02   
2.22718444E+02   
2.49493199E+02   
2.12918584E+02   
2.38478796E+02   
2.24919584E+02   
1.89149430E+02   
2.00402881E+02   
1.85700940E+02   
1.83085117E+02   
1.89159232E+02   
1.73835867E+02   
1.67067914E+02   
1.82709042E+02   
1.60706641E+02   
1.58568314E+02   
1.59263653E+02   
1.50729646E+02   
1.46448390E+02   
1.39475395E+02   
1.49811062E+02   
1.53917884E+02   
1.26137227E+02   
1.26917183E+02   
1.38027205E+02   
1.24011502E+02   
1.11130426E+02   
1.07105921E+02   
1.04123625E+02   
1.02734447E+02   
1.20334467E+02   
1.11124025E+02   
9.72653531E+01   
1.11224845E+02   
8.87237447E+01   
8.81665333E+01   
9.77768554E+01   
1.14612122E+02   
9.07900580E+01   
9.40197039E+01   
8.73434687E+01   
7.59235847E+01   
9.11132226E+01   
8.35650130E+01   
7.01270254E+01   
7.07257451E+01   
6.77461492E+01   
7.91081216E+01   
5.87305461E+01   
6.22893579E+01   
5.31181236E+01   
8.03857772E+01   
6.24203841E+01   
5.05827165E+01   
6.00128026E+01   
5.29291858E+01   
5.91347269E+01   
4.82205441E+01   
4.51195239E+01   
3.10621124E+01   
5.22301460E+01   
7.90239048E+01   
4.01553311E+01   
1.24550510E+02   
2.68548710E+01   
3.41539308E+01   
3.32425485E+01   
2.82292458E+01   
2.57610522E+01   
1.83933787E+01   
1.60748150E+01   
1.67899580E+01   
1.70748150E+01   
1.36770354E+01   
2.15362072E+01   
1.08663733E+01   
6.67023405E+00   
8.32809562E+00   
7.40148030E+00   
7.40148030E+00   
7.40148030E+00   
7.40148030E+00   
7.40148030E+00   
1.96472294E+00   
0.00000000E+00   
0.00000000E+00   
0.00000000E+00   
0.00000000E+00   
0.00000000E+00   
0.00000000E+00   
0.00000000E+00   
0.00000000E+00   
0.00000000E+00   
0.00000000E+00   
0.00000000E+00   
0.00000000E+00   
0.00000000E+00   
0.00000000E+00   
1.90158032E+00   
2.09841968E+00   
0.00000000E+00   
0.00000000E+00   
0.00000000E+00   
2.00000000E+00   
4.77795559E-01   
5.22204441E-01   
0.00000000E+00   
0.00000000E+00   
0.00000000E+00   
0.00000000E+00   
0.00000000E+00   
0.00000000E+00   
0.00000000E+00   
0.00000000E+00   
2.00000000E+00   
0.00000000E+00   
0.00000000E+00   
0.00000000E+00   
0.00000000E+00   
0.00000000E+00   
0.00000000E+00   
1.00000000E+00   
0.00000000E+00   
0.00000000E+00   
0.00000000E+00   
0.00000000E+00   
0.00000000E+00   
0.00000000E+00   
0.00000000E+00   
0.00000000E+00   
0.00000000E+00   
0.00000000E+00   
0.00000000E+00   
0.00000000E+00   
0.00000000E+00   
4.90198040E-01   
5.09801960E-01   
0.00000000E+00   
1.00000000E+00   
0.00000000E+00   
0.00000000E+00   
0.00000000E+00   
0.00000000E+00   
0.00000000E+00   
0.00000000E+00   
0.00000000E+00   
0.00000000E+00   
4.94999000E-01   
5.05001000E-01   
0.00000000E+00   
0.00000000E+00   
0.00000000E+00   
0.00000000E+00   
0.00000000E+00   
0.00000000E+00   
0.00000000E+00   
0.00000000E+00   
4.98999800E-01   
5.01000200E-01   
0.00000000E+00   
0.00000000E+00   
!IDEND=

