!FILE=Disk 
!KIND=Spectrum 
!LABORATORY=Oslo Cyclotron Laboratory (OCL) 
!EXPERIMENT= oslo_method_python 
!COMMENT=Made by OMpy 
!TIME=DATE:08-Sep-20 09:58:23   
!CALIBRATION EkeV=6, 0.000000E+00, 2.000400E+00, 0.000000E+00 
!PRECISION=16 
!DIMENSION=1,0:4999 
!CHANNEL=(0:4999) 
4.24556211E+02   
5.81129226E+02   
5.93159632E+02   
6.98698240E+02   
7.50148030E+02   
8.06096419E+02   
7.93817463E+02   
8.50296059E+02   
8.82023605E+02   
8.61785457E+02   
9.46995099E+02   
9.35318964E+02   
9.28486097E+02   
9.88987097E+02   
1.07060022E+03   
1.10194309E+03   
1.17659812E+03   
1.21411082E+03   
1.31662773E+03   
1.40966933E+03   
1.37026805E+03   
1.48625675E+03   
1.58284577E+03   
1.70151600E+03   
1.82569214E+03   
1.95465793E+03   
2.12516503E+03   
2.28924305E+03   
2.55723565E+03   
2.67370654E+03   
2.83954721E+03   
2.96949560E+03   
3.23968074E+03   
3.44115093E+03   
3.44000540E+03   
3.60907692E+03   
3.77011462E+03   
3.75522054E+03   
3.92660312E+03   
4.09762613E+03   
4.16687638E+03   
4.25646649E+03   
4.29923635E+03   
4.36703601E+03   
4.53605181E+03   
4.56944679E+03   
4.65237548E+03   
4.53583637E+03   
4.71644379E+03   
4.75546169E+03   
4.83105801E+03   
4.84581476E+03   
4.88195749E+03   
4.88957421E+03   
4.99906911E+03   
4.95978616E+03   
4.88691598E+03   
4.94769044E+03   
4.95057001E+03   
5.06278456E+03   
4.94867143E+03   
5.02920144E+03   
4.86953221E+03   
4.78731586E+03   
4.81378186E+03   
4.83530696E+03   
4.85572414E+03   
4.86259192E+03   
4.79222555E+03   
4.82780136E+03   
4.83900570E+03   
4.97924775E+03   
4.61677896E+03   
4.61319414E+03   
4.66152801E+03   
4.62250340E+03   
4.74600890E+03   
4.59028776E+03   
4.59451440E+03   
4.58023945E+03   
4.50294549E+03   
4.51531836E+03   
4.52172995E+03   
4.54490708E+03   
4.56059792E+03   
4.69779296E+03   
4.71128616E+03   
4.77102991E+03   
4.74821304E+03   
4.77036657E+03   
4.75372805E+03   
4.72996859E+03   
4.69588288E+03   
4.59116843E+03   
4.51021474E+03   
4.43437017E+03   
4.48834857E+03   
4.36801490E+03   
4.36515683E+03   
4.23965683E+03   
4.20502991E+03   
4.13515423E+03   
4.17083797E+03   
4.06309312E+03   
4.03480596E+03   
3.95068144E+03   
3.96870974E+03   
3.96739098E+03   
3.84763463E+03   
3.83774645E+03   
3.78860262E+03   
3.77082486E+03   
3.71431986E+03   
3.64423085E+03   
3.52690708E+03   
3.53947570E+03   
3.48142318E+03   
3.62785457E+03   
3.54121494E+03   
3.53772805E+03   
3.46345859E+03   
3.33631576E+03   
3.29193439E+03   
3.33031876E+03   
3.33387097E+03   
3.32226325E+03   
3.29708772E+03   
3.39568924E+03   
3.35466223E+03   
3.29231966E+03   
3.32983917E+03   
3.15735407E+03   
3.23137748E+03   
3.16839768E+03   
3.13644029E+03   
3.09709742E+03   
3.14150340E+03   
3.06191508E+03   
2.96517093E+03   
2.99316423E+03   
2.96120204E+03   
3.00465083E+03   
2.95056991E+03   
2.93595089E+03   
2.90182076E+03   
2.86964203E+03   
2.85692488E+03   
2.83980216E+03   
2.83895169E+03   
2.76036557E+03   
2.90580406E+03   
2.83624195E+03   
2.68587528E+03   
2.75008972E+03   
2.79098820E+03   
2.72050400E+03   
2.63939848E+03   
2.59006031E+03   
2.63263043E+03   
2.58854181E+03   
2.60592759E+03   
2.60448990E+03   
2.50931156E+03   
2.54211552E+03   
2.46863583E+03   
2.50288748E+03   
2.50287367E+03   
2.40053711E+03   
2.36554671E+03   
2.34640568E+03   
2.27802010E+03   
2.22297940E+03   
2.17469564E+03   
2.13267844E+03   
2.12328246E+03   
2.14171914E+03   
2.02041728E+03   
2.12942599E+03   
2.02998040E+03   
2.06453931E+03   
2.00369594E+03   
1.88061072E+03   
1.98262282E+03   
1.93369044E+03   
1.89544129E+03   
1.95316683E+03   
1.94279836E+03   
1.93241658E+03   
1.85293769E+03   
1.91836517E+03   
1.81168464E+03   
1.80896739E+03   
1.79031856E+03   
1.82244799E+03   
1.82837267E+03   
1.76046179E+03   
1.77825025E+03   
1.71902791E+03   
1.64617724E+03   
1.71230956E+03   
1.69210162E+03   
1.74669064E+03   
1.66274165E+03   
1.64253021E+03   
1.67338348E+03   
1.61869204E+03   
1.61306771E+03   
1.64408352E+03   
1.70991808E+03   
1.59370104E+03   
1.60348800E+03   
1.62935857E+03   
1.62764193E+03   
1.65644389E+03   
1.66267894E+03   
1.51369564E+03   
1.54591348E+03   
1.52522835E+03   
1.50729526E+03   
1.48963943E+03   
1.49483267E+03   
1.53524295E+03   
1.53353421E+03   
1.54308842E+03   
1.45820044E+03   
1.40303631E+03   
1.49133137E+03   
1.45470664E+03   
1.52000810E+03   
1.44044459E+03   
1.40366243E+03   
1.47170204E+03   
1.42123915E+03   
1.36206691E+03   
1.34192228E+03   
1.39746319E+03   
1.46130206E+03   
1.43219594E+03   
1.43629366E+03   
1.41847580E+03   
1.36339068E+03   
1.31396329E+03   
1.26843279E+03   
1.32760742E+03   
1.34244879E+03   
1.34490958E+03   
1.26789038E+03   
1.27584667E+03   
1.28084747E+03   
1.28023945E+03   
1.28185767E+03   
1.26445939E+03   
1.24482607E+03   
9.71703621E+02   
9.09781956E+02   
9.09781956E+02   
9.09781956E+02   
9.09781956E+02   
8.03700600E+02   
5.62168934E+02   
5.61033207E+02   
5.43714243E+02   
5.52454791E+02   
4.98732146E+02   
5.29172234E+02   
5.07106721E+02   
5.24330566E+02   
5.44186437E+02   
5.26564613E+02   
5.22137127E+02   
5.35995999E+02   
5.44943689E+02   
4.78924285E+02   
5.19943389E+02   
5.63328466E+02   
5.39294959E+02   
5.34428686E+02   
4.91162733E+02   
5.50380776E+02   
5.14373575E+02   
5.04568114E+02   
4.95080816E+02   
5.41200340E+02   
5.12186537E+02   
5.19370874E+02   
4.86274855E+02   
4.97471494E+02   
4.91959992E+02   
4.76088418E+02   
5.03406581E+02   
4.79634727E+02   
4.91315163E+02   
5.44859672E+02   
4.68066213E+02   
5.03004501E+02   
4.81953891E+02   
5.22863173E+02   
4.75194739E+02   
5.05190838E+02   
4.99632226E+02   
5.07495299E+02   
4.49539408E+02   
4.56850870E+02   
4.99551110E+02   
4.52225845E+02   
4.41082817E+02   
4.37195939E+02   
4.34545309E+02   
4.82833367E+02   
4.69599920E+02   
4.61584317E+02   
4.22741048E+02   
4.34830366E+02   
4.52840768E+02   
4.07316063E+02   
4.41219744E+02   
4.35217143E+02   
4.39561712E+02   
4.02806961E+02   
4.23261552E+02   
4.31252551E+02   
4.60175935E+02   
4.05134927E+02   
4.26296759E+02   
4.18313563E+02   
4.15147029E+02   
3.82864173E+02   
4.10927686E+02   
3.89289358E+02   
4.13558712E+02   
4.04382076E+02   
3.69562613E+02   
3.98675535E+02   
3.90283457E+02   
3.77208042E+02   
3.53123025E+02   
3.92202140E+02   
3.85822665E+02   
3.76052210E+02   
3.77451690E+02   
4.32527405E+02   
3.81806461E+02   
3.99444689E+02   
3.83429286E+02   
3.93349270E+02   
3.79606821E+02   
3.48710242E+02   
4.07047710E+02   
3.82293459E+02   
3.69552811E+02   
3.69351570E+02   
3.36442689E+02   
3.35461792E+02   
3.43884077E+02   
3.30109322E+02   
3.69780356E+02   
3.43586417E+02   
3.19780756E+02   
3.42852070E+02   
3.25697439E+02   
3.25571614E+02   
3.16775555E+02   
3.18903781E+02   
2.79315663E+02   
3.11555911E+02   
3.17895779E+02   
3.10235447E+02   
2.95772054E+02   
2.87596319E+02   
3.12067614E+02   
2.92158332E+02   
2.78058412E+02   
2.87760352E+02   
2.76109322E+02   
3.24305561E+02   
2.72457491E+02   
3.01370674E+02   
2.99508402E+02   
2.71154231E+02   
2.77238448E+02   
2.75924385E+02   
2.62355271E+02   
2.72744749E+02   
2.75811762E+02   
2.83018704E+02   
2.44739948E+02   
2.68794459E+02   
2.68985797E+02   
2.60881976E+02   
2.51643229E+02   
2.40586817E+02   
2.67897079E+02   
2.43598920E+02   
2.44248850E+02   
2.72366073E+02   
2.25519504E+02   
2.54876075E+02   
2.57167734E+02   
2.64641528E+02   
2.59555411E+02   
2.40701440E+02   
2.41254251E+02   
2.31388578E+02   
2.92600720E+02   
2.53792358E+02   
2.26536507E+02   
2.43941988E+02   
2.41439888E+02   
2.29012903E+02   
2.37339268E+02   
2.70693539E+02   
2.34457692E+02   
2.38022004E+02   
2.27392078E+02   
2.36034907E+02   
2.22051210E+02   
2.29707742E+02   
2.30380176E+02   
2.06033407E+02   
2.49089018E+02   
2.30360372E+02   
2.40386477E+02   
2.16986097E+02   
1.85344869E+02   
1.89733547E+02   
2.22114123E+02   
2.44694439E+02   
2.18677335E+02   
2.28756751E+02   
2.21968894E+02   
2.16746049E+02   
1.83245249E+02   
2.31879376E+02   
2.21290958E+02   
2.28431086E+02   
2.14301260E+02   
2.51326465E+02   
2.34578416E+02   
2.23319164E+02   
2.18961892E+02   
2.02364573E+02   
1.88333867E+02   
1.88715843E+02   
2.09781256E+02   
2.03498200E+02   
2.00699340E+02   
1.93463493E+02   
2.03865073E+02   
2.26439988E+02   
2.27764153E+02   
2.25685937E+02   
1.86668434E+02   
1.89207241E+02   
2.20402480E+02   
2.08767754E+02   
2.06266353E+02   
2.01817664E+02   
1.97358972E+02   
1.97473495E+02   
1.86874375E+02   
2.04092218E+02   
1.99933887E+02   
1.79613623E+02   
1.95576615E+02   
2.18527906E+02   
2.00926985E+02   
1.72488998E+02   
1.90289458E+02   
1.75411882E+02   
1.99353371E+02   
1.97289858E+02   
1.78334367E+02   
1.66211142E+02   
1.73236547E+02   
1.81414883E+02   
1.97938388E+02   
1.72680436E+02   
1.65725045E+02   
2.07937487E+02   
1.98508902E+02   
1.76272354E+02   
1.88340968E+02   
1.79112322E+02   
1.78114723E+02   
1.74647930E+02   
1.70952090E+02   
1.74644329E+02   
1.76032807E+02   
1.48078416E+02   
1.75337267E+02   
1.77822565E+02   
1.82162733E+02   
1.66610422E+02   
1.66580316E+02   
1.74616323E+02   
1.60149130E+02   
1.55842168E+02   
1.48633527E+02   
1.56238648E+02   
1.64920884E+02   
1.82836967E+02   
1.67528006E+02   
1.61743049E+02   
1.72917283E+02   
1.76856571E+02   
1.74822965E+02   
1.77547209E+02   
1.72660332E+02   
1.62191038E+02   
1.70145129E+02   
1.65992398E+02   
1.59258652E+02   
1.65788658E+02   
1.70510402E+02   
1.64565513E+02   
1.62974495E+02   
1.74033607E+02   
1.64619524E+02   
1.72325365E+02   
1.57571614E+02   
1.61535507E+02   
1.54069114E+02   
1.61862973E+02   
1.53900080E+02   
1.63384677E+02   
1.61323365E+02   
1.59348070E+02   
1.52007301E+02   
1.47495499E+02   
1.52553011E+02   
1.66186637E+02   
1.48608722E+02   
1.51754951E+02   
1.67744249E+02   
1.37461992E+02   
1.57314663E+02   
1.60316963E+02   
1.41020604E+02   
1.63342569E+02   
1.46730446E+02   
1.48179936E+02   
1.77449190E+02   
1.42557712E+02   
1.49937988E+02   
1.62541608E+02   
1.69548510E+02   
1.59440788E+02   
1.46593919E+02   
1.42433987E+02   
1.47908582E+02   
1.42227145E+02   
1.51555111E+02   
1.53425985E+02   
1.60914983E+02   
1.52083717E+02   
1.53366673E+02   
1.48977896E+02   
1.36234047E+02   
1.30321364E+02   
1.47372675E+02   
1.49859272E+02   
1.39885777E+02   
1.37925385E+02   
1.36359372E+02   
1.40532406E+02   
1.29652430E+02   
1.55282757E+02   
1.42128426E+02   
1.21476095E+02   
1.37851070E+02   
1.41670834E+02   
1.28287858E+02   
1.54859172E+02   
1.30464993E+02   
1.39187638E+02   
1.31516403E+02   
1.26260652E+02   
1.40451390E+02   
1.29447389E+02   
1.25367574E+02   
1.45544009E+02   
1.31099420E+02   
1.20833567E+02   
1.38556011E+02   
1.35760252E+02   
1.41495299E+02   
1.48027606E+02   
1.32557512E+02   
1.41233147E+02   
1.32461992E+02   
1.40912783E+02   
1.43232246E+02   
1.39349570E+02   
1.09959592E+02   
1.09824765E+02   
1.27810862E+02   
1.34672234E+02   
1.30071814E+02   
1.25244749E+02   
1.35767453E+02   
1.28287758E+02   
1.41137327E+02   
1.40658932E+02   
1.22613523E+02   
1.28991398E+02   
1.19767854E+02   
1.22886277E+02   
1.37110122E+02   
1.32568514E+02   
1.16893679E+02   
1.28648430E+02   
1.24984797E+02   
1.40600120E+02   
1.06316163E+02   
1.23242549E+02   
9.73231646E+01   
1.00232346E+02   
1.17229346E+02   
1.21343369E+02   
1.13245949E+02   
1.34758252E+02   
1.15787057E+02   
1.23781456E+02   
1.29265953E+02   
1.27027005E+02   
1.23525305E+02   
1.24524305E+02   
1.10526905E+02   
1.21516903E+02   
1.25782456E+02   
1.31768454E+02   
1.18013403E+02   
1.23269354E+02   
1.05528906E+02   
1.23515103E+02   
9.65135027E+01   
1.16285157E+02   
1.09817864E+02   
1.13427886E+02   
1.16333167E+02   
1.09023205E+02   
1.10239948E+02   
1.14778256E+02   
1.11021604E+02   
1.25505901E+02   
1.11636327E+02   
1.14129326E+02   
1.14610122E+02   
1.13985797E+02   
1.17860672E+02   
1.33224345E+02   
1.19938388E+02   
1.12869874E+02   
1.33262553E+02   
1.06928786E+02   
1.22027706E+02   
1.29503501E+02   
1.18634427E+02   
1.15206341E+02   
1.08187838E+02   
1.19855371E+02   
1.03844869E+02   
1.23969294E+02   
1.02065213E+02   
1.26928986E+02   
1.21065913E+02   
1.20155231E+02   
1.09684137E+02   
1.16598820E+02   
1.15096219E+02   
1.13185137E+02   
1.20404981E+02   
1.23722344E+02   
1.01712442E+02   
8.77100420E+01   
1.19801960E+02   
1.05546809E+02   
1.19874875E+02   
1.08793059E+02   
1.27968694E+02   
1.04530806E+02   
1.02793859E+02   
1.07021604E+02   
1.12303061E+02   
1.07740148E+02   
9.56018204E+01   
9.78215643E+01   
1.17391978E+02   
1.05495599E+02   
1.06917784E+02   
1.18649730E+02   
1.09496099E+02   
1.03575315E+02   
1.08909282E+02   
1.03911882E+02   
9.55710142E+01   
9.46879376E+01   
9.57974595E+01   
8.93420684E+01   
1.03273955E+02   
1.13220644E+02   
1.15264453E+02   
1.08241348E+02   
1.22055111E+02   
9.71703341E+01   
1.00364773E+02   
1.19541708E+02   
1.20195039E+02   
9.51359272E+01   
9.69072815E+01   
1.01805861E+02   
1.07314063E+02   
9.48793759E+01   
1.17228946E+02   
1.10736347E+02   
1.15241348E+02   
9.15054011E+01   
1.21776755E+02   
1.02831766E+02   
1.05320464E+02   
1.11962092E+02   
1.14022805E+02   
1.09343169E+02   
1.00281656E+02   
8.95957191E+01   
8.64849970E+01   
1.10617824E+02   
9.84849970E+01   
1.10811062E+02   
8.84362873E+01   
9.70192038E+01   
1.09189838E+02   
1.11813863E+02   
9.72277455E+01   
1.05433087E+02   
9.66085217E+01   
1.00047510E+02   
9.56089218E+01   
1.12156031E+02   
9.91080216E+01   
9.41648330E+01   
1.10616123E+02   
1.00255951E+02   
1.01196339E+02   
1.22214243E+02   
1.15822665E+02   
1.16635527E+02   
9.64375875E+01   
1.01611022E+02   
9.64171834E+01   
1.16822965E+02   
9.88159632E+01   
9.00196039E+01   
1.02416683E+02   
1.03226245E+02   
8.90091018E+01   
9.02157431E+01   
8.36394279E+01   
9.50035007E+01   
9.80381076E+01   
8.78037608E+01   
8.64098820E+01   
9.94588918E+01   
8.93287658E+01   
9.60734147E+01   
9.22125425E+01   
9.14383877E+01   
8.54924985E+01   
9.84287858E+01   
8.82903581E+01   
9.36750350E+01   
1.08254651E+02   
9.27400480E+01   
1.01255851E+02   
9.31604321E+01   
8.99658932E+01   
8.75005001E+01   
9.81520304E+01   
8.98847770E+01   
8.53353671E+01   
9.86363273E+01   
8.42075415E+01   
9.42682537E+01   
9.64060812E+01   
1.03953891E+02   
7.56215243E+01   
8.99035807E+01   
8.67577516E+01   
9.89091818E+01   
1.03729846E+02   
9.90216043E+01   
8.51383277E+01   
9.98195639E+01   
8.36624325E+01   
8.63802761E+01   
8.81065213E+01   
8.87425485E+01   
8.52918584E+01   
9.38366673E+01   
1.07116923E+02   
9.59182837E+01   
8.27349470E+01   
1.00584517E+02   
8.75548110E+01   
9.93054611E+01   
9.19531906E+01   
1.02908682E+02   
9.13201640E+01   
1.01543309E+02   
9.80204041E+01   
9.50204041E+01   
8.80011002E+01   
9.77890578E+01   
8.81437287E+01   
9.65856171E+01   
7.61885377E+01   
8.91077215E+01   
9.51541308E+01   
8.67813563E+01   
9.04979996E+01   
9.43286657E+01   
1.03447189E+02   
8.16128226E+01   
1.08286257E+02   
9.07017403E+01   
8.95472094E+01   
8.58626725E+01   
8.26489298E+01   
9.50084017E+01   
9.45440088E+01   
8.60096019E+01   
1.04010402E+02   
9.83586717E+01   
9.73522705E+01   
9.25152030E+01   
8.70212042E+01   
7.90020004E+01   
9.18482697E+01   
8.53810762E+01   
8.23482697E+01   
8.99839968E+01   
9.07077415E+01   
9.70624125E+01   
7.96477295E+01   
7.44503901E+01   
8.59394879E+01   
8.19879976E+01   
9.33394679E+01   
7.04615923E+01   
7.75720144E+01   
8.52181436E+01   
8.21341268E+01   
9.04266853E+01   
9.08614723E+01   
7.59179836E+01   
8.89114823E+01   
7.55917183E+01   
6.64851970E+01   
8.83521704E+01   
9.58638728E+01   
8.03563713E+01   
8.53057612E+01   
9.74835967E+01   
1.03326665E+02   
8.31709342E+01   
9.17089418E+01   
8.07838568E+01   
7.97093419E+01   
9.71008202E+01   
9.00184037E+01   
8.34735947E+01   
9.55959192E+01   
8.00422084E+01   
5.76714343E+01   
7.44106821E+01   
7.82641528E+01   
7.90148030E+01   
6.69083817E+01   
7.05271054E+01   
7.57570514E+01   
7.88666733E+01   
9.49521904E+01   
8.04896979E+01   
9.11629326E+01   
6.98927786E+01   
7.17221444E+01   
8.34157832E+01   
8.77579516E+01   
9.38577716E+01   
7.43143629E+01   
7.53010602E+01   
8.02928586E+01   
7.90181036E+01   
1.01019404E+02   
9.27259452E+01   
7.30077015E+01   
7.91648330E+01   
9.40422084E+01   
8.12855571E+01   
8.33165633E+01   
9.12986597E+01   
9.98790758E+01   
9.27409482E+01   
8.97122424E+01   
8.07413483E+01   
8.54315863E+01   
8.48411682E+01   
8.14255851E+01   
7.37848570E+01   
8.47449490E+01   
8.75609122E+01   
8.79337868E+01   
8.41784357E+01   
7.73988798E+01   
7.78227646E+01   
8.04167834E+01   
7.59477896E+01   
8.44163833E+01   
9.70164033E+01   
6.53376675E+01   
9.19826965E+01   
7.68095619E+01   
1.05495499E+02   
8.27176435E+01   
8.95361072E+01   
6.81059212E+01   
7.97927586E+01   
8.85962192E+01   
9.01755351E+01   
7.45277055E+01   
8.41195239E+01   
6.21809362E+01   
8.71057211E+01   
7.97747550E+01   
9.56258252E+01   
8.30234047E+01   
6.66384277E+01   
1.00515903E+02   
6.42624525E+01   
7.58890778E+01   
9.50340068E+01   
8.21165233E+01   
8.13088618E+01   
7.87175435E+01   
8.14025805E+01   
8.99196839E+01   
7.61107221E+01   
8.01687337E+01   
7.62232446E+01   
7.66926385E+01   
7.76170234E+01   
7.40903181E+01   
7.18938788E+01   
8.87094419E+01   
7.34900980E+01   
7.25451090E+01   
6.99561912E+01   
7.86113223E+01   
7.98835767E+01   
7.88515703E+01   
9.97853571E+01   
7.87095419E+01   
6.97853571E+01   
6.60774155E+01   
7.68404681E+01   
7.79026805E+01   
7.26967393E+01   
7.39014803E+01   
8.60021004E+01   
7.89244849E+01   
8.44474895E+01   
8.44605921E+01   
7.02393479E+01   
7.22358472E+01   
7.33532707E+01   
8.42483497E+01   
8.75658132E+01   
6.91064213E+01   
7.90132026E+01   
7.41482296E+01   
7.13395679E+01   
8.62639528E+01   
7.39425885E+01   
7.51586317E+01   
7.58017604E+01   
8.14861972E+01   
7.47540508E+01   
5.84336867E+01   
7.02807562E+01   
8.19110822E+01   
6.72230446E+01   
7.09114823E+01   
7.95006001E+01   
7.17348470E+01   
6.43419684E+01   
7.26868374E+01   
7.79130826E+01   
7.26203241E+01   
6.32082416E+01   
7.22158432E+01   
7.68153631E+01   
8.46183237E+01   
7.99074815E+01   
6.61121224E+01   
8.42282456E+01   
8.25050010E+01   
7.93331666E+01   
7.24048810E+01   
8.14364873E+01   
8.74412883E+01   
6.65091018E+01   
8.08176635E+01   
6.27277455E+01   
6.78229646E+01   
8.76010202E+01   
7.36120224E+01   
8.09854971E+01   
7.37597520E+01   
7.64580916E+01   
7.47525505E+01   
8.70952190E+01   
7.94729946E+01   
7.86506301E+01   
9.22919584E+01   
6.40105021E+01   
7.69250850E+01   
7.33724745E+01   
6.88357672E+01   
9.03062613E+01   
6.55156031E+01   
7.66073215E+01   
8.21045209E+01   
6.87121424E+01   
7.87158432E+01   
8.09668934E+01   
8.59008802E+01   
6.47267453E+01   
6.59274855E+01   
6.45057011E+01   
8.18469694E+01   
6.84345869E+01   
6.39306861E+01   
7.93510702E+01   
6.94301860E+01   
7.45229046E+01   
8.10997199E+01   
7.25055011E+01   
6.55007001E+01   
7.62881576E+01   
8.70164033E+01   
6.88932787E+01   
7.71395279E+01   
6.84109822E+01   
6.20929186E+01   
7.19358872E+01   
7.14703941E+01   
9.13264653E+01   
7.70925185E+01   
7.94795959E+01   
7.52463493E+01   
5.96982396E+01   
7.05404081E+01   
7.70365073E+01   
6.80156031E+01   
8.86450290E+01   
7.62387477E+01   
7.72363473E+01   
7.80881176E+01   
6.25224045E+01   
7.17235447E+01   
8.91530306E+01   
7.15176035E+01   
7.20865173E+01   
6.63677736E+01   
6.24338868E+01   
6.75228046E+01   
7.75977195E+01   
7.04294859E+01   
8.43284657E+01   
7.36306261E+01   
8.55400080E+01   
5.27572515E+01   
8.73432687E+01   
6.86150230E+01   
8.36161232E+01   
7.43437688E+01   
5.88172635E+01   
7.07547510E+01   
7.34030806E+01   
8.87571514E+01   
7.34611922E+01   
7.15059012E+01   
8.64493899E+01   
7.18318664E+01   
5.73866773E+01   
8.04561912E+01   
7.48312663E+01   
7.02600520E+01   
7.07727546E+01   
8.65956191E+01   
6.70343069E+01   
7.52413483E+01   
6.83710742E+01   
8.20737147E+01   
9.53174635E+01   
6.10584117E+01   
5.41270254E+01   
6.79546909E+01   
6.89554911E+01   
7.09001800E+01   
9.84560912E+01   
6.85703141E+01   
7.05190038E+01   
7.34528906E+01   
6.98512703E+01   
8.76925385E+01   
6.40301060E+01   
8.13746749E+01   
5.25920184E+01   
8.23846769E+01   
6.64284857E+01   
6.84471894E+01   
7.63723745E+01   
6.55688138E+01   
7.95578116E+01   
6.98632727E+01   
7.19642929E+01   
7.77205441E+01   
7.58223645E+01   
6.83547710E+01   
6.64922985E+01   
6.64907982E+01   
7.96872374E+01   
8.52044409E+01   
6.72473495E+01   
7.40148030E+01   
8.95164033E+01   
5.21868374E+01   
5.36082216E+01   
7.01006201E+01   
6.97493499E+01   
6.81006201E+01   
6.77986597E+01   
6.89301860E+01   
7.48475695E+01   
7.61010202E+01   
6.53059612E+01   
6.68094619E+01   
6.83400680E+01   
5.73336667E+01   
6.65728146E+01   
6.90926185E+01   
6.42466493E+01   
5.69337868E+01   
6.10116023E+01   
7.50493099E+01   
6.29738948E+01   
7.46425285E+01   
6.62711542E+01   
7.97239448E+01   
7.73016603E+01   
5.29068814E+01   
8.76649330E+01   
8.03285657E+01   
6.39802961E+01   
6.41159232E+01   
8.78137628E+01   
7.21147229E+01   
8.06897379E+01   
8.82435487E+01   
7.71745349E+01   
5.81705341E+01   
7.97647530E+01   
6.61677335E+01   
8.35616123E+01   
6.86430286E+01   
6.78056611E+01   
7.58401680E+01   
6.60445089E+01   
5.12404481E+01   
7.36799360E+01   
7.62629526E+01   
6.12019404E+01   
5.59842969E+01   
6.59328866E+01   
6.67810562E+01   
6.63449690E+01   
8.75127025E+01   
7.11413283E+01   
7.31855371E+01   
8.29428886E+01   
9.08753751E+01   
6.41321264E+01   
8.50831166E+01   
7.90807161E+01   
7.30349070E+01   
6.70128026E+01   
7.47619524E+01   
7.11406281E+01   
7.39950990E+01   
6.21535307E+01   
7.70514103E+01   
7.36906381E+01   
7.02038408E+01   
6.21596319E+01   
4.91886377E+01   
8.16788358E+01   
7.49982997E+01   
6.61806361E+01   
6.10277055E+01   
8.97442488E+01   
6.13393679E+01   
7.37413483E+01   
7.01473295E+01   
7.59003801E+01   
6.42082416E+01   
6.79442889E+01   
6.70257051E+01   
6.59498900E+01   
7.79538908E+01   
9.00281056E+01   
5.81742348E+01   
7.29667934E+01   
7.39594919E+01   
7.79634927E+01   
7.30548110E+01   
6.10888178E+01   
6.99844969E+01   
6.79783957E+01   
8.00302060E+01   
7.99669934E+01   
5.11470294E+01   
7.68703741E+01   
7.90164033E+01   
6.60530106E+01   
6.90482096E+01   
5.80010002E+01   
5.60271054E+01   
6.19976995E+01   
6.70165033E+01   
6.89971994E+01   
5.60466093E+01   
6.19950990E+01   
6.30016003E+01   
6.80153031E+01   
6.20179036E+01   
6.90012002E+01   
6.80139028E+01   
7.60127025E+01   
5.10193039E+01   
7.00136027E+01   
7.90082016E+01   
6.20134027E+01   
7.40090018E+01   
6.30226045E+01   
6.40136027E+01   
7.20163033E+01   
7.90016003E+01   
6.99913983E+01   
6.60373075E+01   
5.30386077E+01   
6.79728946E+01   
6.20116023E+01   
6.39895979E+01   
7.00808162E+01   
6.49643929E+01   
5.60719144E+01   
7.29725945E+01   
7.40053011E+01   
6.91230246E+01   
9.18934787E+01   
5.29336867E+01   
5.01449290E+01   
8.19668934E+01   
6.20223045E+01   
6.00128026E+01   
6.00877175E+01   
7.20600120E+01   
6.68906781E+01   
6.50009002E+01   
6.51600320E+01   
7.90934187E+01   
8.28623725E+01   
5.89742949E+01   
6.60414083E+01   
7.91002200E+01   
7.59873975E+01   
7.48498700E+01   
7.89340868E+01   
6.81368274E+01   
6.79964993E+01   
6.50625125E+01   
6.81675335E+01   
7.19121824E+01   
7.12475495E+01   
7.95624125E+01   
5.51409282E+01   
6.28981796E+01   
5.83419684E+01   
6.97783557E+01   
7.69311862E+01   
6.24662933E+01   
7.05342068E+01   
5.93329666E+01   
7.77754551E+01   
5.81681336E+01   
8.59239848E+01   
7.01287257E+01   
6.98506701E+01   
6.90363073E+01   
6.42801560E+01   
7.69430886E+01   
6.70913183E+01   
8.15581116E+01   
5.52949590E+01   
8.49091818E+01   
6.91730346E+01   
7.67441488E+01   
6.01762352E+01   
7.19856971E+01   
6.76735347E+01   
4.43528706E+01   
7.11878376E+01   
8.10746149E+01   
7.25080016E+01   
6.04641928E+01   
7.29541908E+01   
7.49214843E+01   
6.78875775E+01   
6.51077215E+01   
6.92716543E+01   
8.17220444E+01   
6.61452290E+01   
7.20479096E+01   
6.60487097E+01   
8.59122825E+01   
7.60140028E+01   
7.56980396E+01   
5.19748950E+01   
7.51895379E+01   
5.69030806E+01   
6.59740948E+01   
5.88619724E+01   
4.74213843E+01   
5.80132026E+01   
7.13579716E+01   
7.25910182E+01   
6.27777556E+01   
5.73260652E+01   
7.04521904E+01   
7.15339068E+01   
7.22163433E+01   
7.61381276E+01   
7.48084617E+01   
6.98882777E+01   
5.19281856E+01   
6.00547109E+01   
5.63141628E+01   
7.97106421E+01   
5.92319464E+01   
6.78371674E+01   
7.10575115E+01   
6.51485297E+01   
6.30144029E+01   
6.65653131E+01   
8.72319464E+01   
5.71058212E+01   
6.54371874E+01   
7.93991798E+01   
6.76823365E+01   
7.35341068E+01   
6.75490098E+01   
7.35265053E+01   
7.07660532E+01   
6.72112422E+01   
5.98119624E+01   
6.29608922E+01   
5.83178636E+01   
7.03741748E+01   
7.66530306E+01   
6.67520504E+01   
6.78549710E+01   
8.44868974E+01   
6.24788958E+01   
6.77108422E+01   
6.53634727E+01   
6.05028006E+01   
6.92344469E+01   
7.21274255E+01   
5.25683137E+01   
7.34636927E+01   
7.35627125E+01   
6.79560912E+01   
7.66454291E+01   
7.62643529E+01   
6.00120024E+01   
6.75404081E+01   
7.84244849E+01   
5.60711142E+01   
6.57309462E+01   
7.25343069E+01   
7.51350270E+01   
6.35255051E+01   
6.17651530E+01   
6.18763753E+01   
6.62644529E+01   
7.03896779E+01   
7.35808162E+01   
6.62542509E+01   
5.89063813E+01   
8.08595719E+01   
5.28512703E+01   
8.21454291E+01   
7.15401080E+01   
7.57668534E+01   
5.46084217E+01   
7.31486297E+01   
6.86133227E+01   
5.28110622E+01   
5.63519704E+01   
6.63559712E+01   
7.66728346E+01   
6.64981996E+01   
7.89476895E+01   
7.14574915E+01   
6.48026605E+01   
6.86488298E+01   
7.32293459E+01   
7.62305461E+01   
6.81566313E+01   
6.29412883E+01   
6.65769154E+01   
5.47183437E+01   
4.60384077E+01   
6.26452290E+01   
7.51614323E+01   
6.68641728E+01   
6.24634927E+01   
7.19579916E+01   
5.50855171E+01   
5.91626325E+01   
6.29340868E+01   
5.64755951E+01   
8.20103021E+01   
6.12336467E+01   
6.77919584E+01   
7.14063813E+01   
7.45401080E+01   
7.16148230E+01   
6.04898980E+01   
7.59765953E+01   
7.60490098E+01   
7.20939188E+01   
7.57686537E+01   
6.60939188E+01   
7.58355671E+01   
7.01065213E+01   
6.22613523E+01   
6.86813363E+01   
7.92611522E+01   
8.17716543E+01   
7.63386677E+01   
6.99280856E+01   
6.20128026E+01   
6.80128026E+01   
5.80128026E+01   
5.49260852E+01   
7.07093419E+01   
7.10529106E+01   
5.44178836E+01   
7.12227445E+01   
6.82801560E+01   
7.03022605E+01   
6.41910382E+01   
5.91027205E+01   
6.88325665E+01   
6.04680936E+01   
6.39211842E+01   
6.95631126E+01   
6.55457091E+01   
6.19331866E+01   
6.52921584E+01   
7.31083217E+01   
6.82674535E+01   
6.36367273E+01   
4.99164833E+01   
5.48628726E+01   
7.40140028E+01   
7.37274455E+01   
7.00128026E+01   
7.10128026E+01   
6.51751350E+01   
3.90447089E+01   
6.71111222E+01   
6.10140028E+01   
6.86207241E+01   
5.59136827E+01   
6.56155231E+01   
5.97070414E+01   
6.94128826E+01   
7.10148030E+01   
7.12090418E+01   
7.05172034E+01   
7.10136027E+01   
6.31982396E+01   
6.71127225E+01   
5.11407281E+01   
6.76746349E+01   
6.45276055E+01   
6.63237648E+01   
6.87002400E+01   
5.62214443E+01   
6.79076815E+01   
6.75400080E+01   
7.39084817E+01   
6.85456091E+01   
7.22689538E+01   
6.25488098E+01   
7.74775955E+01   
7.11211242E+01   
7.70136027E+01   
5.84484897E+01   
7.30152030E+01   
6.45771154E+01   
6.58044609E+01   
5.43330666E+01   
6.95676135E+01   
7.62381476E+01   
6.61210242E+01   
5.50173035E+01   
6.53396679E+01   
5.80257051E+01   
7.16754351E+01   
5.99217844E+01   
7.67889578E+01   
7.03300660E+01   
6.27841568E+01   
7.17035407E+01   
6.63617724E+01   
7.30164033E+01   
7.15736147E+01   
4.82257451E+01   
7.06101220E+01   
6.03035607E+01   
6.87180436E+01   
6.92474495E+01   
6.46052210E+01   
6.70136027E+01   
5.83721744E+01   
8.19741948E+01   
8.32131426E+01   
7.16156231E+01   
6.79238848E+01   
6.21319264E+01   
5.86204241E+01   
6.08904781E+01   
7.00306061E+01   
5.82404481E+01   
6.73955791E+01   
6.05069014E+01   
5.91371274E+01   
6.58906781E+01   
6.03859772E+01   
7.11395279E+01   
6.36366273E+01   
6.57711542E+01   
7.55087017E+01   
6.72512503E+01   
6.25015003E+01   
6.87775555E+01   
6.81407281E+01   
5.84287858E+01   
7.47589518E+01   
7.02754551E+01   
8.14974995E+01   
7.56246249E+01   
6.50144029E+01   
7.28011602E+01   
7.12276455E+01   
6.44866973E+01   
5.82774555E+01   
7.36154231E+01   
6.00805161E+01   
5.29442889E+01   
7.00124025E+01   
5.64153831E+01   
6.48219644E+01   
7.58808762E+01   
7.10340068E+01   
5.61331266E+01   
7.11980396E+01   
6.52870574E+01   
7.32317463E+01   
4.56968394E+01   
6.85974195E+01   
5.53932787E+01   
7.35978196E+01   
6.58736747E+01   
5.72914583E+01   
5.68732747E+01   
6.48547710E+01   
8.00301060E+01   
6.67180436E+01   
7.18821764E+01   
6.48692739E+01   
5.62954591E+01   
5.88679736E+01   
6.52983597E+01   
7.23084617E+01   
6.92987598E+01   
8.02741548E+01   
6.18902781E+01   
6.64493899E+01   
6.69964993E+01   
6.95746149E+01   
5.96208242E+01   
6.85483097E+01   
5.86001200E+01   
5.47508502E+01   
6.85359072E+01   
6.13078616E+01   
6.40531106E+01   
7.22691538E+01   
7.61062212E+01   
6.44695939E+01   
6.05149030E+01   
7.41112222E+01   
6.31643329E+01   
6.42258452E+01   
7.84339868E+01   
6.27053411E+01   
6.03837768E+01   
5.50940188E+01   
6.24709942E+01   
5.89351870E+01   
6.80077015E+01   
5.67108422E+01   
6.18580716E+01   
6.59459892E+01   
6.82355471E+01   
5.94821964E+01   
7.17009402E+01   
8.30563113E+01   
7.82859572E+01   
7.55406081E+01   
5.92215443E+01   
6.22810562E+01   
6.21735347E+01   
7.76529306E+01   
7.62571514E+01   
7.13706741E+01   
5.91711342E+01   
6.96553311E+01   
7.17584517E+01   
7.17521504E+01   
6.60136027E+01   
6.19899980E+01   
7.13422685E+01   
6.78908782E+01   
6.65198040E+01   
6.10104021E+01   
6.89755951E+01   
7.70360072E+01   
7.10128026E+01   
6.80172034E+01   
6.70084017E+01   
7.15138028E+01   
7.61803361E+01   
6.51767353E+01   
7.66765353E+01   
6.58432687E+01   
6.36985397E+01   
6.79855971E+01   
6.84010802E+01   
7.74889978E+01   
6.24817964E+01   
6.24989998E+01   
5.57213443E+01   
5.96709342E+01   
6.76693339E+01   
6.37357471E+01   
7.34617924E+01   
6.67441488E+01   
7.96285257E+01   
6.02311462E+01   
7.42730546E+01   
7.40608122E+01   
6.71899380E+01   
7.48928786E+01   
7.76744349E+01   
5.65966193E+01   
6.48968794E+01   
7.28895779E+01   
5.33654731E+01   
7.09008802E+01   
6.00832166E+01   
6.45857171E+01   
6.95498100E+01   
7.57317463E+01   
7.10359072E+01   
6.45355071E+01   
6.44016803E+01   
5.16311262E+01   
7.39271854E+01   
6.77404481E+01   
5.97405481E+01   
7.17437487E+01   
7.16481296E+01   
5.84629926E+01   
6.71160232E+01   
7.12774555E+01   
6.83505701E+01   
5.51947389E+01   
7.24942989E+01   
7.33850770E+01   
6.82686537E+01   
6.23858772E+01   
6.00775155E+01   
6.53239648E+01   
6.88260652E+01   
6.18835767E+01   
6.55774155E+01   
6.16341268E+01   
5.76325265E+01   
6.23403681E+01   
7.57266453E+01   
6.62024405E+01   
6.29205841E+01   
5.96301260E+01   
7.08204641E+01   
6.08196639E+01   
7.23244649E+01   
7.22095419E+01   
6.81137227E+01   
5.66653331E+01   
8.19109822E+01   
5.30140028E+01   
7.94771954E+01   
6.35285057E+01   
5.96444289E+01   
6.87802561E+01   
7.32298460E+01   
7.60581116E+01   
5.49845969E+01   
6.60338068E+01   
6.30009002E+01   
6.38061612E+01   
8.04067814E+01   
6.72174435E+01   
6.04141828E+01   
6.42182436E+01   
8.14132827E+01   
7.32057411E+01   
5.56170234E+01   
7.32058412E+01   
7.56190238E+01   
6.70132026E+01   
7.44351870E+01   
6.83699740E+01   
5.96226245E+01   
6.24206841E+01   
6.13748750E+01   
6.94969994E+01   
7.20164033E+01   
7.31926385E+01   
7.28084617E+01   
6.24278856E+01   
7.59794959E+01   
6.62207441E+01   
6.15977195E+01   
6.58044609E+01   
8.23085617E+01   
7.35071014E+01   
6.31074215E+01   
7.18060612E+01   
7.54362873E+01   
6.89626925E+01   
7.11698340E+01   
6.06474295E+01   
6.53184637E+01   
6.59835967E+01   
7.16546309E+01   
7.46730346E+01   
5.94402881E+01   
6.36558312E+01   
7.88717744E+01   
7.12259452E+01   
6.22387477E+01   
8.18621724E+01   
7.22295459E+01   
6.61486297E+01   
5.96282256E+01   
6.03965793E+01   
7.03632727E+01   
8.65333067E+01   
6.94855971E+01   
6.29798960E+01   
7.16999400E+01   
6.25733147E+01   
6.88913783E+01   
6.65556111E+01   
6.91330266E+01   
7.82355471E+01   
7.10148030E+01   
7.06831366E+01   
6.55677135E+01   
6.77935587E+01   
6.06759352E+01   
6.17888578E+01   
7.77880576E+01   
6.79089818E+01   
6.77884577E+01   
7.48139628E+01   
6.89860972E+01   
6.43345669E+01   
6.37273455E+01   
6.47485497E+01   
5.48762753E+01   
5.20579116E+01   
5.54694939E+01   
6.94395879E+01   
8.89029806E+01   
7.46172234E+01   
7.35569114E+01   
7.27157431E+01   
6.04718944E+01   
6.65505101E+01   
6.40915183E+01   
7.28570714E+01   
7.37808562E+01   
7.01741348E+01   
7.24108822E+01   
8.21516303E+01   
7.39116823E+01   
6.48815763E+01   
7.41849370E+01   
7.06677335E+01   
6.17166433E+01   
5.96612322E+01   
6.89478896E+01   
6.50825165E+01   
7.20152030E+01   
6.38808762E+01   
6.84368874E+01   
7.63001600E+01   
7.34894979E+01   
7.15361072E+01   
6.62519504E+01   
5.78154631E+01   
7.68905781E+01   
7.70546109E+01   
6.95329066E+01   
6.50136027E+01   
6.94628926E+01   
5.88062613E+01   
6.52563513E+01   
6.73441688E+01   
6.61709342E+01   
7.21442288E+01   
4.83740748E+01   
8.95273055E+01   
8.07704541E+01   
6.22987598E+01   
7.10120024E+01   
7.55039008E+01   
6.25055011E+01   
6.85331066E+01   
5.62583517E+01   
7.52297459E+01   
8.27606521E+01   
6.92927586E+01   
6.05045009E+01   
6.37686537E+01   
6.85097019E+01   
7.67642529E+01   
8.25115023E+01   
6.05149030E+01   
8.42731546E+01   
7.20040008E+01   
7.30288058E+01   
6.29975995E+01   
7.04966993E+01   
7.27828566E+01   
7.22529506E+01   
6.48216643E+01   
8.14922985E+01   
6.64494899E+01   
6.90722144E+01   
7.59707942E+01   
6.75239048E+01   
5.78834767E+01   
9.59393879E+01   
8.27584517E+01   
6.99245849E+01   
6.12683537E+01   
6.58860772E+01   
8.41705341E+01   
5.84574915E+01   
5.95673135E+01   
6.29725945E+01   
5.77918584E+01   
6.01410282E+01   
8.69721944E+01   
7.26612322E+01   
6.90594119E+01   
6.89143829E+01   
5.16375275E+01   
6.52771554E+01   
7.43321664E+01   
6.51129226E+01   
6.85407081E+01   
6.32775555E+01   
7.25208042E+01   
7.39122825E+01   
5.31384277E+01   
6.83504701E+01   
6.71440288E+01   
6.50132026E+01   
7.86887377E+01   
8.08542709E+01   
6.57649530E+01   
6.68635727E+01   
5.74327866E+01   
6.68575715E+01   
6.02502500E+01   
7.93673735E+01   
7.41440288E+01   
6.93488698E+01   
8.53745749E+01   
6.68431686E+01   
8.11985397E+01   
7.45596119E+01   
6.72886577E+01   
6.66478296E+01   
6.76438288E+01   
6.02064413E+01   
6.09924985E+01   
5.32116423E+01   
6.21869374E+01   
6.15643129E+01   
6.77767554E+01   
7.76334267E+01   
8.52324465E+01   
7.66306261E+01   
6.42368474E+01   
5.12288458E+01   
6.44684937E+01   
7.50855171E+01   
7.20303061E+01   
6.64089818E+01   
7.32540508E+01   
6.10491098E+01   
6.91362272E+01   
7.04500900E+01   
7.65500100E+01   
7.20160032E+01   
7.22987598E+01   
8.28837768E+01   
6.48805761E+01   
5.90501100E+01   
5.48198640E+01   
6.91763353E+01   
5.67213443E+01   
6.41528306E+01   
8.04446889E+01   
6.34453891E+01   
5.98612723E+01   
6.27240448E+01   
5.30237047E+01   
7.44376875E+01   
6.34545909E+01   
5.93035607E+01   
7.14127826E+01   
6.83549710E+01   
7.62481496E+01   
6.31413283E+01   
6.87557512E+01   
7.11401280E+01   
6.53039608E+01   
7.40565113E+01   
6.87232446E+01   
6.76007201E+01   
6.99638928E+01   
6.72518504E+01   
7.12443489E+01   
6.69587918E+01   
7.83030606E+01   
6.41934387E+01   
7.73099620E+01   
7.65350070E+01   
5.90509102E+01   
7.14908982E+01   
6.25767153E+01   
8.68253651E+01   
6.83119624E+01   
6.10308062E+01   
6.59979996E+01   
8.05102020E+01   
8.14216843E+01   
5.95114023E+01   
7.94128826E+01   
6.55166033E+01   
7.99066813E+01   
5.93135627E+01   
6.42006401E+01   
6.97312462E+01   
7.11970394E+01   
6.72554511E+01   
7.98918784E+01   
7.42298460E+01   
6.57112422E+01   
8.03675735E+01   
8.61370274E+01   
6.20688138E+01   
7.59800960E+01   
5.77652531E+01   
5.71589318E+01   
7.98573715E+01   
7.14789958E+01   
8.09386877E+01   
7.25578116E+01   
7.28427686E+01   
5.80291058E+01   
7.11578316E+01   
7.84924985E+01   
7.02916583E+01   
7.09434887E+01   
6.93235647E+01   
7.08821764E+01   
6.29596919E+01   
6.78841768E+01   
6.15145029E+01   
7.72077415E+01   
7.02556511E+01   
7.26415283E+01   
8.00713143E+01   
7.17541508E+01   
6.62177435E+01   
6.97521504E+01   
7.05926185E+01   
5.73311662E+01   
7.73816763E+01   
6.66972394E+01   
6.71086217E+01   
6.32373475E+01   
7.18307662E+01   
6.09229846E+01   
7.42894579E+01   
5.87361472E+01   
7.31322264E+01   
7.26119224E+01   
6.07658532E+01   
5.28623725E+01   
7.36916383E+01   
6.53006601E+01   
6.29814963E+01   
6.87879576E+01   
7.52432486E+01   
6.63684737E+01   
7.96065213E+01   
7.43961792E+01   
7.81445289E+01   
6.32861572E+01   
7.36872374E+01   
6.79239848E+01   
8.23853771E+01   
8.26884377E+01   
6.80703141E+01   
5.99938988E+01   
7.49801960E+01   
6.70446089E+01   
7.19986997E+01   
6.66469294E+01   
9.13463693E+01   
8.10475095E+01   
6.63261652E+01   
7.46933387E+01   
6.83329666E+01   
6.80441088E+01   
5.96673335E+01   
6.90148030E+01   
6.56854371E+01   
6.50110022E+01   
7.50151030E+01   
7.53457692E+01   
6.46854371E+01   
8.13546709E+01   
8.20007001E+01   
6.96780356E+01   
6.47009402E+01   
7.36982396E+01   
7.59771954E+01   
8.33277656E+01   
7.03872775E+01   
7.30434087E+01   
7.16796359E+01   
8.23074615E+01   
7.70319064E+01   
7.83551710E+01   
7.43758752E+01   
6.95928186E+01   
7.36939388E+01   
6.96955391E+01   
6.80140028E+01   
6.63300660E+01   
6.92471494E+01   
5.84647930E+01   
6.83276655E+01   
8.33567714E+01   
6.39497900E+01   
7.54548910E+01   
7.70495099E+01   
6.25647129E+01   
7.23579716E+01   
7.77426485E+01   
7.73611722E+01   
6.76684337E+01   
6.77506501E+01   
7.57119424E+01   
7.24061812E+01   
7.15839168E+01   
7.89700940E+01   
7.55235047E+01   
6.94581916E+01   
7.45642128E+01   
6.50186037E+01   
8.78099620E+01   
7.62284457E+01   
8.83393679E+01   
6.49391878E+01   
7.76077215E+01   
8.34849970E+01   
8.50145029E+01   
6.94865973E+01   
7.29080816E+01   
8.28294659E+01   
6.32413483E+01   
6.31442288E+01   
7.05933187E+01   
6.78617724E+01   
8.48098620E+01   
7.40136027E+01   
7.21566313E+01   
7.66584317E+01   
7.25098020E+01   
7.92381476E+01   
8.47339468E+01   
8.59396879E+01   
7.02181436E+01   
7.49340868E+01   
7.79768954E+01   
8.33779756E+01   
7.65729146E+01   
7.41234247E+01   
6.22888578E+01   
5.96357271E+01   
6.52904581E+01   
6.81993399E+01   
6.19224845E+01   
6.03759752E+01   
6.72917584E+01   
8.10160032E+01   
7.41901380E+01   
8.00140028E+01   
6.56480296E+01   
8.49144829E+01   
6.73791758E+01   
6.09501900E+01   
7.75457091E+01   
7.53823765E+01   
7.23831766E+01   
7.11713343E+01   
7.10132026E+01   
4.97523505E+01   
5.97941588E+01   
7.74560912E+01   
7.79040808E+01   
6.62728546E+01   
6.27849570E+01   
6.43597720E+01   
8.41537307E+01   
8.56230246E+01   
6.94041808E+01   
8.26286257E+01   
8.46342268E+01   
7.41523305E+01   
7.47653531E+01   
7.60130026E+01   
7.02636527E+01   
6.70296059E+01   
8.51275255E+01   
7.32616523E+01   
6.87687538E+01   
6.93927786E+01   
7.22596519E+01   
7.29066813E+01   
6.48502701E+01   
5.69082817E+01   
8.00144029E+01   
6.62544509E+01   
7.40015003E+01   
8.59757952E+01   
7.48752751E+01   
7.45308062E+01   
7.11224245E+01   
7.65467093E+01   
7.44876975E+01   
8.42508502E+01   
7.01806361E+01   
8.07002400E+01   
6.27089418E+01   
7.93214643E+01   
7.08596719E+01   
7.53274655E+01   
7.03145629E+01   
7.17863573E+01   
7.90805161E+01   
6.35611122E+01   
6.84015803E+01   
6.39542909E+01   
8.00164033E+01   
9.06276255E+01   
7.88484697E+01   
8.29105821E+01   
8.90689138E+01   
7.24552911E+01   
6.90613123E+01   
6.62308462E+01   
8.71871374E+01   
6.00938188E+01   
6.85029006E+01   
7.68007602E+01   
7.96569314E+01   
7.27686537E+01   
7.86525305E+01   
7.08027606E+01   
6.06722344E+01   
6.41718344E+01   
7.01782356E+01   
7.56409282E+01   
8.47890578E+01   
7.40172034E+01   
7.66341268E+01   
7.62196439E+01   
6.92180436E+01   
7.70213043E+01   
6.66002200E+01   
7.72123425E+01   
8.20160032E+01   
8.06160232E+01   
7.62148430E+01   
7.42132426E+01   
7.20140028E+01   
7.12108422E+01   
6.80330066E+01   
7.00172034E+01   
7.63782757E+01   
6.52688538E+01   
8.05794159E+01   
7.09944989E+01   
7.20124025E+01   
6.04649930E+01   
7.48271654E+01   
8.01506301E+01   
7.01709342E+01   
6.65121024E+01   
7.97621524E+01   
6.68275655E+01   
7.96064213E+01   
6.63816763E+01   
7.07712543E+01   
7.82966593E+01   
7.39241848E+01   
8.59708942E+01   
7.56068214E+01   
7.23229646E+01   
7.28343669E+01   
7.17800560E+01   
6.51892378E+01   
6.71876375E+01   
6.77841568E+01   
7.70630126E+01   
7.19038808E+01   
8.31872374E+01   
6.08415683E+01   
7.69869974E+01   
8.15305061E+01   
7.52623525E+01   
7.32777556E+01   
7.21025205E+01   
7.51754351E+01   
7.51806361E+01   
5.49302861E+01   
6.54303861E+01   
7.26851370E+01   
6.96883377E+01   
8.50164033E+01   
7.67588518E+01   
7.30152030E+01   
7.60753151E+01   
6.35347069E+01   
7.71732346E+01   
7.10657131E+01   
7.78054611E+01   
7.65928186E+01   
7.09024805E+01   
7.40858172E+01   
7.33621724E+01   
7.76722344E+01   
9.27452490E+01   
8.75623125E+01   
7.46996399E+01   
6.93845769E+01   
7.71407281E+01   
7.48848770E+01   
7.71447289E+01   
7.91487297E+01   
7.10168034E+01   
7.81616323E+01   
7.38801760E+01   
7.90086017E+01   
6.41592318E+01   
7.01576315E+01   
6.38601720E+01   
7.54502901E+01   
7.57478496E+01   
8.78640728E+01   
8.68783757E+01   
9.37431486E+01   
7.97224445E+01   
9.07734547E+01   
7.60675135E+01   
7.75102020E+01   
7.65146029E+01   
7.00503101E+01   
7.55808162E+01   
7.17539508E+01   
8.86738348E+01   
8.66657331E+01   
8.34535907E+01   
7.83996799E+01   
6.91420284E+01   
8.11404281E+01   
7.32019404E+01   
8.81400280E+01   
6.51929386E+01   
6.34701940E+01   
7.60649130E+01   
8.78931786E+01   
6.42548510E+01   
6.98939788E+01   
7.85732146E+01   
7.14547910E+01   
7.07803561E+01   
6.74796959E+01   
5.75515103E+01   
7.69011802E+01   
8.14595919E+01   
7.17988598E+01   
7.97907582E+01   
8.89046809E+01   
8.37937588E+01   
9.31382276E+01   
8.81201240E+01   
6.73412683E+01   
7.71395279E+01   
8.21240248E+01   
7.37808562E+01   
7.06720344E+01   
7.59414883E+01   
8.24663933E+01   
8.54280856E+01   
8.32611522E+01   
7.42188438E+01   
7.06656331E+01   
7.82663533E+01   
7.58037608E+01   
7.02290458E+01   
7.58552711E+01   
7.86295259E+01   
8.43739748E+01   
9.15845169E+01   
7.78259652E+01   
7.98291658E+01   
7.85624125E+01   
8.91967393E+01   
8.52900580E+01   
8.30164033E+01   
7.75608122E+01   
7.84560912E+01   
7.59247850E+01   
7.01239248E+01   
7.97304461E+01   
6.16416283E+01   
6.88451690E+01   
8.01403281E+01   
8.13480696E+01   
7.60968194E+01   
8.03931786E+01   
8.18555711E+01   
7.92548510E+01   
8.25443089E+01   
8.52524505E+01   
8.97092418E+01   
6.47812563E+01   
7.46363273E+01   
8.24791958E+01   
8.14063813E+01   
8.02364473E+01   
8.44075815E+01   
8.20168034E+01   
8.74111822E+01   
8.65528106E+01   
7.98272655E+01   
6.94119824E+01   
6.65488098E+01   
7.01476295E+01   
8.12179436E+01   
8.06140228E+01   
9.00156031E+01   
7.43316663E+01   
6.61059212E+01   
8.82016403E+01   
7.91799360E+01   
9.85488098E+01   
7.79032807E+01   
8.32503501E+01   
7.46032206E+01   
7.59019804E+01   
9.13211642E+01   
7.90200040E+01   
8.36016203E+01   
6.77600520E+01   
7.40680136E+01   
6.99623925E+01   
7.84895979E+01   
9.68139628E+01   
7.53164633E+01   
7.84895979E+01   
8.26303261E+01   
8.63040608E+01   
7.71088218E+01   
7.99687938E+01   
8.07911582E+01   
7.59812963E+01   
8.08379676E+01   
7.63655731E+01   
7.71416283E+01   
6.98511702E+01   
9.20976195E+01   
7.16532306E+01   
7.24171834E+01   
7.63835767E+01   
8.26836367E+01   
8.03883777E+01   
9.65348070E+01   
8.50856171E+01   
7.78807762E+01   
7.73136627E+01   
7.13351670E+01   
8.84063813E+01   
8.11096219E+01   
8.69863973E+01   
8.64735947E+01   
8.41860372E+01   
7.83635727E+01   
8.29383877E+01   
8.22248450E+01   
7.59391878E+01   
9.55040008E+01   
9.60396079E+01   
8.10380076E+01   
7.20148030E+01   
8.74211842E+01   
7.45684137E+01   
8.50356071E+01   
8.00156031E+01   
7.20684137E+01   
7.49459892E+01   
8.55084017E+01   
8.10016003E+01   
7.70464093E+01   
8.34683937E+01   
8.30572114E+01   
8.05104021E+01   
9.55224045E+01   
7.25112022E+01   
7.35696139E+01   
7.99419884E+01   
9.60188038E+01   
8.25656131E+01   
7.79879976E+01   
9.35084017E+01   
8.50564113E+01   
6.89875975E+01   
8.00068014E+01   
7.65248050E+01   
9.00104021E+01   
8.40208042E+01   
8.80192038E+01   
7.60176035E+01   
6.70096019E+01   
7.25220044E+01   
8.95212042E+01   
9.90056011E+01   
8.20008002E+01   
6.30184037E+01   
7.30136027E+01   
8.09919984E+01   
8.05792158E+01   
8.10092018E+01   
7.80172034E+01   
8.10068014E+01   
8.60052010E+01   
8.45336067E+01   
8.75232046E+01   
8.35240048E+01   
8.65104021E+01   
8.85856171E+01   
9.24647930E+01   
9.40012002E+01   
7.74379876E+01   
8.81056211E+01   
8.25464093E+01   
7.99187838E+01   
6.75460092E+01   
8.24835967E+01   
7.60820164E+01   
8.55520104E+01   
8.70184037E+01   
7.64563913E+01   
7.24523905E+01   
7.20936187E+01   
8.50168034E+01   
9.29047810E+01   
7.65856171E+01   
7.20748150E+01   
7.64411882E+01   
8.57180436E+01   
9.38283657E+01   
7.09827966E+01   
9.05652130E+01   
7.80504101E+01   
8.70520104E+01   
8.53056611E+01   
9.41375275E+01   
7.13463693E+01   
7.57232446E+01   
8.14967994E+01   
8.69759952E+01   
9.24539908E+01   
7.20140028E+01   
7.57595519E+01   
7.33980796E+01   
8.77083417E+01   
7.98468694E+01   
9.99255851E+01   
8.57704541E+01   
8.57835567E+01   
6.49675935E+01   
8.14052811E+01   
8.21987397E+01   
8.78436687E+01   
8.33931786E+01   
9.83371674E+01   
8.51220244E+01   
9.18128626E+01   
9.32231446E+01   
7.99627926E+01   
8.07931586E+01   
9.75253051E+01   
8.48010602E+01   
7.48324665E+01   
8.17787558E+01   
7.67224445E+01   
8.97280456E+01   
7.92028406E+01   
7.78331666E+01   
8.06387277E+01   
8.49932987E+01   
9.70701140E+01   
9.63698740E+01   
8.31508302E+01   
8.46163233E+01   
8.70828166E+01   
7.73596719E+01   
9.95544109E+01   
9.05271054E+01   
7.26924385E+01   
8.32324465E+01   
8.94095819E+01   
9.83120624E+01   
9.76487297E+01   
6.85655131E+01   
8.51581316E+01   
9.06340268E+01   
9.98647730E+01   
7.77831566E+01   
8.80952190E+01   
7.66167233E+01   
8.75785157E+01   
9.28551710E+01   
9.73464693E+01   
8.83119624E+01   
9.44759952E+01   
8.70176035E+01   
8.78463693E+01   
9.21024205E+01   
8.01040208E+01   
8.73696739E+01   
8.16770354E+01   
8.00957191E+01   
9.93827766E+01   
9.70172034E+01   
8.84711942E+01   
8.46560312E+01   
8.21903381E+01   
8.61096219E+01   
8.75873175E+01   
8.09926985E+01   
8.64679936E+01   
8.35648130E+01   
7.73116623E+01   
9.31180236E+01   
1.03169534E+02   
8.24663933E+01   
7.11607321E+01   
8.53208642E+01   
7.84643929E+01   
7.09115823E+01   
8.48533707E+01   
1.09151530E+02   
9.05716143E+01   
8.14826965E+01   
9.77570514E+01   
9.61534307E+01   
8.37983597E+01   
7.26816363E+01   
9.35738148E+01   
9.43485697E+01   
8.03548710E+01   
8.74506901E+01   
8.63580716E+01   
8.33443689E+01   
7.61320264E+01   
8.35752150E+01   
6.03114623E+01   
8.44005801E+01   
7.59818964E+01   
7.45748150E+01   
7.84547910E+01   
8.53796759E+01   
9.16293259E+01   
9.87747550E+01   
8.72754551E+01   
7.83261652E+01   
8.97034407E+01   
9.12101420E+01   
9.90739148E+01   
8.30925185E+01   
8.30691138E+01   
8.94523905E+01   
9.57558512E+01   
8.78433687E+01   
1.00375375E+02   
8.97918584E+01   
9.44188838E+01   
8.13187638E+01   
9.50192038E+01   
7.80670134E+01   
8.96555311E+01   
9.80415083E+01   
7.83127626E+01   
7.87534507E+01   
8.75650130E+01   
8.46054211E+01   
8.24447890E+01   
8.72970594E+01   
1.07592719E+02   
9.81599320E+01   
8.18800760E+01   
7.12821564E+01   
9.49042809E+01   
8.87110422E+01   
8.87384477E+01   
8.08687738E+01   
7.95679136E+01   
8.27665533E+01   
9.09890978E+01   
8.04716943E+01   
9.48302661E+01   
8.90521104E+01   
9.00172034E+01   
8.77067413E+01   
9.06397279E+01   
8.31267253E+01   
8.68591718E+01   
8.44912983E+01   
8.74960992E+01   
8.84805961E+01   
9.13722745E+01   
8.20781156E+01   
8.70837167E+01   
9.59973995E+01   
1.00440788E+02   
8.63740748E+01   
9.68425685E+01   
9.53512703E+01   
8.21019204E+01   
8.80180036E+01   
7.58491698E+01   
8.88653731E+01   
9.19985997E+01   
9.37013403E+01   
9.38475695E+01   
8.06052210E+01   
8.98455691E+01   
9.28905781E+01   
9.73214643E+01   
9.66671334E+01   
8.89596919E+01   
9.89636927E+01   
1.00129426E+02   
8.04798960E+01   
9.05054011E+01   
8.98387678E+01   
1.02018804E+02   
9.76100220E+01   
8.66527305E+01   
9.46495299E+01   
8.46084217E+01   
9.33517704E+01   
9.63928786E+01   
9.28662733E+01   
9.76128226E+01   
8.32917584E+01   
9.51518304E+01   
1.01804461E+02   
9.38287658E+01   
8.90192038E+01   
8.32299460E+01   
8.62275455E+01   
8.99750950E+01   
1.15218044E+02   
1.08053311E+02   
9.34112823E+01   
8.76298260E+01   
8.78093619E+01   
1.07417283E+02   
9.70203041E+01   
9.06188238E+01   
9.44220844E+01   
1.03621624E+02   
9.09964993E+01   
1.11065313E+02   
1.06398180E+02   
9.96091218E+01   
9.66220244E+01   
9.88119624E+01   
9.60385077E+01   
9.02071414E+01   
1.01462593E+02   
1.06996699E+02   
9.02039408E+01   
9.75955191E+01   
8.03794759E+01   
1.07511102E+02   
9.55923185E+01   
9.01967393E+01   
8.92745549E+01   
1.05762252E+02   
8.86272254E+01   
9.10188038E+01   
9.56765353E+01   
1.00801160E+02   
9.09161832E+01   
9.64544909E+01   
8.91334267E+01   
9.82380476E+01   
1.03807962E+02   
1.05161132E+02   
8.57546509E+01   
7.96593319E+01   
8.96720344E+01   
9.33366673E+01   
9.10184037E+01   
9.52480496E+01   
8.84821964E+01   
9.18624725E+01   
9.16328266E+01   
8.99485897E+01   
8.36185237E+01   
9.68911782E+01   
9.49338868E+01   
1.07874075E+02   
9.95475095E+01   
9.13513703E+01   
9.41148230E+01   
1.03028106E+02   
1.03964093E+02   
8.23987798E+01   
9.81563313E+01   
9.01237247E+01   
1.02749350E+02   
9.20458092E+01   
7.15291058E+01   
8.44910982E+01   
9.44129826E+01   
8.93947790E+01   
1.04010202E+02   
8.62746549E+01   
8.01443289E+01   
9.05185037E+01   
1.00772955E+02   
8.82572515E+01   
8.55217043E+01   
8.08834767E+01   
1.10660632E+02   
9.16468294E+01   
9.51597319E+01   
1.01622625E+02   
9.24205841E+01   
8.41786357E+01   
9.78645729E+01   
8.38312663E+01   
9.15815163E+01   
7.99279856E+01   
9.32772555E+01   
9.40686137E+01   
9.78586717E+01   
9.71195239E+01   
8.79140828E+01   
9.73490698E+01   
1.04188938E+02   
1.03120724E+02   
9.32363473E+01   
1.01728246E+02   
1.11924085E+02   
9.57483497E+01   
1.02018804E+02   
1.12292358E+02   
1.07024005E+02   
9.47400480E+01   
9.17713543E+01   
1.06818364E+02   
9.89976995E+01   
6.93771754E+01   
8.92117423E+01   
8.69364873E+01   
8.71786357E+01   
9.30164033E+01   
9.01921384E+01   
1.04894179E+02   
1.05020804E+02   
9.33164633E+01   
9.23008602E+01   
9.84450890E+01   
9.55182036E+01   
1.07523405E+02   
9.70887177E+01   
8.72417483E+01   
9.98905781E+01   
1.00926485E+02   
1.09704041E+02   
1.06812963E+02   
1.01127526E+02   
9.93743749E+01   
9.76680336E+01   
9.86688338E+01   
1.01557812E+02   
1.03055811E+02   
1.00802360E+02   
1.05931986E+02   
9.23585717E+01   
1.05773055E+02   
1.00069914E+02   
1.08179136E+02   
1.12953491E+02   
9.48371674E+01   
8.56338268E+01   
8.71915383E+01   
9.14493899E+01   
1.04081016E+02   
9.72199440E+01   
9.52885577E+01   
8.75128026E+01   
9.81473295E+01   
1.04090618E+02   
1.03642128E+02   
1.04021204E+02   
1.10929086E+02   
1.08083817E+02   
9.77928586E+01   
9.32248450E+01   
1.09681636E+02   
1.04731846E+02   
1.01386677E+02   
1.14998100E+02   
9.27656531E+01   
8.23173635E+01   
1.01981796E+02   
9.56824365E+01   
9.50872174E+01   
9.66788358E+01   
1.04313863E+02   
1.03332967E+02   
9.90228046E+01   
1.14074315E+02   
9.09894979E+01   
1.12676535E+02   
1.01713243E+02   
9.20066013E+01   
8.77067413E+01   
9.69926985E+01   
1.01698340E+02   
7.66836367E+01   
1.04351770E+02   
1.01355771E+02   
9.43423685E+01   
1.10364773E+02   
1.02026105E+02   
8.53271654E+01   
9.30322064E+01   
1.02367373E+02   
1.10381476E+02   
1.11638328E+02   
1.11043809E+02   
1.05308862E+02   
9.87335467E+01   
9.96932386E+01   
8.92626525E+01   
9.91817363E+01   
1.06234547E+02   
8.59556911E+01   
9.17109422E+01   
1.05877275E+02   
9.95542108E+01   
1.03370074E+02   
1.18803661E+02   
9.74205841E+01   
9.28662733E+01   
1.08606921E+02   
9.94679936E+01   
1.17956991E+02   
9.23082617E+01   
8.43756751E+01   
1.04983097E+02   
9.87730546E+01   
1.12099020E+02   
9.61831366E+01   
1.10224945E+02   
1.00492699E+02   
1.05612623E+02   
8.73800760E+01   
9.07918584E+01   
9.99730946E+01   
9.93848770E+01   
9.15541108E+01   
9.65368074E+01   
1.03913683E+02   
1.06128726E+02   
1.00760552E+02   
9.70590118E+01   
9.67020404E+01   
8.39586917E+01   
1.11057912E+02   
1.22902180E+02   
1.06893179E+02   
9.35215043E+01   
9.50879176E+01   
1.15711242E+02   
1.01379476E+02   
1.05220744E+02   
1.15469394E+02   
1.04023205E+02   
1.23428386E+02   
1.04163833E+02   
1.07108822E+02   
1.01017203E+02   
1.16550010E+02   
9.75617123E+01   
1.07404081E+02   
1.17031306E+02   
1.13024405E+02   
1.27001900E+02   
1.04491398E+02   
1.06683137E+02   
8.91021204E+01   
8.89306861E+01   
1.10633227E+02   
1.04453291E+02   
1.20989998E+02   
1.11053211E+02   
1.14231046E+02   
9.38317664E+01   
1.07303561E+02   
9.44304861E+01   
9.14088818E+01   
1.08026405E+02   
1.04719244E+02   
1.08318364E+02   
1.10633927E+02   
1.07611122E+02   
1.10231046E+02   
1.03619524E+02   
1.13344769E+02   
1.23106521E+02   
1.00178236E+02   
9.02398480E+01   
1.14948690E+02   
1.00683237E+02   
1.08068014E+02   
1.00613123E+02   
1.08377676E+02   
1.02961892E+02   
1.04490198E+02   
9.66588318E+01   
9.57240448E+01   
9.28477696E+01   
9.86831366E+01   
1.26523305E+02   
1.18191438E+02   
1.08152931E+02   
1.07220344E+02   
1.27832466E+02   
1.07632426E+02   
1.12625225E+02   
1.04286657E+02   
9.03099620E+01   
1.07853671E+02   
1.04351870E+02   
1.10581016E+02   
9.33128626E+01   
1.20570314E+02   
1.10741748E+02   
1.15593619E+02   
1.00734847E+02   
1.09318564E+02   
1.05025605E+02   
1.14741648E+02   
1.06010902E+02   
1.05270554E+02   
1.16058612E+02   
1.16128726E+02   
9.71988398E+01   
1.11740848E+02   
1.06802460E+02   
1.04997099E+02   
1.11268854E+02   
1.01102320E+02   
1.00695739E+02   
9.00619124E+01   
1.27394979E+02   
1.30518804E+02   
1.24085117E+02   
9.95212042E+01   
1.27079516E+02   
1.08682937E+02   
1.14638228E+02   
9.59536907E+01   
1.16192539E+02   
1.03644629E+02   
9.68466693E+01   
1.06039108E+02   
1.06551210E+02   
9.88410682E+01   
1.07833967E+02   
1.02840668E+02   
1.14565913E+02   
1.14572815E+02   
1.06567113E+02   
1.20107822E+02   
1.02916883E+02   
1.06396679E+02   
1.01861572E+02   
1.00719944E+02   
1.02598020E+02   
1.14711542E+02   
1.00946589E+02   
1.11877976E+02   
1.25630126E+02   
1.01892478E+02   
1.05219344E+02   
1.12156331E+02   
1.07693839E+02   
1.06743349E+02   
1.12982096E+02   
1.07381676E+02   
1.22788358E+02   
1.06872074E+02   
1.32913183E+02   
1.11235247E+02   
1.19179136E+02   
1.31397680E+02   
1.09644729E+02   
1.03590518E+02   
1.21534607E+02   
1.11677736E+02   
1.05323365E+02   
1.20380276E+02   
1.07361172E+02   
1.06725845E+02   
1.14163633E+02   
1.12175335E+02   
1.18636427E+02   
9.99218844E+01   
1.26049410E+02   
1.12735447E+02   
1.07995799E+02   
1.06326365E+02   
1.22719244E+02   
1.14257351E+02   
1.04100020E+02   
9.47632527E+01   
1.30177135E+02   
1.11816263E+02   
1.22984997E+02   
1.31544109E+02   
1.11296359E+02   
1.18013803E+02   
1.23526305E+02   
1.15775855E+02   
1.28767453E+02   
1.17770054E+02   
1.18776655E+02   
1.21022004E+02   
1.24022404E+02   
1.17778656E+02   
1.23004601E+02   
1.08804461E+02   
1.12244549E+02   
1.07279756E+02   
1.17282156E+02   
1.36313763E+02   
1.06176735E+02   
1.11071414E+02   
1.07758252E+02   
1.17021604E+02   
1.20822464E+02   
1.23269154E+02   
1.03113523E+02   
1.23720344E+02   
1.16454291E+02   
1.19114623E+02   
1.15205141E+02   
1.20956391E+02   
1.01708842E+02   
1.11851270E+02   
9.75023005E+01   
1.17101220E+02   
1.29868074E+02   
1.22658232E+02   
1.12320664E+02   
1.01347570E+02   
1.17067013E+02   
1.14307762E+02   
1.20073015E+02   
1.13153931E+02   
1.20310562E+02   
1.15661332E+02   
1.17847069E+02   
1.18967393E+02   
1.32381976E+02   
1.10777556E+02   
1.09787658E+02   
9.32258452E+01   
1.10118724E+02   
1.28954191E+02   
1.17486297E+02   
1.12093019E+02   
1.12411682E+02   
1.17939688E+02   
1.20331366E+02   
1.11867574E+02   
1.20941388E+02   
1.13347269E+02   
1.20942989E+02   
1.07312262E+02   
1.09792458E+02   
1.20793259E+02   
1.15201240E+02   
1.23160532E+02   
1.00836767E+02   
1.20793259E+02   
1.14760552E+02   
1.11798460E+02   
1.18799260E+02   
1.27024805E+02   
1.13351770E+02   
1.12369674E+02   
1.22352971E+02   
1.23462793E+02   
1.12700540E+02   
1.16577015E+02   
1.23136927E+02   
1.36576015E+02   
1.07012703E+02   
1.10149130E+02   
1.21142629E+02   
1.23465493E+02   
1.25707542E+02   
1.14903781E+02   
1.22838168E+02   
1.35902981E+02   
1.23028006E+02   
1.19463093E+02   
1.10501500E+02   
1.24035707E+02   
1.24924185E+02   
1.30159032E+02   
1.19179836E+02   
1.25299260E+02   
1.05882577E+02   
1.17950290E+02   
1.16307662E+02   
1.23729946E+02   
1.23263553E+02   
1.20880176E+02   
1.17548510E+02   
1.28202240E+02   
1.42908982E+02   
1.27717544E+02   
1.10868174E+02   
1.43182236E+02   
1.30975495E+02   
1.19865373E+02   
1.17489598E+02   
1.28100420E+02   
1.29320164E+02   
1.15192238E+02   
1.35610522E+02   
1.43576415E+02   
1.37476395E+02   
1.30613723E+02   
1.34292559E+02   
1.21844969E+02   
1.37738948E+02   
1.17846569E+02   
1.15478096E+02   
1.41185737E+02   
1.34600020E+02   
1.26637027E+02   
1.21648330E+02   
1.18237247E+02   
1.23616923E+02   
1.34393879E+02   
1.24045909E+02   
1.35212442E+02   
1.16230446E+02   
1.23825165E+02   
1.21025005E+02   
1.24617524E+02   
1.27828766E+02   
1.02610322E+02   
1.14624525E+02   
1.29663033E+02   
1.15590818E+02   
1.34055411E+02   
1.18971894E+02   
1.24865473E+02   
1.23002901E+02   
1.45510702E+02   
1.35251450E+02   
1.35530106E+02   
1.28024805E+02   
1.23831266E+02   
1.19604621E+02   
1.29482096E+02   
1.27604221E+02   
1.48106621E+02   
1.47838468E+02   
1.14706341E+02   
1.26122925E+02   
1.10878376E+02   
1.19363673E+02   
1.28786557E+02   
1.24729046E+02   
1.33079516E+02   
1.43258452E+02   
1.36040208E+02   
1.34901580E+02   
1.38029206E+02   
1.35643529E+02   
1.40160232E+02   
1.27816663E+02   
1.25238548E+02   
1.35731646E+02   
1.30660932E+02   
1.13086617E+02   
1.19734847E+02   
1.23227646E+02   
1.30540808E+02   
1.36393479E+02   
1.41027205E+02   
1.37753651E+02   
1.40396179E+02   
1.50011102E+02   
1.35044209E+02   
1.16193239E+02   
1.26844469E+02   
1.28127125E+02   
1.43101620E+02   
1.37700840E+02   
1.31704641E+02   
1.47931086E+02   
1.43228446E+02   
1.33557011E+02   
1.24731346E+02   
1.37083117E+02   
1.23610622E+02   
1.31199140E+02   
1.33497800E+02   
1.33801260E+02   
1.22898880E+02   
1.30459792E+02   
1.42202340E+02   
1.17759752E+02   
1.17678936E+02   
1.31301860E+02   
1.20716943E+02   
1.38571414E+02   
1.30141528E+02   
1.41540608E+02   
1.47005201E+02   
1.39389078E+02   
1.10738948E+02   
1.18313863E+02   
1.25376275E+02   
1.26666533E+02   
1.36540208E+02   
1.20197940E+02   
1.14693739E+02   
1.40016003E+02   
1.52199140E+02   
1.36355471E+02   
1.44537007E+02   
1.17681736E+02   
1.38355871E+02   
1.13025605E+02   
1.28878076E+02   
1.43028406E+02   
1.29844069E+02   
1.46910882E+02   
1.49492599E+02   
1.27675735E+02   
1.28610922E+02   
1.23441888E+02   
1.38776155E+02   
1.22879976E+02   
1.34423085E+02   
1.31547810E+02   
1.44505001E+02   
1.57169234E+02   
1.48250250E+02   
1.48028006E+02   
1.17973195E+02   
1.41140028E+02   
1.37165033E+02   
1.40615423E+02   
1.53531106E+02   
1.57343469E+02   
1.54823965E+02   
1.41703441E+02   
1.31191038E+02   
1.36715843E+02   
1.41263153E+02   
1.39789158E+02   
1.19872875E+02   
1.38416683E+02   
1.49988998E+02   
1.40914683E+02   
1.34876875E+02   
1.53370374E+02   
1.51536107E+02   
1.24228246E+02   
1.35969494E+02   
1.25230846E+02   
1.25240448E+02   
1.35216643E+02   
1.35062312E+02   
1.25876475E+02   
1.40318664E+02   
1.19822665E+02   
1.33614923E+02   
1.48401280E+02   
1.45344969E+02   
1.34353671E+02   
1.16038308E+02   
1.29290458E+02   
1.39746849E+02   
1.22173435E+02   
1.42016303E+02   
1.42744049E+02   
1.36451690E+02   
1.59888978E+02   
1.16867473E+02   
1.37764353E+02   
1.30732446E+02   
1.41026805E+02   
1.40166733E+02   
1.26305461E+02   
1.37190838E+02   
1.26831466E+02   
1.34054511E+02   
1.44025605E+02   
1.42100220E+02   
1.65442589E+02   
1.49893279E+02   
1.54757752E+02   
1.41303061E+02   
1.47656731E+02   
1.44728446E+02   
1.47110222E+02   
1.61745649E+02   
1.32910982E+02   
1.47629826E+02   
1.29762252E+02   
1.55504601E+02   
1.31621924E+02   
1.39216543E+02   
1.60000500E+02   
1.30575215E+02   
1.19024005E+02   
1.56199440E+02   
1.40069014E+02   
1.43378776E+02   
1.28286657E+02   
1.32285057E+02   
1.36411782E+02   
1.47258052E+02   
1.29538108E+02   
1.40899280E+02   
1.42266453E+02   
1.59892278E+02   
1.42543909E+02   
1.58647229E+02   
1.70033407E+02   
1.44276455E+02   
1.44771154E+02   
1.52172535E+02   
1.53155531E+02   
1.64539108E+02   
1.32260452E+02   
1.37662232E+02   
1.34371574E+02   
1.34175335E+02   
1.40544309E+02   
1.47271854E+02   
1.56390578E+02   
1.39747950E+02   
1.50026005E+02   
1.36502501E+02   
1.44430786E+02   
1.45488198E+02   
1.43446689E+02   
1.37204141E+02   
1.35678236E+02   
1.64396679E+02   
1.25060812E+02   
1.54750850E+02   
1.54337267E+02   
1.52075715E+02   
1.74957391E+02   
1.61522605E+02   
1.65891978E+02   
1.58283957E+02   
1.58596419E+02   
1.64225245E+02   
1.56147530E+02   
1.58699040E+02   
1.52377976E+02   
1.60694039E+02   
1.43918284E+02   
1.58602120E+02   
1.81686837E+02   
1.56141528E+02   
1.58485997E+02   
1.42664433E+02   
1.62027606E+02   
1.51811762E+02   
1.62168234E+02   
1.57067514E+02   
1.58248650E+02   
1.62991298E+02   
1.62077516E+02   
1.74401280E+02   
1.34454591E+02   
1.58875675E+02   
1.49657932E+02   
1.59613923E+02   
1.44824165E+02   
1.42238248E+02   
1.53544809E+02   
1.57415283E+02   
1.52216243E+02   
1.63643929E+02   
1.64729046E+02   
1.45745849E+02   
1.67023605E+02   
1.41631126E+02   
1.61127125E+02   
1.38028006E+02   
1.58238248E+02   
1.59031206E+02   
1.73072815E+02   
1.62892078E+02   
1.63380576E+02   
1.34713743E+02   
1.53060012E+02   
1.51684337E+02   
1.61510402E+02   
1.66555211E+02   
1.75127526E+02   
1.55504001E+02   
1.50748650E+02   
1.58844569E+02   
1.48149830E+02   
1.48636827E+02   
1.50772154E+02   
1.72743549E+02   
1.52036007E+02   
1.81486997E+02   
1.60222144E+02   
1.62398880E+02   
1.65845269E+02   
1.46927586E+02   
1.54939288E+02   
1.66230346E+02   
1.73325865E+02   
1.51881876E+02   
1.58664233E+02   
1.31000000E+02   
1.63683037E+02   
1.66466793E+02   
1.68462793E+02   
1.76261552E+02   
1.75864573E+02   
1.79696739E+02   
1.64205841E+02   
1.68539908E+02   
1.60451590E+02   
1.43278756E+02   
1.77537107E+02   
1.40597219E+02   
1.58551110E+02   
1.65951290E+02   
1.53357672E+02   
1.67870174E+02   
1.54755251E+02   
1.60789058E+02   
1.57075815E+02   
1.77272154E+02   
1.57584617E+02   
1.61265753E+02   
1.59341268E+02   
1.74865273E+02   
1.58650930E+02   
1.60258252E+02   
1.43032306E+02   
1.56890878E+02   
1.71186637E+02   
1.62785957E+02   
1.77134227E+02   
1.64001700E+02   
1.74956491E+02   
1.50471894E+02   
1.60858572E+02   
1.65689238E+02   
1.73525005E+02   
1.81177836E+02   
1.88459892E+02   
1.69179836E+02   
1.50167033E+02   
1.63466693E+02   
1.63661632E+02   
1.70986097E+02   
1.85965693E+02   
1.76378776E+02   
1.63033207E+02   
1.68761552E+02   
1.58250050E+02   
1.63155131E+02   
1.78232246E+02   
1.60899680E+02   
1.77109622E+02   
1.73365573E+02   
1.79036007E+02   
1.42265553E+02   
1.71613523E+02   
1.70037207E+02   
1.75846669E+02   
1.81038408E+02   
1.93912983E+02   
1.63786957E+02   
1.69477195E+02   
1.78022204E+02   
1.86420484E+02   
1.52460592E+02   
1.85670934E+02   
1.64814063E+02   
1.56315863E+02   
1.64093919E+02   
1.61621524E+02   
1.71438588E+02   
1.69985197E+02   
1.76632226E+02   
1.73437387E+02   
1.83297560E+02   
1.86222545E+02   
1.82584317E+02   
1.99257652E+02   
1.54977295E+02   
1.79471294E+02   
1.87378676E+02   
1.55412583E+02   
1.60085917E+02   
1.96341568E+02   
1.76353471E+02   
1.67191738E+02   
1.75787758E+02   
1.73485497E+02   
1.51878676E+02   
1.59337467E+02   
1.56634527E+02   
1.72476995E+02   
1.77535307E+02   
1.90494199E+02   
1.80477195E+02   
1.55035207E+02   
1.95604021E+02   
2.04086317E+02   
1.83708642E+02   
1.91881976E+02   
1.78895079E+02   
1.67402480E+02   
1.74986497E+02   
1.77626425E+02   
1.64527806E+02   
1.67854371E+02   
1.68033207E+02   
1.80076715E+02   
1.80084417E+02   
1.73280156E+02   
1.77014603E+02   
1.70249150E+02   
1.71328166E+02   
1.70281456E+02   
1.57113823E+02   
1.79830066E+02   
2.07674435E+02   
1.93918684E+02   
1.69625025E+02   
1.79103421E+02   
2.02463393E+02   
1.53606221E+02   
1.88431486E+02   
1.76371974E+02   
1.76144529E+02   
1.89415983E+02   
1.95291358E+02   
1.83356771E+02   
1.73138928E+02   
1.86407682E+02   
2.00593619E+02   
1.93129826E+02   
1.67931486E+02   
1.87635927E+02   
1.86332366E+02   
1.81582116E+02   
1.80295259E+02   
2.02973795E+02   
1.87882076E+02   
1.80408082E+02   
1.73913583E+02   
2.11557912E+02   
1.87485397E+02   
2.14425585E+02   
2.01959092E+02   
1.68357772E+02   
1.75572214E+02   
1.78704341E+02   
1.93174735E+02   
1.90930386E+02   
1.97959892E+02   
1.99936387E+02   
2.00041608E+02   
1.95342869E+02   
1.71308562E+02   
2.12643529E+02   
2.01990998E+02   
1.98392178E+02   
2.14432887E+02   
1.91361872E+02   
2.02926885E+02   
1.71128026E+02   
1.91167834E+02   
2.04930886E+02   
1.95955591E+02   
1.88263353E+02   
1.76135127E+02   
1.87877576E+02   
1.88998600E+02   
1.84093719E+02   
1.63091318E+02   
2.19677135E+02   
2.02130726E+02   
1.86126725E+02   
1.98888878E+02   
1.92336267E+02   
1.75051510E+02   
1.95864673E+02   
1.96994299E+02   
1.61408382E+02   
1.92844869E+02   
1.69133327E+02   
1.98763153E+02   
1.94041208E+02   
1.79269854E+02   
1.82107822E+02   
2.25638828E+02   
2.12113823E+02   
1.97153431E+02   
2.00984897E+02   
2.08081616E+02   
2.13989298E+02   
1.98964793E+02   
2.16098620E+02   
2.15954591E+02   
1.97178436E+02   
1.86023405E+02   
1.99040008E+02   
2.07118124E+02   
1.91988698E+02   
2.03987998E+02   
1.94077015E+02   
1.93984197E+02   
2.13084017E+02   
1.99011802E+02   
2.21008002E+02   
2.01053411E+02   
1.90097319E+02   
2.35945789E+02   
1.81121024E+02   
2.29033507E+02   
2.11020704E+02   
2.00065513E+02   
1.88047409E+02   
1.95044709E+02   
2.30030306E+02   
2.18041908E+02   
1.98034707E+02   
1.95057512E+02   
2.26035607E+02   
2.13070014E+02   
2.22979896E+02   
1.98051010E+02   
2.08021004E+02   
1.77072314E+02   
1.99992298E+02   
1.82043409E+02   
1.85081016E+02   
1.96059612E+02   
2.08009802E+02   
2.22965093E+02   
1.93180436E+02   
2.20017604E+02   
2.08055811E+02   
2.10035507E+02   
2.02127125E+02   
2.21844269E+02   
2.10138828E+02   
1.97988198E+02   
2.00104321E+02   
2.19983797E+02   
2.17090118E+02   
2.09167634E+02   
2.35817463E+02   
2.07094519E+02   
1.97899580E+02   
2.03240948E+02   
1.98067013E+02   
2.15029906E+02   
2.36135527E+02   
2.38853371E+02   
2.15081916E+02   
2.34185837E+02   
2.18119324E+02   
2.04664233E+02   
1.91162432E+02   
2.04023905E+02   
2.04122124E+02   
2.04227546E+02   
2.23063313E+02   
2.21887077E+02   
2.12934187E+02   
1.94206941E+02   
2.23609222E+02   
1.87710442E+02   
2.05654731E+02   
2.35402681E+02   
2.21924985E+02   
2.41857471E+02   
2.15148530E+02   
2.24174235E+02   
2.02957992E+02   
2.31954791E+02   
2.26562212E+02   
2.05547510E+02   
2.11256951E+02   
2.48757952E+02   
2.44287457E+02   
2.40872074E+02   
2.01891778E+02   
2.06066913E+02   
2.04937187E+02   
2.11040008E+02   
2.02847169E+02   
2.44560512E+02   
2.29906281E+02   
2.45548710E+02   
2.34306561E+02   
2.44533307E+02   
2.42372374E+02   
1.93274855E+02   
2.11612422E+02   
2.32498900E+02   
1.92040808E+02   
2.21134727E+02   
2.24644429E+02   
2.41343269E+02   
2.10755951E+02   
2.31082517E+02   
2.26617023E+02   
2.25078516E+02   
2.13738248E+02   
2.31042308E+02   
2.40599420E+02   
2.53977395E+02   
2.28225745E+02   
2.54940888E+02   
2.29427385E+02   
2.24041208E+02   
2.35488898E+02   
2.53573915E+02   
2.33937287E+02   
2.46665333E+02   
2.13812963E+02   
2.29319164E+02   
2.41252651E+02   
2.34439888E+02   
2.28771954E+02   
2.35845469E+02   
2.43924085E+02   
2.35880976E+02   
2.45328366E+02   
2.07293459E+02   
2.29941888E+02   
2.46742148E+02   
2.52569514E+02   
2.02174335E+02   
2.29399280E+02   
2.48866773E+02   
2.14724445E+02   
2.37273755E+02   
2.14966193E+02   
2.35400880E+02   
2.47374775E+02   
2.40623425E+02   
2.32711642E+02   
2.36389878E+02   
2.54598720E+02   
2.22482196E+02   
2.39637327E+02   
2.54298960E+02   
2.40751750E+02   
2.61353071E+02   
2.58205141E+02   
2.45745749E+02   
2.56413183E+02   
2.57949790E+02   
2.60530406E+02   
2.25782356E+02   
2.40140928E+02   
2.15222044E+02   
2.20940988E+02   
2.41557812E+02   
2.47539008E+02   
2.46048410E+02   
2.49212743E+02   
2.28164633E+02   
2.37841568E+02   
2.46543809E+02   
2.41307361E+02   
2.34585517E+02   
2.42160232E+02   
2.52156531E+02   
2.60345469E+02   
2.32513803E+02   
2.48700840E+02   
2.25327065E+02   
2.33314363E+02   
2.57138328E+02   
2.19291258E+02   
2.54171034E+02   
2.48104321E+02   
2.76805161E+02   
2.58550310E+02   
2.53594219E+02   
2.13570314E+02   
2.37691938E+02   
2.48474195E+02   
2.42726645E+02   
2.39506401E+02   
2.55709142E+02   
2.63188238E+02   
2.68059112E+02   
2.64184637E+02   
2.68330566E+02   
2.85960092E+02   
2.60885877E+02   
2.65235447E+02   
2.62881276E+02   
2.34392579E+02   
2.64302861E+02   
2.71564413E+02   
2.59642128E+02   
2.40469894E+02   
2.47546009E+02   
2.50547610E+02   
2.56056411E+02   
2.59762352E+02   
2.55144529E+02   
2.71103721E+02   
2.71009902E+02   
2.62796859E+02   
2.40422585E+02   
2.61853371E+02   
2.37648130E+02   
2.39427385E+02   
2.64659732E+02   
2.72829766E+02   
2.37432186E+02   
2.53049610E+02   
2.57738748E+02   
2.84000900E+02   
2.65078716E+02   
3.03642729E+02   
2.68056011E+02   
2.73939988E+02   
2.57691338E+02   
2.66087417E+02   
2.57262553E+02   
2.58241648E+02   
2.58397079E+02   
2.54115123E+02   
2.64795459E+02   
2.79465993E+02   
2.89563513E+02   
2.76056011E+02   
2.69981296E+02   
2.96130726E+02   
2.51291758E+02   
2.88730946E+02   
3.42973895E+02   
2.80227445E+02   
2.80056011E+02   
2.89316763E+02   
2.77144529E+02   
2.88899680E+02   
3.03832366E+02   
3.11263753E+02   
3.00390578E+02   
2.91812362E+02   
2.83621724E+02   
2.86672935E+02   
2.77695939E+02   
2.81601920E+02   
3.16510902E+02   
2.85497199E+02   
2.82799860E+02   
2.91612322E+02   
2.98524205E+02   
3.08035107E+02   
2.93119024E+02   
3.08618924E+02   
2.97677536E+02   
2.73003201E+02   
2.92201840E+02   
3.04669834E+02   
3.00263553E+02   
2.89772454E+02   
2.81866973E+02   
2.91130526E+02   
3.19575815E+02   
3.06394379E+02   
2.76745249E+02   
2.99344369E+02   
3.21056811E+02   
3.20868174E+02   
3.23566213E+02   
3.11768454E+02   
3.16572214E+02   
3.12043209E+02   
3.21925485E+02   
2.82810462E+02   
3.14526205E+02   
2.96013503E+02   
2.94205841E+02   
2.85406781E+02   
3.11375975E+02   
3.05228646E+02   
2.96228746E+02   
2.87472094E+02   
2.66695439E+02   
2.65637928E+02   
2.99634727E+02   
2.96518404E+02   
3.29600020E+02   
3.15136427E+02   
2.81063213E+02   
2.95605821E+02   
3.20629526E+02   
3.09735647E+02   
3.04269354E+02   
3.18626325E+02   
3.16407381E+02   
3.14279356E+02   
3.04844769E+02   
3.34505901E+02   
3.30176535E+02   
3.14964993E+02   
3.42922484E+02   
3.03813863E+02   
2.72965793E+02   
2.99173335E+02   
3.16464593E+02   
3.00850170E+02   
3.04017303E+02   
3.14360472E+02   
3.08018204E+02   
3.44413883E+02   
3.23474195E+02   
2.79755251E+02   
3.27771054E+02   
3.03888478E+02   
3.26419984E+02   
3.40330366E+02   
2.90323565E+02   
3.21704841E+02   
3.29225045E+02   
3.30105821E+02   
3.30308662E+02   
3.25703641E+02   
3.14161932E+02   
3.60337267E+02   
3.37008202E+02   
3.59233347E+02   
3.26111422E+02   
3.23185337E+02   
3.28792759E+02   
3.54199140E+02   
3.33692038E+02   
3.29193339E+02   
3.19809962E+02   
3.22711842E+02   
3.55655431E+02   
3.23472394E+02   
3.36667834E+02   
3.01213543E+02   
3.24298860E+02   
3.29350470E+02   
3.54264253E+02   
3.32735747E+02   
3.32191338E+02   
3.74434887E+02   
3.39892478E+02   
3.34122324E+02   
3.52207341E+02   
3.58022605E+02   
3.56562813E+02   
3.46258352E+02   
3.45803361E+02   
3.49268454E+02   
3.49996199E+02   
3.38952490E+02   
3.60769554E+02   
3.14355371E+02   
3.63857572E+02   
4.06736347E+02   
3.06291958E+02   
3.33930286E+02   
3.27841268E+02   
3.40400980E+02   
3.38935487E+02   
3.78730346E+02   
3.69030006E+02   
3.42652030E+02   
3.36042909E+02   
3.51489598E+02   
3.79734047E+02   
3.90598620E+02   
3.41164033E+02   
3.80061712E+02   
3.50524105E+02   
3.57479096E+02   
3.63079916E+02   
3.42932887E+02   
3.77640128E+02   
3.61052110E+02   
3.26241748E+02   
3.68952490E+02   
3.66020804E+02   
3.58136827E+02   
3.55390378E+02   
4.20821764E+02   
3.77826365E+02   
3.46807461E+02   
3.75074815E+02   
3.74665733E+02   
3.71002601E+02   
3.57298760E+02   
3.69183237E+02   
3.60087818E+02   
3.54258852E+02   
3.92924885E+02   
3.77015503E+02   
3.63764553E+02   
3.61605521E+02   
3.78925885E+02   
3.67620824E+02   
3.59008302E+02   
3.80143729E+02   
3.69682637E+02   
3.80776855E+02   
3.87761152E+02   
3.42538108E+02   
3.39297359E+02   
3.68593919E+02   
4.06169034E+02   
3.65354171E+02   
3.82823965E+02   
3.92879776E+02   
3.83116523E+02   
3.56341368E+02   
3.98020804E+02   
3.66610922E+02   
3.86425385E+02   
3.61390278E+02   
3.67510002E+02   
3.63477996E+02   
3.94587117E+02   
3.72002000E+02   
3.85914283E+02   
3.61649230E+02   
3.81230246E+02   
4.07296559E+02   
3.74939488E+02   
3.79953891E+02   
3.69089618E+02   
3.64172935E+02   
3.98953491E+02   
3.75040808E+02   
4.02063213E+02   
4.14244149E+02   
3.99106021E+02   
3.46903481E+02   
3.79742148E+02   
3.75248950E+02   
3.67220944E+02   
3.56706941E+02   
3.30949090E+02   
3.93100420E+02   
3.82336667E+02   
3.53933887E+02   
3.70581616E+02   
3.80575915E+02   
3.97526005E+02   
3.94401980E+02   
3.59331366E+02   
3.95830166E+02   
3.88219744E+02   
3.75275855E+02   
3.93324965E+02   
3.69377776E+02   
3.98994799E+02   
3.88508802E+02   
3.82300560E+02   
3.79676135E+02   
3.52590318E+02   
3.94793859E+02   
3.85785657E+02   
3.93901980E+02   
3.89596919E+02   
3.89784957E+02   
3.90063413E+02   
4.32373675E+02   
4.00473795E+02   
4.12467594E+02   
3.87875375E+02   
4.17982697E+02   
3.96333667E+02   
4.38225345E+02   
3.80605021E+02   
3.92446889E+02   
3.76802160E+02   
3.89987898E+02   
4.35821264E+02   
4.22133127E+02   
3.90033307E+02   
4.12425985E+02   
3.99264153E+02   
4.12374575E+02   
4.21712142E+02   
4.18038908E+02   
3.97380576E+02   
3.88702490E+02   
4.73094619E+02   
4.73094619E+02   
4.73094619E+02   
4.73094619E+02   
4.73094619E+02   
5.26970044E+02   
5.61115323E+02   
5.37695539E+02   
5.57213543E+02   
5.54503601E+02   
5.62338268E+02   
5.52266553E+02   
5.83137728E+02   
5.75892579E+02   
5.47303361E+02   
5.99565213E+02   
5.97983797E+02   
5.50496999E+02   
5.70340268E+02   
5.95449690E+02   
5.95517403E+02   
5.76020104E+02   
6.08733347E+02   
5.68932787E+02   
5.68910682E+02   
5.79424185E+02   
5.79499000E+02   
5.48222144E+02   
5.65848470E+02   
5.47341768E+02   
5.69467193E+02   
5.70944989E+02   
5.66699540E+02   
5.97718444E+02   
5.89314363E+02   
5.59512803E+02   
5.57362673E+02   
6.14067914E+02   
5.91551210E+02   
6.23298760E+02   
5.99306261E+02   
5.73626225E+02   
5.61847770E+02   
6.00363473E+02   
5.94673635E+02   
6.15399480E+02   
6.36984997E+02   
5.51565313E+02   
5.84799460E+02   
6.56233247E+02   
6.18773455E+02   
5.54428286E+02   
6.23025605E+02   
6.01742649E+02   
6.20171334E+02   
5.93529306E+02   
5.90188138E+02   
6.35675535E+02   
6.10487998E+02   
6.03275055E+02   
5.74600120E+02   
6.26012603E+02   
6.26627325E+02   
6.47950290E+02   
6.02889478E+02   
6.05622224E+02   
6.37547209E+02   
5.56729246E+02   
6.72058112E+02   
5.98475995E+02   
5.79497199E+02   
6.34454391E+02   
6.23333367E+02   
6.34873175E+02   
6.15662132E+02   
6.25771254E+02   
6.34076615E+02   
6.39263453E+02   
6.44897379E+02   
6.55090118E+02   
6.65345769E+02   
6.39740348E+02   
6.26778456E+02   
6.17724745E+02   
6.36676235E+02   
6.52019004E+02   
6.46045909E+02   
6.57240648E+02   
6.64343269E+02   
7.35926185E+02   
6.98242849E+02   
6.78331866E+02   
6.63932086E+02   
6.88876875E+02   
7.00106321E+02   
6.78821164E+02   
7.17313963E+02   
6.63138028E+02   
6.79710542E+02   
6.05659332E+02   
6.50866973E+02   
6.82272354E+02   
6.85715043E+02   
6.84550610E+02   
6.40848970E+02   
6.70480396E+02   
6.93220644E+02   
6.69637027E+02   
6.96167433E+02   
6.64990998E+02   
6.98981196E+02   
6.66218944E+02   
6.94737247E+02   
6.64882777E+02   
6.71057411E+02   
6.83623025E+02   
6.76534507E+02   
6.80280056E+02   
6.98677736E+02   
6.84405181E+02   
6.92065913E+02   
6.94550710E+02   
6.43015203E+02   
6.77036107E+02   
7.10336367E+02   
6.57257752E+02   
6.34817463E+02   
6.96640928E+02   
6.85516303E+02   
6.79505301E+02   
6.68276555E+02   
6.65352671E+02   
6.62789858E+02   
6.44572715E+02   
7.00373675E+02   
6.70077315E+02   
6.81161632E+02   
6.72689238E+02   
6.59557912E+02   
6.80957491E+02   
6.55893879E+02   
6.86273355E+02   
6.84411982E+02   
6.83723945E+02   
6.62380976E+02   
6.73667133E+02   
7.14323965E+02   
6.78682136E+02   
6.30274255E+02   
6.27847069E+02   
6.21630126E+02   
6.78328166E+02   
6.72422785E+02   
6.49377976E+02   
6.10346569E+02   
6.32858072E+02   
6.54909682E+02   
6.49865073E+02   
6.37876875E+02   
6.52385377E+02   
6.37108822E+02   
6.29630126E+02   
6.06571914E+02   
6.13685537E+02   
6.26126025E+02   
6.14679136E+02   
6.29039408E+02   
5.81092018E+02   
6.26455991E+02   
6.50308962E+02   
6.12121224E+02   
6.16503501E+02   
5.54856671E+02   
5.89368174E+02   
5.88191038E+02   
5.95464293E+02   
5.54917183E+02   
5.70619424E+02   
5.41400080E+02   
5.37375275E+02   
5.33899580E+02   
5.53102320E+02   
4.79899880E+02   
5.61751350E+02   
5.51144629E+02   
5.43930686E+02   
5.19936287E+02   
5.35659832E+02   
4.84608022E+02   
5.39296359E+02   
5.25507702E+02   
4.87518504E+02   
4.69945989E+02   
4.75778056E+02   
4.84155031E+02   
5.17688138E+02   
4.86508702E+02   
5.00503901E+02   
4.52499100E+02   
5.05891578E+02   
4.56168634E+02   
5.00894179E+02   
4.87081316E+02   
4.31410082E+02   
4.44504601E+02   
4.77704941E+02   
4.84440388E+02   
4.85398080E+02   
4.59930386E+02   
4.40040608E+02   
4.58884777E+02   
4.43123725E+02   
4.81576315E+02   
4.65626825E+02   
4.60821464E+02   
4.60001800E+02   
4.59631826E+02   
4.45172134E+02   
4.25537307E+02   
4.40399580E+02   
4.44945189E+02   
4.28692138E+02   
4.67750850E+02   
4.61264053E+02   
4.85541308E+02   
4.39446689E+02   
4.18638728E+02   
4.19584617E+02   
4.41538908E+02   
4.41752150E+02   
4.30789858E+02   
4.26272755E+02   
4.26933787E+02   
3.97601020E+02   
4.17960992E+02   
4.06924485E+02   
3.85987898E+02   
3.94133827E+02   
4.25052010E+02   
4.35874975E+02   
4.22381376E+02   
4.65584017E+02   
3.96606721E+02   
3.91009002E+02   
4.03562613E+02   
3.90200340E+02   
4.33672134E+02   
3.80213743E+02   
4.05653331E+02   
4.00367774E+02   
4.09942488E+02   
4.01519604E+02   
3.72739848E+02   
3.83717944E+02   
4.08179736E+02   
5.23294319E+02   
5.95719144E+02   
5.95719144E+02   
5.95719144E+02   
5.95719144E+02   
6.17017283E+02   
7.87612623E+02   
8.13563913E+02   
8.26066813E+02   
7.78861072E+02   
7.64516603E+02   
7.95937487E+02   
7.97224745E+02   
8.33228946E+02   
7.80167934E+02   
7.95462192E+02   
7.79079016E+02   
7.81679236E+02   
8.08598420E+02   
8.18576015E+02   
8.23062913E+02   
8.06197339E+02   
7.97053011E+02   
7.29416583E+02   
7.73396579E+02   
7.57854671E+02   
8.04057712E+02   
7.89143229E+02   
7.62658432E+02   
8.24371474E+02   
8.36573715E+02   
8.41731146E+02   
7.58028106E+02   
7.67726845E+02   
8.00970494E+02   
7.86692539E+02   
8.16158732E+02   
7.55801560E+02   
8.13073715E+02   
7.76730846E+02   
7.85629526E+02   
8.08210842E+02   
7.93682637E+02   
7.68128926E+02   
7.68635927E+02   
7.72532907E+02   
7.77293259E+02   
7.64076415E+02   
7.48772454E+02   
7.76219044E+02   
7.52564713E+02   
7.90777956E+02   
7.53655031E+02   
7.97595519E+02   
7.70260552E+02   
7.46690538E+02   
7.47323565E+02   
7.52746749E+02   
7.82171234E+02   
7.91586817E+02   
7.79715843E+02   
7.86379876E+02   
7.75792458E+02   
7.78373875E+02   
7.96788358E+02   
8.03285957E+02   
7.85557011E+02   
7.71795759E+02   
7.95516503E+02   
7.36148030E+02   
7.19880176E+02   
7.84505601E+02   
7.95918184E+02   
7.63924485E+02   
7.56112923E+02   
8.28245049E+02   
7.99962793E+02   
7.78507001E+02   
7.83078516E+02   
7.58345569E+02   
7.90172134E+02   
7.64872575E+02   
7.92774655E+02   
7.98638728E+02   
8.24184637E+02   
8.42673635E+02   
7.98564713E+02   
9.00413283E+02   
9.41420984E+02   
9.92765353E+02   
9.62342869E+02   
9.58178536E+02   
9.29915383E+02   
8.79119124E+02   
9.17757451E+02   
8.57979996E+02   
8.50057011E+02   
8.36449290E+02   
8.16736347E+02   
8.10786557E+02   
8.47858472E+02   
7.96051310E+02   
7.91925085E+02   
8.03743549E+02   
8.14955291E+02   
7.18483397E+02   
8.15791958E+02   
7.49139628E+02   
7.84540908E+02   
7.19829266E+02   
7.71798660E+02   
7.28815963E+02   
7.54161232E+02   
7.67464193E+02   
7.39491698E+02   
7.30766053E+02   
7.21924285E+02   
7.71453191E+02   
7.41060912E+02   
6.79371074E+02   
6.83020404E+02   
6.99345369E+02   
6.48615223E+02   
6.56576215E+02   
6.66163433E+02   
6.88863073E+02   
6.59975895E+02   
6.57340368E+02   
6.63977195E+02   
6.55574015E+02   
6.21801160E+02   
5.79216443E+02   
6.43732446E+02   
5.90620824E+02   
5.51114423E+02   
5.67399580E+02   
5.78576215E+02   
5.82773855E+02   
5.82610522E+02   
5.42597720E+02   
4.97825165E+02   
5.06419784E+02   
5.19376775E+02   
5.12372775E+02   
5.07072715E+02   
5.19885077E+02   
4.68925985E+02   
4.83653931E+02   
4.86051510E+02   
4.63654831E+02   
4.70138928E+02   
4.33490698E+02   
4.52094819E+02   
4.36141928E+02   
4.37881176E+02   
4.16155531E+02   
4.36038308E+02   
4.15648730E+02   
4.07898980E+02   
4.09789958E+02   
3.87143529E+02   
3.63013103E+02   
3.52826765E+02   
3.75192238E+02   
3.36842468E+02   
3.23937688E+02   
3.06048510E+02   
3.25420884E+02   
3.06632527E+02   
2.80334467E+02   
3.04419784E+02   
2.63052010E+02   
2.69480696E+02   
2.56125725E+02   
2.66335267E+02   
2.62974695E+02   
2.48128526E+02   
2.60813663E+02   
2.31365773E+02   
2.11797660E+02   
2.16092819E+02   
2.07044809E+02   
2.03235947E+02   
1.97388878E+02   
2.39258152E+02   
1.93310862E+02   
1.98852871E+02   
1.79855371E+02   
1.84029706E+02   
1.56406081E+02   
1.66671034E+02   
1.72381876E+02   
1.60031606E+02   
1.45905181E+02   
1.36759152E+02   
1.44531406E+02   
1.63359072E+02   
1.45661032E+02   
1.44237447E+02   
1.50556511E+02   
1.21184337E+02   
1.32288458E+02   
1.24177536E+02   
1.24875275E+02   
1.17285257E+02   
1.32315863E+02   
1.12650230E+02   
1.17764753E+02   
1.14138528E+02   
1.06748950E+02   
1.03297459E+02   
9.19160832E+01   
1.02251650E+02   
1.11921684E+02   
8.16322264E+01   
9.66444289E+01   
1.09394779E+02   
9.95227045E+01   
9.17641528E+01   
8.77467493E+01   
7.75369074E+01   
7.32632527E+01   
9.36616323E+01   
8.88346669E+01   
6.94481896E+01   
7.88504701E+01   
7.71529306E+01   
8.04586917E+01   
6.32922585E+01   
5.71107221E+01   
6.06306261E+01   
5.88670734E+01   
5.27735547E+01   
4.61890378E+01   
5.12151430E+01   
5.06495299E+01   
3.09224845E+01   
4.09264853E+01   
4.99304861E+01   
6.88583717E+01   
3.20850170E+01   
1.46466893E+02   
4.01641328E+01   
2.94632927E+01   
2.66869374E+01   
2.82300460E+01   
2.06158232E+01   
1.93294659E+01   
2.12288458E+01   
1.90615123E+01   
1.76134227E+01   
1.37807562E+01   
2.62232446E+01   
9.56271254E+00   
1.12224445E+01   
1.09471594E+01   
8.60172034E+00   
8.60172034E+00   
8.60172034E+00   
8.60172034E+00   
8.60172034E+00   
2.61019204E+00   
0.00000000E+00   
0.00000000E+00   
0.00000000E+00   
0.00000000E+00   
0.00000000E+00   
0.00000000E+00   
0.00000000E+00   
0.00000000E+00   
3.96979396E-01   
6.03020604E-01   
0.00000000E+00   
0.00000000E+00   
0.00000000E+00   
0.00000000E+00   
2.39627926E+00   
3.60372074E+00   
0.00000000E+00   
0.00000000E+00   
0.00000000E+00   
0.00000000E+00   
0.00000000E+00   
0.00000000E+00   
0.00000000E+00   
0.00000000E+00   
0.00000000E+00   
0.00000000E+00   
0.00000000E+00   
0.00000000E+00   
0.00000000E+00   
0.00000000E+00   
1.00000000E+00   
0.00000000E+00   
1.00000000E+00   
0.00000000E+00   
0.00000000E+00   
0.00000000E+00   
0.00000000E+00   
0.00000000E+00   
0.00000000E+00   
0.00000000E+00   
1.40978196E+00   
5.90218044E-01   
0.00000000E+00   
0.00000000E+00   
0.00000000E+00   
0.00000000E+00   
0.00000000E+00   
0.00000000E+00   
0.00000000E+00   
0.00000000E+00   
0.00000000E+00   
0.00000000E+00   
0.00000000E+00   
0.00000000E+00   
0.00000000E+00   
0.00000000E+00   
0.00000000E+00   
0.00000000E+00   
0.00000000E+00   
0.00000000E+00   
0.00000000E+00   
0.00000000E+00   
0.00000000E+00   
0.00000000E+00   
1.00000000E+00   
0.00000000E+00   
0.00000000E+00   
1.00000000E+00   
0.00000000E+00   
0.00000000E+00   
0.00000000E+00   
1.42218444E+00   
5.77815563E-01   
4.22984597E-01   
5.77015403E-01   
0.00000000E+00   
0.00000000E+00   
1.00000000E+00   
0.00000000E+00   
0.00000000E+00   
0.00000000E+00   
0.00000000E+00   
0.00000000E+00   
0.00000000E+00   
0.00000000E+00   
0.00000000E+00   
0.00000000E+00   
0.00000000E+00   
0.00000000E+00   
0.00000000E+00   
0.00000000E+00   
1.00000000E+00   
0.00000000E+00   
0.00000000E+00   
0.00000000E+00   
0.00000000E+00   
4.32186437E-01   
5.67813563E-01   
0.00000000E+00   
0.00000000E+00   
0.00000000E+00   
0.00000000E+00   
1.00000000E+00   
0.00000000E+00   
4.35387077E-01   
5.64612923E-01   
1.00000000E+00   
4.36587317E-01   
5.63412683E-01   
0.00000000E+00   
0.00000000E+00   
0.00000000E+00   
0.00000000E+00   
0.00000000E+00   
4.39387878E-01   
1.56061212E+00   
0.00000000E+00   
0.00000000E+00   
0.00000000E+00   
0.00000000E+00   
0.00000000E+00   
0.00000000E+00   
0.00000000E+00   
0.00000000E+00   
0.00000000E+00   
0.00000000E+00   
0.00000000E+00   
4.44588918E-01   
5.55411082E-01   
0.00000000E+00   
0.00000000E+00   
0.00000000E+00   
0.00000000E+00   
0.00000000E+00   
0.00000000E+00   
1.00000000E+00   
0.00000000E+00   
0.00000000E+00   
0.00000000E+00   
0.00000000E+00   
1.44978996E+00   
5.50210042E-01   
0.00000000E+00   
0.00000000E+00   
0.00000000E+00   
0.00000000E+00   
0.00000000E+00   
0.00000000E+00   
0.00000000E+00   
0.00000000E+00   
0.00000000E+00   
0.00000000E+00   
4.54590918E-01   
5.45409082E-01   
0.00000000E+00   
0.00000000E+00   
0.00000000E+00   
0.00000000E+00   
0.00000000E+00   
0.00000000E+00   
0.00000000E+00   
0.00000000E+00   
0.00000000E+00   
4.58991798E-01   
5.41008202E-01   
0.00000000E+00   
1.00000000E+00   
0.00000000E+00   
0.00000000E+00   
0.00000000E+00   
0.00000000E+00   
0.00000000E+00   
0.00000000E+00   
1.46299260E+00   
5.37007401E-01   
0.00000000E+00   
0.00000000E+00   
0.00000000E+00   
0.00000000E+00   
0.00000000E+00   
0.00000000E+00   
0.00000000E+00   
0.00000000E+00   
0.00000000E+00   
0.00000000E+00   
0.00000000E+00   
0.00000000E+00   
0.00000000E+00   
1.00000000E+00   
0.00000000E+00   
0.00000000E+00   
0.00000000E+00   
0.00000000E+00   
0.00000000E+00   
1.00000000E+00   
0.00000000E+00   
0.00000000E+00   
0.00000000E+00   
0.00000000E+00   
0.00000000E+00   
1.00000000E+00   
0.00000000E+00   
0.00000000E+00   
0.00000000E+00   
1.00000000E+00   
0.00000000E+00   
0.00000000E+00   
0.00000000E+00   
1.00000000E+00   
0.00000000E+00   
0.00000000E+00   
0.00000000E+00   
0.00000000E+00   
0.00000000E+00   
4.79395879E-01   
5.20604121E-01   
0.00000000E+00   
1.00000000E+00   
0.00000000E+00   
0.00000000E+00   
0.00000000E+00   
4.82196439E-01   
5.17803561E-01   
1.00000000E+00   
0.00000000E+00   
4.83796759E-01   
5.16203241E-01   
0.00000000E+00   
0.00000000E+00   
1.00000000E+00   
0.00000000E+00   
0.00000000E+00   
0.00000000E+00   
0.00000000E+00   
0.00000000E+00   
0.00000000E+00   
0.00000000E+00   
4.88597720E-01   
5.11402280E-01   
0.00000000E+00   
0.00000000E+00   
0.00000000E+00   
0.00000000E+00   
0.00000000E+00   
4.91398280E-01   
5.08601720E-01   
0.00000000E+00   
0.00000000E+00   
0.00000000E+00   
0.00000000E+00   
0.00000000E+00   
0.00000000E+00   
0.00000000E+00   
0.00000000E+00   
0.00000000E+00   
0.00000000E+00   
0.00000000E+00   
0.00000000E+00   
4.96999400E-01   
5.03000600E-01   
0.00000000E+00   
0.00000000E+00   
0.00000000E+00   
1.00000000E+00   
0.00000000E+00   
4.99799960E-01   
5.00200040E-01   
!IDEND=

