!FILE=Disk 
!KIND=Spectrum 
!LABORATORY=Oslo Cyclotron Laboratory (OCL) 
!EXPERIMENT= oslo_method_python 
!COMMENT=Made by OMpy 
!TIME=DATE:08-Sep-20 09:58:20   
!CALIBRATION EkeV=6, 0.000000E+00, 2.000400E+00, 0.000000E+00 
!PRECISION=16 
!DIMENSION=1,0:4999 
!CHANNEL=(0:4999) 
3.93060012E+02   
5.83116423E+02   
5.73133627E+02   
6.88177235E+02   
7.18673435E+02   
7.50204041E+02   
7.86162432E+02   
8.32757051E+02   
8.79899080E+02   
8.79428186E+02   
8.97816663E+02   
9.21100820E+02   
9.21901480E+02   
9.88205241E+02   
1.00788668E+03   
1.06558052E+03   
1.19632486E+03   
1.13367504E+03   
1.27910782E+03   
1.33195399E+03   
1.35167493E+03   
1.46188698E+03   
1.59191188E+03   
1.72310532E+03   
1.85992108E+03   
1.97549640E+03   
2.14169194E+03   
2.30499740E+03   
2.49017764E+03   
2.61303911E+03   
2.75940688E+03   
2.91774055E+03   
3.04671944E+03   
3.26752871E+03   
3.32888068E+03   
3.45416473E+03   
3.65262392E+03   
3.72498340E+03   
3.82671304E+03   
4.03421004E+03   
4.10220804E+03   
4.09428816E+03   
4.27541028E+03   
4.30205461E+03   
4.35025855E+03   
4.47650690E+03   
4.48916523E+03   
4.58924745E+03   
4.59704801E+03   
4.67568454E+03   
4.61304881E+03   
4.75595489E+03   
4.69923565E+03   
4.74464083E+03   
4.81888418E+03   
4.77152701E+03   
4.80668734E+03   
4.83674815E+03   
4.83429986E+03   
4.82695609E+03   
4.80647219E+03   
4.64043939E+03   
4.72195689E+03   
4.74143209E+03   
4.62270324E+03   
4.68710452E+03   
4.58591908E+03   
4.57204281E+03   
4.64771344E+03   
4.64374905E+03   
4.67970854E+03   
4.58768604E+03   
4.54860962E+03   
4.55832086E+03   
4.66233917E+03   
4.61196719E+03   
4.45764333E+03   
4.49674535E+03   
4.54359992E+03   
4.54221804E+03   
4.54331556E+03   
4.48798070E+03   
4.55176565E+03   
4.39836807E+03   
4.34462032E+03   
4.57163503E+03   
4.59744609E+03   
4.51516023E+03   
4.53321214E+03   
4.59573185E+03   
4.53570454E+03   
4.49538368E+03   
4.48173545E+03   
4.54861902E+03   
4.45501590E+03   
4.39302210E+03   
4.34733507E+03   
4.15394849E+03   
4.19312312E+03   
4.14037848E+03   
4.08581136E+03   
4.05929406E+03   
4.03399870E+03   
4.09037958E+03   
3.92352791E+03   
3.92122735E+03   
3.82446299E+03   
3.79436707E+03   
3.88252941E+03   
3.69221084E+03   
3.63618414E+03   
3.71043859E+03   
3.53719834E+03   
3.54452260E+03   
3.55359452E+03   
3.50167303E+03   
3.48519384E+03   
3.45602330E+03   
3.42462793E+03   
3.45598420E+03   
3.31907882E+03   
3.30562583E+03   
3.27599030E+03   
3.18401370E+03   
3.29580926E+03   
3.17254971E+03   
3.21006341E+03   
3.15820434E+03   
3.21500860E+03   
3.21064343E+03   
3.26229506E+03   
3.10598590E+03   
3.09585987E+03   
3.10457481E+03   
3.14574885E+03   
3.02688538E+03   
3.03554681E+03   
3.07430666E+03   
2.97979976E+03   
2.90059242E+03   
2.87506771E+03   
3.00312833E+03   
2.94467043E+03   
2.93288008E+03   
2.89186947E+03   
2.79797750E+03   
2.80298780E+03   
2.83493379E+03   
2.75419684E+03   
2.77695749E+03   
2.72931196E+03   
2.79644369E+03   
2.63292799E+03   
2.62109502E+03   
2.70813113E+03   
2.55583237E+03   
2.62945539E+03   
2.57631696E+03   
2.55758592E+03   
2.57985507E+03   
2.51249750E+03   
2.48998390E+03   
2.49209592E+03   
2.47478846E+03   
2.41129456E+03   
2.43055881E+03   
2.35055951E+03   
2.37890908E+03   
2.43141218E+03   
2.38302791E+03   
2.24200190E+03   
2.13047620E+03   
2.14441288E+03   
2.11379556E+03   
2.10689348E+03   
2.01672985E+03   
1.97884057E+03   
1.86369544E+03   
1.96178856E+03   
1.94482897E+03   
1.91423365E+03   
1.94650010E+03   
1.90693959E+03   
1.84824235E+03   
1.86544139E+03   
1.78716473E+03   
1.84298880E+03   
1.76886337E+03   
1.77123275E+03   
1.78093349E+03   
1.76490078E+03   
1.79215813E+03   
1.76790278E+03   
1.77417724E+03   
1.72235997E+03   
1.69719414E+03   
1.70466883E+03   
1.67192629E+03   
1.71927245E+03   
1.67488618E+03   
1.66708802E+03   
1.63828106E+03   
1.64732997E+03   
1.59546979E+03   
1.57039198E+03   
1.63834887E+03   
1.60462573E+03   
1.61065193E+03   
1.61340898E+03   
1.59564993E+03   
1.54296779E+03   
1.54826275E+03   
1.56318494E+03   
1.52791638E+03   
1.52725575E+03   
1.54657992E+03   
1.57874785E+03   
1.48884287E+03   
1.52953341E+03   
1.53053811E+03   
1.45905051E+03   
1.41671264E+03   
1.52953381E+03   
1.51437267E+03   
1.47302300E+03   
1.47907502E+03   
1.41382176E+03   
1.38051540E+03   
1.45528116E+03   
1.39543859E+03   
1.40069534E+03   
1.42773235E+03   
1.38500680E+03   
1.31726725E+03   
1.42170434E+03   
1.35522204E+03   
1.35603771E+03   
1.34207081E+03   
1.41426315E+03   
1.34675145E+03   
1.30510822E+03   
1.30335947E+03   
1.31767914E+03   
1.28476135E+03   
1.24589548E+03   
1.23532717E+03   
1.27115883E+03   
1.27046609E+03   
1.22840528E+03   
1.21067704E+03   
1.18804231E+03   
1.24442549E+03   
1.23709592E+03   
9.69417624E+02   
8.90978196E+02   
8.90978196E+02   
8.90978196E+02   
8.90978196E+02   
7.91775835E+02   
5.35809262E+02   
5.64457792E+02   
5.11837868E+02   
5.22748950E+02   
4.82994399E+02   
5.54855371E+02   
5.66052210E+02   
4.99485297E+02   
5.12237247E+02   
5.26534507E+02   
5.15498600E+02   
5.06930686E+02   
5.16152030E+02   
5.32062412E+02   
5.04450690E+02   
5.17763753E+02   
5.40599220E+02   
4.99004601E+02   
5.03664333E+02   
5.19937888E+02   
4.57962593E+02   
4.59536907E+02   
4.95278956E+02   
5.02547710E+02   
5.19659632E+02   
5.25990098E+02   
5.22398380E+02   
4.89560112E+02   
4.85112623E+02   
4.81324665E+02   
5.13640728E+02   
4.80626625E+02   
5.15578216E+02   
4.94634327E+02   
4.73040208E+02   
5.16161432E+02   
4.67027005E+02   
4.70429686E+02   
4.44893579E+02   
4.69522805E+02   
4.65457892E+02   
4.85249250E+02   
4.73781156E+02   
4.60362172E+02   
4.41998200E+02   
4.56849970E+02   
4.33648330E+02   
4.29084817E+02   
4.31199940E+02   
4.22254351E+02   
4.06414583E+02   
4.48725045E+02   
4.49571914E+02   
4.17842769E+02   
4.08698640E+02   
4.54004301E+02   
4.27153531E+02   
4.12836967E+02   
4.14214743E+02   
4.19905681E+02   
4.14907982E+02   
3.81405381E+02   
3.84707041E+02   
3.94707842E+02   
4.03561512E+02   
4.02817964E+02   
3.99035007E+02   
4.13163633E+02   
3.92711042E+02   
3.85503301E+02   
3.79861872E+02   
3.71289358E+02   
3.69381976E+02   
3.74237147E+02   
3.64739748E+02   
3.76084817E+02   
3.73276655E+02   
4.04810362E+02   
3.84064113E+02   
3.77916383E+02   
3.86712643E+02   
3.87982897E+02   
3.80805261E+02   
3.77162132E+02   
4.14370274E+02   
3.88081616E+02   
4.00573015E+02   
3.51203941E+02   
3.71604421E+02   
3.84353671E+02   
3.79156131E+02   
3.46556011E+02   
3.59467794E+02   
3.35942989E+02   
3.27163733E+02   
3.09688638E+02   
3.30140528E+02   
3.28921784E+02   
3.12422985E+02   
3.03992699E+02   
3.22077215E+02   
3.18473095E+02   
3.04904981E+02   
3.04604421E+02   
2.69477195E+02   
3.10553111E+02   
3.01293959E+02   
2.91726045E+02   
2.58462492E+02   
2.88935587E+02   
2.73291558E+02   
3.05999100E+02   
3.05190538E+02   
2.79079416E+02   
2.75144029E+02   
2.75855571E+02   
2.78456891E+02   
2.83812262E+02   
2.82246449E+02   
2.77614023E+02   
2.98101320E+02   
2.58011002E+02   
2.49226545E+02   
2.74929286E+02   
2.50867874E+02   
2.53051210E+02   
2.64285057E+02   
2.62271054E+02   
2.63562613E+02   
2.54498100E+02   
2.64197540E+02   
2.70461592E+02   
2.94871774E+02   
2.75576015E+02   
2.66079716E+02   
2.52077315E+02   
2.52264853E+02   
2.58007001E+02   
2.37854071E+02   
2.46985697E+02   
2.40476595E+02   
2.31991298E+02   
2.37822064E+02   
2.13842268E+02   
2.28218344E+02   
2.23724745E+02   
2.43100820E+02   
2.36259152E+02   
2.57174335E+02   
2.25368074E+02   
2.33688838E+02   
2.28730946E+02   
2.44352571E+02   
2.38706141E+02   
2.45716743E+02   
2.25727646E+02   
2.10703641E+02   
2.38375175E+02   
2.35042308E+02   
2.17387578E+02   
2.26383677E+02   
2.33034707E+02   
2.33364773E+02   
2.25746949E+02   
2.14362773E+02   
2.41414183E+02   
2.41050410E+02   
2.52391678E+02   
2.31604321E+02   
2.26798060E+02   
2.27206041E+02   
2.04496199E+02   
2.23698740E+02   
1.98639828E+02   
1.85405981E+02   
2.35083817E+02   
1.93997800E+02   
1.93992999E+02   
2.00788758E+02   
2.32849370E+02   
2.11938788E+02   
1.95900480E+02   
1.96391278E+02   
2.34871374E+02   
2.07045209E+02   
1.97589018E+02   
2.16501400E+02   
1.90472494E+02   
1.97469494E+02   
2.07246049E+02   
1.91115423E+02   
2.12602821E+02   
2.19406881E+02   
1.98917083E+02   
1.83599720E+02   
1.81030806E+02   
2.00853171E+02   
1.90687538E+02   
2.06359772E+02   
2.15444889E+02   
1.92117724E+02   
1.80564113E+02   
1.87980896E+02   
1.71569014E+02   
1.74925385E+02   
1.81177235E+02   
1.80442589E+02   
2.03279656E+02   
1.77617023E+02   
1.52162032E+02   
1.62032406E+02   
1.68473595E+02   
1.83363973E+02   
1.66528106E+02   
1.76453391E+02   
1.88310862E+02   
2.10939988E+02   
1.87775655E+02   
1.66868874E+02   
1.78268654E+02   
1.68259352E+02   
1.85113123E+02   
1.84422885E+02   
1.92414983E+02   
1.81581516E+02   
1.69711142E+02   
1.80115123E+02   
1.67896079E+02   
1.80171134E+02   
1.68815363E+02   
1.70210242E+02   
1.70860172E+02   
1.69068814E+02   
2.02486797E+02   
1.78457692E+02   
1.77314563E+02   
1.49865773E+02   
1.87127125E+02   
1.57527606E+02   
1.73040008E+02   
1.65030406E+02   
1.49430886E+02   
1.50534407E+02   
1.65744649E+02   
1.78947690E+02   
1.76705441E+02   
1.72352971E+02   
1.70902080E+02   
1.54219044E+02   
1.51436487E+02   
1.61622725E+02   
1.57663533E+02   
1.38053911E+02   
1.53371374E+02   
1.47556811E+02   
1.65090718E+02   
1.70684837E+02   
1.76038808E+02   
1.64190938E+02   
1.71200640E+02   
1.61477796E+02   
1.82911682E+02   
1.57027806E+02   
1.48443689E+02   
1.34735847E+02   
1.53125225E+02   
1.53712743E+02   
1.53034007E+02   
1.43657331E+02   
1.67584817E+02   
1.51334867E+02   
1.49573315E+02   
1.64031206E+02   
1.47605121E+02   
1.57036307E+02   
1.38313763E+02   
1.64312362E+02   
1.54603121E+02   
1.55031606E+02   
1.53177936E+02   
1.56180336E+02   
1.46317764E+02   
1.55033607E+02   
1.55994999E+02   
1.49462893E+02   
1.45900180E+02   
1.61185137E+02   
1.35689238E+02   
1.36431186E+02   
1.47463293E+02   
1.38503801E+02   
1.52469294E+02   
1.50515403E+02   
1.41427986E+02   
1.26880876E+02   
1.49797560E+02   
1.53415183E+02   
1.57417984E+02   
1.28014403E+02   
1.36745449E+02   
1.46394679E+02   
1.33650130E+02   
1.51587818E+02   
1.47982396E+02   
1.43633127E+02   
1.34063813E+02   
1.38381076E+02   
1.36839168E+02   
1.21126025E+02   
1.47389178E+02   
1.43933187E+02   
1.36842468E+02   
1.38739548E+02   
1.26686737E+02   
1.40298960E+02   
1.22919084E+02   
1.25136927E+02   
1.34836067E+02   
1.48799360E+02   
1.29745449E+02   
1.36122224E+02   
1.34046709E+02   
1.27885577E+02   
1.36896279E+02   
1.28291358E+02   
1.33629026E+02   
1.20482797E+02   
1.23634627E+02   
1.20351170E+02   
1.39320664E+02   
1.36294159E+02   
1.30084617E+02   
1.18871474E+02   
1.34236347E+02   
1.23864273E+02   
1.19810062E+02   
1.42572615E+02   
1.30517604E+02   
1.12237948E+02   
1.20282557E+02   
1.18062212E+02   
1.42643229E+02   
1.29728446E+02   
1.40804061E+02   
1.10352971E+02   
1.09699040E+02   
1.19252751E+02   
1.43681636E+02   
1.27942288E+02   
1.25996999E+02   
1.29744049E+02   
1.40515303E+02   
1.16070414E+02   
1.52494699E+02   
1.14026805E+02   
1.27297560E+02   
1.45472294E+02   
1.38537107E+02   
1.30559112E+02   
1.19035807E+02   
1.16536907E+02   
1.30483097E+02   
1.36287157E+02   
1.32788858E+02   
9.27756551E+01   
1.27272354E+02   
1.10521504E+02   
1.02770654E+02   
1.15530906E+02   
1.19533107E+02   
1.25749050E+02   
1.24579316E+02   
1.16720244E+02   
1.04799460E+02   
1.18477295E+02   
1.20850870E+02   
1.24485897E+02   
1.26533707E+02   
1.20474695E+02   
1.25331166E+02   
1.21734647E+02   
1.26829066E+02   
1.11756451E+02   
1.25268154E+02   
1.25024805E+02   
1.15266953E+02   
1.21332166E+02   
1.12199340E+02   
1.16336967E+02   
1.09469694E+02   
1.08185337E+02   
9.54999000E+01   
9.57802561E+01   
1.03869474E+02   
1.12977796E+02   
1.14450890E+02   
9.02573515E+01   
1.13984297E+02   
1.07869374E+02   
1.16838468E+02   
1.11259352E+02   
1.18079816E+02   
1.25847670E+02   
1.22201140E+02   
1.05197139E+02   
1.03129726E+02   
1.11447590E+02   
1.17423285E+02   
1.22691338E+02   
9.69549910E+01   
1.24862472E+02   
1.19647429E+02   
1.04253751E+02   
1.07560112E+02   
1.03406081E+02   
1.09869674E+02   
9.40901180E+01   
1.15413383E+02   
1.18045309E+02   
1.09540808E+02   
1.14109822E+02   
1.15024005E+02   
9.02974595E+01   
9.50200040E+01   
1.08848370E+02   
1.22156331E+02   
1.12894879E+02   
9.87297459E+01   
1.08546409E+02   
1.20046109E+02   
1.08245749E+02   
9.39161832E+01   
1.01349570E+02   
1.07797860E+02   
1.07243749E+02   
1.01575815E+02   
9.42440488E+01   
8.65627125E+01   
1.00479696E+02   
9.94471894E+01   
9.43750750E+01   
1.15483397E+02   
9.64371874E+01   
9.85821164E+01   
1.24305561E+02   
1.25336467E+02   
9.11623325E+01   
1.11149330E+02   
1.07848670E+02   
9.16533307E+01   
9.08513703E+01   
8.73112623E+01   
1.01076315E+02   
8.71582316E+01   
1.17946889E+02   
1.06593319E+02   
1.00946089E+02   
1.04165433E+02   
1.24761552E+02   
1.15767053E+02   
9.48054611E+01   
1.02053611E+02   
9.84050810E+01   
1.00118724E+02   
9.78102621E+01   
1.08021204E+02   
1.21601720E+02   
9.24873975E+01   
1.03019204E+02   
1.17559412E+02   
1.02270854E+02   
9.00583117E+01   
9.56396279E+01   
1.04946989E+02   
9.50204041E+01   
9.40818164E+01   
9.36049210E+01   
9.81691338E+01   
1.08840568E+02   
1.03791958E+02   
8.60837167E+01   
9.43856771E+01   
1.02222144E+02   
9.88007602E+01   
9.72233447E+01   
1.22403281E+02   
9.06549310E+01   
8.54190838E+01   
1.01010902E+02   
8.76219244E+01   
9.14118824E+01   
1.10820564E+02   
8.84120824E+01   
9.14183837E+01   
8.46120224E+01   
1.07844969E+02   
9.80103021E+01   
8.84142829E+01   
9.92310462E+01   
9.11996399E+01   
8.96450290E+01   
9.24335867E+01   
1.05803361E+02   
1.10410282E+02   
8.11868374E+01   
8.55996199E+01   
1.00466093E+02   
9.62125425E+01   
9.20188038E+01   
1.08056111E+02   
8.82129426E+01   
7.85543109E+01   
9.46778356E+01   
9.72109422E+01   
8.97344469E+01   
1.00494899E+02   
9.54499900E+01   
1.03695039E+02   
1.01912583E+02   
1.01887978E+02   
9.63385677E+01   
9.93942789E+01   
1.02018004E+02   
8.40180036E+01   
9.89660932E+01   
9.63946789E+01   
9.24361872E+01   
9.87190438E+01   
8.22384477E+01   
8.99844969E+01   
1.11282256E+02   
7.99601920E+01   
9.65139028E+01   
9.70506101E+01   
9.47394479E+01   
9.00200040E+01   
8.31104221E+01   
8.95616123E+01   
9.44735947E+01   
1.08114923E+02   
8.09202841E+01   
8.24554911E+01   
9.14003801E+01   
9.23758752E+01   
9.96601320E+01   
8.76212242E+01   
7.95261052E+01   
9.76653331E+01   
8.90824165E+01   
9.16061212E+01   
1.08782957E+02   
9.59087818E+01   
1.03723745E+02   
8.64698940E+01   
1.01571714E+02   
8.55880176E+01   
8.98434687E+01   
9.57109422E+01   
9.41137227E+01   
7.38161632E+01   
7.24295859E+01   
8.63306661E+01   
8.32185437E+01   
9.75292058E+01   
6.90152030E+01   
1.05483997E+02   
8.20556111E+01   
6.98606721E+01   
8.83362673E+01   
9.09911982E+01   
9.45228046E+01   
8.53462693E+01   
9.43454691E+01   
8.31945389E+01   
1.05684537E+02   
1.03186137E+02   
8.63462693E+01   
8.16865373E+01   
8.43478696E+01   
9.91817363E+01   
9.15396079E+01   
8.74939988E+01   
8.26501300E+01   
7.55688138E+01   
8.49939988E+01   
8.65572114E+01   
9.94755951E+01   
9.00804161E+01   
8.66305261E+01   
8.54619924E+01   
7.82129426E+01   
8.73350670E+01   
9.15808162E+01   
8.48594719E+01   
8.21773355E+01   
8.19159832E+01   
7.30136027E+01   
9.65976195E+01   
8.28018604E+01   
9.55456091E+01   
7.31093219E+01   
6.64151830E+01   
8.27480496E+01   
1.01469094E+02   
9.65677135E+01   
8.20973195E+01   
8.82469494E+01   
8.52509502E+01   
7.32430486E+01   
8.40164033E+01   
7.97993599E+01   
5.69024805E+01   
8.51367273E+01   
9.41705341E+01   
7.95782156E+01   
7.50607121E+01   
8.03170634E+01   
8.30168034E+01   
7.66125225E+01   
8.14210842E+01   
7.14980996E+01   
8.75355071E+01   
8.11954391E+01   
9.14258852E+01   
7.91360272E+01   
7.68714743E+01   
9.25808162E+01   
9.56178236E+01   
7.35800160E+01   
7.98714743E+01   
8.25840168E+01   
7.01674335E+01   
7.21610322E+01   
7.12960592E+01   
8.54458892E+01   
7.37282456E+01   
6.90156031E+01   
8.61676335E+01   
8.74272855E+01   
9.43276655E+01   
7.70188038E+01   
7.98571714E+01   
8.61804361E+01   
9.09073815E+01   
8.50999200E+01   
8.77397479E+01   
8.68431686E+01   
8.33277656E+01   
8.50579116E+01   
8.46575315E+01   
8.46060212E+01   
6.81014203E+01   
7.93357672E+01   
7.66096219E+01   
7.30918184E+01   
1.00329866E+02   
8.65612122E+01   
9.34128826E+01   
9.99541908E+01   
8.34785957E+01   
9.35630126E+01   
8.87332466E+01   
7.92782557E+01   
8.74910982E+01   
8.07553511E+01   
6.89690938E+01   
8.33247650E+01   
1.00723145E+02   
9.09542909E+01   
7.93717744E+01   
7.42976595E+01   
9.12242448E+01   
7.26732346E+01   
8.74896979E+01   
8.87767554E+01   
7.20152030E+01   
9.36322264E+01   
8.06488298E+01   
9.48900780E+01   
7.81387277E+01   
8.13937788E+01   
7.42536507E+01   
7.99024805E+01   
7.26306261E+01   
8.67887578E+01   
6.58728746E+01   
5.63279656E+01   
7.37024405E+01   
7.30152030E+01   
8.28588718E+01   
7.17721544E+01   
6.83723745E+01   
7.28926785E+01   
6.77745549E+01   
6.87761552E+01   
7.58958792E+01   
6.93080616E+01   
7.94860972E+01   
6.40152030E+01   
7.68986797E+01   
7.01317263E+01   
8.67422484E+01   
7.29800960E+01   
7.10128026E+01   
7.85547109E+01   
7.11556311E+01   
8.96457291E+01   
7.73352671E+01   
7.63726745E+01   
8.94374875E+01   
7.13638728E+01   
8.68963793E+01   
7.39081816E+01   
7.82379476E+01   
8.98014603E+01   
8.36734347E+01   
6.53447690E+01   
8.85932186E+01   
7.12177435E+01   
7.33407682E+01   
7.64733947E+01   
7.68005601E+01   
7.24460892E+01   
7.44805961E+01   
8.19106821E+01   
7.63359672E+01   
8.74877976E+01   
9.07024405E+01   
6.99081816E+01   
7.88626725E+01   
8.09538908E+01   
7.25983197E+01   
7.27380476E+01   
7.19827966E+01   
6.43487698E+01   
6.48874775E+01   
6.80152030E+01   
8.55086017E+01   
5.78337668E+01   
7.88037608E+01   
8.78121624E+01   
7.86163233E+01   
6.16091218E+01   
7.79334867E+01   
7.16940388E+01   
6.26011202E+01   
7.34464893E+01   
7.16003201E+01   
8.42078416E+01   
7.93992799E+01   
8.32426485E+01   
6.58762753E+01   
7.35814163E+01   
7.11562312E+01   
7.59726945E+01   
6.45227045E+01   
8.44171834E+01   
6.87637528E+01   
7.44564913E+01   
7.68313663E+01   
8.08329666E+01   
7.62014403E+01   
7.49258852E+01   
7.41086217E+01   
5.25559112E+01   
7.57487497E+01   
7.00029006E+01   
7.61009202E+01   
6.85666133E+01   
7.93935787E+01   
8.33110622E+01   
8.08086617E+01   
8.45790158E+01   
6.08867774E+01   
6.84079816E+01   
8.07914583E+01   
8.74127826E+01   
8.13330666E+01   
8.10378076E+01   
8.61688338E+01   
6.69432887E+01   
6.59298860E+01   
6.70973195E+01   
8.45161032E+01   
7.44285857E+01   
7.22603521E+01   
7.99504901E+01   
7.65059012E+01   
6.33392679E+01   
7.06919384E+01   
7.00957191E+01   
8.36166233E+01   
6.07310462E+01   
7.63292659E+01   
7.97557512E+01   
7.84089818E+01   
7.06381276E+01   
8.24719944E+01   
8.93236647E+01   
8.08613723E+01   
7.83957792E+01   
6.62403481E+01   
7.34847970E+01   
6.77639528E+01   
7.26695339E+01   
6.94626925E+01   
6.90893179E+01   
7.93817764E+01   
6.90132026E+01   
6.70857171E+01   
7.59406881E+01   
5.68697740E+01   
7.62992599E+01   
7.98068614E+01   
7.71474295E+01   
5.85036007E+01   
6.84522905E+01   
7.05280056E+01   
7.75336067E+01   
7.98409682E+01   
7.08096619E+01   
6.47600520E+01   
7.90684137E+01   
7.62171434E+01   
7.52812563E+01   
6.64102821E+01   
6.94197840E+01   
7.87535507E+01   
6.54058812E+01   
6.32720544E+01   
8.40507101E+01   
6.67192438E+01   
7.00773155E+01   
6.32652531E+01   
9.08242649E+01   
7.87649530E+01   
7.12616523E+01   
7.15227045E+01   
8.63818764E+01   
7.13165633E+01   
6.91103221E+01   
9.93611722E+01   
7.27934587E+01   
7.64884977E+01   
7.61895379E+01   
7.78384677E+01   
6.99562913E+01   
6.80144029E+01   
7.91851370E+01   
6.42392478E+01   
7.52260452E+01   
8.84628926E+01   
6.96821364E+01   
6.87302460E+01   
6.65206041E+01   
6.93935787E+01   
7.64748950E+01   
7.24424885E+01   
7.26424285E+01   
5.94356871E+01   
7.10124025E+01   
6.30641128E+01   
8.54475895E+01   
7.40164033E+01   
8.90669134E+01   
8.22665533E+01   
7.31631326E+01   
7.09634927E+01   
6.78175635E+01   
7.23058612E+01   
8.64831966E+01   
7.94461892E+01   
7.68712743E+01   
8.18267654E+01   
7.52950590E+01   
6.59674935E+01   
7.10140028E+01   
5.45124025E+01   
6.44257852E+01   
7.41038208E+01   
5.11904381E+01   
7.07501500E+01   
6.91880376E+01   
7.56270254E+01   
6.53993799E+01   
7.75921184E+01   
5.96011202E+01   
7.85159032E+01   
6.44663933E+01   
5.73360672E+01   
6.92868574E+01   
7.31351270E+01   
7.52113423E+01   
7.20517103E+01   
6.90124025E+01   
7.38218644E+01   
6.72029406E+01   
6.49004801E+01   
6.80874175E+01   
6.47937588E+01   
5.92318464E+01   
8.46914383E+01   
7.31576315E+01   
7.99100820E+01   
6.22230446E+01   
6.14228846E+01   
8.33683737E+01   
8.99497900E+01   
7.23133627E+01   
6.90136027E+01   
4.66557311E+01   
7.63080616E+01   
7.20457091E+01   
6.71067213E+01   
6.31348270E+01   
5.51316263E+01   
6.10690138E+01   
6.06571314E+01   
8.76378276E+01   
7.61043209E+01   
6.44391878E+01   
6.47622525E+01   
6.63155631E+01   
5.80377075E+01   
6.61164233E+01   
6.69565913E+01   
7.27782557E+01   
7.21144229E+01   
5.81361272E+01   
7.95195039E+01   
7.99934987E+01   
6.02787558E+01   
6.00602120E+01   
6.97608522E+01   
6.62872575E+01   
8.40566113E+01   
7.27077415E+01   
6.62515503E+01   
6.39291858E+01   
6.20964193E+01   
6.10329066E+01   
7.08744749E+01   
5.31696339E+01   
5.71254251E+01   
7.87875575E+01   
6.21049210E+01   
6.70655131E+01   
7.19592919E+01   
7.59278856E+01   
6.50474095E+01   
7.08686737E+01   
7.11271254E+01   
6.31215243E+01   
5.79519904E+01   
6.49696939E+01   
6.50426085E+01   
8.19587918E+01   
7.00152030E+01   
7.39248850E+01   
7.51180236E+01   
6.81116223E+01   
6.29296859E+01   
7.29465893E+01   
7.30822164E+01   
7.20354071E+01   
6.90742148E+01   
6.09335867E+01   
6.79957992E+01   
7.09973995E+01   
6.60415083E+01   
6.90553111E+01   
6.10436087E+01   
5.99819964E+01   
6.20059012E+01   
6.89806961E+01   
7.60335067E+01   
6.79854971E+01   
6.21061212E+01   
6.29454891E+01   
6.10684137E+01   
6.59808962E+01   
6.90161032E+01   
7.09921984E+01   
6.10289058E+01   
7.49973995E+01   
7.30001000E+01   
9.00125025E+01   
6.60331066E+01   
6.80135027E+01   
7.30128026E+01   
7.10169034E+01   
6.50132026E+01   
6.30205041E+01   
8.60040008E+01   
8.70139028E+01   
5.50109022E+01   
6.50032006E+01   
5.90378076E+01   
6.50210042E+01   
8.19945989E+01   
6.90873175E+01   
7.89433887E+01   
8.20089018E+01   
6.00591118E+01   
8.19892979E+01   
7.19911982E+01   
6.70888178E+01   
7.19576915E+01   
7.49930986E+01   
6.59981996E+01   
5.50440088E+01   
7.40223045E+01   
7.40231046E+01   
7.30512102E+01   
7.79213843E+01   
7.99727946E+01   
7.00520104E+01   
6.50552110E+01   
7.10362072E+01   
6.39342869E+01   
6.40834167E+01   
6.70144029E+01   
7.50144029E+01   
6.10537107E+01   
7.79345869E+01   
6.79853971E+01   
6.08979796E+01   
5.81562312E+01   
6.89225845E+01   
6.40883177E+01   
6.81559312E+01   
7.59348870E+01   
7.99308862E+01   
6.71663333E+01   
7.78759752E+01   
6.69769954E+01   
6.61401280E+01   
8.20709142E+01   
7.88822765E+01   
7.90717143E+01   
5.99148830E+01   
7.10327065E+01   
6.29092819E+01   
5.51796359E+01   
6.22935587E+01   
8.46906381E+01   
6.62585517E+01   
6.99494899E+01   
6.57622525E+01   
6.21060212E+01   
6.39657932E+01   
5.98669734E+01   
5.53562713E+01   
7.37147429E+01   
6.50877175E+01   
6.23232647E+01   
7.67541508E+01   
6.79864973E+01   
7.77959592E+01   
6.04496899E+01   
7.26532306E+01   
6.30674135E+01   
6.05857171E+01   
7.93792759E+01   
6.13353671E+01   
7.09254851E+01   
6.57715543E+01   
5.92564513E+01   
6.72317463E+01   
6.47332466E+01   
6.11727345E+01   
6.59505901E+01   
8.57200440E+01   
6.24411882E+01   
6.98819764E+01   
6.67770554E+01   
6.38743749E+01   
6.72182436E+01   
7.70475095E+01   
6.23678736E+01   
7.68731746E+01   
8.25069014E+01   
5.53399680E+01   
6.53100620E+01   
7.60164033E+01   
7.32817564E+01   
7.88659732E+01   
7.75918184E+01   
7.17785557E+01   
5.13268654E+01   
6.27346469E+01   
6.67290458E+01   
5.74968994E+01   
5.89720944E+01   
7.20128026E+01   
6.49708942E+01   
5.60124025E+01   
6.20978196E+01   
7.69269854E+01   
6.63604721E+01   
7.05425085E+01   
7.60899180E+01   
6.46379276E+01   
8.31154231E+01   
5.53281656E+01   
5.82419484E+01   
6.55976195E+01   
6.31042208E+01   
7.00587117E+01   
6.20120024E+01   
5.94431886E+01   
7.24841968E+01   
6.64982997E+01   
7.19660932E+01   
6.97672535E+01   
6.52623525E+01   
7.22160432E+01   
7.56614323E+01   
6.94513903E+01   
5.20394079E+01   
7.15500100E+01   
7.00659132E+01   
7.75923185E+01   
6.14356871E+01   
6.42815563E+01   
7.75308062E+01   
6.75236047E+01   
5.48294659E+01   
6.94636927E+01   
5.85659132E+01   
8.06234247E+01   
5.76877375E+01   
7.06765353E+01   
7.43861772E+01   
6.15851170E+01   
6.01298260E+01   
7.58398680E+01   
6.58961792E+01   
6.21901380E+01   
7.88354671E+01   
6.70128026E+01   
6.68921784E+01   
6.38012603E+01   
7.16505301E+01   
7.45684137E+01   
7.94611922E+01   
6.87032406E+01   
7.89500900E+01   
6.82017403E+01   
6.85690138E+01   
6.90973195E+01   
7.18599720E+01   
5.62045409E+01   
6.35976195E+01   
6.66221244E+01   
6.62764553E+01   
5.94175835E+01   
5.80108022E+01   
6.82121424E+01   
6.62145429E+01   
5.86736347E+01   
6.54210842E+01   
6.69448890E+01   
7.88058612E+01   
6.00815163E+01   
7.00823165E+01   
6.22237447E+01   
7.15090018E+01   
6.23012603E+01   
7.91602320E+01   
7.43731746E+01   
7.57263453E+01   
6.39412883E+01   
6.60867173E+01   
6.62053411E+01   
5.88226645E+01   
6.84937988E+01   
5.53847770E+01   
7.85625125E+01   
4.87659532E+01   
7.82425485E+01   
7.61686337E+01   
7.26359272E+01   
7.07807562E+01   
6.90911182E+01   
8.03256651E+01   
6.06240248E+01   
5.87774555E+01   
6.53288658E+01   
7.66959392E+01   
6.68525705E+01   
6.16903381E+01   
5.38978796E+01   
7.05277055E+01   
6.22565513E+01   
6.30132026E+01   
6.32601520E+01   
6.82625525E+01   
7.18519704E+01   
5.39286857E+01   
7.11822364E+01   
7.04367874E+01   
7.60853171E+01   
6.46723345E+01   
6.12939588E+01   
7.87284457E+01   
5.78743749E+01   
6.89284857E+01   
7.30148030E+01   
7.61898380E+01   
7.31035207E+01   
6.54262853E+01   
5.14282857E+01   
7.04804961E+01   
5.91176235E+01   
5.87172434E+01   
6.42035407E+01   
7.28313663E+01   
6.51054211E+01   
7.53694739E+01   
5.50207041E+01   
7.68293659E+01   
7.21059212E+01   
5.70824165E+01   
6.57864573E+01   
7.10780156E+01   
5.40132026E+01   
6.45815163E+01   
7.10156031E+01   
7.40604121E+01   
5.94503901E+01   
9.24396879E+01   
6.99184837E+01   
7.71119224E+01   
8.17226445E+01   
6.59160832E+01   
7.32102420E+01   
7.26067213E+01   
7.47194439E+01   
7.04184837E+01   
5.94128826E+01   
7.31183237E+01   
8.08033607E+01   
5.68193639E+01   
8.02166433E+01   
7.03009602E+01   
6.21371274E+01   
7.14751950E+01   
5.67630526E+01   
7.22921584E+01   
7.20140028E+01   
7.30140028E+01   
4.83384677E+01   
5.48485697E+01   
6.26439288E+01   
5.89072815E+01   
5.76938388E+01   
6.24384877E+01   
6.93704741E+01   
6.61935387E+01   
7.40439088E+01   
7.35532106E+01   
6.17961592E+01   
5.65584117E+01   
6.44671934E+01   
6.74524905E+01   
6.31318264E+01   
6.16790358E+01   
5.77878576E+01   
6.29086817E+01   
7.90123025E+01   
7.73420684E+01   
7.16899380E+01   
7.03372675E+01   
6.00136027E+01   
6.59249850E+01   
7.16738348E+01   
7.40156031E+01   
7.02887578E+01   
6.50493099E+01   
6.76654331E+01   
7.28262653E+01   
6.32639528E+01   
5.02971594E+01   
6.72482496E+01   
7.44243849E+01   
6.47753551E+01   
6.64175835E+01   
5.62474495E+01   
5.88466693E+01   
6.37729546E+01   
6.39745949E+01   
6.66530306E+01   
7.19238848E+01   
6.71041208E+01   
6.96236247E+01   
6.64043809E+01   
7.38730746E+01   
6.52930586E+01   
5.23817764E+01   
6.37473495E+01   
8.75261052E+01   
6.63873775E+01   
7.92646529E+01   
7.10152030E+01   
7.70152030E+01   
7.30152030E+01   
8.38884777E+01   
7.13961792E+01   
6.58682737E+01   
6.56286257E+01   
6.15245049E+01   
6.02702541E+01   
6.63679736E+01   
7.03639728E+01   
5.71789358E+01   
6.19705941E+01   
5.39250850E+01   
6.99306861E+01   
7.53579716E+01   
6.67497499E+01   
6.50865173E+01   
7.25409082E+01   
5.63459692E+01   
5.32113423E+01   
6.53435687E+01   
6.02201440E+01   
7.18022605E+01   
6.60381076E+01   
7.15264053E+01   
7.72846569E+01   
6.61042208E+01   
6.97433487E+01   
7.66046209E+01   
6.56022204E+01   
6.39790958E+01   
7.78780756E+01   
7.68772755E+01   
7.40417083E+01   
6.30128026E+01   
6.10128026E+01   
6.28724745E+01   
6.35902180E+01   
6.41402280E+01   
7.54575915E+01   
5.69969994E+01   
6.01616323E+01   
6.60132026E+01   
7.37288458E+01   
8.40152030E+01   
7.77273455E+01   
6.54473895E+01   
7.01734347E+01   
7.99869974E+01   
6.84497900E+01   
7.71173235E+01   
6.62041408E+01   
7.22815563E+01   
5.85419084E+01   
5.84023805E+01   
7.02077415E+01   
5.88290658E+01   
8.16387277E+01   
5.96085217E+01   
7.32098420E+01   
7.84170834E+01   
7.05642128E+01   
6.93154631E+01   
6.70501100E+01   
5.35249050E+01   
6.48616723E+01   
5.89271854E+01   
6.97101420E+01   
8.11679336E+01   
7.40940188E+01   
6.23981796E+01   
7.39360872E+01   
6.73115623E+01   
5.51643329E+01   
5.66985397E+01   
5.44765953E+01   
6.45113023E+01   
6.21952390E+01   
6.08520704E+01   
6.19539908E+01   
7.82222444E+01   
7.40168034E+01   
7.52231446E+01   
7.57417483E+01   
6.32878576E+01   
6.30552110E+01   
7.47760552E+01   
7.64094819E+01   
6.64629926E+01   
7.85318064E+01   
7.12055411E+01   
7.41495299E+01   
7.13886777E+01   
7.08276655E+01   
6.78692739E+01   
5.78472695E+01   
5.63534707E+01   
5.16681336E+01   
7.58272655E+01   
6.65254051E+01   
6.28456691E+01   
6.15082016E+01   
6.13486697E+01   
8.33494699E+01   
7.25086017E+01   
6.43486697E+01   
7.08452691E+01   
7.20256051E+01   
7.10156031E+01   
6.68460692E+01   
7.56557311E+01   
5.95010002E+01   
5.68644729E+01   
6.88684737E+01   
6.89855971E+01   
6.51527305E+01   
6.70444089E+01   
7.03582717E+01   
7.20136027E+01   
7.08400680E+01   
6.32307461E+01   
7.24469894E+01   
6.82355471E+01   
6.58400680E+01   
7.73126625E+01   
6.78372675E+01   
6.77181436E+01   
6.48935787E+01   
5.87809562E+01   
6.31259252E+01   
5.99012803E+01   
7.10836167E+01   
7.77309462E+01   
7.18679736E+01   
6.04741948E+01   
6.50116023E+01   
6.63722745E+01   
6.62050410E+01   
7.21820364E+01   
6.02870574E+01   
6.42851570E+01   
6.97380476E+01   
5.83770754E+01   
6.44774955E+01   
7.71802360E+01   
5.23794759E+01   
7.21461292E+01   
7.79549910E+01   
6.34914983E+01   
7.44569914E+01   
6.83842769E+01   
6.39634927E+01   
5.55027005E+01   
7.02634527E+01   
6.67605521E+01   
6.04551910E+01   
8.15105021E+01   
7.83153631E+01   
5.56321264E+01   
6.47154431E+01   
6.57729546E+01   
7.33954791E+01   
6.98248650E+01   
7.26329266E+01   
7.79297860E+01   
7.16748350E+01   
8.99772955E+01   
8.16321264E+01   
8.20854171E+01   
6.80451090E+01   
5.53683737E+01   
7.70136027E+01   
7.67399480E+01   
7.71407281E+01   
6.89422885E+01   
7.98395679E+01   
7.36018204E+01   
5.54237848E+01   
6.56185237E+01   
6.41972394E+01   
7.52123425E+01   
8.06098220E+01   
7.76248250E+01   
5.02123425E+01   
7.50136027E+01   
6.30139028E+01   
6.56143229E+01   
6.38029606E+01   
6.74277856E+01   
6.58213643E+01   
6.75838168E+01   
6.44263853E+01   
6.00402080E+01   
6.57665533E+01   
6.56033207E+01   
5.50687137E+01   
6.79721944E+01   
7.62400480E+01   
7.19882977E+01   
6.66840368E+01   
7.93696739E+01   
6.39822965E+01   
6.03917784E+01   
4.74250850E+01   
6.02568514E+01   
6.25584117E+01   
5.46779356E+01   
7.07619524E+01   
6.56394279E+01   
6.94799960E+01   
5.49165833E+01   
6.50120024E+01   
6.29086817E+01   
7.38044609E+01   
6.91690338E+01   
6.98016603E+01   
7.70132026E+01   
6.02896579E+01   
6.85236047E+01   
5.75180036E+01   
5.76518304E+01   
6.25825165E+01   
5.69430886E+01   
6.96594319E+01   
7.91530306E+01   
5.93092619E+01   
7.57996599E+01   
7.45821164E+01   
6.61005201E+01   
7.56238248E+01   
5.36662332E+01   
6.14851970E+01   
7.28231646E+01   
7.58558712E+01   
7.02315463E+01   
5.72323465E+01   
6.44703941E+01   
6.12174435E+01   
7.90043009E+01   
7.32452490E+01   
6.84582917E+01   
6.67917584E+01   
6.09021804E+01   
7.63516703E+01   
5.80033007E+01   
7.21468294E+01   
7.35685137E+01   
7.46452290E+01   
7.02150430E+01   
8.09932987E+01   
7.79525905E+01   
6.52387477E+01   
6.93325665E+01   
7.90116023E+01   
6.13768754E+01   
5.86463293E+01   
5.81533307E+01   
7.28698740E+01   
7.94698940E+01   
7.23896779E+01   
7.73142629E+01   
7.98670734E+01   
7.00171034E+01   
6.01673335E+01   
6.20136027E+01   
7.14052811E+01   
7.05308062E+01   
5.76392278E+01   
6.70128026E+01   
6.24140828E+01   
6.00381076E+01   
5.89457892E+01   
6.64184837E+01   
8.05421084E+01   
7.06604321E+01   
7.08908782E+01   
6.50654131E+01   
5.89561912E+01   
5.40108022E+01   
7.13862773E+01   
6.59214843E+01   
7.02998600E+01   
7.01968394E+01   
5.50759152E+01   
7.60172034E+01   
7.12973595E+01   
7.77756551E+01   
7.04230846E+01   
7.79908982E+01   
6.46328266E+01   
7.21122224E+01   
6.49801960E+01   
7.25849170E+01   
4.91419284E+01   
7.38490698E+01   
5.79615923E+01   
7.33027606E+01   
5.49473895E+01   
7.32991598E+01   
6.59767954E+01   
7.55237047E+01   
6.60148030E+01   
7.47810562E+01   
6.10242048E+01   
6.64768954E+01   
7.70496099E+01   
6.92389478E+01   
7.30206041E+01   
6.80140028E+01   
6.45167033E+01   
6.65117023E+01   
6.52653531E+01   
7.45145029E+01   
6.75129026E+01   
6.20144029E+01   
7.20144029E+01   
7.39955991E+01   
7.38024605E+01   
6.97514503E+01   
7.80152030E+01   
6.69835967E+01   
5.90468094E+01   
7.79391878E+01   
5.63257652E+01   
6.97806561E+01   
6.59913983E+01   
7.77572515E+01   
6.95807161E+01   
6.44456891E+01   
6.59829966E+01   
6.53331666E+01   
6.60152030E+01   
7.07214443E+01   
7.04948990E+01   
6.63101620E+01   
7.88340668E+01   
7.44136827E+01   
6.72309462E+01   
7.55343069E+01   
7.14896979E+01   
7.07978596E+01   
6.58002601E+01   
7.46419284E+01   
7.37552511E+01   
8.28553711E+01   
7.13887778E+01   
7.69019804E+01   
7.56611322E+01   
6.92448490E+01   
5.55248050E+01   
8.12300460E+01   
6.74071814E+01   
7.43473695E+01   
6.94812963E+01   
7.68041608E+01   
6.17420484E+01   
6.51564313E+01   
7.12065413E+01   
6.90116023E+01   
6.56638328E+01   
6.23593719E+01   
6.69040808E+01   
7.34728946E+01   
6.36578316E+01   
6.79986997E+01   
6.87525505E+01   
5.84623925E+01   
7.20148030E+01   
7.65611122E+01   
7.74684937E+01   
7.11929386E+01   
5.87213443E+01   
6.26796359E+01   
7.08143629E+01   
7.03901780E+01   
8.57384477E+01   
6.62903581E+01   
7.27376475E+01   
5.69053811E+01   
5.88450690E+01   
6.01254251E+01   
8.23450690E+01   
6.50128026E+01   
6.75252050E+01   
7.84572915E+01   
7.25755151E+01   
7.76896379E+01   
7.05009002E+01   
6.44847970E+01   
7.89533907E+01   
7.70435087E+01   
6.34261852E+01   
6.67543509E+01   
6.02963593E+01   
7.01478296E+01   
7.12868574E+01   
8.38904781E+01   
8.04444889E+01   
7.14350870E+01   
7.51624325E+01   
7.24437888E+01   
7.15842168E+01   
7.80140028E+01   
7.31525305E+01   
7.15879176E+01   
6.93015603E+01   
7.38790758E+01   
7.03039608E+01   
7.13529706E+01   
9.12304461E+01   
6.92738548E+01   
6.01726345E+01   
6.98850770E+01   
7.67609522E+01   
8.27248450E+01   
8.65562112E+01   
6.79674935E+01   
6.45967193E+01   
6.81846369E+01   
6.57844569E+01   
5.58306661E+01   
8.60749150E+01   
8.08381676E+01   
7.67865573E+01   
7.60624125E+01   
6.37584517E+01   
6.36404281E+01   
7.65334067E+01   
6.28265653E+01   
6.67989598E+01   
6.70160032E+01   
6.66291258E+01   
6.87016403E+01   
8.77172434E+01   
6.40204041E+01   
5.72114423E+01   
8.28161632E+01   
7.96175235E+01   
6.66924385E+01   
5.78177636E+01   
6.43127626E+01   
5.98946789E+01   
5.99718944E+01   
6.79859972E+01   
7.07456491E+01   
7.02815563E+01   
6.43179636E+01   
7.08044609E+01   
8.14770954E+01   
6.05382076E+01   
7.80124025E+01   
5.79950990E+01   
8.10973195E+01   
7.67877576E+01   
8.20921184E+01   
7.06295259E+01   
7.18645729E+01   
7.33992799E+01   
6.68518704E+01   
7.62514503E+01   
8.02546509E+01   
7.49127826E+01   
8.30523105E+01   
7.47729546E+01   
7.87697540E+01   
6.71340268E+01   
8.97060412E+01   
7.00180036E+01   
7.97547510E+01   
6.67727546E+01   
6.66427285E+01   
8.09017804E+01   
7.25556111E+01   
7.40136027E+01   
6.91692338E+01   
6.69100820E+01   
5.95942188E+01   
6.24305861E+01   
7.45982196E+01   
6.70617123E+01   
6.07874575E+01   
7.67858572E+01   
7.43351670E+01   
7.21868374E+01   
6.35272054E+01   
6.69762953E+01   
7.71732346E+01   
6.46166233E+01   
7.44089818E+01   
6.76912382E+01   
7.21638328E+01   
1.00406981E+02   
7.96623325E+01   
7.97859572E+01   
7.19842969E+01   
7.10429086E+01   
7.39866973E+01   
7.13138628E+01   
7.13415683E+01   
7.47844569E+01   
6.86414283E+01   
6.82981596E+01   
6.57290458E+01   
7.09765953E+01   
7.27230446E+01   
6.76530306E+01   
7.00450090E+01   
6.50128026E+01   
6.83044609E+01   
6.77324465E+01   
6.13516703E+01   
7.93055611E+01   
7.50314063E+01   
8.13512703E+01   
7.16653331E+01   
7.66758352E+01   
6.96885377E+01   
7.40181036E+01   
6.90152030E+01   
7.03480696E+01   
7.43502701E+01   
8.26847369E+01   
7.96734347E+01   
7.30250050E+01   
7.80097019E+01   
6.49835967E+01   
7.33740748E+01   
6.10144029E+01   
7.73630726E+01   
7.26657331E+01   
6.86764353E+01   
7.79837968E+01   
6.73992799E+01   
7.19805961E+01   
7.33527706E+01   
7.23535707E+01   
6.63543709E+01   
7.06959392E+01   
7.79681936E+01   
7.98688738E+01   
9.06541308E+01   
7.31188238E+01   
5.98087618E+01   
7.06429286E+01   
8.47011402E+01   
6.90148030E+01   
7.27697540E+01   
7.36389278E+01   
7.39808962E+01   
7.41620324E+01   
8.25603121E+01   
6.86305261E+01   
7.63208642E+01   
7.50966193E+01   
6.82781556E+01   
7.53619724E+01   
7.97111422E+01   
7.19225845E+01   
6.61553311E+01   
6.85694139E+01   
7.70635127E+01   
7.52703541E+01   
7.78115623E+01   
7.60160032E+01   
7.90160032E+01   
7.26081216E+01   
6.93667734E+01   
8.37203441E+01   
7.42497500E+01   
7.49528906E+01   
6.77822565E+01   
7.78493699E+01   
8.19532907E+01   
7.79508902E+01   
8.67930586E+01   
7.67455491E+01   
6.30815163E+01   
6.87974595E+01   
8.34446889E+01   
7.77986597E+01   
6.71614323E+01   
7.65074015E+01   
6.80667133E+01   
7.87064413E+01   
8.31877375E+01   
7.10516103E+01   
9.10176035E+01   
7.99667934E+01   
6.02625525E+01   
8.37614523E+01   
7.56500300E+01   
7.12729546E+01   
8.85546109E+01   
8.24757952E+01   
7.46516303E+01   
6.89228846E+01   
6.79285857E+01   
5.87338468E+01   
7.07435487E+01   
8.33254651E+01   
8.72386477E+01   
7.01115223E+01   
6.32800560E+01   
6.83173635E+01   
7.82812563E+01   
6.90156031E+01   
7.20165033E+01   
7.01708342E+01   
7.11211242E+01   
8.00801160E+01   
8.22095419E+01   
8.30881176E+01   
7.91307261E+01   
8.28537708E+01   
5.63549710E+01   
6.86182236E+01   
7.42934587E+01   
8.36226245E+01   
6.92696539E+01   
7.77737548E+01   
7.26388278E+01   
7.36330266E+01   
8.15143029E+01   
8.21409282E+01   
7.23903781E+01   
7.10152030E+01   
6.85207041E+01   
7.73793759E+01   
7.16368274E+01   
6.87687538E+01   
6.03923785E+01   
8.35283057E+01   
7.82890578E+01   
7.24686937E+01   
7.35689138E+01   
8.54988998E+01   
6.84956991E+01   
8.52041408E+01   
8.54952991E+01   
8.82026405E+01   
7.53963793E+01   
7.11029206E+01   
7.79888978E+01   
8.07189438E+01   
7.05634127E+01   
7.00120024E+01   
8.10870174E+01   
7.03999800E+01   
7.24748950E+01   
6.50140028E+01   
8.00841168E+01   
7.15575115E+01   
7.12400480E+01   
8.23999800E+01   
8.12380476E+01   
7.18320664E+01   
8.97951590E+01   
8.82436487E+01   
5.98488698E+01   
8.04067814E+01   
7.60677135E+01   
6.57963593E+01   
7.12809562E+01   
6.49694939E+01   
8.02324465E+01   
7.26629326E+01   
6.60124025E+01   
6.97618524E+01   
6.84424885E+01   
7.37365473E+01   
8.86846369E+01   
7.15915183E+01   
6.56208242E+01   
7.52730546E+01   
7.05485097E+01   
7.43918784E+01   
8.78473695E+01   
6.98570714E+01   
6.31733347E+01   
8.05813163E+01   
9.06531306E+01   
7.84046809E+01   
7.98265653E+01   
7.98119624E+01   
7.46127225E+01   
8.00160032E+01   
7.02152430E+01   
7.52253451E+01   
8.62121424E+01   
7.74033807E+01   
7.50140028E+01   
8.08306661E+01   
8.29889978E+01   
6.88032607E+01   
8.90474095E+01   
6.33996799E+01   
7.66753351E+01   
7.63765753E+01   
7.38263653E+01   
8.56391278E+01   
8.85825165E+01   
8.40479096E+01   
7.11366273E+01   
6.86778356E+01   
8.37561512E+01   
7.49492899E+01   
8.26695339E+01   
7.60571114E+01   
7.56978396E+01   
8.66092218E+01   
8.00986197E+01   
8.05278056E+01   
8.67856571E+01   
7.67273455E+01   
6.51904381E+01   
7.31326265E+01   
8.62539508E+01   
8.32563513E+01   
8.48873775E+01   
7.38423685E+01   
7.08761752E+01   
6.41832366E+01   
7.39885977E+01   
8.44489898E+01   
8.42453491E+01   
7.75217043E+01   
8.21824365E+01   
8.58479696E+01   
7.55183037E+01   
7.50945189E+01   
8.41946389E+01   
7.99268854E+01   
7.87604521E+01   
7.39196839E+01   
7.20765153E+01   
7.50506101E+01   
8.98563713E+01   
8.39618924E+01   
8.70709142E+01   
7.98595719E+01   
7.27973595E+01   
8.17460492E+01   
8.00120024E+01   
7.05511102E+01   
6.20493099E+01   
6.32514503E+01   
8.01375275E+01   
7.61680336E+01   
8.05916183E+01   
9.06978396E+01   
8.88908782E+01   
7.77549510E+01   
7.60023005E+01   
8.68622725E+01   
8.44694939E+01   
7.30132026E+01   
7.17267453E+01   
8.53026605E+01   
7.74436887E+01   
8.62980596E+01   
6.48648730E+01   
8.53166633E+01   
8.01397279E+01   
6.78755751E+01   
7.64244849E+01   
7.10833167E+01   
8.76694339E+01   
7.70132026E+01   
7.54463893E+01   
7.01464293E+01   
7.65226045E+01   
8.01093219E+01   
7.69282857E+01   
8.41021204E+01   
8.39845969E+01   
9.01496299E+01   
9.24024805E+01   
7.37769554E+01   
8.70086017E+01   
8.05193039E+01   
8.34547910E+01   
9.18939788E+01   
8.25792158E+01   
8.10649130E+01   
5.98160632E+01   
6.93319664E+01   
8.08574715E+01   
8.84583917E+01   
8.44884977E+01   
8.58979796E+01   
8.03636727E+01   
7.81284257E+01   
7.36542308E+01   
8.99047810E+01   
7.99217844E+01   
7.52327465E+01   
7.70143029E+01   
7.26809362E+01   
6.93491698E+01   
8.92324465E+01   
7.64869974E+01   
7.84146829E+01   
8.32654531E+01   
7.85935187E+01   
9.52288458E+01   
6.14336867E+01   
8.73595719E+01   
7.12595519E+01   
8.01192238E+01   
7.75209042E+01   
7.44627926E+01   
7.51659332E+01   
7.39175835E+01   
9.53096619E+01   
6.13048610E+01   
7.58878776E+01   
8.04932987E+01   
7.10132026E+01   
7.25600120E+01   
7.20951190E+01   
9.15563113E+01   
8.48396679E+01   
8.02888578E+01   
6.95600120E+01   
7.82927586E+01   
8.15767153E+01   
9.15441088E+01   
7.94727946E+01   
8.10455091E+01   
9.24783957E+01   
8.03654731E+01   
6.64258852E+01   
9.12255451E+01   
8.13943789E+01   
8.89371874E+01   
8.43388678E+01   
9.03175635E+01   
8.80960192E+01   
7.55556111E+01   
7.17859572E+01   
8.97088418E+01   
8.79415883E+01   
8.78524705E+01   
7.70140028E+01   
7.67955591E+01   
8.48003601E+01   
9.89475895E+01   
8.98364673E+01   
7.20160032E+01   
8.49471894E+01   
7.95508102E+01   
7.80836167E+01   
7.32148430E+01   
7.96851370E+01   
7.46144229E+01   
9.76120224E+01   
8.76355271E+01   
8.13940788E+01   
8.13607722E+01   
7.32600520E+01   
7.26535307E+01   
7.95480096E+01   
7.80729146E+01   
7.60207041E+01   
8.49603921E+01   
1.00961992E+02   
9.17672535E+01   
8.87975595E+01   
8.02328466E+01   
7.85944189E+01   
7.88059612E+01   
7.18500700E+01   
7.51843369E+01   
8.07404481E+01   
6.80136027E+01   
8.13455691E+01   
7.99219844E+01   
8.34947990E+01   
8.30640128E+01   
8.00176035E+01   
8.44136827E+01   
7.06647329E+01   
8.66228246E+01   
9.65987197E+01   
9.14308862E+01   
7.34147830E+01   
7.30560112E+01   
8.30928186E+01   
7.83451690E+01   
7.52020404E+01   
8.34599920E+01   
7.50504101E+01   
7.57735547E+01   
8.43560712E+01   
8.72987598E+01   
8.25332066E+01   
9.61104221E+01   
8.23471694E+01   
9.09003801E+01   
8.76516303E+01   
8.96444289E+01   
7.74739948E+01   
9.03443689E+01   
8.42004401E+01   
7.44039808E+01   
7.51392278E+01   
8.58527706E+01   
8.28232647E+01   
7.97507502E+01   
7.85716143E+01   
8.35676135E+01   
8.69195839E+01   
9.39459892E+01   
8.01636327E+01   
9.44911982E+01   
8.35896179E+01   
6.40900180E+01   
7.54019804E+01   
8.49887978E+01   
7.00944189E+01   
7.89527906E+01   
6.90728146E+01   
7.89503901E+01   
8.45800160E+01   
8.34815963E+01   
8.35112022E+01   
8.55120024E+01   
7.85064013E+01   
9.05032006E+01   
9.00192038E+01   
8.25172034E+01   
8.65500100E+01   
7.64915983E+01   
8.65276055E+01   
7.95124025E+01   
8.70164033E+01   
9.50180036E+01   
8.30132026E+01   
9.50324065E+01   
9.30052010E+01   
8.70172034E+01   
8.55052010E+01   
8.10152030E+01   
8.15312062E+01   
7.05280056E+01   
8.55464093E+01   
1.03508002E+02   
9.70296059E+01   
7.74115823E+01   
9.75628126E+01   
7.74619924E+01   
8.95700140E+01   
7.89887978E+01   
8.05648130E+01   
9.35400080E+01   
7.10184037E+01   
9.00352070E+01   
1.01510402E+02   
1.06528006E+02   
8.08655731E+01   
7.20928186E+01   
8.25888178E+01   
9.25296059E+01   
9.44855971E+01   
8.15760152E+01   
8.89239848E+01   
8.74795959E+01   
7.14515903E+01   
8.10928186E+01   
9.26112222E+01   
9.71308262E+01   
7.67915583E+01   
8.20452090E+01   
9.61076215E+01   
9.30188038E+01   
7.94067814E+01   
9.17292458E+01   
9.73363673E+01   
1.09395279E+02   
9.31207241E+01   
8.81244249E+01   
9.29083817E+01   
9.40916183E+01   
8.85372074E+01   
8.98615723E+01   
7.48951790E+01   
8.11352270E+01   
8.35776155E+01   
9.00164033E+01   
8.65812162E+01   
8.81496299E+01   
8.36615323E+01   
7.71960392E+01   
7.83079616E+01   
8.39616923E+01   
9.33047610E+01   
8.09195839E+01   
8.27388478E+01   
8.41200240E+01   
8.18294659E+01   
6.82180436E+01   
8.11716343E+01   
8.97568514E+01   
7.66927385E+01   
7.90696139E+01   
6.90712142E+01   
7.96751350E+01   
7.26552310E+01   
8.13052611E+01   
1.03254051E+02   
1.00840368E+02   
8.72004401E+01   
8.85275055E+01   
8.40764153E+01   
8.05205041E+01   
9.90212042E+01   
8.11647329E+01   
7.67543509E+01   
8.03456691E+01   
7.50848170E+01   
8.15524105E+01   
8.69499900E+01   
9.28091618E+01   
8.19451890E+01   
7.98011602E+01   
8.33724745E+01   
9.30164033E+01   
8.57004401E+01   
8.16300260E+01   
7.97939588E+01   
7.80172034E+01   
8.84787958E+01   
9.11720344E+01   
9.00968194E+01   
8.44795959E+01   
7.99387878E+01   
8.93159632E+01   
8.48527706E+01   
9.25089018E+01   
8.56863373E+01   
8.59780956E+01   
1.01138728E+02   
7.60459092E+01   
8.83580716E+01   
8.78005601E+01   
9.33027606E+01   
8.83875775E+01   
8.32059412E+01   
8.82003401E+01   
9.51069214E+01   
7.55591118E+01   
8.52113423E+01   
9.12871574E+01   
9.53968794E+01   
9.32843569E+01   
7.43482697E+01   
9.18536707E+01   
7.46271254E+01   
8.25636127E+01   
7.21140228E+01   
1.01065713E+02   
9.05704141E+01   
1.04282557E+02   
9.49388878E+01   
1.00149430E+02   
1.04950690E+02   
9.38087618E+01   
8.49111822E+01   
9.38673735E+01   
1.01361572E+02   
9.43730746E+01   
9.40164033E+01   
1.00454891E+02   
9.53539708E+01   
9.12403481E+01   
9.75765153E+01   
9.85768154E+01   
9.72254451E+01   
8.14728946E+01   
8.73270654E+01   
6.71296259E+01   
7.49232847E+01   
9.18702741E+01   
7.89601920E+01   
8.95423085E+01   
9.43760752E+01   
9.36996399E+01   
9.67290458E+01   
8.86265253E+01   
9.14567914E+01   
8.66459292E+01   
9.37028406E+01   
7.77052410E+01   
9.75812162E+01   
8.95820164E+01   
1.01530906E+02   
1.01199940E+02   
8.97607522E+01   
8.71488298E+01   
8.67160432E+01   
9.15864173E+01   
8.19581916E+01   
7.88161632E+01   
9.66159232E+01   
8.91520304E+01   
1.00857672E+02   
9.63143629E+01   
9.82753551E+01   
1.03176735E+02   
9.23246649E+01   
8.58668734E+01   
8.98779756E+01   
9.18677736E+01   
1.04168234E+02   
7.53031606E+01   
7.64488898E+01   
8.70054011E+01   
7.72951590E+01   
8.46106221E+01   
8.18558712E+01   
1.04365173E+02   
8.82388478E+01   
8.59129826E+01   
1.05267854E+02   
8.80453091E+01   
8.47147429E+01   
9.23228646E+01   
8.87115423E+01   
8.32855571E+01   
7.63264653E+01   
8.61736347E+01   
8.82831566E+01   
7.51231246E+01   
9.69657932E+01   
9.95423085E+01   
1.13557812E+02   
8.96382276E+01   
1.00018404E+02   
9.02062412E+01   
8.04121824E+01   
8.87648530E+01   
1.03261752E+02   
9.35329066E+01   
7.85157031E+01   
9.57662533E+01   
8.91033207E+01   
9.95245049E+01   
9.54355871E+01   
1.14946089E+02   
9.68507702E+01   
9.71610322E+01   
7.93628726E+01   
1.07647429E+02   
9.51052210E+01   
9.41285257E+01   
8.70180036E+01   
7.93716743E+01   
9.82531506E+01   
8.88399680E+01   
9.58618724E+01   
8.62232446E+01   
8.33293659E+01   
9.98375675E+01   
8.76974395E+01   
7.21561312E+01   
8.49776955E+01   
9.19437888E+01   
9.52451490E+01   
9.33444689E+01   
9.66088218E+01   
1.02955791E+02   
1.00208442E+02   
9.16152230E+01   
1.07020804E+02   
1.04042709E+02   
8.68466693E+01   
7.84195839E+01   
7.54028806E+01   
9.91699340E+01   
9.30716143E+01   
8.28100620E+01   
8.64108822E+01   
7.64258852E+01   
9.36078216E+01   
1.10421184E+02   
9.98201640E+01   
9.56181236E+01   
9.80180036E+01   
9.00119024E+01   
8.98289658E+01   
1.05845469E+02   
1.04578416E+02   
8.43998800E+01   
9.84272855E+01   
7.44485897E+01   
9.88517704E+01   
1.04374175E+02   
9.52521504E+01   
1.07548110E+02   
7.71987397E+01   
8.14685937E+01   
9.64436887E+01   
8.70196039E+01   
1.05019604E+02   
9.92729546E+01   
8.86860372E+01   
1.06358772E+02   
9.04988998E+01   
1.09062913E+02   
8.78957792E+01   
1.18682136E+02   
1.07868074E+02   
8.75751150E+01   
1.01573915E+02   
1.02468894E+02   
1.01679736E+02   
1.04019204E+02   
9.70192038E+01   
9.25002000E+01   
1.05901680E+02   
1.13953891E+02   
8.99498900E+01   
1.19397880E+02   
1.02872575E+02   
1.00789558E+02   
8.90918184E+01   
9.28660732E+01   
9.90180036E+01   
1.05659132E+02   
9.99944989E+01   
1.01962593E+02   
8.83636727E+01   
9.50160032E+01   
8.53043609E+01   
9.82061412E+01   
1.00457892E+02   
9.16794359E+01   
1.05432186E+02   
1.01576815E+02   
7.69416883E+01   
8.67497500E+01   
9.31527305E+01   
1.11132927E+02   
1.12006601E+02   
1.11905881E+02   
9.82856571E+01   
9.57675535E+01   
8.83893779E+01   
8.63949790E+01   
9.62674535E+01   
9.99050810E+01   
1.00879676E+02   
9.21521304E+01   
1.03410582E+02   
9.76294259E+01   
1.07532106E+02   
1.02650030E+02   
1.02022004E+02   
9.33589718E+01   
1.01573915E+02   
9.03931786E+01   
1.20240248E+02   
1.06651230E+02   
9.34460892E+01   
8.27527506E+01   
1.05279256E+02   
9.67078416E+01   
1.09285257E+02   
1.09387177E+02   
8.75846169E+01   
1.05331766E+02   
1.12337067E+02   
1.02079316E+02   
1.04414983E+02   
9.72791558E+01   
1.05752851E+02   
9.62902581E+01   
1.21025605E+02   
1.08839468E+02   
1.09748350E+02   
9.97284457E+01   
9.33791758E+01   
1.05044309E+02   
1.03907782E+02   
9.14146829E+01   
9.51419284E+01   
1.08139028E+02   
8.75821164E+01   
9.06081216E+01   
9.06408282E+01   
9.56021204E+01   
1.04727546E+02   
1.00309262E+02   
1.00877776E+02   
8.49408882E+01   
8.33723745E+01   
9.38158632E+01   
1.05374775E+02   
8.82453491E+01   
1.05375575E+02   
1.12374775E+02   
1.02373975E+02   
9.27263453E+01   
9.81358272E+01   
1.02731246E+02   
1.07559012E+02   
1.07135027E+02   
1.20969694E+02   
1.02673635E+02   
1.07725545E+02   
1.07274155E+02   
1.08521704E+02   
1.03513703E+02   
1.13181536E+02   
1.03280556E+02   
1.06895979E+02   
1.00628526E+02   
1.15201540E+02   
1.07839268E+02   
9.37522505E+01   
1.04364373E+02   
1.14180036E+02   
1.14094619E+02   
8.58479696E+01   
8.49824965E+01   
9.72331466E+01   
1.06051910E+02   
1.06960992E+02   
9.38211642E+01   
9.39896979E+01   
1.01308162E+02   
9.79952991E+01   
1.06338868E+02   
9.64296859E+01   
1.05295059E+02   
9.50411082E+01   
9.13221644E+01   
1.04665333E+02   
1.06039908E+02   
1.00729346E+02   
9.23710742E+01   
1.03979496E+02   
9.60442088E+01   
9.50497099E+01   
1.12278756E+02   
9.50560112E+01   
1.02006201E+02   
1.07686837E+02   
1.07031006E+02   
9.16949390E+01   
8.76790358E+01   
9.96853371E+01   
1.22022204E+02   
1.23690838E+02   
7.63273655E+01   
8.10444089E+01   
1.04026505E+02   
9.96782356E+01   
8.96896379E+01   
1.00672635E+02   
8.16585317E+01   
1.00390378E+02   
9.63116623E+01   
9.07009402E+01   
1.02375775E+02   
9.53636727E+01   
1.15451790E+02   
9.92803561E+01   
1.15636127E+02   
9.76506301E+01   
9.70610122E+01   
9.42515503E+01   
1.13535207E+02   
1.24048910E+02   
9.99167834E+01   
8.19633927E+01   
9.24872975E+01   
1.18638628E+02   
1.00406981E+02   
9.67924585E+01   
9.42190438E+01   
1.14092218E+02   
1.16016603E+02   
9.42767554E+01   
8.43026605E+01   
1.04779856E+02   
1.06259352E+02   
1.13742949E+02   
1.15296259E+02   
9.70645129E+01   
1.09020804E+02   
9.19261852E+01   
1.06481096E+02   
1.06338368E+02   
1.09868474E+02   
9.79100820E+01   
9.72850570E+01   
1.02293759E+02   
1.06712442E+02   
1.07171234E+02   
1.06965493E+02   
9.57088418E+01   
1.09154431E+02   
1.00080516E+02   
9.71458292E+01   
1.15398480E+02   
1.20400080E+02   
1.13513303E+02   
1.00331566E+02   
1.07710042E+02   
9.98104621E+01   
1.00064213E+02   
1.05260252E+02   
1.16404481E+02   
1.25172635E+02   
1.13717243E+02   
1.09331466E+02   
1.15026905E+02   
9.77860572E+01   
1.22183437E+02   
8.73074615E+01   
1.13351670E+02   
1.15023205E+02   
1.11851770E+02   
1.13064113E+02   
1.19849770E+02   
1.05452090E+02   
1.05626725E+02   
1.30386477E+02   
1.14838568E+02   
1.19002400E+02   
1.00755651E+02   
1.09211442E+02   
1.15712442E+02   
1.18028806E+02   
9.85210042E+01   
1.06120524E+02   
1.06020404E+02   
1.20837768E+02   
1.12816163E+02   
1.00897079E+02   
1.14125725E+02   
1.17939488E+02   
1.12758052E+02   
1.20766853E+02   
1.13430186E+02   
1.07838968E+02   
1.08908282E+02   
1.11253051E+02   
1.12907081E+02   
9.96684337E+01   
1.03486997E+02   
1.09965093E+02   
1.15993799E+02   
1.41368474E+02   
1.11654031E+02   
1.15524105E+02   
1.17103821E+02   
1.22823665E+02   
1.03091418E+02   
9.74408882E+01   
1.03994699E+02   
1.08072615E+02   
9.71525305E+01   
9.46152230E+01   
1.08545209E+02   
1.34873775E+02   
1.10025605E+02   
1.07900480E+02   
1.11868874E+02   
1.15737247E+02   
1.26451390E+02   
1.18025505E+02   
1.17448190E+02   
1.10012903E+02   
1.10303561E+02   
1.17302761E+02   
1.14187237E+02   
1.13719344E+02   
1.27761552E+02   
1.24177736E+02   
9.61219244E+01   
1.06020404E+02   
1.20247550E+02   
1.02634327E+02   
1.07899380E+02   
1.18386577E+02   
1.10167433E+02   
1.30999600E+02   
1.17807962E+02   
1.17298360E+02   
1.27468894E+02   
1.14631026E+02   
1.14594719E+02   
1.21345469E+02   
1.08232046E+02   
1.11950090E+02   
1.06340768E+02   
1.11498000E+02   
1.26472895E+02   
1.12187037E+02   
1.07404881E+02   
1.17836367E+02   
9.84798960E+01   
1.17837968E+02   
1.34572414E+02   
1.08381376E+02   
1.40242749E+02   
1.35988198E+02   
1.20130326E+02   
1.38995099E+02   
1.00368974E+02   
1.24097820E+02   
1.39028006E+02   
1.30784957E+02   
1.19074915E+02   
1.19561912E+02   
1.27423085E+02   
1.27496199E+02   
1.01621324E+02   
1.22754851E+02   
1.12631226E+02   
1.26964193E+02   
1.31262452E+02   
1.25962593E+02   
1.12965793E+02   
1.27868074E+02   
1.12230946E+02   
1.10919584E+02   
1.29762452E+02   
1.23692539E+02   
1.27142529E+02   
1.17285157E+02   
1.03848870E+02   
1.11500100E+02   
1.10581316E+02   
1.06316963E+02   
1.15129926E+02   
1.14316963E+02   
1.13246149E+02   
1.16764453E+02   
1.18795459E+02   
1.28164333E+02   
1.29027606E+02   
1.04078416E+02   
1.36000600E+02   
1.27026005E+02   
1.00853271E+02   
1.29491498E+02   
1.21005001E+02   
1.20722645E+02   
1.26325365E+02   
1.37492498E+02   
1.11061012E+02   
1.14256751E+02   
1.12065013E+02   
9.82385477E+01   
1.39760652E+02   
1.27795059E+02   
1.04024605E+02   
1.07021204E+02   
1.27522905E+02   
1.01019004E+02   
1.08269554E+02   
1.30798460E+02   
1.26787457E+02   
1.16494899E+02   
1.16529306E+02   
1.05998400E+02   
1.03282156E+02   
1.26825065E+02   
1.22237548E+02   
1.34778856E+02   
1.42863673E+02   
1.21185137E+02   
1.02219944E+02   
1.11264353E+02   
8.99381876E+01   
1.33917884E+02   
1.18266353E+02   
1.02862573E+02   
1.21802961E+02   
1.22646429E+02   
1.14986197E+02   
1.29897079E+02   
1.38627325E+02   
1.23103121E+02   
1.25698040E+02   
1.34246249E+02   
1.32505901E+02   
1.14169934E+02   
1.29986497E+02   
1.24300260E+02   
1.29918384E+02   
1.16766953E+02   
1.12803561E+02   
1.05964193E+02   
1.10079816E+02   
1.25144029E+02   
1.18322164E+02   
1.38494299E+02   
1.12959792E+02   
1.43091418E+02   
1.38094619E+02   
1.21583017E+02   
1.22718644E+02   
1.44685937E+02   
1.16432687E+02   
1.13176935E+02   
1.28717744E+02   
1.38875475E+02   
1.25568114E+02   
1.22069214E+02   
1.23444289E+02   
1.32168934E+02   
1.17341368E+02   
1.13391678E+02   
1.24705441E+02   
1.21342569E+02   
1.22250350E+02   
1.54923085E+02   
1.37447489E+02   
1.25448790E+02   
1.51881176E+02   
1.14333967E+02   
1.21300060E+02   
1.17607121E+02   
1.32577716E+02   
1.05474995E+02   
1.17686337E+02   
1.22913083E+02   
1.24030906E+02   
1.18239848E+02   
1.21465893E+02   
1.26803261E+02   
1.42284957E+02   
1.17763053E+02   
1.24462292E+02   
1.29366973E+02   
1.39749250E+02   
1.29991898E+02   
1.23156631E+02   
1.32416983E+02   
1.23240748E+02   
1.44615023E+02   
1.34840868E+02   
1.30675035E+02   
1.46736347E+02   
1.16894979E+02   
1.29307662E+02   
1.35095319E+02   
1.29820464E+02   
1.28439888E+02   
1.17023205E+02   
1.07297259E+02   
1.30570014E+02   
1.31779256E+02   
1.16235147E+02   
1.52808762E+02   
1.28238448E+02   
1.24233547E+02   
1.26280456E+02   
1.18929386E+02   
1.31816063E+02   
1.29400180E+02   
1.11026405E+02   
1.24309362E+02   
1.13400580E+02   
1.44335567E+02   
1.11742549E+02   
1.32666733E+02   
1.38031606E+02   
1.36057311E+02   
1.46029606E+02   
1.39803561E+02   
1.39867473E+02   
1.31877976E+02   
1.35178836E+02   
1.24231146E+02   
1.42004601E+02   
1.35243649E+02   
1.43238848E+02   
1.33234047E+02   
1.60604821E+02   
1.49040708E+02   
1.23029006E+02   
1.29220544E+02   
1.24834967E+02   
1.41027606E+02   
1.35011002E+02   
1.25231846E+02   
1.36049810E+02   
1.40394879E+02   
1.25253751E+02   
1.48831666E+02   
1.35264953E+02   
1.30574015E+02   
1.34660832E+02   
1.35119124E+02   
1.36523105E+02   
1.30640528E+02   
1.33803361E+02   
1.30413883E+02   
1.47605021E+02   
1.20987297E+02   
1.42720344E+02   
1.34943789E+02   
1.34495299E+02   
1.29836867E+02   
1.34789358E+02   
1.32596219E+02   
1.27646129E+02   
1.40269454E+02   
1.43272655E+02   
1.35289258E+02   
1.55520904E+02   
1.30153431E+02   
1.37591818E+02   
1.55217143E+02   
1.34520704E+02   
1.44725245E+02   
1.36070514E+02   
1.32765753E+02   
1.27469394E+02   
1.38628426E+02   
1.37213943E+02   
1.33396679E+02   
1.37127626E+02   
1.38112723E+02   
1.43481396E+02   
1.46393479E+02   
1.28296459E+02   
1.55217744E+02   
1.51584117E+02   
1.35180936E+02   
1.51065413E+02   
1.39571414E+02   
1.34181236E+02   
1.48205541E+02   
1.43956391E+02   
1.29562613E+02   
1.46672535E+02   
1.38799760E+02   
1.30787257E+02   
1.47085217E+02   
1.32969194E+02   
1.30484697E+02   
1.47818364E+02   
1.43380676E+02   
1.41553411E+02   
1.28638228E+02   
1.29287858E+02   
1.38334667E+02   
1.40992398E+02   
1.47065213E+02   
1.34716543E+02   
1.54140328E+02   
1.43571814E+02   
1.43198740E+02   
1.50857271E+02   
1.38367874E+02   
1.44823265E+02   
1.42554611E+02   
1.49860072E+02   
1.40534207E+02   
1.28379076E+02   
1.22017203E+02   
1.40189138E+02   
1.44360272E+02   
1.39364673E+02   
1.61036807E+02   
1.35173135E+02   
1.37043209E+02   
1.26864873E+02   
1.63551010E+02   
1.47017203E+02   
1.48867674E+02   
1.35826065E+02   
1.46399880E+02   
1.39654531E+02   
1.45055611E+02   
1.19483397E+02   
1.45092418E+02   
1.49316663E+02   
1.47905281E+02   
1.48830066E+02   
1.51635427E+02   
1.40739648E+02   
1.40122825E+02   
1.36565713E+02   
1.52552210E+02   
1.32499800E+02   
1.37297560E+02   
1.44657331E+02   
1.48185137E+02   
1.40028406E+02   
1.47183937E+02   
1.43252350E+02   
1.27041508E+02   
1.55944489E+02   
1.31797259E+02   
1.47112623E+02   
1.53254151E+02   
1.41030006E+02   
1.51116023E+02   
1.39615223E+02   
1.49691938E+02   
1.74883277E+02   
1.55240648E+02   
1.64580616E+02   
1.50082316E+02   
1.64936587E+02   
1.61676035E+02   
1.49815963E+02   
1.44729746E+02   
1.57843769E+02   
1.48177936E+02   
1.48882877E+02   
1.45709842E+02   
1.56619324E+02   
1.58616123E+02   
1.41612923E+02   
1.42174335E+02   
1.51331366E+02   
1.63004601E+02   
1.33038308E+02   
1.46319764E+02   
1.36593119E+02   
1.53171134E+02   
1.39451290E+02   
1.39327365E+02   
1.41465493E+02   
1.49162232E+02   
1.31281656E+02   
1.44936387E+02   
1.47431686E+02   
1.54214543E+02   
1.69616223E+02   
1.57005901E+02   
1.46415283E+02   
1.43303861E+02   
1.48027205E+02   
1.52164333E+02   
1.61839168E+02   
1.71442188E+02   
1.54342769E+02   
1.35940988E+02   
1.52433787E+02   
1.38545209E+02   
1.49509202E+02   
1.65812963E+02   
1.48974395E+02   
1.51962993E+02   
1.54296659E+02   
1.51707141E+02   
1.41881376E+02   
1.58582016E+02   
1.37164333E+02   
1.57294259E+02   
1.58292659E+02   
1.49590318E+02   
1.59119724E+02   
1.46996199E+02   
1.46349470E+02   
1.33281856E+02   
1.68977596E+02   
1.53393179E+02   
1.50702440E+02   
1.54363173E+02   
1.55790758E+02   
1.54526705E+02   
1.64027806E+02   
1.94658832E+02   
1.74910482E+02   
1.56536307E+02   
1.57885477E+02   
1.63161332E+02   
1.59767554E+02   
1.76308262E+02   
1.57686437E+02   
1.64158332E+02   
1.77400580E+02   
1.75215043E+02   
1.49786157E+02   
1.48389378E+02   
1.50147129E+02   
1.47548710E+02   
1.63075415E+02   
1.51100120E+02   
1.72081416E+02   
1.55384977E+02   
1.44442388E+02   
1.59680636E+02   
1.61683037E+02   
1.52150730E+02   
1.47425085E+02   
1.62220544E+02   
1.66111022E+02   
1.70199640E+02   
1.67213743E+02   
1.64261852E+02   
1.62692639E+02   
1.59052511E+02   
1.60452691E+02   
1.84137828E+02   
1.61501900E+02   
1.72469494E+02   
1.76369874E+02   
1.95481496E+02   
1.49464293E+02   
1.72929186E+02   
1.55003801E+02   
1.62188038E+02   
1.61753651E+02   
1.68425885E+02   
1.76546109E+02   
1.73986697E+02   
1.75215543E+02   
1.68285757E+02   
1.72504001E+02   
1.48732346E+02   
1.43925685E+02   
1.71244549E+02   
1.77980896E+02   
1.49912583E+02   
1.83092318E+02   
1.65617123E+02   
1.45373375E+02   
1.58205841E+02   
1.63337768E+02   
1.45048810E+02   
1.54198240E+02   
1.74426085E+02   
1.57452490E+02   
1.63517604E+02   
1.79134727E+02   
2.04438888E+02   
1.66722645E+02   
1.58833367E+02   
1.53441688E+02   
1.53229846E+02   
1.58813363E+02   
1.78504901E+02   
1.66684637E+02   
1.81552010E+02   
1.60707041E+02   
1.74128326E+02   
1.96988598E+02   
1.70739248E+02   
1.63520504E+02   
1.74914383E+02   
2.05035407E+02   
1.74368774E+02   
1.64659932E+02   
1.89278356E+02   
1.59315763E+02   
1.88215143E+02   
1.40320364E+02   
1.56034507E+02   
1.64398080E+02   
1.56304961E+02   
1.56571114E+02   
1.46496899E+02   
1.70945289E+02   
1.57122725E+02   
1.68770254E+02   
1.57947690E+02   
1.67774255E+02   
1.69643829E+02   
1.78688738E+02   
1.82035607E+02   
1.67693539E+02   
1.75292559E+02   
1.86951290E+02   
1.91855971E+02   
1.73552511E+02   
1.78700740E+02   
1.61119524E+02   
1.90201440E+02   
1.71129726E+02   
1.80022605E+02   
1.80708742E+02   
1.73090918E+02   
1.86546909E+02   
1.67872975E+02   
1.76194239E+02   
1.77681836E+02   
1.69227145E+02   
1.86483397E+02   
2.08254051E+02   
1.94664533E+02   
1.79193039E+02   
1.84960092E+02   
2.00886877E+02   
1.77951490E+02   
1.73261352E+02   
1.72654831E+02   
1.63733947E+02   
1.40426885E+02   
1.83016703E+02   
1.74477495E+02   
1.54399180E+02   
1.76006001E+02   
1.56762352E+02   
1.71380376E+02   
1.77322464E+02   
1.76747149E+02   
1.74110322E+02   
1.78242148E+02   
1.54455091E+02   
1.72681236E+02   
1.72824265E+02   
1.94582617E+02   
1.71485397E+02   
1.75419184E+02   
1.74630126E+02   
1.87850170E+02   
2.06162733E+02   
1.81840968E+02   
1.69367173E+02   
1.67099520E+02   
2.01509102E+02   
1.90580616E+02   
1.79233347E+02   
1.93038008E+02   
1.91846269E+02   
1.80436487E+02   
1.98083717E+02   
1.84471994E+02   
1.85351570E+02   
1.95799760E+02   
1.83768354E+02   
2.04995899E+02   
1.80980896E+02   
1.90162633E+02   
1.96700240E+02   
1.87917784E+02   
1.96037608E+02   
2.10156931E+02   
1.88101920E+02   
2.08332767E+02   
2.07041208E+02   
1.88954991E+02   
1.80410982E+02   
2.03602320E+02   
1.81532006E+02   
1.99705741E+02   
2.00096319E+02   
1.95533207E+02   
1.90385477E+02   
1.86335867E+02   
1.91748150E+02   
1.83679336E+02   
1.89773655E+02   
1.96673035E+02   
1.91405381E+02   
2.06296759E+02   
2.09577215E+02   
1.88685837E+02   
2.04093919E+02   
1.95093119E+02   
2.00686437E+02   
1.79823365E+02   
1.90203141E+02   
2.01506601E+02   
1.77240148E+02   
1.86319764E+02   
2.08331766E+02   
1.88558212E+02   
2.18391678E+02   
2.06137427E+02   
2.19636427E+02   
1.87129826E+02   
2.05949390E+02   
1.97507902E+02   
1.94317764E+02   
2.23292458E+02   
1.85686937E+02   
1.93478396E+02   
2.08869574E+02   
1.94082316E+02   
1.89081516E+02   
1.87039608E+02   
1.99039608E+02   
2.06999300E+02   
1.84239548E+02   
1.83077516E+02   
1.96529206E+02   
2.08120224E+02   
1.88578316E+02   
2.20278256E+02   
2.11931886E+02   
2.23268254E+02   
1.99777355E+02   
1.88962593E+02   
2.04605121E+02   
2.20898780E+02   
1.89323265E+02   
1.97386277E+02   
1.85069514E+02   
1.91831366E+02   
1.95836167E+02   
2.07609222E+02   
2.18339168E+02   
1.86622725E+02   
2.04619224E+02   
1.83259752E+02   
1.90663133E+02   
2.11918384E+02   
2.03315563E+02   
1.83859772E+02   
2.11982597E+02   
2.02304361E+02   
1.97096219E+02   
1.91236147E+02   
2.06253851E+02   
1.93403981E+02   
1.88176735E+02   
2.16852270E+02   
2.01068314E+02   
2.01326565E+02   
2.12215743E+02   
2.11733147E+02   
2.01569814E+02   
1.98751650E+02   
2.22270254E+02   
2.12353571E+02   
2.24204541E+02   
1.93267053E+02   
1.85080616E+02   
2.08619024E+02   
2.02064313E+02   
2.04147930E+02   
2.10019704E+02   
2.08264153E+02   
1.99096119E+02   
2.29489098E+02   
1.99294759E+02   
2.14910282E+02   
2.09190438E+02   
2.14879676E+02   
2.29886877E+02   
2.11355871E+02   
1.96973995E+02   
2.16911982E+02   
2.11300060E+02   
2.24946189E+02   
2.19981196E+02   
2.17175535E+02   
2.34925185E+02   
2.13931586E+02   
2.00383577E+02   
2.41734647E+02   
2.16172234E+02   
2.09151930E+02   
2.20811462E+02   
2.03033707E+02   
2.33912382E+02   
2.04189538E+02   
2.29148230E+02   
2.21001600E+02   
2.56843269E+02   
2.02287858E+02   
2.35953791E+02   
2.45878776E+02   
2.22226645E+02   
2.03104021E+02   
2.00055011E+02   
2.19019904E+02   
1.90072715E+02   
2.24968394E+02   
2.18055011E+02   
2.16956491E+02   
2.16125225E+02   
2.12047910E+02   
2.25992498E+02   
2.51041408E+02   
2.15108122E+02   
2.50995699E+02   
2.12096719E+02   
2.10026705E+02   
1.99062312E+02   
2.35012302E+02   
2.22053811E+02   
2.35041908E+02   
2.34045009E+02   
2.39042008E+02   
2.33039608E+02   
2.20050710E+02   
2.43022304E+02   
2.04093819E+02   
2.52039608E+02   
2.46068314E+02   
2.57040908E+02   
2.45057011E+02   
2.34058612E+02   
2.28024205E+02   
2.34019404E+02   
2.33982797E+02   
2.13149930E+02   
2.13933287E+02   
2.22236647E+02   
2.30908682E+02   
2.13162032E+02   
2.44997700E+02   
2.24024505E+02   
2.62098620E+02   
2.69969894E+02   
2.28981296E+02   
2.26286157E+02   
2.81902080E+02   
2.46026605E+02   
2.63079516E+02   
2.34855871E+02   
2.02228446E+02   
2.42265453E+02   
2.49942288E+02   
2.36767353E+02   
2.16122224E+02   
2.31099620E+02   
2.30074615E+02   
2.38148730E+02   
2.51930786E+02   
2.10261052E+02   
2.74832567E+02   
2.52998500E+02   
2.36243649E+02   
2.27779956E+02   
2.43407381E+02   
2.66910782E+02   
2.30031106E+02   
2.50734247E+02   
2.35438988E+02   
2.38915283E+02   
2.38343169E+02   
2.68551010E+02   
2.37310162E+02   
2.49529606E+02   
2.82887578E+02   
2.50033107E+02   
2.45341768E+02   
2.80587017E+02   
2.37097019E+02   
2.61168534E+02   
2.48911782E+02   
2.44834667E+02   
2.36925485E+02   
2.15871674E+02   
2.30106021E+02   
2.83725845E+02   
2.76107021E+02   
2.41578516E+02   
2.40290558E+02   
2.51724345E+02   
2.27795259E+02   
2.84720744E+02   
2.58053211E+02   
2.55197740E+02   
2.50820764E+02   
2.65725245E+02   
2.28920684E+02   
2.74991498E+02   
2.41972394E+02   
2.67055411E+02   
2.11583417E+02   
2.43404381E+02   
2.35283157E+02   
2.74893879E+02   
2.69590118E+02   
2.80174435E+02   
2.31404681E+02   
2.61469794E+02   
2.54433587E+02   
2.64877475E+02   
2.67301960E+02   
2.74513203E+02   
2.76085317E+02   
2.56750450E+02   
2.70056811E+02   
2.80830566E+02   
2.63244949E+02   
2.61709842E+02   
2.49858272E+02   
2.74876275E+02   
2.80741548E+02   
2.79654931E+02   
2.62497600E+02   
2.71565513E+02   
2.58597219E+02   
2.38089918E+02   
2.74299260E+02   
2.74730146E+02   
2.78297159E+02   
2.57237047E+02   
3.41197940E+02   
2.77655431E+02   
2.72849970E+02   
2.80415283E+02   
2.72923285E+02   
2.87143829E+02   
2.72557211E+02   
2.70868374E+02   
2.78334267E+02   
2.48724045E+02   
2.65052410E+02   
2.78543809E+02   
3.01191638E+02   
2.79883777E+02   
2.58935587E+02   
2.76359272E+02   
2.74152030E+02   
2.68644129E+02   
2.50963593E+02   
2.95157031E+02   
2.76313763E+02   
3.01858672E+02   
2.61465793E+02   
2.78471494E+02   
2.71059712E+02   
2.72128626E+02   
2.85763753E+02   
2.61562212E+02   
2.53872875E+02   
2.67774255E+02   
2.72614723E+02   
2.84281656E+02   
3.11493699E+02   
2.84193039E+02   
2.93661632E+02   
2.72579416E+02   
3.01622925E+02   
2.51328766E+02   
2.86356971E+02   
2.97174735E+02   
2.91237548E+02   
2.69638828E+02   
2.92569614E+02   
3.13422184E+02   
2.91607822E+02   
3.12059612E+02   
2.95438488E+02   
2.94993299E+02   
2.83432486E+02   
3.10513803E+02   
3.40263453E+02   
2.78652030E+02   
2.89994699E+02   
2.80214943E+02   
2.70902681E+02   
2.90307361E+02   
3.07818564E+02   
2.67983997E+02   
2.97255451E+02   
2.54524805E+02   
2.75478396E+02   
3.16745949E+02   
3.16383677E+02   
2.89720244E+02   
3.10329966E+02   
2.86377375E+02   
3.20654631E+02   
3.18902080E+02   
2.80475495E+02   
3.09352070E+02   
3.08128926E+02   
2.96219444E+02   
3.39327666E+02   
2.90443789E+02   
3.34966293E+02   
3.18460592E+02   
3.09140628E+02   
3.08504301E+02   
2.86759952E+02   
2.97543409E+02   
3.25465493E+02   
3.45372474E+02   
3.17615823E+02   
3.17523405E+02   
3.16600620E+02   
3.32595719E+02   
3.10044109E+02   
3.06467694E+02   
3.19087518E+02   
3.39956391E+02   
3.06858372E+02   
3.17385677E+02   
3.43147329E+02   
3.48148130E+02   
3.27603921E+02   
3.32939888E+02   
3.47016703E+02   
3.11617624E+02   
3.37833267E+02   
3.41561312E+02   
3.20728546E+02   
3.16071414E+02   
3.17968094E+02   
3.00401280E+02   
3.25598920E+02   
3.27413183E+02   
3.28761052E+02   
3.32517904E+02   
3.02329666E+02   
2.94409282E+02   
3.11675635E+02   
3.14769354E+02   
3.25739848E+02   
3.27083517E+02   
3.29950390E+02   
3.00752751E+02   
3.59180736E+02   
3.38422585E+02   
3.18161732E+02   
3.26158032E+02   
3.42984397E+02   
3.34242148E+02   
3.36067614E+02   
3.47275555E+02   
3.38606221E+02   
3.39665033E+02   
3.11876575E+02   
3.49994099E+02   
3.57754251E+02   
3.39204541E+02   
3.23313263E+02   
3.57726745E+02   
3.36873775E+02   
3.33581416E+02   
3.29869374E+02   
3.28626725E+02   
3.52737648E+02   
3.76529706E+02   
3.34644729E+02   
3.27657532E+02   
3.32980696E+02   
3.41570614E+02   
3.90281456E+02   
3.57549010E+02   
3.61701540E+02   
3.80093319E+02   
3.15632226E+02   
3.50917383E+02   
3.67917884E+02   
3.42723945E+02   
3.77417684E+02   
3.53007902E+02   
3.32178936E+02   
3.83717343E+02   
3.25484397E+02   
3.33533907E+02   
3.30955491E+02   
3.45109022E+02   
3.76969494E+02   
3.59324765E+02   
3.65288658E+02   
3.54695339E+02   
3.41367473E+02   
3.55941388E+02   
3.53089318E+02   
3.54495999E+02   
3.57312863E+02   
3.39947289E+02   
3.75964293E+02   
3.70408782E+02   
3.62182236E+02   
3.67736447E+02   
3.43296659E+02   
3.77281956E+02   
3.54089518E+02   
3.88618324E+02   
3.46588018E+02   
3.86440688E+02   
3.78403981E+02   
3.86044909E+02   
3.80153431E+02   
3.65933987E+02   
3.89518904E+02   
3.75553611E+02   
3.59593619E+02   
3.74191338E+02   
3.71192138E+02   
3.68481796E+02   
3.79883177E+02   
3.69006101E+02   
3.73806861E+02   
3.84473395E+02   
3.45987297E+02   
3.41882276E+02   
3.79614823E+02   
3.37073315E+02   
3.54680236E+02   
3.53949090E+02   
3.60685837E+02   
3.79496799E+02   
3.39422585E+02   
3.49452390E+02   
3.32426785E+02   
3.63318264E+02   
3.80823765E+02   
3.68566113E+02   
3.54439388E+02   
3.52321064E+02   
3.74211142E+02   
3.44236947E+02   
3.74119724E+02   
3.58654331E+02   
3.48463593E+02   
3.77082517E+02   
3.65239848E+02   
3.77915283E+02   
3.75736947E+02   
3.50552010E+02   
3.86163133E+02   
3.79238248E+02   
3.43681636E+02   
3.98103321E+02   
3.92488898E+02   
3.65935387E+02   
3.94680036E+02   
3.89410182E+02   
3.91418084E+02   
3.95870074E+02   
4.01886777E+02   
3.86049710E+02   
4.05023705E+02   
3.71353871E+02   
3.49666033E+02   
3.85881576E+02   
3.47404181E+02   
3.84285957E+02   
3.88833767E+02   
3.86849770E+02   
4.24948290E+02   
4.19086817E+02   
3.95056611E+02   
3.74652030E+02   
3.56665933E+02   
3.80704341E+02   
4.03952591E+02   
4.13804461E+02   
3.72513003E+02   
3.59074315E+02   
3.74927786E+02   
3.87067313E+02   
3.67512202E+02   
3.65922585E+02   
3.73142629E+02   
4.46089218E+02   
4.46089218E+02   
4.46089218E+02   
4.46089218E+02   
4.46089218E+02   
4.76525605E+02   
5.30072715E+02   
5.31248950E+02   
5.20471694E+02   
5.44444789E+02   
5.72281956E+02   
5.29285257E+02   
5.69264953E+02   
5.50861072E+02   
5.11069114E+02   
5.67360172E+02   
5.80810162E+02   
5.52022404E+02   
5.65201640E+02   
5.59094919E+02   
5.48446889E+02   
5.35954291E+02   
5.33183337E+02   
5.73805461E+02   
5.69505201E+02   
5.90822264E+02   
6.09831066E+02   
6.00790858E+02   
5.47340168E+02   
5.77997199E+02   
6.12357271E+02   
6.03889978E+02   
5.93442188E+02   
5.79112322E+02   
5.73743349E+02   
5.81428686E+02   
5.59006901E+02   
6.11417684E+02   
5.67710942E+02   
5.76989898E+02   
5.69432687E+02   
5.87951590E+02   
6.03021104E+02   
5.88469894E+02   
5.98579616E+02   
5.49350570E+02   
5.95543609E+02   
5.84993499E+02   
5.66594019E+02   
5.78626825E+02   
5.86294559E+02   
5.66455891E+02   
5.82281356E+02   
5.86112823E+02   
5.77452290E+02   
5.68450690E+02   
5.86448290E+02   
5.73780556E+02   
5.92451490E+02   
5.85947489E+02   
5.94028306E+02   
6.15573615E+02   
5.75198940E+02   
6.09616323E+02   
6.00478796E+02   
6.15096719E+02   
6.33212042E+02   
6.46235447E+02   
6.04010302E+02   
6.02121224E+02   
6.04309262E+02   
6.12853171E+02   
6.01417383E+02   
6.44820564E+02   
6.20380276E+02   
6.15147730E+02   
5.97114823E+02   
5.93683937E+02   
6.67250250E+02   
6.07352170E+02   
6.27127125E+02   
6.26544709E+02   
6.26662432E+02   
6.17664833E+02   
6.38668234E+02   
6.26584817E+02   
6.35679836E+02   
6.63008602E+02   
7.18139228E+02   
6.90514403E+02   
6.99402180E+02   
6.46501100E+02   
7.02954791E+02   
7.57141528E+02   
6.97781656E+02   
6.91520604E+02   
7.16147429E+02   
6.17247149E+02   
6.62892478E+02   
6.93921984E+02   
6.56385177E+02   
6.62438188E+02   
7.14286257E+02   
6.73256451E+02   
6.67090118E+02   
6.61389878E+02   
6.69637327E+02   
6.43194139E+02   
6.48200340E+02   
6.96815463E+02   
6.39164733E+02   
6.41449390E+02   
6.44885777E+02   
6.42374975E+02   
6.66073715E+02   
6.98664733E+02   
6.74505001E+02   
6.57241948E+02   
7.01901380E+02   
7.13292458E+02   
6.55500300E+02   
6.86114723E+02   
6.91814663E+02   
6.80947089E+02   
6.79499200E+02   
7.12511602E+02   
6.52918884E+02   
6.19174235E+02   
6.71931486E+02   
6.67237247E+02   
6.71820264E+02   
6.38310862E+02   
6.67920184E+02   
6.46555011E+02   
6.15919784E+02   
6.28708142E+02   
6.54715943E+02   
6.98960192E+02   
6.28927986E+02   
6.83136827E+02   
6.83118024E+02   
6.51001200E+02   
7.23501700E+02   
6.79926385E+02   
6.63719044E+02   
6.20336967E+02   
6.81371174E+02   
6.49637828E+02   
6.64130926E+02   
6.38943289E+02   
6.37129626E+02   
6.71209742E+02   
6.48255251E+02   
6.14862472E+02   
6.67745249E+02   
6.48540708E+02   
6.46201040E+02   
6.32416783E+02   
6.59810362E+02   
6.03542108E+02   
6.52981696E+02   
6.03301660E+02   
6.00849470E+02   
6.33816463E+02   
6.19176035E+02   
6.15125925E+02   
5.92996699E+02   
5.92654931E+02   
5.84937387E+02   
5.92875175E+02   
5.86506301E+02   
6.28436487E+02   
6.01197540E+02   
5.84982196E+02   
5.41034907E+02   
5.85690938E+02   
5.66762452E+02   
5.57764853E+02   
5.65525105E+02   
5.54267353E+02   
5.22103221E+02   
5.33189938E+02   
5.49242348E+02   
5.21514503E+02   
4.70903181E+02   
5.33950290E+02   
5.61135127E+02   
5.39809462E+02   
4.90319764E+02   
4.74320564E+02   
5.05658532E+02   
5.02336767E+02   
4.79640728E+02   
4.97879176E+02   
4.63099620E+02   
4.68420584E+02   
4.91413883E+02   
4.51039008E+02   
5.04105221E+02   
4.89838868E+02   
4.55623225E+02   
4.41037007E+02   
4.33343469E+02   
4.51994599E+02   
4.31052711E+02   
4.68407181E+02   
4.31678236E+02   
4.50644529E+02   
4.87762853E+02   
4.63947289E+02   
4.45980096E+02   
4.53654631E+02   
4.75237548E+02   
4.48709942E+02   
4.26630226E+02   
4.28396479E+02   
4.73395279E+02   
4.46176135E+02   
4.82094019E+02   
4.56350170E+02   
4.39974295E+02   
4.71257952E+02   
4.67521204E+02   
4.16468894E+02   
4.32720644E+02   
4.12491298E+02   
3.97908182E+02   
4.37967093E+02   
4.29793659E+02   
4.17463093E+02   
3.97529006E+02   
4.38656331E+02   
4.21452190E+02   
4.55284057E+02   
4.26555611E+02   
4.20947790E+02   
4.02750650E+02   
3.68706841E+02   
3.86916383E+02   
4.06183437E+02   
4.61434287E+02   
4.41520604E+02   
3.73689138E+02   
3.89910982E+02   
3.99956791E+02   
3.99381776E+02   
3.71889478E+02   
4.09194739E+02   
4.15689738E+02   
3.86408982E+02   
3.76624225E+02   
4.01536807E+02   
3.65806861E+02   
3.44793859E+02   
3.86264953E+02   
5.21538168E+02   
5.93718744E+02   
5.93718744E+02   
5.93718744E+02   
5.93718744E+02   
6.12937668E+02   
7.58370374E+02   
8.31427385E+02   
7.96903681E+02   
7.82409182E+02   
7.67397980E+02   
7.89421584E+02   
8.46648730E+02   
7.69904681E+02   
7.95480396E+02   
8.41926885E+02   
7.64568714E+02   
7.89470994E+02   
8.15252150E+02   
7.46257652E+02   
8.13294159E+02   
7.91341468E+02   
7.77838468E+02   
8.00891778E+02   
8.13984297E+02   
7.67341068E+02   
7.62245849E+02   
8.12904681E+02   
7.70096819E+02   
7.87212142E+02   
7.13695039E+02   
7.90048110E+02   
7.60134827E+02   
7.73379176E+02   
7.66617624E+02   
7.53373475E+02   
7.72332967E+02   
7.70568814E+02   
7.23128926E+02   
7.68769654E+02   
7.92071414E+02   
8.40942589E+02   
7.62036307E+02   
7.44109122E+02   
7.45972995E+02   
7.95768654E+02   
7.43105021E+02   
7.91422184E+02   
8.17229146E+02   
7.66615923E+02   
8.10960192E+02   
7.43603521E+02   
7.47162332E+02   
7.46297259E+02   
7.60978496E+02   
7.27063013E+02   
7.76154831E+02   
7.57569014E+02   
7.48010802E+02   
7.81932486E+02   
7.81210342E+02   
7.43493699E+02   
7.55647029E+02   
7.33486297E+02   
7.44345769E+02   
8.02164633E+02   
8.21414883E+02   
7.22941788E+02   
7.63915383E+02   
7.67782456E+02   
7.53478996E+02   
7.39928886E+02   
7.57018504E+02   
7.65529606E+02   
7.34150830E+02   
7.69319964E+02   
7.62259052E+02   
7.18373675E+02   
7.83604521E+02   
7.94603721E+02   
7.94486297E+02   
7.85805361E+02   
7.82593319E+02   
7.77190938E+02   
7.82738148E+02   
8.15212743E+02   
7.67717143E+02   
8.29457892E+02   
9.65047409E+02   
9.83434687E+02   
9.25356071E+02   
9.63249050E+02   
9.19763953E+02   
9.04280456E+02   
8.93124225E+02   
8.99630326E+02   
8.69193239E+02   
8.41885377E+02   
8.31738648E+02   
7.78856671E+02   
7.60607421E+02   
8.10323765E+02   
8.04095719E+02   
7.83390078E+02   
7.86110422E+02   
7.78582517E+02   
7.75002200E+02   
7.88680936E+02   
7.44220544E+02   
7.39436987E+02   
7.34110122E+02   
7.41561312E+02   
7.46143229E+02   
6.96986397E+02   
6.50688438E+02   
7.22735147E+02   
7.25655531E+02   
6.97238148E+02   
7.04438188E+02   
7.38322665E+02   
6.91685537E+02   
7.00176135E+02   
6.97576415E+02   
7.22703641E+02   
6.52912282E+02   
6.99913383E+02   
6.84673635E+02   
5.98706441E+02   
6.01921384E+02   
6.34608722E+02   
6.55162032E+02   
6.43362673E+02   
5.92510502E+02   
6.00223145E+02   
6.14616423E+02   
5.62992899E+02   
5.64039308E+02   
5.84289058E+02   
5.41945389E+02   
5.73066013E+02   
5.43289158E+02   
5.54929286E+02   
5.01996399E+02   
4.79838968E+02   
4.71619324E+02   
4.66358172E+02   
4.81068914E+02   
5.08377676E+02   
4.83483297E+02   
4.56963593E+02   
4.55552010E+02   
4.10084817E+02   
4.47855571E+02   
4.26622224E+02   
4.30650630E+02   
4.37682537E+02   
4.16116523E+02   
3.96005701E+02   
3.76216643E+02   
3.76553411E+02   
3.39664133E+02   
3.70894479E+02   
3.70565313E+02   
3.59201440E+02   
3.57821764E+02   
3.38322264E+02   
3.45459092E+02   
3.45233547E+02   
3.05386077E+02   
2.86819064E+02   
2.57194439E+02   
2.69517804E+02   
2.55105921E+02   
2.60426785E+02   
2.73310362E+02   
2.59200140E+02   
2.38875575E+02   
2.17316263E+02   
2.41274355E+02   
2.24049210E+02   
2.07566913E+02   
2.04506301E+02   
2.35721044E+02   
1.99882376E+02   
2.12839568E+02   
1.95621924E+02   
1.85568214E+02   
1.80681136E+02   
1.87783257E+02   
1.84261252E+02   
1.69965493E+02   
1.66616523E+02   
1.51118924E+02   
1.44650030E+02   
1.62539908E+02   
1.26547610E+02   
1.26125625E+02   
1.48654031E+02   
1.33005701E+02   
1.39681536E+02   
1.40086517E+02   
1.33043509E+02   
1.25352170E+02   
1.24040308E+02   
1.26709342E+02   
1.21666833E+02   
1.06071614E+02   
1.07306161E+02   
1.13684737E+02   
1.03058412E+02   
1.24344269E+02   
1.07027906E+02   
1.00357271E+02   
1.09348670E+02   
1.04356471E+02   
1.07358172E+02   
8.40160032E+01   
9.46843369E+01   
7.83488698E+01   
8.40386077E+01   
9.30040008E+01   
6.63175635E+01   
7.40485097E+01   
8.86818364E+01   
9.09884977E+01   
7.03618724E+01   
7.10398080E+01   
7.33158632E+01   
6.60148030E+01   
6.86448290E+01   
5.30289058E+01   
5.79045809E+01   
4.04422885E+01   
6.16107221E+01   
4.70952190E+01   
4.85577115E+01   
3.69826965E+01   
4.10309062E+01   
4.41923385E+01   
8.05618124E+01   
4.53240648E+01   
1.58292358E+02   
3.56008202E+01   
3.11019204E+01   
2.99742949E+01   
3.02819564E+01   
2.16594319E+01   
2.59670934E+01   
1.93878776E+01   
1.89650930E+01   
1.63096619E+01   
1.36554311E+01   
2.43068614E+01   
1.20016003E+01   
1.00016003E+01   
9.14118824E+00   
8.80176035E+00   
8.80176035E+00   
8.80176035E+00   
8.80176035E+00   
8.80176035E+00   
2.85573115E+00   
0.00000000E+00   
0.00000000E+00   
0.00000000E+00   
0.00000000E+00   
1.00000000E+00   
0.00000000E+00   
0.00000000E+00   
0.00000000E+00   
0.00000000E+00   
1.00000000E+00   
0.00000000E+00   
3.56171234E-01   
6.43828766E-01   
0.00000000E+00   
1.07211442E+00   
1.92788558E+00   
0.00000000E+00   
0.00000000E+00   
0.00000000E+00   
0.00000000E+00   
0.00000000E+00   
1.00000000E+00   
0.00000000E+00   
0.00000000E+00   
0.00000000E+00   
0.00000000E+00   
0.00000000E+00   
0.00000000E+00   
0.00000000E+00   
0.00000000E+00   
0.00000000E+00   
0.00000000E+00   
0.00000000E+00   
0.00000000E+00   
0.00000000E+00   
0.00000000E+00   
0.00000000E+00   
0.00000000E+00   
0.00000000E+00   
0.00000000E+00   
2.00000000E+00   
0.00000000E+00   
0.00000000E+00   
0.00000000E+00   
3.69373875E-01   
6.30626125E-01   
0.00000000E+00   
0.00000000E+00   
0.00000000E+00   
0.00000000E+00   
0.00000000E+00   
0.00000000E+00   
0.00000000E+00   
0.00000000E+00   
0.00000000E+00   
3.73774755E-01   
6.26225245E-01   
0.00000000E+00   
3.74974995E-01   
6.25025005E-01   
0.00000000E+00   
0.00000000E+00   
0.00000000E+00   
0.00000000E+00   
1.00000000E+00   
0.00000000E+00   
0.00000000E+00   
0.00000000E+00   
0.00000000E+00   
1.00000000E+00   
0.00000000E+00   
0.00000000E+00   
0.00000000E+00   
0.00000000E+00   
0.00000000E+00   
0.00000000E+00   
0.00000000E+00   
0.00000000E+00   
0.00000000E+00   
1.00000000E+00   
0.00000000E+00   
0.00000000E+00   
0.00000000E+00   
0.00000000E+00   
0.00000000E+00   
0.00000000E+00   
0.00000000E+00   
0.00000000E+00   
0.00000000E+00   
0.00000000E+00   
0.00000000E+00   
0.00000000E+00   
0.00000000E+00   
3.88977796E-01   
6.11022204E-01   
0.00000000E+00   
0.00000000E+00   
0.00000000E+00   
0.00000000E+00   
0.00000000E+00   
0.00000000E+00   
0.00000000E+00   
0.00000000E+00   
3.92978596E-01   
1.00040008E+00   
1.00040008E+00   
6.06221244E-01   
0.00000000E+00   
1.00000000E+00   
0.00000000E+00   
0.00000000E+00   
0.00000000E+00   
0.00000000E+00   
0.00000000E+00   
0.00000000E+00   
0.00000000E+00   
0.00000000E+00   
0.00000000E+00   
0.00000000E+00   
0.00000000E+00   
0.00000000E+00   
0.00000000E+00   
0.00000000E+00   
0.00000000E+00   
0.00000000E+00   
0.00000000E+00   
0.00000000E+00   
0.00000000E+00   
0.00000000E+00   
0.00000000E+00   
0.00000000E+00   
0.00000000E+00   
0.00000000E+00   
0.00000000E+00   
1.00000000E+00   
0.00000000E+00   
1.00000000E+00   
0.00000000E+00   
0.00000000E+00   
0.00000000E+00   
0.00000000E+00   
0.00000000E+00   
0.00000000E+00   
0.00000000E+00   
0.00000000E+00   
0.00000000E+00   
0.00000000E+00   
0.00000000E+00   
0.00000000E+00   
0.00000000E+00   
0.00000000E+00   
0.00000000E+00   
0.00000000E+00   
4.12982597E-01   
1.58701740E+00   
0.00000000E+00   
0.00000000E+00   
0.00000000E+00   
0.00000000E+00   
0.00000000E+00   
0.00000000E+00   
0.00000000E+00   
0.00000000E+00   
0.00000000E+00   
0.00000000E+00   
0.00000000E+00   
1.00000000E+00   
0.00000000E+00   
4.18983797E-01   
5.81016203E-01   
0.00000000E+00   
0.00000000E+00   
0.00000000E+00   
4.20984197E-01   
5.79015803E-01   
0.00000000E+00   
0.00000000E+00   
0.00000000E+00   
0.00000000E+00   
4.23384677E-01   
5.76615323E-01   
0.00000000E+00   
4.24584917E-01   
5.75415083E-01   
0.00000000E+00   
0.00000000E+00   
0.00000000E+00   
0.00000000E+00   
0.00000000E+00   
0.00000000E+00   
0.00000000E+00   
0.00000000E+00   
0.00000000E+00   
0.00000000E+00   
0.00000000E+00   
0.00000000E+00   
1.43018604E+00   
1.56981396E+00   
0.00000000E+00   
0.00000000E+00   
0.00000000E+00   
4.32186437E-01   
5.67813563E-01   
0.00000000E+00   
0.00000000E+00   
0.00000000E+00   
0.00000000E+00   
1.00000000E+00   
1.00000000E+00   
0.00000000E+00   
0.00000000E+00   
0.00000000E+00   
0.00000000E+00   
0.00000000E+00   
0.00000000E+00   
0.00000000E+00   
0.00000000E+00   
1.00000000E+00   
0.00000000E+00   
0.00000000E+00   
0.00000000E+00   
0.00000000E+00   
0.00000000E+00   
0.00000000E+00   
0.00000000E+00   
0.00000000E+00   
0.00000000E+00   
0.00000000E+00   
0.00000000E+00   
0.00000000E+00   
0.00000000E+00   
0.00000000E+00   
0.00000000E+00   
0.00000000E+00   
0.00000000E+00   
0.00000000E+00   
0.00000000E+00   
0.00000000E+00   
0.00000000E+00   
0.00000000E+00   
0.00000000E+00   
0.00000000E+00   
0.00000000E+00   
0.00000000E+00   
0.00000000E+00   
0.00000000E+00   
0.00000000E+00   
0.00000000E+00   
0.00000000E+00   
4.51390278E-01   
5.48609722E-01   
0.00000000E+00   
0.00000000E+00   
0.00000000E+00   
0.00000000E+00   
0.00000000E+00   
0.00000000E+00   
0.00000000E+00   
0.00000000E+00   
0.00000000E+00   
0.00000000E+00   
0.00000000E+00   
0.00000000E+00   
0.00000000E+00   
0.00000000E+00   
0.00000000E+00   
0.00000000E+00   
0.00000000E+00   
0.00000000E+00   
0.00000000E+00   
0.00000000E+00   
0.00000000E+00   
0.00000000E+00   
0.00000000E+00   
0.00000000E+00   
0.00000000E+00   
1.46219244E+00   
5.37807562E-01   
4.62992599E-01   
5.37007401E-01   
0.00000000E+00   
4.64192839E-01   
5.35807161E-01   
4.64992999E-01   
5.35007001E-01   
0.00000000E+00   
0.00000000E+00   
0.00000000E+00   
1.00000000E+00   
0.00000000E+00   
0.00000000E+00   
4.68193639E-01   
1.53180636E+00   
0.00000000E+00   
4.69393879E-01   
5.30606121E-01   
0.00000000E+00   
0.00000000E+00   
0.00000000E+00   
0.00000000E+00   
0.00000000E+00   
0.00000000E+00   
0.00000000E+00   
0.00000000E+00   
0.00000000E+00   
0.00000000E+00   
0.00000000E+00   
0.00000000E+00   
0.00000000E+00   
0.00000000E+00   
0.00000000E+00   
0.00000000E+00   
0.00000000E+00   
0.00000000E+00   
0.00000000E+00   
0.00000000E+00   
0.00000000E+00   
0.00000000E+00   
0.00000000E+00   
0.00000000E+00   
0.00000000E+00   
0.00000000E+00   
0.00000000E+00   
0.00000000E+00   
0.00000000E+00   
0.00000000E+00   
0.00000000E+00   
0.00000000E+00   
0.00000000E+00   
0.00000000E+00   
0.00000000E+00   
0.00000000E+00   
0.00000000E+00   
0.00000000E+00   
0.00000000E+00   
0.00000000E+00   
0.00000000E+00   
0.00000000E+00   
0.00000000E+00   
0.00000000E+00   
0.00000000E+00   
0.00000000E+00   
0.00000000E+00   
0.00000000E+00   
0.00000000E+00   
0.00000000E+00   
0.00000000E+00   
0.00000000E+00   
0.00000000E+00   
0.00000000E+00   
0.00000000E+00   
1.00000000E+00   
0.00000000E+00   
0.00000000E+00   
0.00000000E+00   
0.00000000E+00   
0.00000000E+00   
0.00000000E+00   
0.00000000E+00   
0.00000000E+00   
1.00000000E+00   
0.00000000E+00   
0.00000000E+00   
0.00000000E+00   
0.00000000E+00   
0.00000000E+00   
0.00000000E+00   
1.49859972E+00   
1.00040008E+00   
5.01000200E-01   
0.00000000E+00   
0.00000000E+00   
!IDEND=

